ObservationID	SubLocationID	Count
146055	5889	0
146055	5890	0
146055	5891	0
146055	5892	0
146055	5893	0
146055	5894	0
146069	2718	2
146069	2719	0
146069	2720	2
146069	2721	0
146069	2722	2
146069	2723	2
146070	2718	2
146070	2719	2
146070	2720	2
146070	2721	2
146070	2722	2
146070	2723	2
146071	2718	4
146071	2719	2
146071	2720	2
146071	2721	2
146071	2722	2
146071	2723	0
146072	3095	1
146072	3096	0
146072	3097	1
146072	3098	0
146072	3099	2
146072	3100	0
146074	3095	0
146074	3096	0
146074	3097	0
146074	3098	0
146074	3099	1
146074	3100	1
146075	3095	0
146075	3096	0
146075	3097	2
146075	3098	1
146075	3099	0
146075	3100	1
146116	5029	0
146116	5030	0
146116	5031	0
146116	5032	0
146116	5033	0
146116	5034	0
146118	5029	0
146118	5030	0
146118	5031	0
146118	5032	0
146118	5033	0
146118	5034	0
146120	5029	0
146120	5030	2
146120	5031	0
146120	5032	0
146120	5033	0
146120	5034	0
146124	5601	0
146124	5602	0
146124	5603	0
146124	5604	0
146124	5605	0
146124	5606	0
146125	5601	0
146125	5602	0
146125	5603	0
146125	5604	0
146125	5605	0
146125	5606	0
146126	5601	0
146126	5602	0
146126	5603	0
146126	5604	0
146126	5605	1
146126	5606	0
146143	4724	0
146143	4725	0
146143	4726	1
146143	4727	0
146143	4728	2
146143	4729	0
146148	4724	0
146148	4725	0
146148	4726	0
146148	4727	1
146148	4728	1
146148	4729	0
146152	4724	0
146152	4725	0
146152	4726	2
146152	4727	0
146152	4728	0
146152	4729	0
146165	7195	0
146165	7196	0
146165	7197	0
146165	7198	0
146165	7199	0
146165	7200	0
146177	3023	1
146177	3024	1
146177	3025	0
146177	3026	0
146177	3027	0
146177	3028	0
146178	3023	0
146178	3024	2
146178	3025	0
146178	3026	0
146178	3027	3
146178	3028	0
146179	3023	2
146179	3024	2
146179	3025	0
146179	3026	0
146179	3027	0
146179	3028	1
146221	5889	0
146221	5890	0
146221	5891	0
146221	5892	3
146221	5893	0
146221	5894	0
146258	5889	0
146258	5890	0
146258	5891	1
146258	5892	0
146258	5893	0
146258	5894	0
146262	3797	0
146262	3798	0
146262	3799	0
146262	3800	2
146262	3801	1
146262	3802	2
146263	3797	1
146263	3798	2
146263	3799	2
146263	3800	0
146263	3801	1
146263	3802	0
146264	3797	1
146264	3798	2
146264	3799	0
146264	3800	2
146264	3801	0
146264	3802	2
146266	5517	0
146266	5518	0
146266	5519	0
146266	5520	0
146266	5521	0
146266	5522	0
146267	5517	0
146267	5518	0
146267	5519	0
146267	5520	0
146267	5521	2
146267	5522	0
146268	5517	0
146268	5518	0
146268	5519	0
146268	5520	0
146268	5521	0
146268	5522	1
146297	7195	2
146297	7196	0
146297	7197	0
146297	7198	0
146297	7199	0
146297	7200	2
146298	7195	4
146298	7196	0
146298	7197	2
146298	7198	0
146298	7199	0
146298	7200	0
146319	3970	0
146319	3971	0
146319	3972	2
146319	3973	1
146319	3974	1
146319	3975	0
146322	3970	0
146322	3971	0
146322	3972	0
146322	3973	0
146322	3974	2
146322	3975	0
146327	3970	0
146327	3971	1
146327	3972	0
146327	3973	0
146327	3974	0
146327	3975	0
146354	7339	0
146354	7340	0
146354	7341	0
146354	7342	0
146354	7343	0
146354	7344	0
146371	7339	0
146371	7340	0
146371	7341	0
146371	7342	0
146371	7343	0
146371	7344	0
146379	2598	0
146379	2599	0
146379	2600	2
146379	2601	0
146379	2602	0
146379	2603	0
146380	2598	2
146380	2599	0
146380	2600	0
146380	2601	1
146380	2602	0
146380	2603	0
146385	5041	0
146385	5042	0
146385	5043	0
146385	5044	0
146385	5045	0
146387	5041	0
146387	5042	0
146387	5043	0
146387	5044	0
146387	5045	0
146388	5041	0
146388	5042	0
146388	5043	0
146388	5044	2
146388	5045	0
146392	5659	0
146392	5660	0
146392	5661	0
146392	5662	0
146392	5663	0
146392	5664	0
146393	5659	0
146393	5660	0
146393	5661	0
146393	5662	0
146393	5663	4
146393	5664	0
146394	5659	0
146394	5660	0
146394	5661	0
146394	5662	0
146394	5663	0
146394	5664	0
146395	4402	0
146395	4403	0
146395	4404	0
146395	4405	0
146395	4406	0
146395	4407	0
146396	4402	0
146396	4403	0
146396	4404	1
146396	4405	0
146396	4406	1
146396	4407	0
146397	4402	0
146397	4403	0
146397	4404	0
146397	4405	0
146397	4406	0
146397	4407	0
146418	5385	0
146418	5386	0
146418	5387	3
146418	5388	0
146418	5389	2
146418	5390	0
146438	5385	0
146438	5386	0
146438	5387	2
146438	5388	1
146438	5389	0
146438	5390	0
146439	5385	0
146439	5386	0
146439	5387	1
146439	5388	0
146439	5389	0
146439	5390	1
146441	3367	0
146441	3368	0
146441	3369	0
146441	3370	0
146441	3371	0
146441	3372	0
146442	3367	0
146442	3368	0
146442	3369	2
146442	3370	2
146442	3371	3
146442	3372	4
146443	3367	0
146443	3368	0
146443	3369	0
146443	3370	0
146443	3371	0
146443	3372	1
146466	6976	0
146466	6977	2
146466	6978	0
146466	6979	0
146466	6980	0
146466	6981	0
146467	6976	0
146467	6977	0
146467	6978	0
146467	6979	0
146467	6980	0
146467	6981	0
146468	6976	0
146468	6977	0
146468	6978	0
146468	6979	0
146468	6980	0
146468	6981	0
146482	4462	0
146482	4463	0
146482	4464	0
146482	4465	0
146482	4466	0
146482	4467	0
146483	4462	0
146483	4463	0
146483	4464	0
146483	4465	0
146483	4466	0
146483	4467	0
146484	4462	0
146484	4463	0
146484	4464	2
146484	4465	0
146484	4466	0
146484	4467	0
146488	7339	1
146488	7340	2
146488	7341	0
146488	7342	0
146488	7343	0
146488	7344	0
146518	3575	0
146518	3576	1
146518	3577	0
146518	3578	0
146518	3579	0
146518	3580	0
146519	3575	0
146519	3576	0
146519	3577	0
146519	3578	0
146519	3579	0
146519	3580	0
146520	3575	0
146520	3576	0
146520	3577	1
146520	3578	1
146520	3579	0
146520	3580	0
146604	6088	0
146604	6089	0
146604	6090	0
146604	6091	0
146604	6092	0
146604	6093	0
146605	6088	0
146605	6089	0
146605	6090	0
146605	6091	0
146605	6092	0
146605	6093	2
146606	6088	0
146606	6089	0
146606	6090	0
146606	6091	0
146606	6092	0
146606	6093	0
146622	3751	1
146622	3752	0
146622	3753	0
146622	3754	0
146622	3755	1
146622	3756	0
146626	4562	0
146626	4563	0
146626	4564	0
146626	4565	2
146626	4566	0
146626	4567	0
146627	4562	0
146627	4563	1
146627	4564	0
146627	4565	0
146627	4566	0
146627	4567	0
146628	4562	0
146628	4563	0
146628	4564	2
146628	4565	0
146628	4566	0
146628	4567	0
146661	6953	2
146661	6954	0
146661	6956	0
146661	6957	0
146662	6953	0
146662	6954	1
146662	6956	0
146662	6957	2
146663	7546	0
146663	7547	0
146663	7548	0
146663	7549	0
146663	7550	0
146663	7551	2
146665	7546	0
146665	7547	0
146665	7548	0
146665	7549	0
146665	7550	0
146665	7551	1
146666	6953	2
146666	6954	0
146666	6956	0
146666	6957	0
146667	6953	0
146667	6954	1
146667	6956	0
146667	6957	2
146668	6953	1
146668	6954	0
146668	6956	1
146668	6957	2
146669	3581	0
146669	3582	0
146669	3583	1
146669	3584	0
146669	3585	0
146669	3586	0
146671	3581	1
146671	3582	1
146671	3583	1
146671	3584	0
146671	3585	0
146671	3586	0
146673	3581	1
146673	3582	0
146673	3583	0
146673	3584	0
146673	3585	0
146673	3586	0
146678	7564	0
146678	7565	0
146678	7566	0
146678	7567	0
146678	7568	0
146678	7569	0
146679	7564	0
146679	7565	0
146679	7566	0
146679	7567	0
146679	7568	3
146679	7569	0
146681	7564	0
146681	7565	0
146681	7566	0
146681	7567	0
146681	7568	2
146681	7569	0
146729	6935	1
146729	6936	0
146729	6937	0
146729	6938	0
146729	6939	0
146729	6940	0
146730	6935	0
146730	6936	0
146730	6937	0
146730	6938	0
146730	6939	0
146730	6940	2
146731	6935	1
146731	6936	0
146731	6937	0
146731	6938	0
146731	6939	0
146731	6940	0
146732	3107	0
146732	3108	0
146732	3109	2
146732	3110	0
146732	3111	0
146732	3112	0
146733	3107	0
146733	3108	0
146733	3109	1
146733	3110	0
146733	3111	0
146733	3112	1
146734	3107	0
146734	3108	0
146734	3109	0
146734	3110	0
146734	3111	0
146734	3112	0
146735	4882	0
146735	4883	2
146735	4884	2
146735	4885	0
146736	4882	0
146736	4883	0
146736	4884	0
146736	4885	0
146737	4882	0
146737	4883	0
146737	4884	0
146737	4885	2
146747	4504	0
146747	4505	8
146747	4506	0
146747	4507	0
146748	4504	0
146748	4505	0
146748	4506	0
146748	4507	0
146749	4504	2
146749	4505	0
146749	4506	0
146749	4507	0
146756	3164	0
146756	3165	0
146756	3166	0
146756	3167	0
146756	3168	0
146756	3169	0
146757	3164	0
146757	3165	0
146757	3166	0
146757	3167	0
146757	3168	0
146757	3169	0
146758	3164	0
146758	3165	0
146758	3166	1
146758	3167	0
146758	3168	0
146758	3169	0
146759	5279	1
146759	5280	1
146759	5281	0
146759	5282	2
146759	5283	0
146759	5284	0
146760	5279	0
146760	5280	2
146760	5281	3
146760	5282	0
146760	5283	1
146760	5284	0
146761	5279	0
146761	5280	0
146761	5281	0
146761	5282	0
146761	5283	0
146761	5284	3
146791	3229	0
146791	3230	0
146791	3231	0
146791	3232	0
146791	3233	2
146791	3234	2
146792	3229	0
146792	3230	0
146792	3231	0
146792	3232	0
146792	3233	0
146792	3234	0
146801	2616	0
146801	2617	0
146801	2618	0
146801	2619	0
146801	2620	0
146801	2621	0
146803	2616	0
146803	2617	0
146803	2618	0
146803	2619	0
146803	2620	0
146803	2621	0
146826	2616	2
146826	2617	0
146826	2618	1
146826	2619	0
146826	2620	0
146826	2621	0
146885	7219	2
146885	7220	0
146885	7221	0
146885	7222	0
146885	7223	0
146885	7224	2
146886	7219	0
146886	7220	0
146886	7221	0
146886	7222	0
146886	7223	0
146886	7224	0
146887	7219	0
146887	7220	0
146887	7221	0
146887	7222	0
146887	7223	0
146887	7224	0
146984	2718	2
146984	2719	0
146984	2720	2
146984	2721	0
146984	2722	2
146984	2723	2
146985	2718	2
146985	2719	2
146985	2720	2
146985	2721	2
146985	2722	2
146985	2723	2
146986	2718	4
146986	2719	2
146986	2720	2
146986	2721	2
146986	2722	2
146986	2723	0
146999	5733	1
146999	5734	0
146999	5735	0
146999	5736	0
146999	5737	0
146999	5738	1
147000	5231	0
147000	5232	0
147000	5233	0
147000	5234	0
147000	5235	0
147000	5236	0
147018	3035	0
147018	3036	0
147018	3037	0
147018	3038	0
147018	3039	2
147018	3040	0
147036	4216	2
147036	4217	0
147036	4218	0
147036	4219	0
147036	4220	0
147036	4221	0
147038	2880	0
147038	2881	0
147038	2882	0
147038	2883	0
147038	2884	0
147038	2885	0
147066	2856	0
147066	2857	0
147066	2858	0
147066	2859	0
147066	2860	0
147066	2861	0
147072	5367	1
147072	5368	0
147072	5369	1
147072	5370	0
147072	5371	1
147072	5372	0
147073	3940	2
147073	3941	0
147073	3942	0
147073	3943	0
147073	3944	2
147073	3945	0
147082	7237	0
147082	7238	0
147082	7239	0
147082	7240	3
147083	7237	0
147083	7238	0
147083	7239	0
147083	7240	1
147084	7237	0
147084	7238	0
147084	7239	0
147084	7240	0
147099	3035	0
147099	3036	0
147099	3037	0
147099	3038	0
147099	3039	0
147099	3040	0
147100	5733	0
147100	5734	0
147100	5735	0
147100	5736	0
147100	5737	0
147100	5738	0
147122	5231	0
147122	5232	0
147122	5233	0
147122	5234	0
147122	5235	0
147122	5236	0
147132	2880	0
147132	2881	0
147132	2882	0
147132	2883	0
147132	2884	1
147132	2885	0
147168	5721	0
147168	5722	0
147168	5723	0
147168	5724	0
147168	5725	0
147168	5726	0
147169	7225	0
147169	7227	0
147169	7229	2
147170	7225	1
147170	7227	0
147170	7229	2
147172	5367	0
147172	5368	0
147172	5369	1
147172	5370	0
147172	5371	0
147172	5372	0
147205	7594	0
147205	7595	2
147205	7596	0
147205	7597	0
147205	7598	0
147205	7599	0
147213	3940	0
147213	3941	0
147213	3942	0
147213	3943	1
147213	3944	1
147213	3945	1
147300	3095	1
147300	3096	0
147300	3097	1
147300	3098	0
147300	3099	2
147300	3100	0
147301	3095	0
147301	3096	0
147301	3097	0
147301	3098	0
147301	3099	1
147301	3100	1
147302	3095	0
147302	3096	0
147302	3097	2
147302	3098	1
147302	3099	0
147302	3100	1
147303	3575	0
147303	3576	1
147303	3577	0
147303	3578	0
147303	3579	0
147303	3580	0
147304	3575	0
147304	3576	0
147304	3577	0
147304	3578	0
147304	3579	0
147304	3580	0
147305	3575	0
147305	3576	0
147305	3577	1
147305	3578	1
147305	3579	0
147305	3580	0
147306	5733	1
147306	5734	0
147306	5735	0
147306	5736	0
147306	5737	0
147306	5738	1
147307	5733	0
147307	5734	0
147307	5735	0
147307	5736	0
147307	5737	0
147307	5738	0
147313	7456	0
147313	7457	0
147313	7458	0
147313	7459	0
147313	7460	0
147313	7461	0
147314	7456	0
147314	7457	0
147314	7458	0
147314	7459	0
147314	7460	0
147314	7461	0
147315	7456	0
147315	7457	0
147315	7458	0
147315	7459	0
147315	7460	3
147315	7461	0
147325	2880	0
147325	2881	0
147325	2882	0
147325	2883	1
147325	2884	0
147325	2885	0
147336	5231	0
147336	5232	0
147336	5233	0
147336	5234	0
147336	5235	1
147336	5236	0
147337	4360	0
147337	4361	4
147337	4362	0
147337	4363	0
147337	4364	0
147337	4365	0
147338	4360	0
147338	4361	0
147338	4362	0
147338	4363	0
147338	4364	0
147338	4365	0
147339	4360	1
147339	4361	0
147339	4362	0
147339	4363	0
147339	4364	0
147339	4365	0
147366	2856	0
147366	2857	0
147366	2858	0
147366	2859	0
147366	2860	1
147366	2861	0
147367	2856	0
147367	2857	0
147367	2858	0
147367	2859	0
147367	2860	0
147367	2861	0
147372	5775	2
147372	5776	0
147372	5777	0
147372	5778	0
147372	5779	0
147372	5780	1
147373	5775	0
147373	5776	0
147373	5777	0
147373	5778	0
147373	5779	0
147373	5780	0
147376	7225	0
147376	7227	0
147376	7229	0
147385	7237	0
147385	7238	0
147385	7239	0
147385	7240	0
147421	5367	1
147421	5368	2
147421	5369	1
147421	5370	1
147421	5371	1
147421	5372	0
147445	3940	1
147445	3941	1
147445	3942	0
147445	3943	0
147445	3944	0
147445	3945	1
147512	4216	0
147512	4217	0
147512	4218	0
147512	4219	0
147512	4220	0
147512	4221	0
147517	6047	2
147517	6048	0
147517	6049	0
147517	6050	0
147517	6051	0
147517	6052	0
147526	6047	0
147526	6048	2
147526	6049	0
147526	6050	0
147526	6051	1
147526	6052	0
147530	3035	0
147530	3036	0
147530	3037	0
147530	3038	0
147530	3039	0
147530	3040	0
147534	3023	1
147534	3024	1
147534	3025	0
147534	3026	0
147534	3027	0
147534	3028	0
147536	4724	0
147536	4725	0
147536	4726	1
147536	4727	0
147536	4728	2
147536	4729	0
147539	4724	0
147539	4725	0
147539	4726	0
147539	4727	1
147539	4728	1
147539	4729	0
147541	3023	0
147541	3024	2
147541	3025	0
147541	3026	0
147541	3027	3
147541	3028	0
147543	4724	0
147543	4725	0
147543	4726	2
147543	4727	0
147543	4728	0
147543	4729	0
147544	3023	2
147544	3024	2
147544	3025	0
147544	3026	0
147544	3027	0
147544	3028	1
147857	4216	2
147857	4217	0
147857	4218	0
147857	4219	0
147857	4220	0
147857	4221	0
147866	5255	0
147866	5256	0
147866	5257	0
147866	5258	0
147866	5259	0
147866	5260	0
147867	5255	0
147867	5256	0
147867	5257	2
147867	5258	0
147867	5259	0
147867	5260	0
147868	5255	0
147868	5256	0
147868	5257	0
147868	5258	0
147868	5259	1
147868	5260	0
147869	4748	0
147869	4749	0
147869	4750	0
147869	4751	0
147869	4752	0
147869	4753	2
147870	4748	0
147870	4749	0
147870	4750	0
147870	4751	0
147870	4752	2
147870	4753	0
147876	7594	4
147876	7595	0
147876	7596	0
147876	7597	0
147876	7598	0
147876	7599	0
147878	4526	0
147878	4527	0
147878	4528	0
147878	4529	0
147878	4530	0
147878	4531	0
147880	4526	0
147880	4528	0
147880	4529	0
147880	4530	1
147880	4531	2
147881	3235	0
147881	3236	0
147881	3237	0
147881	3238	0
147881	3239	0
147881	3240	0
147883	3235	0
147883	3236	0
147883	3237	0
147883	3238	0
147883	3239	1
147883	3240	1
147885	3235	1
147885	3236	0
147885	3237	0
147885	3238	0
147885	3239	1
147885	3240	0
148180	6887	0
148180	6888	0
148180	6889	1
148180	6890	0
148180	6891	0
148180	6892	0
148185	6887	0
148185	6888	0
148185	6889	0
148185	6890	0
148185	6891	0
148185	6892	0
148194	6887	0
148194	6888	0
148194	6889	0
148194	6890	0
148194	6891	0
148194	6892	1
148316	3751	1
148316	3752	0
148316	3753	0
148316	3754	0
148316	3755	1
148316	3756	0
148337	4795	0
148337	4796	0
148337	4797	0
148337	4798	0
148337	4799	0
148337	4800	0
148338	4795	0
148338	4796	0
148338	4797	0
148338	4798	0
148338	4799	0
148338	4800	0
148339	4795	1
148339	4796	0
148339	4797	0
148339	4798	0
148339	4799	1
148339	4800	1
148376	7630	0
148376	7631	0
148376	7632	0
148376	7633	0
148376	7634	0
148376	7635	0
148377	7630	0
148377	7631	0
148377	7632	0
148377	7633	0
148377	7634	0
148377	7635	0
148379	7630	0
148379	7631	0
148379	7632	0
148379	7633	2
148379	7634	0
148379	7635	0
148386	5207	0
148386	5208	0
148386	5209	0
148386	5210	0
148386	5211	0
148386	5212	0
148387	5207	0
148387	5208	0
148387	5209	0
148387	5210	0
148387	5211	0
148387	5212	0
148393	4847	0
148393	4848	0
148393	4849	0
148393	4850	0
148393	4851	1
148393	4852	0
148394	4847	0
148394	4848	0
148394	4849	0
148394	4850	0
148394	4851	0
148394	4852	0
148395	4847	0
148395	4848	0
148395	4849	0
148395	4850	0
148395	4851	0
148395	4852	0
148422	2999	0
148422	3000	0
148422	3001	0
148422	3002	0
148422	3003	0
148422	3004	0
148423	2999	0
148423	3000	0
148423	3001	0
148423	3002	0
148423	3003	0
148423	3004	1
148424	2999	0
148424	3000	0
148424	3001	1
148424	3002	0
148424	3003	0
148424	3004	0
148433	4795	0
148433	4796	0
148433	4797	0
148433	4798	0
148433	4799	0
148433	4800	0
148445	3863	2
148445	3864	0
148445	3865	0
148445	3866	0
148445	3867	0
148445	3868	0
148446	3863	0
148446	3864	0
148446	3865	0
148446	3866	0
148446	3867	0
148446	3868	0
148447	3863	0
148447	3864	0
148447	3865	0
148447	3866	0
148447	3867	0
148447	3868	0
148461	6256	3
148461	6257	0
148461	6258	2
148461	6259	0
148461	6260	0
148461	6261	0
148462	6256	0
148462	6257	2
148462	6258	0
148462	6259	0
148462	6260	1
148462	6261	0
148463	6256	0
148463	6257	0
148463	6258	0
148463	6259	0
148463	6260	0
148463	6261	0
148464	5999	2
148464	6000	0
148464	6001	0
148464	6002	0
148464	6003	0
148464	6004	0
148465	5999	0
148465	6000	0
148465	6001	0
148465	6002	0
148465	6003	0
148465	6004	0
148466	5999	0
148466	6000	0
148466	6001	0
148466	6002	0
148466	6003	0
148466	6004	0
148470	6642	0
148470	6643	1
148470	6644	0
148470	6645	0
148470	6646	0
148470	6647	0
148471	6642	0
148471	6643	0
148471	6644	0
148471	6645	0
148471	6646	0
148471	6647	0
148472	6642	0
148472	6643	0
148472	6644	0
148472	6645	0
148472	6646	0
148472	6647	0
148497	3751	0
148497	3752	0
148497	3753	0
148497	3754	0
148497	3755	2
148497	3756	0
148500	5309	0
148500	5310	0
148500	5311	0
148500	5312	0
148500	5313	0
148500	5314	0
148510	4216	2
148510	4217	0
148510	4218	0
148510	4219	0
148510	4220	0
148510	4221	0
148511	4216	0
148511	4217	0
148511	4218	0
148511	4219	0
148511	4220	0
148511	4221	0
148515	4526	0
148515	4527	0
148515	4528	0
148515	4529	0
148515	4530	0
148515	4531	0
148516	4526	1
148516	4528	1
148516	4529	0
148516	4530	0
148516	4531	1
148518	4526	0
148518	4528	0
148518	4529	0
148518	4530	1
148518	4531	2
148520	3035	0
148520	3036	0
148520	3037	0
148520	3038	0
148520	3039	2
148520	3040	0
148521	3035	0
148521	3036	0
148521	3037	0
148521	3038	0
148521	3039	0
148521	3040	0
148522	3035	0
148522	3036	0
148522	3037	0
148522	3038	0
148522	3039	0
148522	3040	0
148526	5775	0
148526	5776	0
148526	5777	0
148526	5778	0
148526	5779	0
148526	5780	0
148527	5775	0
148527	5776	0
148527	5777	0
148527	5778	0
148527	5779	0
148527	5780	0
148528	5775	2
148528	5776	0
148528	5777	0
148528	5778	0
148528	5779	0
148528	5780	1
148550	5721	0
148550	5722	0
148550	5723	0
148550	5724	0
148550	5725	0
148550	5726	0
148553	5721	0
148553	5722	0
148553	5723	3
148553	5724	3
148553	5725	0
148553	5726	1
148600	2766	0
148600	2767	0
148600	2768	0
148600	2769	0
148600	2770	0
148600	2771	0
148601	2766	0
148601	2767	0
148601	2768	0
148601	2769	0
148601	2770	0
148601	2771	0
148602	2766	2
148602	2767	0
148602	2768	0
148602	2769	0
148602	2770	2
148602	2771	0
148655	6558	1
148655	6559	0
148655	6560	0
148655	6561	0
148655	6562	2
148655	6563	0
148660	2880	0
148660	2881	0
148660	2882	0
148660	2883	0
148660	2884	0
148660	2885	0
148678	2880	0
148678	2881	0
148678	2882	0
148678	2883	0
148678	2884	1
148678	2885	0
148682	2880	0
148682	2881	0
148682	2882	0
148682	2883	1
148682	2884	0
148682	2885	0
148693	4562	0
148693	4563	0
148693	4564	2
148693	4565	0
148693	4566	0
148693	4567	0
148694	4562	0
148694	4563	0
148694	4564	0
148694	4565	2
148694	4566	0
148694	4567	0
148695	4562	0
148695	4563	1
148695	4564	0
148695	4565	0
148695	4566	0
148695	4567	0
148696	3581	1
148696	3582	0
148696	3583	0
148696	3584	0
148696	3585	0
148696	3586	0
148697	3581	1
148697	3582	1
148697	3583	1
148697	3584	0
148697	3585	0
148697	3586	0
148698	3581	0
148698	3582	0
148698	3583	1
148698	3584	0
148698	3585	0
148698	3586	0
148699	3409	0
148699	3410	0
148699	3411	1
148699	3412	0
148699	3413	2
148699	3414	0
148700	3409	0
148700	3410	0
148700	3411	1
148700	3412	2
148700	3413	0
148700	3414	0
148701	3409	0
148701	3410	0
148701	3411	0
148701	3412	0
148701	3413	0
148701	3414	0
148702	3271	0
148702	3272	2
148702	3273	0
148702	3274	4
148702	3275	0
148702	3276	1
148703	3271	1
148703	3272	0
148703	3273	0
148703	3274	0
148703	3275	0
148703	3276	0
148726	4000	1
148726	4002	0
148726	4003	2
148726	4004	0
148726	4005	0
148727	4000	0
148727	4001	2
148727	4002	0
148727	4003	0
148727	4004	1
148727	4005	0
148739	7225	0
148739	7227	0
148739	7229	2
148745	7225	1
148745	7227	0
148745	7229	2
148755	7225	0
148755	7227	0
148755	7229	0
149233	5309	0
149233	5310	0
149233	5311	0
149233	5312	0
149233	5313	0
149233	5314	1
149234	5309	0
149234	5310	0
149234	5311	0
149234	5312	0
149234	5313	0
149234	5314	0
150173	3443	0
150173	3444	0
150173	3445	0
150173	3446	0
150173	3447	0
150173	3448	0
150174	3443	0
150174	3444	0
150174	3445	0
150174	3446	0
150174	3447	2
150174	3448	2
150175	3443	0
150175	3444	0
150175	3445	0
150175	3446	0
150175	3447	0
150175	3448	0
150518	4748	0
150518	4749	0
150518	4750	0
150518	4751	0
150518	4752	0
150518	4753	2
150525	5255	0
150525	5256	0
150525	5257	2
150525	5258	0
150525	5259	0
150525	5260	0
150532	4748	0
150532	4749	0
150532	4750	0
150532	4751	0
150532	4752	2
150532	4753	0
150542	5255	0
150542	5256	0
150542	5257	0
150542	5258	0
150542	5259	1
150542	5260	0
151829	2790	0
151829	2791	0
151829	2792	0
151829	2793	0
151829	2794	2
151829	2795	0
151830	2790	0
151830	2791	0
151830	2792	0
151830	2793	2
151830	2794	0
151830	2795	4
151831	5231	0
151831	5232	0
151831	5233	0
151831	5234	0
151831	5235	0
151831	5236	0
151832	5231	0
151832	5232	0
151832	5233	0
151832	5234	0
151832	5235	1
151832	5236	0
151833	7195	0
151833	7196	0
151833	7197	0
151833	7198	0
151833	7199	0
151833	7200	0
151834	2790	0
151834	2791	2
151834	2792	1
151834	2793	0
151834	2794	0
151834	2795	2
151839	7219	2
151839	7220	0
151839	7221	0
151839	7222	0
151839	7223	0
151839	7224	2
151840	7219	0
151840	7220	0
151840	7221	0
151840	7222	0
151840	7223	0
151840	7224	0
151881	3691	0
151881	3692	0
151881	3693	0
151881	3694	0
151881	3695	0
151881	3696	2
151978	3563	2
151978	3564	0
151978	3565	0
151978	3566	0
151978	3567	0
151978	3568	0
151996	2640	0
151996	2641	0
151996	2642	0
151996	2643	0
151996	2644	0
151996	2645	0
152028	7405	0
152028	7406	0
152028	7407	0
152028	7408	0
152028	7409	0
152028	7410	0
152031	2826	0
152031	2827	0
152031	2828	0
152031	2829	0
152031	2830	0
152031	2831	0
152037	3691	0
152037	3692	0
152037	3693	0
152037	3694	0
152037	3695	0
152037	3696	0
152078	2826	0
152078	2827	0
152078	2828	2
152078	2829	0
152078	2830	0
152078	2831	0
152158	2640	0
152158	2641	0
152158	2642	0
152158	2643	0
152158	2644	0
152158	2645	0
152169	3691	1
152169	3692	2
152169	3693	0
152169	3694	1
152169	3695	0
152169	3696	0
152195	6346	0
152195	6347	0
152195	6348	0
152195	6349	0
152195	6350	2
152195	6351	0
152196	6346	0
152196	6347	0
152196	6348	1
152196	6349	0
152196	6350	0
152196	6351	0
152197	6346	1
152197	6347	0
152197	6348	2
152197	6349	0
152197	6350	1
152197	6351	1
152198	3319	0
152198	3320	0
152198	3321	1
152198	3322	0
152198	3323	0
152198	3324	0
152199	3319	0
152199	3320	1
152199	3321	2
152199	3322	0
152199	3323	0
152199	3324	1
152205	3319	1
152205	3320	1
152205	3321	0
152205	3322	1
152205	3323	0
152205	3324	0
152216	3170	2
152216	3171	0
152216	3172	0
152216	3173	0
152216	3174	2
152216	3175	0
152217	3170	2
152217	3171	0
152217	3172	0
152217	3173	0
152217	3174	1
152217	3175	0
152218	3170	0
152218	3171	0
152218	3172	0
152218	3173	0
152218	3174	0
152218	3175	2
152231	7606	0
152231	7607	0
152231	7608	0
152231	7609	0
152231	7610	0
152231	7611	0
152232	7606	0
152232	7607	0
152232	7608	0
152232	7609	0
152232	7610	0
152232	7611	0
152234	7606	0
152234	7607	3
152234	7608	0
152234	7609	0
152234	7610	0
152234	7611	0
152237	7606	0
152237	7607	1
152237	7608	0
152237	7609	0
152237	7610	0
152237	7611	0
152322	5835	1
152322	5836	0
152322	5837	0
152322	5838	0
152322	5839	0
152322	5840	0
152323	5835	1
152323	5836	0
152323	5837	3
152323	5838	1
152323	5839	0
152323	5840	0
152372	3563	2
152372	3564	1
152372	3565	0
152372	3566	0
152372	3567	1
152372	3568	0
152373	3563	3
152373	3564	0
152373	3565	1
152373	3566	0
152373	3567	0
152373	3568	1
152382	2640	3
152382	2641	0
152382	2642	0
152382	2643	0
152382	2644	0
152382	2645	0
152499	3017	0
152499	3019	0
152499	3021	0
152499	3022	2
152500	3017	0
152500	3019	0
152500	3021	0
152500	3022	2
152504	3235	0
152504	3236	0
152504	3237	0
152504	3238	0
152504	3239	0
152504	3240	0
152509	3235	0
152509	3236	0
152509	3237	0
152509	3238	0
152509	3239	1
152509	3240	1
152512	3235	1
152512	3236	0
152512	3237	0
152512	3238	0
152512	3239	1
152512	3240	0
152515	2640	0
152515	2641	0
152515	2642	0
152515	2643	0
152515	2644	0
152515	2645	0
152518	2640	0
152518	2641	0
152518	2642	0
152518	2643	0
152518	2644	0
152518	2645	0
152520	2640	3
152520	2641	0
152520	2642	0
152520	2643	0
152520	2644	0
152520	2645	0
152585	3017	0
152585	3019	0
152585	3021	0
152585	3022	2
152586	3017	0
152586	3019	0
152586	3021	0
152586	3022	2
152640	4847	0
152640	4848	0
152640	4849	0
152640	4850	0
152640	4851	1
152640	4852	0
152641	4847	0
152641	4848	0
152641	4849	0
152641	4850	0
152641	4851	0
152641	4852	0
152642	4847	0
152642	4848	0
152642	4849	0
152642	4850	0
152642	4851	0
152642	4852	0
152655	4360	0
152655	4361	4
152655	4362	0
152655	4363	0
152655	4364	0
152655	4365	0
152656	4360	0
152656	4361	0
152656	4362	0
152656	4363	0
152656	4364	0
152656	4365	0
152657	4360	1
152657	4361	0
152657	4362	0
152657	4363	0
152657	4364	0
152657	4365	0
152730	5445	1
152730	5446	1
152730	5447	0
152730	5448	0
152730	5449	0
152730	5450	0
152731	3017	2
152731	3019	0
152731	3021	0
152731	3022	0
152732	3017	2
152732	3019	0
152732	3021	0
152732	3022	0
152734	5445	1
152734	5446	0
152734	5447	0
152734	5448	0
152734	5449	0
152734	5450	1
152771	6558	1
152771	6559	0
152771	6560	0
152771	6561	0
152771	6562	2
152771	6563	0
152948	2999	0
152948	3000	0
152948	3001	0
152948	3002	0
152948	3003	0
152948	3004	0
152954	2999	0
152954	3000	0
152954	3001	0
152954	3002	0
152954	3003	0
152954	3004	1
152960	2999	0
152960	3000	0
152960	3001	1
152960	3002	0
152960	3003	0
152960	3004	0
153015	7219	0
153015	7220	0
153015	7221	0
153015	7222	0
153015	7223	0
153015	7224	0
153021	3409	0
153021	3410	0
153021	3411	1
153021	3412	0
153021	3413	2
153021	3414	0
153022	3409	0
153022	3410	0
153022	3411	1
153022	3412	2
153022	3413	0
153022	3414	0
153023	3409	0
153023	3410	0
153023	3411	0
153023	3412	0
153023	3413	0
153023	3414	0
153024	3271	0
153024	3272	2
153024	3273	0
153024	3274	4
153024	3275	0
153024	3276	1
153025	3271	1
153025	3272	0
153025	3273	0
153025	3274	0
153025	3275	0
153025	3276	0
153026	5835	1
153026	5836	0
153026	5837	0
153026	5838	0
153026	5839	0
153026	5840	0
153027	5835	1
153027	5836	0
153027	5837	3
153027	5838	1
153027	5839	0
153027	5840	0
153028	2766	0
153028	2767	0
153028	2768	0
153028	2769	0
153028	2770	0
153028	2771	0
153029	2766	0
153029	2767	0
153029	2768	0
153029	2769	0
153029	2770	0
153029	2771	0
153030	2766	2
153030	2767	0
153030	2768	0
153030	2769	0
153030	2770	2
153030	2771	0
153039	3563	2
153039	3564	0
153039	3565	0
153039	3566	0
153039	3567	0
153039	3568	0
153040	2790	0
153040	2791	0
153040	2792	0
153040	2793	0
153040	2794	2
153040	2795	0
153041	2790	0
153041	2791	0
153041	2792	0
153041	2793	2
153041	2794	0
153041	2795	4
153042	2790	0
153042	2791	2
153042	2792	1
153042	2793	0
153042	2794	0
153042	2795	2
153043	3563	2
153043	3564	1
153043	3565	0
153043	3566	0
153043	3567	1
153043	3568	0
153044	3563	3
153044	3564	0
153044	3565	1
153044	3566	0
153044	3567	0
153044	3568	1
153048	4795	0
153048	4796	0
153048	4797	0
153048	4798	0
153048	4799	0
153048	4800	0
153049	4795	0
153049	4796	0
153049	4797	0
153049	4798	0
153049	4799	0
153049	4800	0
153050	4795	1
153050	4796	0
153050	4797	0
153050	4798	0
153050	4799	1
153050	4800	1
153062	6887	0
153062	6888	0
153062	6889	1
153062	6890	0
153062	6891	0
153062	6892	0
153063	6887	0
153063	6888	0
153063	6889	0
153063	6890	0
153063	6891	0
153063	6892	0
153064	6887	0
153064	6888	0
153064	6889	0
153064	6890	0
153064	6891	0
153064	6892	1
153124	3319	0
153124	3320	0
153124	3321	1
153124	3322	0
153124	3323	0
153124	3324	0
153127	3319	0
153127	3320	1
153127	3321	2
153127	3322	0
153127	3323	0
153127	3324	1
153131	3319	1
153131	3320	1
153131	3321	0
153131	3322	1
153131	3323	0
153131	3324	0
153136	2856	0
153136	2857	0
153136	2858	0
153136	2859	0
153136	2860	0
153136	2861	0
153137	2856	0
153137	2857	0
153137	2858	0
153137	2859	0
153137	2860	1
153137	2861	0
153138	2856	0
153138	2857	0
153138	2858	0
153138	2859	0
153138	2860	0
153138	2861	0
153139	5445	0
153139	5446	0
153139	5447	0
153139	5448	0
153139	5449	0
153139	5450	1
153140	5445	1
153140	5446	0
153140	5447	0
153140	5448	0
153140	5449	0
153140	5450	1
153141	3443	0
153141	3444	0
153141	3445	0
153141	3446	0
153141	3447	2
153141	3448	2
153142	3443	0
153142	3444	0
153142	3445	0
153142	3446	0
153142	3447	0
153142	3448	0
153143	3443	0
153143	3444	0
153143	3445	0
153143	3446	0
153143	3447	0
153143	3448	0
153144	5445	1
153144	5446	1
153144	5447	0
153144	5448	0
153144	5449	0
153144	5450	0
153145	7630	0
153145	7631	0
153145	7632	0
153145	7633	0
153145	7634	0
153145	7635	0
153146	7630	0
153146	7631	0
153146	7632	0
153146	7633	0
153146	7634	0
153146	7635	0
153147	7630	0
153147	7631	0
153147	7632	0
153147	7633	2
153147	7634	0
153147	7635	0
153248	2826	0
153248	2827	0
153248	2828	0
153248	2829	0
153248	2830	0
153248	2831	0
153249	6047	0
153249	6048	0
153249	6049	0
153249	6050	0
153249	6051	2
153249	6052	0
153250	6047	2
153250	6048	0
153250	6049	0
153250	6050	0
153250	6051	0
153250	6052	0
153251	6047	0
153251	6048	2
153251	6049	0
153251	6050	0
153251	6051	1
153251	6052	0
153252	2826	0
153252	2827	0
153252	2828	0
153252	2829	0
153252	2830	0
153252	2831	0
153253	2826	0
153253	2827	0
153253	2828	2
153253	2829	0
153253	2830	0
153253	2831	0
153256	6256	3
153256	6257	0
153256	6258	2
153256	6259	0
153256	6260	0
153256	6261	0
153257	5999	2
153257	6000	0
153257	6001	0
153257	6002	0
153257	6003	0
153257	6004	0
153258	6256	0
153258	6257	2
153258	6258	0
153258	6259	0
153258	6260	1
153258	6261	0
153259	5999	0
153259	6000	0
153259	6001	0
153259	6002	0
153259	6003	0
153259	6004	0
153260	6256	0
153260	6257	0
153260	6258	0
153260	6259	0
153260	6260	0
153260	6261	0
153261	5999	0
153261	6000	0
153261	6001	0
153261	6002	0
153261	6003	0
153261	6004	0
153262	3940	2
153262	3941	0
153262	3942	0
153262	3943	0
153262	3944	2
153262	3945	0
153263	3940	0
153263	3941	0
153263	3942	0
153263	3943	1
153263	3944	1
153263	3945	1
153264	3940	1
153264	3941	1
153264	3942	0
153264	3943	0
153264	3944	0
153264	3945	1
153265	5367	1
153265	5368	0
153265	5369	1
153265	5370	0
153265	5371	1
153265	5372	0
153266	5367	1
153266	5368	2
153266	5369	1
153266	5370	1
153266	5371	1
153266	5372	0
153267	5367	0
153267	5368	0
153267	5369	1
153267	5370	0
153267	5371	0
153267	5372	0
153268	7405	0
153268	7406	0
153268	7407	0
153268	7408	0
153268	7409	0
153268	7410	0
153271	5721	0
153271	5722	0
153271	5723	0
153271	5724	0
153271	5725	0
153271	5726	0
153272	5721	0
153272	5722	0
153272	5723	3
153272	5724	3
153272	5725	0
153272	5726	1
153273	5721	0
153273	5722	0
153273	5723	0
153273	5724	0
153273	5725	0
153273	5726	0
153274	5207	0
153274	5208	0
153274	5209	0
153274	5210	0
153274	5211	0
153274	5212	0
153275	5207	0
153275	5208	0
153275	5209	0
153275	5210	0
153275	5211	0
153275	5212	0
153288	3691	0
153288	3692	0
153288	3693	0
153288	3694	0
153288	3695	0
153288	3696	2
153289	3691	0
153289	3692	0
153289	3693	0
153289	3694	0
153289	3695	0
153289	3696	0
153290	3691	1
153290	3692	2
153290	3693	0
153290	3694	1
153290	3695	0
153290	3696	0
153294	6346	0
153294	6347	0
153294	6348	0
153294	6349	0
153294	6350	2
153294	6351	0
153295	6346	0
153295	6347	0
153295	6348	1
153295	6349	0
153295	6350	0
153295	6351	0
153296	6346	1
153296	6347	0
153296	6348	2
153296	6349	0
153296	6350	1
153296	6351	1
153297	4000	1
153297	4002	0
153297	4003	2
153297	4004	0
153297	4005	0
153298	4000	0
153298	4001	2
153298	4002	0
153298	4003	0
153298	4004	1
153298	4005	0
153332	3170	2
153332	3171	0
153332	3172	0
153332	3173	0
153332	3174	2
153332	3175	0
153333	3170	2
153333	3171	0
153333	3172	0
153333	3173	0
153333	3174	1
153333	3175	0
153334	3170	0
153334	3171	0
153334	3172	0
153334	3173	0
153334	3174	0
153334	3175	2
153471	3751	0
153471	3752	0
153471	3753	0
153471	3754	0
153471	3755	0
153471	3756	0
153549	3125	1
153549	3126	0
153549	3127	0
153549	3128	0
153549	3129	0
153590	5309	0
153590	5310	0
153590	5311	0
153590	5312	0
153590	5313	0
153590	5314	1
153591	3863	2
153591	3864	0
153591	3865	0
153591	3866	0
153591	3867	0
153591	3868	0
153592	5309	0
153592	5310	0
153592	5311	0
153592	5312	0
153592	5313	0
153592	5314	0
153595	3863	0
153595	3864	0
153595	3865	0
153595	3866	0
153595	3867	0
153595	3868	0
153596	5309	0
153596	5310	0
153596	5311	0
153596	5312	0
153596	5313	0
153596	5314	0
153597	3863	0
153597	3864	0
153597	3865	0
153597	3866	0
153597	3867	0
153597	3868	0
153630	7456	0
153630	7457	0
153630	7458	0
153630	7459	0
153630	7460	0
153630	7461	0
153631	7456	0
153631	7457	0
153631	7458	0
153631	7459	0
153631	7460	0
153631	7461	0
153632	7456	0
153632	7457	0
153632	7458	0
153632	7459	0
153632	7460	3
153632	7461	0
153633	7606	0
153633	7607	3
153633	7608	0
153633	7609	0
153633	7610	0
153633	7611	0
153634	7606	0
153634	7607	1
153634	7608	0
153634	7609	0
153634	7610	0
153634	7611	0
153683	7405	1
153683	7406	0
153683	7407	3
153683	7408	0
153683	7409	0
153683	7410	1
153745	6642	0
153745	6643	1
153745	6644	0
153745	6645	0
153745	6646	0
153745	6647	0
153746	6642	0
153746	6643	0
153746	6644	0
153746	6645	0
153746	6646	0
153746	6647	0
153747	6642	0
153747	6643	0
153747	6644	0
153747	6645	0
153747	6646	0
153747	6647	0
153847	3751	0
153847	3752	0
153847	3753	0
153847	3754	0
153847	3755	0
153847	3756	0
153922	3125	1
153922	3126	0
153922	3127	0
153922	3128	0
153922	3129	0
153923	7405	1
153923	7406	0
153923	7407	3
153923	7408	0
153923	7409	0
153923	7410	1
154267	4813	0
154267	4814	0
154267	4815	0
154267	4816	0
154267	4817	0
154267	4818	0
154268	4813	0
154268	4814	0
154268	4815	0
154268	4816	0
154268	4817	0
154268	4818	0
154269	4813	2
154269	4814	0
154269	4815	1
154269	4816	2
154269	4817	1
154269	4818	2
154318	4951	0
154318	4952	0
154318	4953	0
154318	4954	0
154318	4955	0
154318	4956	0
154319	4951	0
154319	4952	0
154319	4953	0
154319	4954	1
154319	4955	0
154319	4956	0
154320	4951	0
154320	4952	0
154320	4953	0
154320	4954	0
154320	4955	0
154320	4956	0
154331	4813	0
154331	4814	0
154331	4815	0
154331	4816	0
154331	4817	0
154331	4818	0
154332	4813	0
154332	4814	0
154332	4815	0
154332	4816	0
154332	4817	0
154332	4818	0
154333	4813	2
154333	4814	0
154333	4815	1
154333	4816	2
154333	4817	1
154333	4818	2
154353	4951	0
154353	4952	0
154353	4953	0
154353	4954	0
154353	4955	0
154353	4956	0
154354	4951	0
154354	4952	0
154354	4953	0
154354	4954	0
154354	4955	0
154354	4956	0
154355	4951	0
154355	4952	0
154355	4953	0
154355	4954	1
154355	4955	0
154355	4956	0
154848	2946	0
154848	2947	0
154848	2948	0
154848	2949	0
154848	2950	0
154848	2951	0
154849	2946	0
154849	2947	0
154849	2948	0
154849	2949	0
154849	2950	0
154849	2951	0
154850	2574	0
154850	2575	2
154850	2576	0
154850	2577	0
154850	2578	0
154850	2579	0
154851	2574	0
154851	2575	2
154851	2576	0
154851	2577	0
154851	2578	0
154851	2579	0
154852	2574	0
154852	2575	0
154852	2576	0
154852	2577	0
154852	2578	0
154852	2579	0
154853	2838	0
154853	2839	0
154853	2840	0
154853	2841	0
154853	2842	0
154853	2843	0
154854	2838	0
154854	2839	0
154854	2840	1
154854	2841	0
154854	2842	2
154854	2843	1
154855	2838	0
154855	2839	0
154855	2840	0
154855	2841	0
154855	2842	0
154855	2843	0
154863	5871	0
154863	5872	0
154863	5873	0
154863	5874	0
154863	5875	0
154863	5876	0
154872	3797	3
154872	3798	2
154872	3799	0
154872	3800	2
154872	3801	0
154872	3802	0
154873	4462	0
154873	4463	0
154873	4464	0
154873	4465	0
154873	4466	0
154873	4467	0
154874	6976	0
154874	6977	0
154874	6978	0
154874	6979	0
154874	6980	0
154874	6981	0
154875	7195	0
154875	7196	0
154875	7197	0
154875	7198	0
154875	7199	0
154875	7200	0
155014	5601	0
155014	5602	0
155014	5603	0
155014	5604	3
155014	5605	0
155014	5606	0
155023	5029	2
155023	5030	0
155023	5031	0
155023	5032	2
155023	5033	1
155023	5034	0
155025	3367	0
155025	3368	0
155025	3369	0
155025	3370	0
155025	3371	0
155025	3372	0
155074	5659	0
155074	5660	0
155074	5661	0
155074	5662	0
155074	5663	0
155074	5664	3
155075	3229	0
155075	3230	0
155075	3231	0
155075	3232	0
155075	3233	0
155075	3234	0
155079	4402	0
155079	4403	0
155079	4404	0
155079	4405	0
155079	4406	0
155079	4407	0
155086	6238	0
155086	6239	2
155086	6240	0
155086	6241	0
155086	6242	2
155086	6243	2
155087	3119	1
155087	3120	0
155087	3121	2
155087	3122	0
155087	3123	2
155087	3124	0
155113	5041	0
155113	5042	0
155113	5043	1
155113	5044	0
155113	5045	0
155115	5029	0
155115	5030	0
155115	5031	0
155115	5032	0
155115	5033	0
155115	5034	2
155172	5517	0
155172	5518	0
155172	5519	0
155172	5520	0
155172	5521	0
155172	5522	0
155173	5517	0
155173	5518	0
155173	5519	0
155173	5520	0
155173	5521	1
155173	5522	1
155184	5601	0
155184	5602	0
155184	5603	0
155184	5604	0
155184	5605	0
155184	5606	0
155189	4462	3
155189	4463	0
155189	4464	0
155189	4465	0
155189	4466	0
155189	4467	0
155190	6976	0
155190	6977	1
155190	6978	0
155190	6979	0
155190	6980	0
155190	6981	0
155194	7195	1
155194	7196	0
155194	7197	2
155194	7198	1
155194	7199	0
155194	7200	0
155195	5871	0
155195	5872	0
155195	5873	0
155195	5874	0
155195	5875	0
155195	5876	0
155196	4724	0
155196	4725	0
155196	4726	0
155196	4727	0
155196	4728	0
155196	4729	0
155197	4724	0
155197	4725	0
155197	4726	0
155197	4727	1
155197	4728	2
155197	4729	0
155198	3023	2
155198	3024	1
155198	3025	0
155198	3026	0
155198	3027	1
155198	3028	0
155199	3023	1
155199	3024	1
155199	3025	0
155199	3026	0
155199	3027	0
155199	3028	1
155205	3367	0
155205	3368	0
155205	3369	1
155205	3370	0
155205	3371	0
155205	3372	0
155206	5041	0
155206	5042	0
155206	5043	0
155206	5044	0
155206	5045	0
155207	7339	0
155207	7340	0
155207	7341	1
155207	7342	0
155207	7343	2
155207	7344	0
155217	3797	2
155217	3798	1
155217	3799	0
155217	3800	2
155217	3801	1
155217	3802	0
155219	5659	0
155219	5660	0
155219	5661	0
155219	5662	0
155219	5663	2
155219	5664	0
155229	2598	0
155229	2599	0
155229	2600	0
155229	2601	0
155229	2602	0
155229	2603	0
155230	2598	1
155230	2599	0
155230	2600	0
155230	2601	0
155230	2602	1
155230	2603	0
155232	6196	0
155232	6197	0
155232	6198	3
155232	6199	2
155232	6200	3
155232	6201	0
155233	3851	0
155233	3852	0
155233	3853	0
155233	3854	0
155233	3855	0
155233	3856	0
155234	6196	0
155234	6197	0
155234	6198	1
155234	6199	3
155234	6200	1
155234	6201	1
155235	3851	0
155235	3852	0
155235	3853	0
155235	3854	0
155235	3855	0
155235	3856	0
155254	3229	1
155254	3230	1
155254	3231	0
155254	3232	0
155254	3233	1
155254	3234	1
155261	7339	2
155261	7340	0
155261	7341	3
155261	7342	0
155261	7343	2
155261	7344	0
155262	3119	2
155262	3120	0
155262	3121	0
155262	3122	0
155262	3123	0
155262	3124	0
155263	6238	0
155263	6239	2
155263	6240	0
155263	6241	2
155263	6242	2
155263	6243	1
155270	5517	0
155270	5518	1
155270	5519	0
155270	5520	0
155270	5521	0
155270	5522	1
155547	3797	4
155547	3798	4
155547	3799	4
155547	3800	3
155547	3801	2
155547	3802	2
155563	4402	0
155563	4403	0
155563	4404	0
155563	4405	0
155563	4406	0
155563	4407	0
155573	4772	0
155573	4773	0
155573	4774	0
155573	4775	0
155573	4776	0
155573	4777	0
155583	2718	0
155583	2719	0
155583	2720	0
155583	2721	0
155583	2722	0
155583	2723	0
155588	5029	0
155588	5030	0
155588	5031	0
155588	5032	0
155588	5033	0
155588	5034	0
155595	4402	0
155595	4403	0
155595	4404	0
155595	4405	0
155595	4406	0
155595	4407	0
155598	3023	2
155598	3024	2
155598	3025	0
155598	3026	0
155598	3027	0
155598	3028	1
155601	4724	1
155601	4725	0
155601	4726	1
155601	4727	0
155601	4728	0
155601	4729	1
155607	5871	2
155607	5872	0
155607	5873	1
155607	5874	0
155607	5875	0
155607	5876	0
155608	3367	0
155608	3368	1
155608	3369	0
155608	3370	0
155608	3371	0
155608	3372	0
155618	4462	0
155618	4463	0
155618	4464	0
155618	4465	0
155618	4466	0
155618	4467	1
155620	3970	0
155620	3971	2
155620	3972	0
155620	3973	0
155620	3974	0
155620	3975	0
155621	3970	0
155621	3971	0
155621	3972	0
155621	3973	1
155621	3974	0
155621	3975	0
155622	3970	0
155622	3971	0
155622	3972	0
155622	3973	0
155622	3974	0
155622	3975	0
155624	5601	0
155624	5602	0
155624	5603	0
155624	5604	0
155624	5605	0
155624	5606	0
155631	7195	0
155631	7196	0
155631	7197	0
155631	7198	0
155631	7199	0
155631	7200	2
155632	3229	1
155632	3230	3
155632	3231	2
155632	3232	0
155632	3233	0
155632	3234	1
155640	7339	0
155640	7340	1
155640	7341	0
155640	7342	0
155640	7343	1
155640	7344	0
155644	5153	0
155644	5154	0
155644	5155	0
155644	5156	0
155644	5157	2
155644	5158	2
155645	5153	0
155645	5154	0
155645	5155	0
155645	5156	0
155645	5157	0
155645	5158	0
155646	5153	1
155646	5154	0
155646	5155	0
155646	5156	0
155646	5157	0
155646	5158	3
155647	6196	0
155647	6197	0
155647	6198	0
155647	6199	0
155647	6200	1
155647	6201	0
155648	2598	0
155648	2599	0
155648	2600	0
155648	2601	0
155648	2602	2
155648	2603	0
155649	3851	0
155649	3852	1
155649	3853	0
155649	3854	0
155649	3855	1
155649	3856	0
155650	3409	0
155650	3410	0
155650	3411	4
155650	3412	0
155650	3413	0
155650	3414	0
155651	3409	0
155651	3410	0
155651	3411	3
155651	3412	0
155651	3413	0
155651	3414	0
155652	3409	0
155652	3410	0
155652	3411	4
155652	3412	0
155652	3413	0
155652	3414	0
155658	7546	0
155658	7547	0
155658	7548	1
155658	7549	0
155658	7550	0
155658	7551	0
155660	7546	0
155660	7547	0
155660	7548	0
155660	7549	1
155660	7550	0
155660	7551	0
155788	5659	0
155788	5660	0
155788	5661	0
155788	5662	0
155788	5663	4
155788	5664	0
155789	6238	0
155789	6239	0
155789	6240	2
155789	6241	0
155789	6242	0
155789	6243	0
155790	3119	1
155790	3120	0
155790	3121	1
155790	3122	1
155790	3123	3
155790	3124	0
155804	3095	0
155804	3096	0
155804	3097	0
155804	3098	2
155804	3099	2
155804	3100	0
155805	3095	0
155805	3096	1
155805	3097	0
155805	3098	0
155805	3099	2
155805	3100	1
155806	3095	0
155806	3096	0
155806	3097	2
155806	3098	1
155806	3099	0
155806	3100	0
155808	4772	1
155808	4773	0
155808	4774	0
155808	4775	0
155808	4776	0
155808	4777	0
155868	7564	2
155868	7565	0
155868	7566	0
155868	7567	0
155868	7568	2
155868	7569	0
155881	7564	0
155881	7565	0
155881	7566	1
155881	7567	0
155881	7568	1
155881	7569	0
155884	7564	0
155884	7565	0
155884	7566	0
155884	7567	0
155884	7568	3
155884	7569	0
156066	4772	0
156066	4773	0
156066	4774	0
156066	4775	0
156066	4776	0
156066	4777	0
156124	2718	1
156124	2719	0
156124	2720	0
156124	2721	0
156124	2722	0
156124	2723	0
156305	6953	1
156305	6954	0
156305	6956	2
156305	6957	0
156309	6953	2
156309	6954	0
156309	6956	0
156309	6957	0
156310	6953	0
156310	6954	0
156310	6956	0
156310	6957	1
156336	7546	0
156336	7547	1
156336	7548	0
156336	7549	1
156336	7550	0
156336	7551	0
156337	7546	0
156337	7547	0
156337	7548	1
156337	7549	0
156337	7550	0
156337	7551	0
156338	7546	0
156338	7547	0
156338	7548	0
156338	7549	1
156338	7550	0
156338	7551	0
156339	5871	0
156339	5872	0
156339	5873	0
156339	5874	0
156339	5875	0
156339	5876	0
156340	5871	0
156340	5872	0
156340	5873	0
156340	5874	0
156340	5875	0
156340	5876	0
156341	5871	2
156341	5872	0
156341	5873	1
156341	5874	0
156341	5875	0
156341	5876	0
156386	3095	0
156386	3096	0
156386	3097	0
156386	3098	2
156386	3099	2
156386	3100	0
156387	3095	0
156387	3096	1
156387	3097	0
156387	3098	0
156387	3099	2
156387	3100	1
156388	3095	0
156388	3096	0
156388	3097	2
156388	3098	1
156388	3099	0
156388	3100	0
156467	3797	4
156467	3798	4
156467	3799	4
156467	3800	3
156467	3801	2
156467	3802	2
156468	3797	3
156468	3798	2
156468	3799	0
156468	3800	2
156468	3801	0
156468	3802	0
156469	3797	2
156469	3798	1
156469	3799	0
156469	3800	2
156469	3801	1
156469	3802	0
156470	3229	0
156470	3230	0
156470	3231	0
156470	3232	0
156470	3233	0
156470	3234	0
156471	3229	1
156471	3230	1
156471	3231	0
156471	3232	0
156471	3233	1
156471	3234	1
156472	3229	1
156472	3230	3
156472	3231	2
156472	3232	0
156472	3233	0
156472	3234	1
156473	3409	0
156473	3410	0
156473	3411	4
156473	3412	0
156473	3413	0
156473	3414	0
156474	3409	0
156474	3410	0
156474	3411	3
156474	3412	0
156474	3413	0
156474	3414	0
156475	3409	0
156475	3410	0
156475	3411	4
156475	3412	0
156475	3413	0
156475	3414	0
156476	4402	0
156476	4403	0
156476	4404	0
156476	4405	0
156476	4406	0
156476	4407	0
156477	4402	0
156477	4403	0
156477	4404	0
156477	4405	0
156477	4406	0
156477	4407	0
156478	4402	0
156478	4403	0
156478	4404	0
156478	4405	0
156478	4406	0
156478	4407	0
156485	4772	0
156485	4773	0
156485	4774	0
156485	4775	0
156485	4776	0
156485	4777	0
156486	4772	1
156486	4773	0
156486	4774	0
156486	4775	0
156486	4776	0
156486	4777	0
156487	4772	0
156487	4773	0
156487	4774	0
156487	4775	0
156487	4776	0
156487	4777	0
156497	5601	0
156497	5602	0
156497	5603	0
156497	5604	3
156497	5605	0
156497	5606	0
156498	5601	0
156498	5602	0
156498	5603	0
156498	5604	0
156498	5605	0
156498	5606	0
156499	5601	0
156499	5602	0
156499	5603	0
156499	5604	0
156499	5605	0
156499	5606	0
156512	3751	0
156512	3752	0
156512	3753	1
156512	3754	0
156512	3755	0
156512	3756	0
156513	3751	0
156513	3752	0
156513	3753	0
156513	3754	0
156513	3755	0
156513	3756	0
156514	3751	0
156514	3752	0
156514	3753	0
156514	3754	1
156514	3755	1
156514	3756	0
156518	6953	1
156518	6954	0
156518	6956	2
156518	6957	0
156519	6953	2
156519	6954	0
156519	6956	0
156519	6957	0
156520	6953	0
156520	6954	0
156520	6956	0
156520	6957	1
156531	2574	0
156531	2575	2
156531	2576	0
156531	2577	0
156531	2578	0
156531	2579	0
156532	2574	0
156532	2575	2
156532	2576	0
156532	2577	0
156532	2578	0
156532	2579	0
156533	2574	0
156533	2575	0
156533	2576	0
156533	2577	0
156533	2578	0
156533	2579	0
156534	2838	0
156534	2839	0
156534	2840	0
156534	2841	0
156534	2842	0
156534	2843	0
156535	2838	0
156535	2839	0
156535	2840	1
156535	2841	0
156535	2842	2
156535	2843	1
156536	2838	0
156536	2839	0
156536	2840	0
156536	2841	0
156536	2842	0
156536	2843	0
156537	5659	0
156537	5660	0
156537	5661	0
156537	5662	0
156537	5663	0
156537	5664	3
156538	3367	0
156538	3368	0
156538	3369	1
156538	3370	0
156538	3371	0
156538	3372	0
156539	5659	0
156539	5660	0
156539	5661	0
156539	5662	0
156539	5663	2
156539	5664	0
156540	3367	0
156540	3368	1
156540	3369	0
156540	3370	0
156540	3371	0
156540	3372	0
156541	5659	0
156541	5660	0
156541	5661	0
156541	5662	0
156541	5663	4
156541	5664	0
156542	3970	0
156542	3971	2
156542	3972	0
156542	3973	0
156542	3974	0
156542	3975	0
156543	3970	0
156543	3971	0
156543	3972	0
156543	3973	1
156543	3974	0
156543	3975	0
156544	3970	0
156544	3971	0
156544	3972	0
156544	3973	0
156544	3974	0
156544	3975	0
156551	5029	2
156551	5030	0
156551	5031	0
156551	5032	2
156551	5033	1
156551	5034	0
156552	5029	0
156552	5030	0
156552	5031	0
156552	5032	0
156552	5033	0
156552	5034	2
156553	5029	0
156553	5030	0
156553	5031	0
156553	5032	0
156553	5033	0
156553	5034	0
156578	6976	0
156578	6977	0
156578	6978	0
156578	6979	0
156578	6980	0
156578	6981	0
156579	6976	0
156579	6977	0
156579	6978	0
156579	6979	0
156579	6980	0
156579	6981	0
156580	6976	0
156580	6977	1
156580	6978	0
156580	6979	0
156580	6980	0
156580	6981	0
156581	4462	0
156581	4463	0
156581	4464	0
156581	4465	0
156581	4466	0
156581	4467	0
156582	4462	3
156582	4463	0
156582	4464	0
156582	4465	0
156582	4466	0
156582	4467	0
156583	4462	0
156583	4463	0
156583	4464	0
156583	4465	0
156583	4466	0
156583	4467	1
156607	7339	0
156607	7340	0
156607	7341	1
156607	7342	0
156607	7343	2
156607	7344	0
156608	7339	2
156608	7340	0
156608	7341	3
156608	7342	0
156608	7343	2
156608	7344	0
156609	7339	0
156609	7340	1
156609	7341	0
156609	7342	0
156609	7343	1
156609	7344	0
156610	2598	0
156610	2599	0
156610	2600	0
156610	2601	0
156610	2602	0
156610	2603	0
156611	2598	1
156611	2599	0
156611	2600	0
156611	2601	0
156611	2602	1
156611	2603	0
156612	2598	0
156612	2599	0
156612	2600	0
156612	2601	0
156612	2602	2
156612	2603	0
156613	7195	0
156613	7196	0
156613	7197	0
156613	7198	0
156613	7199	0
156613	7200	0
156614	7195	1
156614	7196	0
156614	7197	2
156614	7198	1
156614	7199	0
156614	7200	0
156615	7195	0
156615	7196	0
156615	7197	0
156615	7198	0
156615	7199	0
156615	7200	2
156616	6196	0
156616	6197	0
156616	6198	3
156616	6199	2
156616	6200	3
156616	6201	0
156617	3851	0
156617	3852	0
156617	3853	0
156617	3854	0
156617	3855	0
156617	3856	0
156618	6196	0
156618	6197	0
156618	6198	1
156618	6199	3
156618	6200	1
156618	6201	1
156619	3851	0
156619	3852	0
156619	3853	0
156619	3854	0
156619	3855	0
156619	3856	0
156620	6196	0
156620	6197	0
156620	6198	0
156620	6199	0
156620	6200	1
156620	6201	0
156621	3851	0
156621	3852	1
156621	3853	0
156621	3854	0
156621	3855	1
156621	3856	0
156622	5517	0
156622	5518	0
156622	5519	0
156622	5520	0
156622	5521	0
156622	5522	0
156623	5517	0
156623	5518	0
156623	5519	0
156623	5520	0
156623	5521	1
156623	5522	1
156624	5517	0
156624	5518	1
156624	5519	0
156624	5520	0
156624	5521	0
156624	5522	1
156625	5153	0
156625	5154	0
156625	5155	0
156625	5156	0
156625	5157	0
156625	5158	0
156626	5153	0
156626	5154	0
156626	5155	0
156626	5156	0
156626	5157	2
156626	5158	2
156627	5153	1
156627	5154	0
156627	5155	0
156627	5156	0
156627	5157	0
156627	5158	3
156642	4724	0
156642	4725	0
156642	4726	0
156642	4727	0
156642	4728	0
156642	4729	0
156643	3023	2
156643	3024	1
156643	3025	0
156643	3026	0
156643	3027	1
156643	3028	0
156644	3023	1
156644	3024	1
156644	3025	0
156644	3026	0
156644	3027	0
156644	3028	1
156645	4724	0
156645	4725	0
156645	4726	0
156645	4727	1
156645	4728	2
156645	4729	0
156646	3023	2
156646	3024	2
156646	3025	0
156646	3026	0
156646	3027	0
156646	3028	1
156647	4724	1
156647	4725	0
156647	4726	1
156647	4727	0
156647	4728	0
156647	4729	1
156675	7564	2
156675	7565	0
156675	7566	0
156675	7567	0
156675	7568	2
156675	7569	0
156676	7564	0
156676	7565	0
156676	7566	1
156676	7567	0
156676	7568	1
156676	7569	0
156678	7564	0
156678	7565	0
156678	7566	0
156678	7567	0
156678	7568	3
156678	7569	0
156768	3575	4
156768	3576	0
156768	3577	0
156768	3578	0
156768	3579	0
156768	3580	0
156769	3575	0
156769	3576	0
156769	3577	0
156769	3578	0
156769	3579	0
156769	3580	0
156772	3575	0
156772	3576	0
156772	3577	0
156772	3578	0
156772	3579	0
156772	3580	0
156806	3575	4
156806	3576	0
156806	3577	0
156806	3578	0
156806	3579	0
156806	3580	0
156807	3575	0
156807	3576	0
156807	3577	0
156807	3578	0
156807	3579	0
156807	3580	0
156808	3575	0
156808	3576	0
156808	3577	0
156808	3578	0
156808	3579	0
156808	3580	0
156833	6088	0
156833	6089	2
156833	6090	2
156833	6091	0
156833	6092	0
156833	6093	2
156834	6088	0
156834	6089	0
156834	6090	0
156834	6091	0
156834	6092	0
156834	6093	0
156835	6088	0
156835	6089	0
156835	6090	1
156835	6091	0
156835	6092	0
156835	6093	0
156836	3107	0
156836	3108	0
156836	3109	1
156836	3110	0
156836	3111	0
156836	3112	0
156839	3107	0
156839	3108	0
156839	3109	0
156839	3110	0
156839	3111	0
156839	3112	0
156954	2616	2
156954	2617	0
156954	2618	2
156954	2619	0
156954	2620	0
156954	2621	0
156955	2616	0
156955	2617	0
156955	2618	0
156955	2619	0
156955	2620	2
156955	2621	0
156956	2616	0
156956	2617	0
156956	2618	2
156956	2619	0
156956	2620	0
156956	2621	0
156979	7636	0
156979	7637	0
156979	7638	0
156979	7639	0
156979	7640	0
156979	7641	0
156980	7636	0
156980	7637	0
156980	7638	0
156980	7639	0
156980	7640	0
156980	7641	0
156981	7636	0
156981	7637	0
156981	7638	0
156981	7639	0
156981	7640	1
156981	7641	0
156989	4562	0
156989	4563	0
156989	4564	0
156989	4565	0
156989	4566	0
156989	4567	0
156990	4562	0
156990	4563	0
156990	4564	1
156990	4565	0
156990	4566	0
156990	4567	0
156991	4562	0
156991	4563	0
156991	4564	0
156991	4565	0
156991	4566	0
156991	4567	0
156992	4562	0
156992	4563	0
156992	4564	1
156992	4565	0
156992	4566	0
156992	4567	0
156993	4562	0
156993	4563	0
156993	4564	1
156993	4565	0
156993	4566	0
156993	4567	0
156994	4562	0
156994	4563	0
156994	4564	1
156994	4565	0
156994	4566	0
156994	4567	0
156998	3581	2
156998	3582	0
156998	3583	0
156998	3584	0
156998	3585	0
156998	3586	0
156999	3581	2
156999	3582	0
156999	3583	0
156999	3584	0
156999	3585	0
156999	3586	0
157001	3581	2
157001	3582	0
157001	3583	0
157001	3584	0
157001	3585	0
157001	3586	0
157002	3581	2
157002	3582	0
157002	3583	0
157002	3584	0
157002	3585	0
157002	3586	0
157003	3581	2
157003	3582	0
157003	3583	0
157003	3584	0
157003	3585	0
157003	3586	0
157004	3581	2
157004	3582	0
157004	3583	0
157004	3584	0
157004	3585	0
157004	3586	0
157168	5385	0
157168	5386	0
157168	5387	0
157168	5388	0
157168	5389	0
157168	5390	0
157169	5385	0
157169	5386	0
157169	5387	0
157169	5388	0
157169	5389	0
157169	5390	0
157170	5385	1
157170	5386	0
157170	5387	0
157170	5388	0
157170	5389	0
157170	5390	2
157177	5889	0
157177	5890	0
157177	5891	0
157177	5892	0
157177	5893	0
157177	5894	0
157178	5889	0
157178	5890	0
157178	5891	0
157178	5892	2
157178	5893	0
157178	5894	0
157179	5889	0
157179	5890	0
157179	5891	0
157179	5892	0
157179	5893	0
157179	5894	0
157324	2766	0
157324	2767	0
157324	2768	0
157324	2769	0
157324	2770	0
157324	2771	0
157326	2856	0
157326	2857	0
157326	2858	0
157326	2859	0
157326	2860	0
157326	2861	0
157333	2946	0
157333	2947	0
157333	2948	0
157333	2949	0
157333	2950	0
157333	2951	0
157334	2946	0
157334	2947	0
157334	2948	0
157334	2949	0
157334	2950	1
157334	2951	0
157335	2946	0
157335	2947	0
157335	2948	0
157335	2949	1
157335	2950	0
157335	2951	0
157338	3443	0
157338	3444	2
157338	3445	0
157338	3446	0
157338	3447	0
157338	3448	0
157341	2574	0
157341	2575	0
157341	2576	0
157341	2577	0
157341	2578	0
157341	2579	0
157356	4360	0
157356	4361	0
157356	4362	0
157356	4363	0
157356	4364	0
157356	4365	0
157362	5231	0
157362	5232	2
157362	5233	0
157362	5234	0
157362	5235	0
157362	5236	2
157364	6935	0
157364	6936	0
157364	6937	3
157364	6938	0
157364	6939	0
157364	6940	0
157365	6935	0
157365	6936	0
157365	6937	0
157365	6938	0
157365	6939	0
157365	6940	0
157373	7225	0
157373	7227	0
157373	7229	0
157374	5775	1
157374	5776	0
157374	5777	1
157374	5778	0
157374	5779	0
157374	5780	0
157382	3164	0
157382	3165	0
157382	3166	2
157382	3167	0
157382	3168	0
157382	3169	0
157383	5279	0
157383	5280	0
157383	5281	2
157383	5282	0
157383	5283	0
157383	5284	0
157384	5279	0
157384	5280	0
157384	5281	1
157384	5282	0
157384	5283	0
157384	5284	0
157385	3164	0
157385	3165	0
157385	3166	0
157385	3167	0
157385	3168	0
157385	3169	1
157386	3164	0
157386	3165	0
157386	3166	0
157386	3167	0
157386	3168	0
157386	3169	1
157387	3164	0
157387	3165	0
157387	3166	0
157387	3167	0
157387	3168	0
157387	3169	2
157394	2880	0
157394	2881	0
157394	2882	0
157394	2883	0
157394	2884	0
157394	2885	0
157403	3035	0
157403	3036	0
157403	3037	0
157403	3038	0
157403	3039	0
157403	3040	0
157412	5775	0
157412	5776	0
157412	5777	0
157412	5778	0
157412	5779	0
157412	5780	0
157417	4504	4
157417	4505	0
157417	4506	0
157417	4507	0
157418	4504	0
157418	4505	2
157418	4506	0
157418	4507	0
157421	4882	2
157421	4883	4
157421	4884	0
157421	4885	0
157422	4882	0
157422	4883	0
157422	4884	0
157422	4885	0
157423	2856	0
157423	2857	0
157423	2858	0
157423	2859	0
157423	2860	0
157423	2861	0
157434	5231	0
157434	5232	0
157434	5233	0
157434	5234	0
157434	5235	0
157434	5236	0
157438	3443	2
157438	3444	0
157438	3445	0
157438	3446	0
157438	3447	0
157438	3448	3
157439	2767	0
157450	7149	0
157450	7150	0
157450	7151	0
157450	7152	0
157450	7153	0
157450	7154	0
157452	7149	0
157452	7150	0
157452	7151	2
157452	7152	0
157452	7153	0
157452	7154	0
157474	4360	0
157474	4361	0
157474	4362	0
157474	4363	0
157474	4364	0
157474	4365	0
157491	5775	0
157491	5776	0
157491	5777	0
157491	5778	0
157491	5779	0
157491	5780	0
157499	5231	1
157499	5232	0
157499	5233	2
157499	5234	0
157499	5235	0
157499	5236	0
157538	4000	3
157538	4001	0
157538	4002	2
157538	4003	2
157538	4004	0
157538	4005	0
157541	4526	2
157541	4527	0
157541	4528	0
157541	4529	0
157541	4530	0
157542	4526	2
157542	4528	1
157542	4529	2
157542	4530	0
157543	4526	2
157543	4527	0
157543	4528	0
157543	4529	1
157543	4530	0
157571	2766	0
157571	2767	0
157571	2768	0
157571	2769	0
157571	2770	0
157571	2771	0
157572	2880	0
157572	2881	0
157572	2882	0
157572	2883	0
157572	2884	0
157572	2885	0
157586	3235	2
157586	3236	0
157586	3237	0
157586	3238	0
157586	3239	0
157586	3240	1
157587	3235	1
157587	3236	0
157587	3237	0
157587	3238	0
157587	3239	0
157587	3240	0
157588	3235	0
157588	3236	0
157588	3237	0
157588	3238	0
157588	3239	0
157588	3240	0
157589	5733	0
157589	5734	0
157589	5735	0
157589	5736	1
157589	5737	0
157589	5738	0
157591	5733	0
157591	5734	0
157591	5735	0
157591	5736	1
157591	5737	0
157591	5738	0
157599	7149	0
157599	7150	0
157599	7151	0
157599	7152	1
157599	7153	0
157599	7154	0
157606	3863	0
157606	3864	0
157606	3865	0
157606	3866	0
157606	3867	0
157606	3868	0
157607	3863	0
157607	3864	0
157607	3865	0
157607	3866	0
157607	3867	0
157607	3868	0
157608	3863	0
157608	3864	0
157608	3865	0
157608	3866	0
157608	3867	0
157608	3868	1
157611	2856	0
157611	2857	0
157611	2858	0
157611	2859	1
157611	2860	0
157611	2861	0
157613	5309	0
157613	5310	0
157613	5311	0
157613	5312	0
157613	5313	0
157613	5314	0
157614	5309	0
157614	5310	0
157614	5311	0
157614	5312	0
157614	5313	0
157614	5314	1
157615	5309	0
157615	5310	0
157615	5311	0
157615	5312	0
157615	5313	0
157615	5314	1
157616	6576	2
157616	6577	0
157616	6578	0
157616	6579	0
157616	6580	0
157616	6581	0
157617	6576	2
157617	6577	0
157617	6578	0
157617	6579	0
157617	6580	0
157617	6581	0
157618	6576	1
157618	6577	0
157618	6578	0
157618	6579	0
157618	6580	0
157618	6581	0
157622	4360	0
157622	4361	0
157622	4362	0
157622	4363	0
157622	4364	0
157622	4365	0
157623	7225	1
157623	7227	0
157623	7229	0
157627	3443	0
157627	3444	0
157627	3445	0
157627	3446	0
157627	3447	0
157627	3448	0
157654	2999	0
157654	3000	0
157654	3001	0
157654	3002	0
157654	3003	2
157654	3004	0
157665	7630	0
157665	7631	0
157665	7632	0
157665	7633	0
157665	7634	0
157665	7635	0
157666	7630	0
157666	7631	0
157666	7632	0
157666	7633	0
157666	7634	0
157666	7635	0
157667	7630	0
157667	7631	0
157667	7632	0
157667	7633	0
157667	7634	0
157667	7635	0
157669	4748	0
157669	4749	2
157669	4750	0
157669	4751	0
157669	4752	0
157669	4753	0
157670	4748	0
157670	4749	0
157670	4750	0
157670	4751	0
157670	4752	0
157670	4753	3
157672	2999	0
157672	3000	0
157672	3001	0
157672	3002	0
157672	3003	2
157672	3004	1
157678	2999	0
157678	3000	0
157678	3001	0
157678	3002	0
157678	3003	2
157678	3004	0
157708	4216	0
157708	4217	0
157708	4218	0
157708	4219	0
157708	4220	0
157708	4221	2
157709	4216	0
157709	4217	0
157709	4218	0
157709	4219	0
157709	4220	0
157709	4221	0
157710	4216	0
157710	4217	0
157710	4218	0
157710	4219	0
157710	4220	0
157710	4221	2
157732	5255	2
157732	5256	0
157732	5257	0
157732	5258	0
157732	5259	0
157732	5260	0
157733	5255	0
157733	5256	0
157733	5257	2
157733	5258	0
157733	5259	0
157733	5260	0
157746	2790	3
157746	2791	0
157746	2792	0
157746	2793	1
157746	2794	0
157746	2795	0
157877	2946	0
157877	2947	0
157877	2948	0
157877	2949	0
157877	2950	0
157877	2951	0
157879	2946	0
157879	2947	0
157879	2948	0
157879	2949	0
157879	2950	0
157879	2951	0
157880	2946	0
157880	2947	0
157880	2948	0
157880	2949	0
157880	2950	0
157880	2951	0
157881	2946	0
157881	2947	0
157881	2948	0
157881	2949	0
157881	2950	1
157881	2951	0
157882	2946	0
157882	2947	0
157882	2948	0
157882	2949	1
157882	2950	0
157882	2951	0
157886	2766	0
157886	2767	0
157886	2768	0
157886	2769	0
157886	2770	0
157886	2771	0
157887	2767	0
157888	2766	0
157888	2767	0
157888	2768	0
157888	2769	0
157888	2770	0
157888	2771	0
157904	6088	0
157904	6089	2
157904	6090	2
157904	6091	0
157904	6092	0
157904	6093	2
157905	6088	0
157905	6089	0
157905	6090	0
157905	6091	0
157905	6092	0
157905	6093	0
157906	6088	0
157906	6089	0
157906	6090	1
157906	6091	0
157906	6092	0
157906	6093	0
157907	3863	0
157907	3864	0
157907	3865	0
157907	3866	0
157907	3867	0
157907	3868	0
157908	3863	0
157908	3864	0
157908	3865	0
157908	3866	0
157908	3867	0
157908	3868	0
157909	3863	0
157909	3864	0
157909	3865	0
157909	3866	0
157909	3867	0
157909	3868	1
157937	6047	1
157937	6048	0
157937	6049	0
157937	6050	0
157937	6051	0
157937	6052	0
157938	6047	0
157938	6048	0
157938	6049	0
157938	6050	0
157938	6051	1
157938	6052	2
157967	6558	0
157967	6559	0
157967	6560	2
157967	6561	0
157967	6562	2
157967	6563	0
157968	6558	2
157968	6559	0
157968	6560	0
157968	6561	0
157968	6562	0
157968	6563	0
157969	6558	0
157969	6559	0
157969	6560	0
157969	6561	0
157969	6562	0
157969	6563	0
158046	5733	0
158046	5734	0
158046	5735	0
158046	5736	1
158046	5737	1
158046	5738	0
158055	5733	0
158055	5734	0
158055	5735	0
158055	5736	0
158055	5737	1
158055	5738	0
158517	4795	0
158517	4796	0
158517	4797	0
158517	4798	0
158517	4799	1
158517	4800	0
158518	4795	0
158518	4796	0
158518	4797	0
158518	4798	0
158518	4799	0
158518	4800	0
158519	4795	0
158519	4796	0
158519	4797	0
158519	4798	0
158519	4799	1
158519	4800	0
158630	5733	0
158630	5734	0
158630	5735	0
158630	5736	0
158630	5737	1
158630	5738	0
158631	7456	0
158631	7457	0
158631	7458	0
158631	7459	0
158631	7460	0
158631	7461	0
158632	7456	0
158632	7457	0
158632	7458	0
158632	7459	0
158632	7460	0
158632	7461	0
158633	7456	0
158633	7457	0
158633	7458	0
158633	7459	0
158633	7460	0
158633	7461	0
159009	5255	2
159009	5256	0
159009	5257	0
159009	5258	0
159009	5259	0
159009	5260	0
159014	5255	0
159014	5256	0
159014	5257	2
159014	5258	0
159014	5259	0
159014	5260	0
159015	4748	0
159015	4749	2
159015	4750	0
159015	4751	0
159015	4752	0
159015	4753	0
159019	4748	0
159019	4749	0
159019	4750	0
159019	4751	0
159019	4752	0
159019	4753	3
159179	7594	0
159179	7595	0
159179	7596	0
159179	7597	0
159179	7598	0
159179	7599	0
159180	7594	0
159180	7595	0
159180	7596	0
159180	7597	0
159180	7598	0
159180	7599	0
159212	2574	0
159212	2575	0
159212	2576	0
159212	2577	0
159212	2578	0
159212	2579	0
159213	2574	0
159213	2575	0
159213	2576	0
159213	2577	0
159213	2578	0
159213	2579	0
159228	5445	0
159228	5446	0
159228	5447	0
159228	5448	0
159228	5449	0
159228	5450	0
159230	3691	0
159230	3692	0
159230	3693	0
159230	3694	0
159230	3695	0
159230	3696	0
159239	6346	0
159239	6347	0
159239	6348	0
159239	6349	0
159239	6350	0
159239	6351	0
159250	2826	0
159250	2827	0
159250	2828	0
159250	2829	0
159250	2830	2
159250	2831	0
159270	3319	4
159270	3320	0
159270	3321	0
159270	3322	0
159270	3323	0
159270	3324	2
159274	3017	0
159274	3018	1
159274	3019	0
159274	3021	0
159274	3022	1
159343	3467	0
159343	3468	0
159343	3469	0
159343	3470	0
159343	3471	0
159343	3472	0
159344	3467	0
159344	3468	0
159344	3469	0
159344	3470	0
159344	3471	0
159344	3472	2
159348	5721	0
159348	5722	0
159348	5723	0
159348	5724	0
159348	5725	0
159348	5726	0
159349	5721	0
159349	5722	0
159349	5723	0
159349	5724	0
159349	5725	0
159349	5726	0
159350	5721	0
159350	5722	0
159350	5723	0
159350	5724	0
159350	5725	4
159350	5726	0
159434	3691	0
159434	3692	0
159434	3693	0
159434	3694	0
159434	3695	0
159434	3696	1
159443	3017	0
159443	3018	1
159443	3019	0
159443	3021	1
159443	3022	2
159460	5445	0
159460	5446	0
159460	5447	0
159460	5448	1
159460	5449	2
159460	5450	1
159506	3691	1
159506	3692	2
159506	3693	1
159506	3694	0
159506	3695	1
159506	3696	0
159529	2640	0
159529	2641	0
159529	2642	0
159529	2643	0
159529	2644	0
159529	2645	0
159530	2640	0
159530	2641	0
159530	2642	1
159530	2643	0
159530	2644	0
159530	2645	0
159531	2640	1
159531	2641	0
159531	2642	0
159531	2643	0
159531	2644	0
159531	2645	0
159535	3319	0
159535	3320	0
159535	3321	0
159535	3322	0
159535	3323	0
159535	3324	0
159542	3170	0
159542	3171	0
159542	3172	0
159542	3173	0
159542	3174	1
159542	3175	2
159558	2826	1
159558	2827	0
159558	2828	0
159558	2829	0
159558	2830	0
159558	2831	0
159559	2826	0
159559	2827	2
159559	2828	0
159559	2829	0
159559	2830	0
159559	2831	0
159575	5445	0
159575	5446	2
159575	5447	0
159575	5448	0
159575	5449	0
159575	5450	0
159578	3017	0
159578	3019	0
159578	3021	0
159578	3022	1
159581	4951	0
159581	4952	0
159581	4953	0
159581	4954	0
159581	4955	0
159581	4956	0
159582	4951	0
159582	4952	0
159582	4953	0
159582	4954	0
159582	4955	0
159582	4956	0
159583	4951	0
159583	4952	0
159583	4953	0
159583	4954	0
159583	4955	0
159583	4956	1
159587	5835	4
159587	5836	0
159587	5837	0
159587	5838	0
159587	5839	0
159587	5840	0
159588	5835	1
159588	5836	0
159588	5837	2
159588	5838	0
159588	5839	0
159588	5840	2
159589	5835	2
159589	5836	0
159589	5837	2
159589	5838	0
159589	5839	0
159589	5840	0
159610	7405	0
159610	7406	0
159610	7407	0
159610	7408	0
159610	7409	0
159610	7410	0
159611	7405	0
159611	7406	0
159611	7407	2
159611	7408	0
159611	7409	2
159611	7410	0
159634	3319	0
159634	3320	1
159634	3321	0
159634	3322	0
159634	3323	0
159634	3324	1
159643	6346	2
159643	6347	0
159643	6348	0
159643	6349	0
159643	6350	0
159643	6351	0
159660	6887	0
159660	6888	0
159660	6889	0
159660	6890	0
159660	6891	0
159660	6892	0
159661	6887	0
159661	6888	0
159661	6889	0
159661	6890	1
159661	6891	0
159661	6892	0
159662	6887	0
159662	6888	0
159662	6889	1
159662	6890	0
159662	6891	0
159662	6892	0
159694	7606	0
159694	7607	2
159694	7608	0
159694	7609	0
159694	7610	0
159694	7611	0
159706	2838	0
159706	2839	0
159706	2840	2
159706	2841	0
159706	2842	1
159706	2843	1
159707	2838	0
159707	2839	0
159707	2840	2
159707	2841	0
159707	2842	1
159707	2843	1
159708	2838	1
159708	2839	0
159708	2840	0
159708	2841	0
159708	2842	2
159708	2843	0
159709	2838	1
159709	2839	0
159709	2840	0
159709	2841	0
159709	2842	2
159709	2843	0
159711	2838	0
159711	2839	0
159711	2840	2
159711	2841	0
159711	2842	0
159711	2843	0
159712	2838	0
159712	2839	0
159712	2840	2
159712	2841	0
159712	2842	0
159712	2843	0
159816	3563	0
159816	3564	0
159816	3565	2
159816	3566	0
159816	3567	0
159816	3568	1
159817	3563	0
159817	3564	1
159817	3565	2
159817	3566	0
159817	3567	0
159817	3568	0
159818	3563	0
159818	3564	0
159818	3565	4
159818	3566	0
159818	3567	0
159818	3568	2
159828	7606	2
159828	7607	0
159828	7608	0
159828	7609	0
159828	7610	0
159828	7611	0
159829	7606	0
159829	7607	2
159829	7608	0
159829	7609	0
159829	7610	0
159829	7611	0
159849	4813	0
159849	4814	1
159849	4815	0
159849	4816	0
159849	4817	0
159849	4818	1
159850	4813	0
159850	4814	0
159850	4815	0
159850	4816	0
159850	4817	1
159850	4818	0
159851	4813	0
159851	4814	0
159851	4815	2
159851	4816	1
159851	4817	1
159851	4818	2
159893	3125	0
159893	3126	0
159893	3127	2
159893	3128	0
159893	3129	0
159893	3130	0
159909	3125	0
159909	3126	0
159909	3127	0
159909	3128	0
159909	3129	0
159910	3125	0
159910	3126	0
159910	3127	0
159910	3128	0
159910	3129	0
159911	3125	0
159911	3126	2
159911	3127	0
159911	3128	0
159911	3129	0
160141	3751	0
160141	3752	0
160141	3753	0
160141	3754	2
160141	3755	0
160141	3756	2
160142	7549	0
160142	7551	0
160154	5659	0
160154	5660	0
160154	5661	0
160154	5662	0
160154	5663	0
160154	5664	0
160155	2718	0
160155	2719	0
160155	2720	0
160155	2721	0
160155	2722	1
160155	2723	0
160157	3367	0
160157	3368	0
160157	3369	0
160157	3370	0
160157	3371	0
160157	3372	0
160160	7237	0
160160	7238	0
160160	7239	0
160160	7240	0
160160	7241	0
160160	7242	0
160161	5029	0
160161	5030	0
160161	5031	0
160161	5032	0
160161	5033	0
160161	5034	0
160168	7195	0
160168	7196	0
160168	7197	0
160168	7198	0
160168	7199	4
160168	7200	2
160172	3970	0
160172	3971	0
160172	3972	0
160172	3973	0
160172	3974	0
160172	3975	0
160178	5889	0
160178	5890	0
160178	5891	0
160178	5892	0
160178	5893	0
160178	5894	0
160184	5871	0
160184	5872	0
160184	5873	0
160184	5874	0
160184	5875	0
160184	5876	0
160187	5517	0
160187	5518	0
160187	5519	0
160187	5520	0
160187	5521	0
160187	5522	2
160202	5385	0
160202	5386	0
160202	5387	0
160202	5388	0
160202	5389	0
160202	5390	0
160205	6642	0
160205	6643	1
160205	6644	0
160205	6645	0
160205	6646	0
160205	6647	0
160206	6642	0
160206	6643	0
160206	6644	0
160206	6645	0
160206	6646	0
160206	6647	0
160209	6196	0
160209	6197	0
160209	6198	1
160209	6199	0
160209	6200	2
160209	6201	0
160210	3851	0
160210	3852	0
160210	3853	0
160210	3854	0
160210	3855	1
160210	3856	0
160211	5029	0
160211	5030	0
160211	5031	0
160211	5032	0
160211	5033	0
160211	5034	0
160259	5041	0
160259	5042	0
160259	5043	0
160259	5044	0
160259	5045	0
160266	5517	0
160266	5518	0
160266	5519	0
160266	5520	0
160266	5521	0
160266	5522	2
160275	2718	0
160275	2719	0
160275	2720	0
160275	2721	0
160275	2722	0
160275	2723	0
160277	5659	0
160277	5660	0
160277	5661	0
160277	5662	0
160277	5663	2
160277	5664	0
160278	5041	0
160278	5042	0
160278	5043	0
160278	5044	0
160278	5045	0
160280	7546	0
160280	7547	0
160280	7548	0
160280	7549	0
160280	7550	0
160280	7551	2
160282	7339	2
160282	7340	1
160282	7341	0
160282	7342	0
160282	7343	1
160282	7344	0
160288	7195	0
160288	7196	0
160288	7197	1
160288	7198	0
160288	7199	3
160288	7200	0
160290	5889	0
160290	5890	0
160290	5891	0
160290	5892	0
160290	5893	0
160290	5894	0
160293	3367	1
160293	3368	0
160293	3369	0
160293	3370	0
160293	3371	0
160293	3372	0
160294	3970	0
160294	3971	0
160294	3972	0
160294	3973	0
160294	3974	0
160294	3975	0
160301	3023	1
160301	3024	0
160301	3025	0
160301	3026	0
160301	3027	0
160301	3028	0
160302	3023	0
160302	3024	0
160302	3025	1
160302	3026	2
160302	3027	0
160302	3028	1
160303	4724	0
160303	4725	0
160303	4726	0
160303	4727	0
160303	4728	0
160303	4729	0
160304	4724	0
160304	4725	0
160304	4726	1
160304	4727	0
160304	4728	0
160304	4729	0
160307	5871	0
160307	5872	0
160307	5873	0
160307	5874	0
160307	5875	0
160307	5876	0
160309	7237	0
160309	7238	0
160309	7239	0
160309	7240	0
160309	7241	6
160309	7242	0
160316	6196	0
160316	6197	0
160316	6198	0
160316	6199	0
160316	6200	1
160316	6201	0
160317	3851	0
160317	3852	0
160317	3853	0
160317	3854	0
160317	3855	0
160317	3856	0
160337	3797	1
160337	3798	0
160337	3799	2
160337	3800	0
160337	3801	0
160337	3802	2
160353	7195	0
160353	7196	0
160353	7197	0
160353	7198	1
160353	7199	2
160353	7200	1
160358	7237	0
160358	7238	0
160358	7239	0
160358	7240	0
160358	7241	9
160358	7242	0
160367	5889	2
160367	5890	0
160367	5891	0
160367	5892	1
160367	5893	0
160367	5894	0
160370	3023	1
160370	3024	2
160370	3025	0
160370	3026	0
160370	3027	2
160370	3028	1
160373	5517	0
160373	5518	0
160373	5519	0
160373	5520	0
160373	5521	1
160373	5522	0
160380	5029	0
160380	5030	0
160380	5031	0
160380	5032	0
160380	5033	0
160380	5034	0
160385	4724	0
160385	4725	0
160385	4726	0
160385	4727	3
160385	4728	1
160385	4729	0
160391	2718	1
160391	2719	0
160391	2720	0
160391	2721	1
160391	2722	1
160391	2723	0
160404	5871	3
160404	5872	0
160404	5873	0
160404	5874	0
160404	5875	2
160404	5876	0
160419	3095	0
160419	3096	0
160419	3097	0
160419	3098	0
160419	3099	2
160419	3100	0
160420	3095	0
160420	3096	0
160420	3097	1
160420	3098	0
160420	3099	1
160420	3100	0
160421	3095	1
160421	3096	2
160421	3097	0
160421	3098	0
160421	3099	1
160421	3100	0
160437	5659	0
160437	5660	0
160437	5661	0
160437	5662	2
160437	5663	0
160437	5664	0
160438	3367	0
160438	3368	5
160438	3369	0
160438	3370	0
160438	3371	0
160438	3372	0
160439	3970	0
160439	3971	0
160439	3972	0
160439	3973	0
160439	3974	0
160439	3975	0
160451	7339	4
160451	7340	0
160451	7341	2
160451	7342	0
160451	7343	0
160451	7344	0
160456	2598	0
160456	2599	0
160456	2600	0
160456	2601	0
160456	2602	1
160456	2603	0
160457	2598	1
160457	2599	0
160457	2600	0
160457	2601	0
160457	2602	0
160457	2603	0
160458	2598	0
160458	2599	0
160458	2600	0
160458	2601	1
160458	2602	1
160458	2603	0
160471	3797	0
160471	3798	0
160471	3799	8
160471	3800	2
160471	3801	5
160471	3802	1
160473	7546	0
160473	7547	0
160473	7548	0
160473	7549	1
160473	7550	0
160473	7551	0
160477	6088	0
160477	6089	0
160477	6090	0
160477	6091	0
160477	6092	0
160477	6093	2
160478	6088	0
160478	6089	0
160478	6090	1
160478	6091	0
160478	6092	0
160478	6093	0
160479	6088	0
160479	6089	0
160479	6090	0
160479	6091	0
160479	6092	0
160479	6093	2
160489	6196	0
160489	6197	0
160489	6198	0
160489	6199	0
160489	6200	2
160489	6201	1
160490	3851	0
160490	3852	3
160490	3853	0
160490	3854	0
160490	3855	1
160490	3856	0
160502	7564	0
160502	7565	0
160502	7566	0
160502	7567	0
160502	7568	2
160502	7569	0
160503	7564	0
160503	7565	0
160503	7566	0
160503	7567	0
160503	7568	1
160503	7569	0
160504	7564	0
160504	7565	0
160504	7566	0
160504	7567	0
160504	7568	2
160504	7569	0
160540	6953	2
160540	6954	0
160540	6956	0
160540	6957	0
160541	6953	1
160541	6954	0
160541	6955	0
160541	6956	0
160541	6957	0
160542	6953	1
160542	6954	1
160542	6955	0
160542	6956	0
160542	6957	0
160565	6976	0
160565	6977	0
160565	6978	0
160565	6979	0
160565	6980	0
160565	6981	0
160566	4462	0
160566	4463	0
160566	4464	0
160566	4465	0
160566	4466	1
160566	4467	0
160567	6976	0
160567	6977	0
160567	6978	0
160567	6979	0
160567	6980	0
160567	6981	0
160568	4462	0
160568	4463	0
160568	4464	0
160568	4465	0
160568	4466	0
160568	4467	0
160569	6976	0
160569	6977	0
160569	6978	0
160569	6979	0
160569	6980	0
160569	6981	0
160570	4462	0
160570	4463	0
160570	4464	0
160570	4465	0
160570	4466	0
160570	4467	0
160579	3575	0
160579	3576	0
160579	3577	0
160579	3578	0
160579	3579	0
160579	3580	0
160580	3575	0
160580	3576	0
160580	3577	0
160580	3578	0
160580	3579	0
160580	3580	0
160581	7219	0
160581	7220	0
160581	7221	1
160581	7222	0
160581	7223	1
160581	7224	0
160595	3581	0
160595	3582	0
160595	3583	0
160595	3584	0
160595	3585	0
160595	3586	0
160596	3751	0
160596	3752	0
160596	3753	0
160596	3754	0
160596	3755	0
160596	3756	0
160597	3751	0
160597	3752	0
160597	3753	2
160597	3754	0
160597	3755	0
160597	3756	0
160611	3119	0
160611	3120	0
160611	3121	0
160611	3122	0
160611	3123	2
160611	3124	0
160612	6238	1
160612	6239	1
160612	6240	0
160612	6241	0
160612	6242	0
160612	6243	2
160613	6238	0
160613	6239	1
160613	6240	0
160613	6241	2
160613	6242	0
160613	6243	0
160614	3119	0
160614	3120	0
160614	3121	0
160614	3122	0
160614	3123	0
160614	3124	0
160615	6238	1
160615	6239	1
160615	6240	3
160615	6241	0
160615	6242	0
160615	6243	0
160616	3119	0
160616	3120	0
160616	3121	0
160616	3122	0
160616	3123	0
160616	3124	0
160617	3409	0
160617	3410	0
160617	3411	3
160617	3412	0
160617	3413	0
160617	3414	0
160618	3271	0
160618	3272	0
160618	3273	0
160618	3274	1
160618	3275	0
160618	3276	2
160619	3271	0
160619	3272	0
160619	3273	0
160619	3274	0
160619	3275	0
160619	3276	0
160643	5153	0
160643	5154	0
160643	5155	0
160643	5156	0
160643	5157	1
160643	5158	0
160644	5153	0
160644	5154	0
160644	5155	0
160644	5156	0
160644	5157	4
160644	5158	1
160645	5153	1
160645	5154	0
160645	5155	0
160645	5156	0
160645	5157	1
160645	5158	2
160663	7636	0
160663	7637	0
160663	7638	0
160663	7639	0
160663	7640	0
160663	7641	0
160665	7636	0
160665	7637	0
160665	7638	2
160665	7639	0
160665	7640	0
160665	7641	0
160666	2946	0
160666	2947	0
160666	2948	0
160666	2949	0
160666	2950	0
160666	2951	0
160667	2946	0
160667	2947	0
160667	2948	0
160667	2949	0
160667	2950	0
160667	2951	0
160668	2946	0
160668	2947	0
160668	2948	0
160668	2949	0
160668	2950	0
160668	2951	0
160669	2946	0
160669	2947	0
160669	2948	0
160669	2949	0
160669	2950	0
160669	2951	0
160670	2946	0
160670	2947	1
160670	2948	0
160670	2949	0
160670	2950	0
160670	2951	0
160671	2946	0
160671	2947	1
160671	2948	0
160671	2949	0
160671	2950	0
160671	2951	0
160675	7636	0
160675	7637	0
160675	7638	0
160675	7639	0
160675	7640	0
160675	7641	0
160691	4772	0
160691	4773	0
160691	4774	0
160691	4775	0
160691	4776	0
160691	4777	2
160692	4772	0
160692	4773	0
160692	4774	0
160692	4775	0
160692	4776	0
160692	4777	0
160693	4772	0
160693	4773	0
160693	4774	0
160693	4775	0
160693	4776	0
160693	4777	0
160719	3581	0
160719	3582	0
160719	3583	0
160719	3584	0
160719	3585	0
160719	3586	0
160722	3581	0
160722	3582	0
160722	3583	0
160722	3584	0
160722	3585	0
160722	3586	0
160723	2616	0
160723	2617	0
160723	2618	0
160723	2619	0
160723	2620	0
160723	2621	0
160724	2616	0
160724	2617	0
160724	2618	1
160724	2619	0
160724	2620	0
160724	2621	0
160877	7149	2
160877	7150	0
160877	7151	0
160877	7152	0
160877	7153	2
160877	7154	2
160887	6642	0
160887	6643	0
160887	6644	0
160887	6645	0
160887	6646	0
160887	6647	0
160915	3035	0
160915	3036	0
160915	3037	0
160915	3038	0
160915	3039	8
160915	3040	0
160922	5999	0
160922	6000	2
160922	6001	0
160922	6002	0
160922	6003	0
160922	6004	0
160923	6256	0
160923	6257	0
160923	6258	0
160923	6259	0
160923	6260	0
160923	6261	0
160927	5231	0
160927	5232	2
160927	5233	0
160927	5234	0
160927	5235	0
160927	5236	0
160932	2880	0
160932	2881	0
160932	2882	0
160932	2883	0
160932	2884	0
160932	2885	0
160935	5309	0
160935	5310	0
160935	5311	0
160935	5312	0
160935	5313	0
160935	5314	0
160940	3467	0
160940	3468	0
160940	3469	2
160940	3470	0
160940	3471	0
160940	3472	3
160942	3443	0
160942	3444	0
160942	3445	1
160942	3446	1
160942	3447	0
160942	3448	0
160947	4000	0
160947	4001	2
160947	4002	0
160947	4003	0
160947	4004	0
160947	4005	0
160953	7225	0
160953	7227	0
160953	7229	0
160962	2856	0
160962	2857	0
160962	2858	0
160962	2859	1
160962	2860	0
160962	2861	0
160966	3035	0
160966	3036	0
160966	3037	0
160966	3038	0
160966	3039	0
160966	3040	0
160973	5207	0
160973	5208	0
160973	5209	0
160973	5210	1
160973	5211	0
160973	5212	0
160974	5207	0
160974	5208	0
160974	5209	0
160974	5210	2
160974	5211	0
160974	5212	0
160978	5207	0
160978	5208	0
160978	5209	0
160978	5210	0
160978	5211	0
160978	5212	1
160979	5231	0
160979	5232	2
160979	5233	0
160979	5234	0
160979	5235	0
160979	5236	0
160992	7594	0
160992	7595	2
160992	7596	0
160992	7597	0
160992	7598	0
160992	7599	0
160996	2880	0
160996	2881	0
160996	2882	1
160996	2883	0
160996	2884	0
160996	2885	0
160998	6642	0
160998	6643	0
160998	6644	0
160998	6645	0
160998	6646	0
160998	6647	0
161000	7630	0
161000	7631	0
161000	7632	0
161000	7633	0
161000	7634	2
161000	7635	0
161001	7630	0
161001	7631	0
161001	7632	0
161001	7633	0
161001	7634	2
161001	7635	0
161002	7630	0
161002	7631	0
161002	7632	0
161002	7633	0
161002	7634	1
161002	7635	0
161003	7630	0
161003	7631	0
161003	7632	0
161003	7633	0
161003	7634	1
161003	7635	0
161016	4000	0
161016	4001	1
161016	4002	1
161016	4003	0
161016	4004	0
161016	4005	0
161017	3443	0
161017	3444	0
161017	3445	0
161017	3446	1
161017	3447	0
161017	3448	1
161018	3467	0
161018	3468	1
161018	3469	0
161018	3470	0
161018	3471	0
161018	3472	2
161019	5309	0
161019	5310	0
161019	5311	0
161019	5312	0
161019	5313	0
161019	5314	0
161022	4402	0
161022	4403	0
161022	4404	1
161022	4405	0
161022	4406	0
161022	4407	0
161023	4402	0
161023	4403	0
161023	4404	2
161023	4405	0
161023	4406	2
161023	4407	2
161024	4402	0
161024	4403	0
161024	4404	0
161024	4405	0
161024	4406	0
161024	4407	0
161029	7594	0
161029	7595	0
161029	7596	0
161029	7597	0
161029	7598	0
161029	7599	0
161031	3940	2
161031	3941	2
161031	3942	2
161031	3943	0
161031	3944	0
161031	3945	0
161032	5367	0
161032	5368	0
161032	5369	2
161032	5370	1
161032	5371	0
161032	5372	0
161037	7225	0
161037	7226	0
161037	7227	0
161037	7228	0
161037	7229	0
161037	7230	0
161038	3940	0
161038	3941	0
161038	3942	0
161038	3943	0
161038	3944	0
161038	3945	0
161039	5367	0
161039	5368	2
161039	5369	1
161039	5370	0
161039	5371	0
161039	5372	0
161045	2856	0
161045	2857	0
161045	2858	0
161045	2859	0
161045	2860	0
161045	2861	0
161065	5309	0
161065	5310	0
161065	5311	0
161065	5312	0
161065	5313	0
161065	5314	0
161067	7149	0
161067	7150	0
161067	7151	0
161067	7152	0
161067	7153	0
161067	7154	0
161075	5231	0
161075	5232	0
161075	5233	0
161075	5234	0
161075	5235	0
161075	5236	2
161086	4360	0
161086	4361	0
161086	4362	0
161086	4363	0
161086	4364	0
161086	4365	0
161087	4360	1
161087	4361	4
161087	4362	0
161087	4363	1
161087	4364	0
161087	4365	0
161088	4360	0
161088	4361	0
161088	4362	0
161088	4363	0
161088	4364	0
161088	4365	0
161103	4000	0
161103	4001	0
161103	4002	0
161103	4003	0
161103	4004	0
161103	4005	0
161113	4526	2
161113	4528	0
161113	4529	0
161113	4530	1
161113	4531	0
161115	4526	0
161115	4528	0
161115	4529	1
161115	4530	2
161115	4531	2
161116	4526	2
161116	4528	0
161116	4529	0
161116	4530	1
161116	4531	1
161127	5721	0
161127	5722	0
161127	5723	0
161127	5724	0
161127	5725	0
161127	5726	0
161128	5721	0
161128	5722	0
161128	5723	0
161128	5724	0
161128	5725	0
161128	5726	0
161129	5721	0
161129	5722	0
161129	5723	0
161129	5724	0
161129	5725	0
161129	5726	0
161132	5255	0
161132	5256	0
161132	5257	0
161132	5258	0
161132	5259	0
161132	5260	0
161133	5255	0
161133	5256	0
161133	5257	2
161133	5258	0
161133	5259	0
161133	5260	0
161134	5255	0
161134	5256	0
161134	5257	0
161134	5258	0
161134	5259	0
161134	5260	0
161135	3863	2
161135	3864	0
161135	3865	0
161135	3866	0
161135	3867	0
161135	3868	0
161136	3863	2
161136	3864	0
161136	3865	0
161136	3866	0
161136	3867	0
161136	3868	0
161137	3863	0
161137	3864	0
161137	3865	0
161137	3866	0
161137	3867	0
161137	3868	0
161138	7630	0
161138	7631	0
161138	7632	0
161138	7633	2
161138	7634	0
161138	7635	0
161139	7630	0
161139	7631	0
161139	7632	0
161139	7633	2
161139	7634	0
161139	7635	0
161156	7149	1
161156	7150	1
161156	7151	0
161156	7152	0
161156	7153	0
161156	7154	0
161157	4748	0
161157	4749	0
161157	4750	0
161157	4751	0
161157	4752	0
161157	4753	0
161158	4748	0
161158	4749	0
161158	4750	0
161158	4751	0
161158	4752	0
161158	4753	0
161168	4748	0
161168	4749	0
161168	4750	0
161168	4751	0
161168	4752	0
161168	4753	0
161169	4748	0
161169	4749	0
161169	4750	0
161169	4751	1
161169	4752	0
161169	4753	0
161170	2856	0
161170	2857	0
161170	2858	0
161170	2859	0
161170	2860	0
161170	2861	0
161172	4847	0
161172	4849	0
161172	4850	0
161172	4851	0
161172	4852	1
161173	4847	0
161173	4849	0
161173	4850	0
161173	4851	0
161173	4852	0
161175	3940	0
161175	3941	2
161175	3942	0
161175	3943	0
161175	3944	0
161175	3945	0
161176	3235	0
161176	3236	0
161176	3237	0
161176	3238	0
161176	3239	0
161176	3240	0
161177	7594	0
161177	7595	0
161177	7596	0
161177	7597	0
161177	7598	0
161177	7599	0
161178	3235	0
161178	3236	0
161178	3237	0
161178	3238	0
161178	3239	0
161178	3240	0
161179	5367	0
161179	5368	0
161179	5369	0
161179	5370	0
161179	5371	0
161179	5372	0
161181	3235	0
161181	3236	0
161181	3237	0
161181	3238	0
161181	3239	0
161181	3240	0
161188	3443	1
161188	3444	0
161188	3445	0
161188	3446	0
161188	3447	0
161188	3448	1
161189	3467	1
161189	3468	0
161189	3469	0
161189	3470	0
161189	3471	0
161189	3472	1
161191	4216	0
161191	4217	0
161191	4218	0
161191	4219	0
161191	4220	0
161191	4221	0
161192	4216	0
161192	4217	0
161192	4218	0
161192	4219	0
161192	4220	0
161192	4221	0
161193	4216	0
161193	4217	0
161193	4218	0
161193	4219	0
161193	4220	0
161193	4221	0
161207	5207	0
161207	5208	0
161207	5209	0
161207	5210	0
161207	5211	0
161207	5212	1
161208	5207	0
161208	5208	0
161208	5209	0
161208	5210	0
161208	5211	0
161208	5212	0
161226	2574	0
161226	2575	2
161226	2576	0
161226	2577	0
161226	2578	0
161226	2579	0
161227	2574	0
161227	2575	2
161227	2576	0
161227	2577	0
161227	2578	0
161227	2579	0
161228	2574	0
161228	2575	1
161228	2576	0
161228	2577	0
161228	2578	0
161228	2579	0
161229	2574	0
161229	2575	1
161229	2576	0
161229	2577	0
161229	2578	0
161229	2579	0
161230	2574	0
161230	2575	0
161230	2576	0
161230	2577	0
161230	2578	0
161230	2579	0
161231	2574	0
161231	2575	0
161231	2576	0
161231	2577	0
161231	2578	0
161231	2579	0
161250	4847	0
161250	4849	0
161250	4851	0
161250	4852	0
161273	7456	0
161273	7457	0
161273	7458	0
161273	7459	0
161273	7460	0
161273	7461	0
161274	7456	2
161274	7457	0
161274	7458	0
161274	7459	0
161274	7460	0
161274	7461	0
161275	7456	0
161275	7457	0
161275	7458	0
161275	7459	0
161275	7460	0
161275	7461	0
161276	5733	0
161276	5734	0
161276	5735	0
161276	5736	0
161276	5737	0
161276	5738	0
161277	5733	0
161277	5734	0
161277	5735	0
161277	5736	1
161277	5737	0
161277	5738	0
161278	5733	0
161278	5734	0
161278	5735	0
161278	5736	0
161278	5737	0
161278	5738	0
161292	6887	0
161292	6888	0
161292	6889	0
161292	6890	0
161292	6891	0
161292	6892	0
161293	6887	0
161293	6888	0
161293	6889	0
161293	6890	0
161293	6891	0
161293	6892	0
161294	6887	0
161294	6888	0
161294	6889	0
161294	6890	0
161294	6891	0
161294	6892	0
161296	6576	0
161296	6577	0
161296	6578	0
161296	6579	0
161296	6580	0
161296	6581	2
161297	6576	0
161297	6577	0
161297	6578	0
161297	6579	0
161297	6580	0
161297	6581	0
161298	6576	0
161298	6577	0
161298	6578	0
161298	6579	0
161298	6580	0
161298	6581	0
161316	4795	0
161316	4796	0
161316	4797	0
161316	4798	0
161316	4799	0
161316	4800	0
161317	4795	0
161317	4796	0
161317	4797	0
161317	4798	0
161317	4799	0
161317	4800	0
161318	4795	0
161318	4796	0
161318	4797	0
161318	4798	0
161318	4799	0
161318	4800	0
161319	6558	0
161319	6559	2
161319	6560	0
161319	6561	0
161319	6562	0
161319	6563	0
161332	3271	0
161332	3272	0
161332	3273	0
161332	3274	2
161332	3275	0
161332	3276	0
161646	6047	0
161646	6048	0
161646	6049	0
161646	6050	0
161646	6051	0
161646	6052	0
161672	2766	0
161672	2767	0
161672	2768	0
161672	2769	0
161672	2770	1
161672	2771	0
161677	2766	1
161677	2767	0
161677	2768	0
161677	2769	1
161677	2770	0
161677	2771	0
161678	2766	0
161678	2767	0
161678	2768	0
161678	2769	0
161678	2770	0
161678	2771	0
161721	6256	0
161721	6257	0
161721	6258	0
161721	6259	0
161721	6260	0
161721	6261	0
161722	5999	0
161722	6000	0
161722	6001	0
161722	6002	0
161722	6003	0
161722	6004	0
161725	5999	0
161725	6000	0
161725	6001	0
161725	6002	0
161725	6003	0
161725	6004	0
161726	6256	1
161726	6257	2
161726	6258	0
161726	6259	0
161726	6260	0
161726	6261	0
161777	3691	0
161777	3692	0
161777	3693	0
161777	3694	0
161777	3695	0
161777	3696	2
161941	4562	0
161941	4563	0
161941	4564	2
161941	4565	0
161941	4566	0
161941	4567	0
161942	4562	3
161942	4563	0
161942	4564	0
161942	4565	0
161942	4566	2
161942	4567	0
161943	4562	0
161943	4563	0
161943	4564	4
161943	4565	0
161943	4566	0
161943	4567	0
161950	3017	0
161950	3018	0
161950	3019	0
161950	3020	0
161950	3021	0
161950	3022	1
