ObservationID	Count
55	1
56	1
59	1
79	1
85	1
101	1
143	7
144	4
151	2
152	1
155	4
157	1
162	1
164	8
165	2
166	3
167	2
168	15
169	2
170	6
172	6
176	4
178	4
241	5
242	2
243	10
244	4
246	2
266	6
308	4
310	4
326	5
328	1
338	4
340	8
390	2
396	3
397	3
402	3
410	2
412	1
422	1
434	2
436	2
495	2
497	4
501	2
503	4
505	2
507	14
509	3
511	2
513	11
514	2
515	2
517	2
519	12
520	8
544	3
545	1
546	1
547	2
548	4
549	10
551	8
554	1
555	2
557	3
560	2
561	10
563	4
565	3
567	7
568	4
569	1
570	7
572	5
573	11
574	11
575	5
576	5
579	1
582	1
585	1
590	2
591	10
592	2
594	3
598	1
616	3
617	3
618	3
646	3
647	2
648	2
709	4
710	3
711	3
712	4
713	2
715	3
716	1
717	10
718	2
721	5
722	4
723	3
724	2
725	3
726	2
727	4
728	1
729	12
730	4
731	1
783	2
784	6
785	8
786	4
799	1
802	3
803	2
804	5
805	2
807	1
808	2
809	2
810	5
811	2
813	2
815	2
816	3
878	4
884	9
888	2
932	2
944	2
950	3
974	9
1004	1
1010	1
1011	1
1012	2
1016	7
1017	1
1027	4
1028	6
1029	3
1030	1
1031	5
1032	4
1033	5
1034	3
1035	9
1036	1
1037	1
1045	2
1046	1
1047	2
1048	1
1049	2
1050	7
1087	1
1088	3
1090	2
1091	3
1093	1
1094	1
1095	3
1097	5
1098	1
1100	1
1102	3
1103	3
1104	3
1106	1
1109	4
1110	1
1114	3
1115	3
1116	3
1117	5
1120	3
1122	4
1123	5
1124	4
1125	4
1128	3
1132	2
1133	2
1134	2
1153	7
1155	3
1156	2
1158	2
1195	8
1197	5
1198	3
1213	2
1215	6
1216	4
1220	4
1226	6
1245	5
1248	1
1251	5
1252	2
1275	7
1276	7
1278	3
1291	1
1293	4
1295	1
1300	5
1301	10
1308	1
1313	3
1319	7
1353	9
1359	2
1365	3
1399	5
1400	1
1401	2
1405	5
1406	2
1407	2
1411	4
1413	2
1435	1
1436	1
1437	1
1439	3
1440	4
1446	2
1492	2
1494	1
1497	1
1498	20
1499	2
1500	1
1503	2
1539	5
1543	6
1545	6
1549	3
1606	2
1612	4
1615	1
1616	3
1618	2
1623	3
1624	2
1625	12
1626	2
1635	3
1637	6
1645	2
1647	5
1672	2
1681	4
1691	2
1693	1
1699	2
1707	1
1709	1
1721	2
1723	8
1724	3
1726	4
1727	6
1728	2
1754	23
1755	2
1762	4
1768	4
1771	11
1772	2
1773	8
1774	6
1776	2
1777	8
1778	2
1779	5
1780	5
1782	2
1786	2
1795	3
1796	5
1797	3
1798	6
1801	4
1802	5
1803	1
1804	1
1805	3
1807	5
1808	3
1810	1
1811	5
1812	1
1918	4
1920	3
1921	2
1926	1
1932	4
1942	1
1975	4
2000	4
2006	2
2022	4
2028	2
2034	5
2052	2
2056	2
2058	4
2059	1
2061	9
2062	6
2064	2
2065	4
2067	8
2068	3
2070	2
2071	1
2073	6
2074	4
2076	2
2077	8
2083	10
2085	8
2089	2
2132	6
2133	3
2134	4
2135	4
2136	6
2138	7
2139	2
2140	5
2141	4
2142	6
2144	2
2145	2
2146	5
2147	3
2148	4
2197	1
2198	1
2200	3
2202	1
2233	20
2235	10
2237	6
2240	2
2241	9
2245	3
2246	2
2247	5
2248	3
2250	1
2275	3
2329	3
2331	2
2332	1
2333	2
2334	3
2343	2
2344	2
2345	1
2346	1
2348	1
2350	1
2351	1
2352	3
2353	5
2355	20
2357	8
2359	22
2360	3
2361	15
2363	3
2368	1
2370	3
2371	4
2372	2
2374	2
2377	9
2378	2
2379	1
2383	1
2384	1
2385	2
2386	5
2387	10
2416	2
2417	4
2418	6
2420	1
2421	1
2423	2
2431	3
2432	4
2433	8
2434	4
2435	3
2436	4
2437	6
2503	3
2504	3
2505	2
2506	2
2507	1
2509	1
2510	2
2511	3
2512	2
2513	5
2515	1
2517	2
2519	1
2525	3
2527	1
2531	4
2533	3
2537	5
2551	5
2557	7
2563	2
2565	1
2582	1
2584	3
2585	4
2737	5
2741	2
2749	4
2753	2
2765	2
2767	1
2769	8
2770	2
2771	2
2772	1
2781	4
2782	3
2783	6
2784	3
2799	6
2800	3
2801	4
2802	5
2806	5
2807	1
2808	6
2845	8
2846	8
2848	7
2849	10
2850	3
2851	4
2852	3
2853	1
2854	3
2855	6
2856	4
2857	6
2858	8
2859	3
2860	5
2861	9
2862	4
2948	7
2950	2
2951	4
2954	3
2957	1
2960	30
2962	1
2963	15
2966	2
2968	43
2978	1
2980	2
2995	2
2996	2
2998	4
2999	1
3000	2
3001	2
3002	2
3004	1
3005	1
3008	1
3010	1
3041	1
3099	3
3101	3
3146	4
3147	3
3148	1
3151	2
3152	3
3153	4
3154	1
3155	2
3196	1
3197	3
3199	1
3203	2
3205	1
3209	1
3213	2
3214	6
3226	1
3229	2
3233	3
3234	3
3235	3
3239	2
3240	4
3366	5
3367	2
3370	5
3372	11
3373	7
3376	7
3378	12
3380	20
3386	25
3387	5
3390	10
3392	20
3393	7
3396	12
3407	8
3413	5
3435	1
3438	2
3441	1
3444	2
3450	4
3484	10
3485	5
3487	6
3490	18
3491	6
3493	8
3496	18
3547	4
3548	2
3549	2
3550	2
3552	3
3565	1
3566	1
3567	2
3570	2
3583	2
3584	2
3585	2
3637	3
3638	5
3639	3
3640	1
3642	7
3655	4
3656	2
3657	2
3658	4
3660	10
3661	6
3662	6
3663	2
3664	2
3666	8
3670	2
3671	4
3673	3
3675	4
3676	10
3681	8
3682	12
3747	2
3763	4
3765	4
3766	6
3768	6
3769	2
3770	4
3771	2
3772	3
3773	7
3774	1
3775	8
3776	5
3778	5
3780	5
3862	1
3863	2
3867	2
3868	4
3869	2
3873	4
3874	3
3875	1
3876	3
3903	8
3904	2
3909	8
3911	4
3913	1
3918	2
3919	4
3924	3
3925	3
3927	1
4058	4
4064	1
4066	1
4069	1
4072	8
4123	3
4124	1
4128	3
4129	5
4134	4
4195	1
4197	4
4198	1
4205	2
4206	6
4224	2
4267	2
4268	2
4271	8
4272	2
4274	2
4275	2
4278	7
4290	4
4327	2
4329	5
4331	8
4336	3
4337	5
4339	3
4341	2
4343	1
4345	1
4377	10
4378	6
4379	6
4380	2
4381	6
4383	9
4384	2
4385	3
4414	1
4416	3
4423	4
4424	1
4425	1
4426	1
4427	1
4428	1
4431	14
4434	1
4481	3
4482	1
4487	1
4488	1
4490	1
4492	1
4493	3
4494	1
4543	2
4544	1
4547	3
4603	1
4607	1
4687	3
4688	2
4689	4
4690	2
4691	2
4692	2
4717	2
4718	1
4721	6
4750	1
4751	8
4752	4
4753	1
4754	3
4756	2
4757	3
4758	7
4835	10
4837	3
4838	3
4840	3
4841	10
4842	5
4844	3
4845	3
4846	5
4847	10
4848	3
4894	5
4896	1
4900	2
4910	1
4911	1
4914	1
5493	4
5494	3
5495	4
5501	3
5821	2
5823	1
5826	1
5827	1
5828	2
5839	1
5863	6
5865	1
5868	6
5893	1
6031	1
6032	1
6036	2
6092	1
6094	2
6095	1
6098	1
6100	2
6102	1
6103	1
6104	4
6106	2
6236	6
6239	1
6241	2
6242	2
6248	3
6251	2
6253	2
6256	1
6258	1
6259	4
6260	6
6265	8
6266	6
6289	2
6290	1
6291	2
6294	3
6295	1
6296	1
6297	2
6301	2
6302	1
6307	8
6308	4
6313	10
6314	5
6316	8
6740	4
6742	2
6752	1
6753	6
6754	4
6755	2
6756	1
6757	3
6758	2
6762	2
6871	3
6872	4
6874	4
6875	3
6876	6
6877	4
6878	10
6880	2
6881	9
6882	5
6883	4
6884	10
6885	1
6887	10
6888	10
7015	1
7059	1
7064	3
7065	2
7066	1
7067	3
7068	3
7070	2
7073	3
7079	1
7085	4
7088	3
7091	3
7093	3
7094	2
7095	2
7096	2
7097	3
7098	3
7101	2
7102	4
7109	4
7118	3
7119	7
7120	6
7123	3
7124	2
7128	3
7151	10
7261	2
7262	1
7263	19
7264	6
7266	5
7578	2
8233	1
8234	2
8235	2
8236	22
8237	8
8238	3
8519	6
8525	7
8545	4
8551	6
8553	4
8554	6
8563	4
8565	4
8566	6
8617	3
8618	2
8619	1
8626	1
8628	1
8643	1
8665	3
8666	1
8668	2
8670	1
8671	3
8672	2
8674	2
8676	1
8677	2
8678	1
8680	2
8695	4
8701	5
8737	3
8738	2
8739	2
8740	5
8741	4
8742	3
8911	2
8917	1
8920	3
8924	2
8925	3
8926	2
8927	3
8928	1
8929	1
8930	1
8931	6
8932	2
8933	3
9164	3
9167	2
9168	1
9180	1
9254	2
9256	5
9301	2
9307	12
9308	4
9310	10
9312	1
9313	6
9315	6
9325	1
9326	2
9327	3
9344	2
9533	1
9534	2
9597	1
9602	3
9612	1
9716	4
9722	6
9746	3
9749	2
9854	1
9855	1
9856	2
9857	1
9858	3
9859	1
9861	4
9862	2
9863	2
9864	3
9866	1
9867	3
9868	3
9869	3
9885	1
9888	1
9905	2
9922	1
9951	1
9953	3
9958	20
9979	2
9980	2
9981	1
9982	4
9983	3
10028	1
10029	1
10030	4
10031	2
10032	3
10069	6
10070	3
10071	2
10072	4
10074	1
10143	3
10351	7
10352	5
10354	6
10357	5
10358	4
10360	2
10362	2
10501	4
10507	3
10512	3
10521	2
10522	6
10525	3
10526	3
10527	2
10528	2
10529	4
10530	3
10568	3
10569	3
10570	5
10572	3
10573	3
10574	4
10575	2
10576	1
10577	2
10578	2
10579	2
10585	3
10602	3
10604	2
10606	2
10607	3
10621	3
10624	1
10626	2
10627	1
10628	2
10631	3
10634	2
10635	5
10636	3
10638	1
10639	2
10640	1
10641	4
10642	2
10644	1
10693	1
10694	2
10695	1
10697	2
10906	2
10915	1
10917	2
10918	1
10919	1
10920	2
10951	3
10952	2
10953	1
10955	1
10956	2
10995	2
10999	1
11000	2
11001	4
11002	3
11004	3
11011	2
11017	3
11023	3
11107	5
11109	2
11111	2
11144	5
11145	4
11146	3
11148	3
11149	1
11150	8
11151	5
11152	5
11154	6
11201	3
11205	7
11206	9
11207	5
11211	2
11212	4
11213	3
11214	3
14119	1
14120	1
14121	1
14122	9
14123	2
14124	3
14337	2
14338	5
14340	1
14345	2
14347	2
14352	1
14358	2
14359	1
14363	2
14366	1
14367	2
14368	4
14370	2
14371	1
14376	3
14382	2
14386	2
14388	2
14403	2
14423	1
14432	3
14443	2
14444	1
14445	3
14446	2
14448	2
14449	1
14451	1
14452	2
14453	2
14454	3
14455	2
14456	1
14457	1
14458	1
14459	1
14460	1
14461	3
14462	2
14463	2
14467	4
14468	3
14469	6
14473	5
14474	3
14475	8
14654	3
14678	5
14681	3
14710	1
14715	2
14717	1
14718	4
14750	3
14751	2
14752	1
14754	2
14774	3
14776	3
14777	2
14778	1
14785	3
14786	1
14789	2
14798	1
14799	1
14801	2
14802	4
14911	5
14913	7
14914	2
14915	3
14916	6
14923	10
14924	3
14925	10
14926	1
14927	5
14928	4
14933	4
14937	1
14939	4
14941	2
14945	4
14949	5
14950	14
14951	8
14952	8
14981	2
14988	3
14999	1
15005	3
15012	4
15015	2
15017	3
15018	3
15021	3
15023	3
15029	5
15067	1
15080	3
15083	10
15085	1
15086	1
15088	1
15089	2
15094	1
15134	3
15136	2
15138	2
15139	2
15140	1
15142	2
15144	2
15153	1
15155	2
15156	4
15161	2
15162	2
15165	1
15167	2
15168	5
15169	7
15171	3
15173	11
15174	7
15175	5
15176	2
15177	5
15178	8
15179	11
15180	9
15181	4
15182	18
15183	3
15184	8
15185	5
15186	10
15187	1
15188	2
15189	4
15190	4
15191	8
15192	1
15193	6
15194	15
15195	1
15196	2
15198	2
15199	10
15200	14
15201	13
15202	1
15203	8
15204	2
15205	13
15206	1
15208	1
15210	5
15212	1
15214	1
15217	4
15220	1
15221	3
15222	1
15241	8
15242	10
15243	4
15247	5
15248	3
15249	1
15253	5
15254	2
15398	1
15399	1
15400	6
15401	3
15402	2
15403	1
15404	1
15405	2
15407	11
15408	2
15413	7
15414	2
15415	1
15419	11
15420	4
15583	3
15584	1
15585	1
15586	2
15587	4
15588	3
15590	1
15591	1
15592	2
15593	4
15594	6
15595	1
15596	1
15597	1
15598	5
15599	5
15600	3
15603	1
15604	2
15605	4
15606	2
15608	1
15610	1
15611	4
15612	2
15614	1
15615	1
15616	4
15617	2
15620	2
15621	2
15622	2
15624	1
15626	2
15627	2
15628	4
15629	1
15630	3
15631	4
15632	1
15633	1
15634	4
15636	1
15637	2
15638	2
15639	1
15640	2
15642	1
15643	2
15644	1
15646	1
15648	1
15649	4
15650	2
15652	2
15654	2
15656	4
15660	3
15662	2
15666	3
15672	2
15677	1
15683	2
15687	5
15689	3
15745	6
15746	2
15751	5
15757	5
15758	4
15759	2
15763	1
15765	5
15766	3
15768	2
15769	4
15771	1
15772	5
15773	2
15774	4
15777	3
15778	5
15780	5
15869	1
15873	1
15874	1
15877	1
15883	1
15885	2
15886	1
15889	1
15897	1
15905	7
15908	4
15910	2
15911	12
15912	4
15917	15
15923	5
15924	1
15929	6
15930	2
15934	3
15936	3
15939	6
15996	1
16011	4
16017	5
16019	2
16035	6
16037	3
16042	4
16043	4
16044	1
16045	1
16047	4
16049	1
16050	1
16052	1
16054	1
16058	2
16063	1
16064	4
16066	1
16068	1
16325	1
16326	2
16331	6
16337	5
16338	3
16343	7
16344	2
16347	2
16349	4
16350	3
16352	2
16357	2
16358	4
16363	1
16365	1
16371	1
16377	2
16434	2
16438	1
16439	3
16440	3
16443	2
16445	3
16446	7
16451	2
16456	2
16502	5
16503	4
16504	5
16505	2
16521	4
16522	2
16523	5
16528	1
16533	3
16534	4
16625	3
16626	2
16631	4
16637	1
16638	1
16639	2
16640	3
16641	7
16642	2
16643	2
16645	3
16646	2
16647	5
16648	2
16771	5
16773	2
16778	4
16779	4
16781	5
16813	2
16819	3
16820	3
16821	3
16822	1
16824	3
16825	3
16826	2
16827	4
16828	2
16829	3
16830	5
16831	2
16842	2
16843	2
16844	6
16845	4
16847	2
16848	2
16850	3
17005	4
17006	3
17007	5
17008	4
17009	3
17010	4
17041	4
17042	3
17043	2
17044	5
17045	2
17046	3
17073	1
17077	7
17078	2
17079	4
17080	2
17081	2
17082	4
17183	5
17189	3
17192	2
17198	5
17200	2
17204	3
17206	2
17207	2
17311	7
17312	3
17313	2
17322	3
17340	3
17359	8
17360	5
17361	1
17371	11
17372	6
17374	1
17375	2
17383	6
17384	2
17385	2
17387	1
17388	3
17389	8
17390	4
17391	1
17393	2
17394	5
17395	4
17396	5
17397	2
17399	2
17400	1
17401	2
17402	3
17403	4
17404	2
17406	5
17408	2
17411	3
17437	2
17438	1
17441	2
17444	7
17448	2
17450	7
17467	2
17468	4
17470	4
17471	15
17472	2
17476	2
17477	5
17478	5
17548	2
17556	2
17567	2
17568	2
17572	2
17594	3
17596	2
17639	2
17642	3
17644	3
17647	2
17649	2
17650	3
17651	2
17656	2
17659	2
17661	6
17662	5
17665	1
17669	6
17671	5
17673	11
17674	3
17680	3
17685	1
17691	1
17804	4
17854	3
17855	6
17857	9
17860	5
17861	11
17862	5
17869	4
17872	6
17873	12
17874	16
17936	3
17939	4
17941	1
17942	2
17944	1
17945	4
17946	1
17948	2
17950	2
17954	4
17956	1
17957	3
17958	1
17963	1
17964	1
18001	4
18002	2
18003	2
18004	2
18012	2
18013	2
18016	2
18017	4
18024	2
18036	1
18037	2
18038	2
18039	2
18041	2
18042	5
18043	2
18044	2
18046	1
18048	3
18049	2
18050	2
18051	1
18053	5
18054	6
18057	1
18066	2
18067	1
18068	1
18069	1
18079	3
18080	4
18081	1
18082	1
18085	1
18086	1
18092	1
18099	1
18108	2
18109	4
18115	20
18119	9
18120	1
18121	4
18122	4
18125	5
18126	2
18133	2
18134	2
18140	1
18145	4
18146	7
18147	14
18149	1
18151	1
18152	7
18153	14
18154	8
18157	4
18159	3
18165	2
18171	4
18176	11
18177	8
18178	4
18182	6
18193	4
18214	2
18216	4
18217	6
18219	7
18220	4
18221	5
18222	2
18223	4
18225	5
18226	8
18227	4
18228	5
18229	2
18231	2
18234	6
18237	4
18240	8
18241	2
18266	4
18267	2
18268	4
18269	4
18271	2
18272	1
18273	3
18274	2
18275	1
18276	1
18277	2
18279	5
18280	2
18282	3
18290	1
18291	1
18308	4
18314	6
18319	1
18325	2
18399	2
18400	3
18401	7
18402	3
18421	2
18422	1
18423	1
18424	1
18425	10
18426	2
18457	3
18458	1
18460	2
18461	2
18462	6
18501	1
18502	2
18503	4
18504	8
18505	1
18547	1
18549	1
18551	6
18552	5
18555	1
18583	1
18589	3
18591	2
18592	1
18593	4
18594	7
18655	2
18656	2
18658	6
18659	4
18661	1
18664	6
18665	4
18668	4
18669	5
18670	5
18671	6
18672	3
18684	2
18812	2
18821	1
18823	1
18824	1
18829	4
18830	2
18832	8
18848	9
18850	3
18852	2
18854	4
18855	3
18860	1
18862	1
18864	2
18865	3
18867	5
18871	3
18874	2
18876	4
18878	1
18879	3
18882	1
18888	2
18916	2
18919	1
18920	2
18937	3
18938	1
18941	1
18943	6
18947	6
18948	1
18949	3
18951	1
18953	3
18956	2
18957	6
18958	1
18960	1
18962	3
18963	3
18965	2
18977	4
18981	11
18982	2
18983	3
18987	3
18988	2
18991	1
18993	9
18994	1
18998	8
19001	2
19004	4
19007	6
19010	12
19013	8
19017	2
19020	3
19041	1
19043	4
19048	1
19049	1
19079	2
19080	1
19082	3
19086	2
19087	2
19092	4
19093	1
19097	2
19099	2
19103	2
19104	2
19108	2
19112	2
19114	4
19117	2
19120	3
19136	3
19160	1
19174	1
19176	1
19180	1
19182	2
19184	4
19188	1
19211	2
19213	1
19216	4
19217	2
19218	5
19219	3
19221	1
19222	1
19223	1
19224	4
19229	6
19235	3
19237	3
19239	2
19240	2
19241	2
19242	2
19358	4
19359	4
19360	1
19363	2
19364	4
19366	3
19369	1
19370	7
19372	13
19373	1
19376	8
19378	2
19382	10
19383	7
19388	8
19389	5
19390	6
19392	3
19423	1
19425	1
19427	1
19429	3
19430	5
19431	11
19433	8
19435	3
19436	2
19437	6
19438	4
19439	4
19440	3
19453	8
19454	2
19456	6
19458	1
19459	1
19460	6
19465	4
19466	1
19468	7
19469	1
19470	3
19471	2
19477	2
19483	6
19484	10
19485	7
19489	9
19490	10
19491	15
19493	3
19495	8
19545	2
19546	4
19556	1
19558	13
19560	4
19562	3
19563	2
19564	8
19566	2
19591	5
19593	4
19595	3
19597	4
19598	6
19599	5
19600	2
19601	4
19603	6
19604	4
19605	1
19607	8
19618	2
19624	2
19648	2
19655	4
19661	2
19681	17
19682	4
19683	4
19684	3
19686	1
20161	3
20162	5
20167	2
20168	4
20171	9
20215	2
20219	6
20282	6
20283	9
20284	3
20285	4
20293	5
20294	6
20295	8
20296	5
20297	3
20305	4
20306	4
20307	13
20308	4
20309	5
20310	4
20324	8
20325	13
20326	5
20327	7
20328	8
20335	5
20336	8
20337	9
20338	3
20339	4
20340	4
20341	3
20353	3
20354	2
20355	2
20357	2
20359	4
20361	5
20363	3
20365	5
20366	3
20367	3
20369	5
20374	1
20378	3
20380	10
20382	2
20386	4
20401	2
20404	6
20406	2
20414	1
20416	5
20418	3
20420	1
20421	2
20423	2
20425	3
20429	2
20430	3
20433	2
20436	2
20611	20
20613	14
20617	8
20619	10
20621	2
20623	14
20625	10
20637	2
20810	2
20812	2
20816	10
20826	10
20831	4
20836	1
20837	4
20838	5
20840	8
20844	6
20846	13
20849	1
20850	2
20852	1
20855	7
20857	2
20858	2
20861	8
20866	1
20867	1
20868	4
20870	4
20873	4
20874	1
20876	14
20877	2
20878	16
20880	2
20889	1
20891	3
20908	2
20910	2
20935	2
20941	7
20952	4
20953	3
20963	2
20971	3
20977	3
20981	3
20982	2
20983	6
20984	2
21012	1
21013	3
21018	1
21019	6
21024	1
21027	3
21029	3
21030	4
21032	4
21033	4
21034	20
21036	7
21041	5
21044	3
21046	9
21047	4
21048	3
21049	1
21050	4
21052	10
21053	2
21054	4
21055	1
21056	1
21057	4
21059	4
21060	8
21063	7
21064	7
21065	2
21066	5
21069	1
21070	3
21074	2
21076	2
21081	2
21085	2
21086	3
21088	2
21089	4
21090	2
21093	2
21100	1
21101	2
21106	1
21108	5
21112	1
21113	1
21114	6
21120	10
21161	7
21167	4
21173	5
21174	1
21175	5
21177	1
21178	5
21179	2
21180	5
21181	2
21182	3
21183	1
21185	2
21186	4
21187	1
21188	2
21189	9
21190	3
21191	3
21192	3
21193	2
21195	1
21197	8
21198	1
21199	5
21200	3
21202	2
21203	7
21204	3
21211	1
21216	2
21217	1
21220	2
21222	1
21223	1
21224	1
21226	2
21228	6
21232	1
21235	4
21255	3
21256	1
21262	2
21265	2
21266	2
21268	3
21271	1
21275	3
21276	4
21279	2
21280	3
21281	3
21282	3
21285	3
21286	4
21288	3
21289	2
21290	4
21292	6
21294	7
21295	3
21296	2
21298	6
21300	2
21301	2
21302	2
21303	4
21308	1
21310	3
21311	2
21313	4
21314	3
21315	1
21316	1
21317	4
21338	4
21340	4
21342	4
21343	4
21344	8
21349	5
21350	5
21355	5
21356	6
21360	3
21518	1
21564	6
21574	5
21575	2
21583	4
21584	10
21586	2
21591	5
21596	6
21597	2
21630	7
21634	5
21636	6
21639	3
21640	6
21667	1
21669	2
21670	2
21673	2
21676	2
21677	3
21682	2
21685	2
21686	2
21691	6
21692	1
21693	2
21695	5
21697	5
21698	6
21699	4
21700	1
21701	3
21702	15
21709	10
21711	1
21714	1
21733	3
21734	2
21735	2
21736	1
21737	8
21739	5
21740	1
21741	3
21742	2
21743	10
21744	3
21745	2
21747	1
21748	2
21749	10
21750	6
21784	1
21785	4
21787	2
21788	2
21789	2
21790	2
21791	3
21793	3
21795	2
21798	1
21800	2
21801	3
21802	6
21803	7
21804	5
21805	5
21806	3
21807	4
21808	7
21809	4
21810	3
21811	1
21812	2
21814	1
21816	3
21823	3
21825	3
21826	2
21827	2
21828	1
21833	1
21835	1
21837	2
21838	1
21840	1
21845	2
21846	4
21899	1
21986	3
21991	1
21992	6
22010	4
22013	2
22014	3
22016	4
22017	4
22018	4
22020	4
22022	4
22023	3
22026	5
22027	1
22028	1
22030	4
22031	2
22035	5
22036	5
22037	4
22129	3
22135	2
22136	3
22139	2
22141	1
22153	4
22157	1
22158	1
22339	4
22342	4
22343	5
22348	9
22349	6
22363	18
22366	14
22367	8
22369	6
22382	6
22473	4
22474	6
22559	4
22561	3
22565	7
22567	8
22571	3
22575	5
22581	5
22657	4
22658	3
22663	10
22664	5
22669	4
22670	3
22676	5
22679	3
22825	1
22829	1
22853	3
23005	6
23006	7
23007	9
23008	7
23009	15
23010	2
23048	12
23049	6
23051	18
23072	2
23073	4
23076	4
23294	6
23401	2
23433	1
23435	8
23436	1
23551	3
23553	5
23572	1
23587	4
23588	6
23589	3
23590	10
23591	3
23592	1
23671	2
23672	2
23673	4
23675	2
23677	1
23678	4
23743	5
23744	2
23745	1
23747	2
23803	1
23806	7
23807	1
23820	6
24071	2
24072	2
24122	3
24169	2
24170	2
24171	2
24174	4
24247	1
24253	1
24259	1
24261	1
24263	1
24283	5
24286	4
24290	2
24295	1
24296	1
24297	1
24299	12
24301	2
24330	3
24331	1
24332	2
24333	10
24334	6
24335	3
24336	5
24391	2
24392	5
24394	1
24397	2
24399	2
24401	3
24409	2
24410	1
24411	2
24412	1
24457	1
24458	1
24460	1
24461	1
24469	2
24472	1
24489	1
24491	2
24495	1
24497	2
24498	1
24673	7
24674	6
24675	2
24678	6
24823	2
24824	2
24825	2
24829	4
24830	2
24832	2
25111	2
25333	1
25334	2
25335	2
25370	15
25372	2
25383	2
25385	1
25388	1
25394	6
25395	5
25396	5
25397	2
25398	5
25537	5
25538	3
25539	9
25541	3
25813	3
25814	1
25815	5
25816	2
25817	7
25818	8
25819	5
25820	3
25821	2
25822	2
25823	10
25824	7
25844	6
25848	14
25885	1
25887	3
25888	3
25904	1
25909	1
25911	1
25939	1
25941	1
25942	8
25944	5
25945	2
25947	1
25948	5
25950	8
25951	1
25953	3
25955	2
25956	2
25958	8
25960	2
25961	9
25981	4
25985	4
25986	2
25987	4
25991	4
25992	4
25993	2
25996	2
25997	4
25998	2
26008	2
26053	2
26054	1
26059	5
26061	1
26066	5
26075	4
26081	2
26087	2
26191	2
26195	1
26245	4
26246	1
26247	4
26249	4
26250	5
26251	6
26252	6
26253	2
26254	2
26255	4
26256	4
26257	25
26258	3
26259	4
26260	2
26261	2
26262	3
26267	5
26271	1
26272	2
26273	2
26276	1
26277	2
26278	3
26279	3
26281	1
26282	2
26283	2
26286	2
26287	2
26288	3
26289	2
26291	3
26292	3
26293	1
26294	3
26295	1
26297	2
26298	2
26300	1
26302	3
26303	2
26304	2
26307	2
26308	4
26309	3
26310	2
26312	2
26313	2
26314	9
26315	1
26316	2
26335	1
26336	4
26339	2
26341	2
26342	10
26343	1
26344	1
26346	1
26348	10
26349	10
26350	10
26351	1
26353	3
26354	2
26355	2
26356	6
26359	1
26362	5
26364	3
26365	3
26366	2
26368	7
26391	1
26396	1
26397	2
26401	3
26403	12
26415	1
26425	1
26427	6
26428	5
26439	6
26440	7
26611	4
26612	1
26614	2
26619	2
26620	1
26622	1
26623	1
26624	1
26626	2
26627	1
26632	8
26633	1
26634	4
26637	1
26638	1
26639	3
26641	2
26644	2
26645	3
26683	5
26684	3
26685	8
26686	6
26687	7
26688	4
26689	6
26690	4
26691	4
26692	3
26693	6
26694	3
26695	3
26696	3
26697	5
26698	3
26699	5
26700	4
26705	4
26709	2
26717	1
26732	3
26734	2
26736	2
26738	4
26740	5
26742	3
26762	3
26837	4
26838	1
26841	1
26847	1
26849	2
26853	3
26855	1
26857	5
26858	2
26861	2
26864	4
26866	2
26868	6
26869	2
26870	5
26911	2
26912	5
26913	1
26914	6
26915	4
26916	6
26917	5
26918	6
26919	5
26920	12
26921	8
26922	8
26923	4
26924	3
26925	3
26926	9
26927	4
26928	9
26935	11
26941	18
26966	4
26967	3
26968	2
26969	2
26971	2
26972	5
26973	4
26974	2
26975	3
26977	4
26978	6
26979	4
26980	2
26981	2
26982	2
26987	6
26990	2
26992	1
26993	4
26999	4
27001	9
27003	12
27004	2
27005	4
27007	5
27009	12
27010	4
27011	4
27012	2
27013	5
27015	10
27016	4
27020	1
27022	1
27026	3
27031	2
27032	3
27042	6
27048	6
27051	4
27053	5
27054	28
27056	3
27057	2
27058	4
27059	8
27060	4
27061	2
27062	7
27063	2
27064	5
27065	10
27066	4
27067	4
27070	8
27071	15
27091	4
27103	3
27105	4
27114	7
27116	2
27120	7
27125	3
27126	6
27130	15
27133	2
27136	8
27139	15
27142	12
27172	2
27174	5
27177	4
27178	4
27180	3
27183	2
27184	3
27186	1
27189	11
27190	6
27191	3
27192	9
27193	1
27195	20
27197	12
27199	3
27200	2
27201	20
27203	2
27204	6
27210	3
27216	1
27220	2
27222	1
27226	1
27228	1
27234	1
27240	1
27241	2
27249	2
27251	1
27253	2
27263	2
27265	8
27271	1
27274	2
27276	3
27277	3
27280	2
27282	1
27283	2
27284	4
27286	5
27287	4
27288	2
27307	1
27309	3
27310	4
27311	2
27312	2
27314	1
27315	5
27316	3
27317	6
27318	2
27320	1
27321	6
27322	3
27323	1
27324	4
27357	2
27360	1
27361	1
27363	1
27364	1
27365	3
27366	1
27391	1
27409	1
27410	1
27411	1
27413	2
27414	6
27429	2
27431	4
27432	2
27433	2
27491	6
27497	4
27503	3
27619	5
27620	3
27623	5
27631	1
27632	2
27633	1
27634	1
27635	8
27686	3
27688	2
27692	8
27697	3
27699	3
27703	4
27704	1
27709	4
27713	1
27753	7
27757	1
27759	8
27760	1
27763	1
27765	3
27766	2
27773	1
27776	1
27778	4
27782	2
27787	1
27789	1
27793	4
27795	2
27796	1
27799	2
27801	2
27806	4
27807	2
27811	2
27812	2
27813	3
27814	1
27824	1
27826	1
27830	2
27832	2
27842	2
27848	3
27872	4
27875	2
27879	6
27880	3
27885	1
27886	5
27888	3
27890	3
27893	4
27894	1
27895	2
27896	2
27897	5
27898	3
27900	1
27902	3
27905	3
27925	1
27988	2
27991	1
27997	7
27998	2
27999	11
28000	5
28001	7
28002	6
28003	4
28004	2
28009	4
28010	10
28011	11
28012	7
28013	5
28014	10
28022	12
28023	14
28024	7
28025	7
28026	8
28027	4
28076	1
28119	1
28120	1
28121	1
28122	4
28131	4
28132	2
28133	2
28142	4
28143	4
28144	6
28145	4
28146	7
28191	2
28192	2
28193	6
28194	1
28195	1
28197	2
28198	2
28199	2
28200	7
28203	2
28204	6
28205	5
28206	2
28207	6
28212	4
28213	2
28218	2
28219	3
28224	9
28225	2
28226	2
28229	1
28230	2
28234	1
28236	2
28241	1
28242	1
28247	6
28250	2
28251	2
28253	1
28254	1
28255	1
28256	1
28257	11
28258	2
28259	3
28260	1
28265	8
28268	3
28277	9
28279	1
28281	4
28283	8
28285	3
28288	4
28289	5
28291	3
28293	2
28295	6
28487	2
28488	1
28574	6
28576	1
28659	2
28665	2
28667	2
28673	4
28695	2
28696	5
28698	5
28700	7
28705	5
28706	5
28708	2
28710	5
28713	2
28716	2
28717	5
28718	5
28719	8
28721	5
28768	2
28784	4
28786	2
28787	1
28790	1
28792	1
28796	7
28798	1
28799	4
28802	1
28804	5
28808	16
28810	1
28811	2
28814	1
28816	3
28858	2
28860	1
28861	2
28862	2
28864	1
28865	3
28866	4
28867	3
28871	2
28872	4
28874	2
28875	3
28876	4
28877	4
28878	4
28886	2
28887	1
28888	2
28889	3
28890	3
28904	2
28906	3
28907	1
28908	4
28909	1
28912	5
28914	3
28921	1
28922	3
28925	5
28929	2
28934	4
28935	2
28936	6
28940	4
28946	4
28951	4
28952	4
28954	6
28955	1
28956	1
28957	6
28958	6
28959	3
28960	8
28961	3
28962	2
29043	2
29044	1
29045	2
29046	2
29050	1
29052	1
29059	5
29061	6
29210	10
29211	4
29221	4
29222	12
29228	3
29232	4
29233	2
29236	2
29238	4
29239	4
29241	2
29244	6
29269	1
29270	5
29276	15
29293	3
29294	2
29295	2
29299	4
29300	2
29302	4
29340	1
29402	1
29420	1
29455	1
29457	1
29460	1
29512	4
29515	4
29516	2
29519	10
29521	4
29525	8
29545	4
29551	5
29557	4
29564	10
29565	10
29566	1
29569	6
29571	8
29575	8
29576	12
29584	2
29586	3
29622	1
29628	2
29634	5
29636	3
29637	4
29638	3
29639	9
29642	2
29646	9
29664	1
29731	4
29732	4
29733	2
29734	2
29735	1
29736	2
29737	4
29738	2
29739	7
29740	1
29741	2
29743	4
29749	2
29750	1
29751	14
29752	1
29753	5
29755	8
29756	4
29757	2
29758	3
29759	5
29761	3
29762	2
29763	2
29765	2
29849	5
29851	4
29855	4
29860	4
29861	7
29869	1
29874	1
29889	3
29890	5
29923	2
29931	1
29933	3
29937	1
29939	6
29940	4
29942	3
29946	2
29947	5
29948	3
29952	2
29960	1
29961	1
29962	1
29994	1
29995	3
29998	1
30000	3
30019	1
30020	2
30021	3
30023	1
30024	3
30068	2
30069	1
30070	5
30072	3
30080	1
30083	30
30085	3
30086	3
30088	3
30089	5
30090	3
30103	2
30104	2
30144	2
30145	3
30153	2
30154	1
30155	3
30160	4
30161	1
30185	1
30187	1
30193	2
30194	5
30195	3
30196	5
30197	6
30217	3
30218	1
30220	1
30222	1
30231	6
30254	10
30258	1
30319	5
30321	4
30322	2
30337	2
30341	8
30342	2
30343	2
30347	5
30348	2
30349	2
30350	2
30353	6
30354	3
30372	5
30397	10
30398	5
30402	6
30409	7
30410	1
30411	2
30412	3
30414	1
30417	5
30418	2
30420	3
30437	5
30445	6
30446	2
30447	7
30448	3
30455	7
30481	1
30484	1
30486	4
30487	1
30490	1
30492	1
30495	3
30496	2
30501	7
30502	1
30536	3
30541	4
30542	1
30546	3
30565	3
30607	2
30609	2
30615	2
30620	3
30622	3
30667	8
30668	4
30669	3
30670	2
30671	7
30672	3
30679	2
30680	2
30683	6
30684	2
30685	1
30688	1
30689	1
30690	1
30691	2
30692	4
30693	2
30694	1
30695	2
30696	2
30732	3
30749	15
30750	3
30764	1
30765	2
30766	2
30776	7
30780	1
30781	3
30782	1
30785	1
30787	6
30788	10
30789	14
30790	9
30791	11
30792	7
30793	6
30794	4
30807	3
30809	10
30810	3
30823	4
30824	7
30825	11
30827	10
30828	5
30829	4
30830	1
30853	4
30859	1
30863	1
30865	4
30866	1
30868	3
30869	11
30870	3
30872	3
30874	2
30875	1
30876	1
30879	3
30881	13
30883	1
30884	1
30886	1
30888	1
30889	1
30891	1
30892	8
30893	3
30894	1
30899	2
30905	3
30925	1
30931	2
30936	1
30985	1
30986	1
30988	5
30989	5
30990	10
30991	4
30992	1
30994	6
30995	1
30996	10
30997	5
30998	5
31001	10
31002	10
31033	2
31036	3
31038	1
31039	3
31040	1
31042	2
31044	2
31045	3
31046	2
31048	1
31050	2
31075	2
31076	5
31077	5
31078	7
31079	2
31080	4
31081	9
31082	9
31083	3
31084	9
31085	4
31086	6
31112	4
31113	4
31114	4
31115	2
31116	2
31189	3
31191	8
31193	1
31197	14
31214	5
31219	5
31220	11
31221	10
31222	6
31223	5
31224	7
31225	4
31237	2
31243	3
31257	8
31267	1
31268	1
31272	1
31275	3
31277	3
31278	1
31281	2
31284	1
31339	6
31340	1
31341	1
31343	5
31357	2
31358	4
31359	2
31360	7
31361	11
31362	9
31393	5
31395	2
31398	2
31399	6
31401	3
31403	1
31404	2
31411	2
31412	3
31413	1
31414	11
31415	3
31416	3
31417	2
31420	1
31421	1
31429	1
31456	2
31461	1
31462	2
31464	1
31467	1
31468	6
31470	1
31483	1
31485	1
31499	5
31500	4
31501	1
31503	1
31505	1
31507	2
31508	6
31509	8
31511	2
31519	6
31520	2
31521	4
31522	2
31523	4
31525	4
31526	6
31528	12
31529	4
31546	6
31548	4
31554	2
31561	10
31562	1
31563	1
31565	3
31566	8
31603	1
31607	2
31618	3
31623	2
31629	2
31634	4
31636	2
31638	6
31640	8
31646	8
31654	1
31655	15
31656	3
31669	3
31674	5
31692	6
31693	3
31694	6
31696	3
31699	6
31701	5
31713	5
31759	1
31760	1
31761	2
31762	4
31763	4
31764	1
31771	1
31776	3
31777	2
31782	2
31784	3
31785	1
31788	3
31789	6
31790	6
31791	1
31793	3
31794	3
31795	4
31796	2
31797	3
31800	3
31801	1
31802	25
31804	22
31805	2
31825	4
31826	7
31827	9
31828	12
31829	3
31855	6
31856	3
31857	2
31858	2
31859	3
31860	5
31865	4
31916	3
31963	7
31964	1
31965	7
31966	3
31967	4
31968	8
31973	2
31999	4
32000	6
32002	4
32003	1
32004	2
32007	1
32009	4
32076	2
32088	1
32089	5
32090	5
32091	3
32092	7
32106	13
32112	5
32131	2
32133	10
32134	1
32135	35
32136	1
32145	10
32150	1
32151	5
32152	1
32153	6
32154	1
32155	1
32157	5
32158	1
32159	6
32160	1
32163	8
32164	1
32165	7
32166	1
32189	10
32201	6
32211	3
32221	4
32227	4
32229	1
32257	2
32318	4
32320	1
32353	1
32354	2
32357	1
32413	2
32415	8
32416	6
32463	8
32464	7
32480	3
32482	9
32483	5
32485	3
32486	1
32487	2
32520	2
32522	1
32524	9
32526	1
32533	2
32534	4
32535	3
32536	4
32538	2
32539	2
32540	1
32542	3
32546	1
32547	2
32548	3
32550	1
32553	2
32554	4
32632	1
32638	1
32642	1
32644	1
32648	4
32650	14
32652	3
32655	1
32656	7
32658	4
32660	4
32661	1
32662	9
32664	7
32702	2
32704	14
32706	6
32709	2
32710	10
32712	5
32716	8
32718	8
32719	2
32720	1
32722	4
32725	6
32726	2
32728	3
32729	3
32730	5
32731	1
32733	3
32734	1
32735	3
32736	3
32739	3
32743	7
32749	3
32753	1
32755	5
32760	7
32761	8
32765	1
32766	5
32767	2
32772	4
32773	1
32775	4
32776	1
32778	5
32779	1
32781	4
32782	1
32784	3
32787	6
32788	3
32790	1
32792	3
32793	1
32795	4
32797	2
32798	7
32799	4
32800	2
32801	8
32802	4
32803	6
32805	2
32806	4
32807	4
32808	3
32821	2
32828	5
32830	1
32831	4
32833	2
32834	5
32837	5
32839	2
32840	3
32843	3
32852	3
32864	4
32885	2
32886	1
32888	1
32917	2
32918	3
32919	5
32920	1
32928	5
32989	2
32990	2
32991	4
32992	3
32994	3
32997	1
33000	2
33007	6
33008	3
33012	4
33055	6
33056	10
33061	6
33063	10
33065	4
33069	10
33073	2
33074	2
33083	1
33084	2
33086	1
33087	1
33089	12
33107	2
33123	4
33124	5
33134	2
33135	2
33138	1
33139	5
33145	5
33151	5
33169	2
33174	4
33175	5
33177	2
33180	9
33181	5
33186	10
33188	2
33194	6
33217	1
33218	3
33219	3
33220	3
33221	5
33223	5
33224	5
33225	6
33226	3
33227	6
33230	2
33231	4
33232	4
33233	5
33236	8
33242	12
33244	1
33245	5
33248	30
33251	2
33260	1
33261	3
33263	2
33264	1
33265	3
33267	1
33268	2
33269	2
33271	5
33274	2
33275	4
33276	2
33313	1
33315	8
33319	5
33320	1
33321	3
33323	1
33324	1
33327	4
33329	4
33391	1
33394	2
33397	1
33399	1
33404	1
33415	4
33417	3
33418	2
33425	1
33426	1
33430	3
33431	2
33475	5
33477	4
33479	2
33481	6
33483	6
33485	4
33487	5
33489	5
33491	4
33633	1
33635	1
33636	2
33638	2
33640	2
33641	1
33642	4
33644	5
33648	4
33691	2
33692	3
33693	3
33695	2
33696	3
33715	5
33721	2
33732	2
33733	2
33734	8
33735	5
33737	1
33738	3
33739	4
33754	2
33756	7
33757	5
33758	6
33759	7
33760	2
33761	2
33762	5
33766	2
33768	2
33849	6
33852	4
33855	8
33858	4
33861	1
33872	1
33873	6
33874	6
33876	2
33877	7
33879	7
33880	2
33881	2
33882	2
33955	2
33960	2
33988	2
33997	4
34001	2
34009	7
34034	2
34035	3
34036	3
34051	2
34052	3
34054	2
34055	3
34056	3
34058	3
34059	1
34061	3
34062	3
34064	4
34065	3
34067	3
34068	14
34076	2
34093	2
34095	8
34097	8
34098	2
34099	2
34100	3
34101	2
34102	3
34103	4
34104	4
34105	3
34106	1
34111	2
34114	2
34115	1
34116	8
34166	3
34167	4
34172	1
34173	2
34174	2
34175	2
34186	2
34187	2
34190	3
34195	3
34196	2
34202	2
34204	10
34220	2
34223	2
34224	8
34235	5
34240	2
34242	1
34243	2
34245	1
34251	3
34253	5
34255	6
34256	2
34257	13
34258	9
34259	4
34260	3
34291	1
34292	5
34294	8
34298	2
34300	6
34305	1
34316	11
34317	3
34318	2
34319	7
34329	2
34357	2
34358	3
34360	2
34361	2
34362	1
34375	5
34376	4
34380	3
34382	2
34403	3
34408	1
34409	2
34410	1
34411	2
34412	4
34423	1
34424	2
34425	2
34427	1
34441	14
34442	2
34443	5
34444	9
34445	4
34446	4
34466	2
34469	1
34471	2
34479	2
34480	2
34489	2
34491	2
34492	3
34493	2
34494	5
34495	3
34497	1
34499	3
34501	1
34506	1
34507	1
34509	1
34510	1
34511	5
34513	4
34515	4
34516	3
34517	2
34518	2
34521	2
34522	2
34524	8
34531	3
34533	3
34536	3
34585	3
34586	4
34589	2
34597	1
34599	1
34600	1
34601	2
34602	1
34604	2
34607	6
34621	2
34625	8
34690	3
34692	2
34701	9
34702	5
34703	2
34707	4
34709	4
34728	3
34741	6
34742	4
34743	8
34744	8
34760	7
34767	1
34769	1
34770	4
34772	2
34774	4
34775	8
34795	2
34825	4
34826	2
34843	2
34845	4
34848	5
34869	3
34874	2
34876	8
34889	5
34900	2
34902	5
34951	1
34963	4
34964	2
34966	5
34967	2
34968	6
34972	4
34974	4
34975	7
34977	2
34978	3
34979	4
34980	7
34985	1
34991	2
34992	5
34993	3
34996	2
34998	3
35013	1
35014	5
35018	1
35019	1
35021	2
35022	6
35023	2
35028	2
35036	3
35103	2
35105	4
35106	1
35107	2
35113	3
35116	2
35119	6
35120	7
35131	7
35132	2
35134	2
35137	4
35138	2
35140	2
35141	3
35142	1
35143	2
35145	4
35147	2
35168	10
35169	2
35170	1
35172	2
35183	3
35184	3
35221	1
35223	1
35224	2
35225	2
35226	1
35227	6
35228	6
35230	1
35294	1
35301	4
35305	3
35306	4
35308	6
35311	11
35312	3
35314	8
35316	6
35317	4
35318	2
35320	8
35322	4
35323	1
35326	1
35327	1
35328	3
35329	1
35331	2
35338	7
35351	2
35353	4
35355	1
35356	2
35357	3
35358	4
35368	3
35369	1
35395	9
35396	6
35400	2
35415	1
35417	2
35428	4
35429	7
35430	1
35442	1
35455	4
35456	5
35457	12
35458	7
35459	4
35460	5
35461	2
35467	3
35468	5
35469	12
35470	5
35471	5
35472	4
35485	1
35486	6
35488	2
35495	2
35500	2
35501	1
35504	2
35510	2
35516	4
35517	1
35523	7
35524	6
35525	4
35526	3
35534	1
35537	4
35538	3
35540	3
35541	1
35542	1
35543	1
35557	4
35560	1
35562	3
35567	1
35568	2
35569	1
35572	2
35575	1
35577	2
35579	2
35580	2
35629	6
35630	2
35631	5
35633	1
35634	2
35672	12
35673	2
35674	2
35675	5
35678	1
35680	38
35682	1
35683	2
35686	8
35701	3
35702	4
35703	3
35704	1
35705	3
35706	4
35707	2
35708	4
35709	1
35710	2
35711	5
35712	2
35717	6
35718	4
35780	5
35781	3
35782	2
35785	6
35786	1
35788	2
35803	3
35804	1
35807	1
35808	2
35815	3
35816	2
35821	2
35822	3
35827	1
35828	5
35851	1
35852	5
35854	4
35855	16
35858	5
35861	3
35862	2
35863	4
35864	6
35866	2
35867	4
35868	2
35878	3
35884	1
35890	1
35895	1
35905	1
35907	2
35908	3
35909	1
35910	2
35912	2
35915	1
35918	1
35923	1
35928	4
35972	2
35973	2
35974	1
35975	1
35976	2
35978	2
35980	1
35982	3
35984	1
35985	4
35986	2
35988	2
35989	1
35990	1
35995	1
36010	6
36037	2
36038	2
36039	2
36042	5
36045	4
36046	2
36047	6
36048	2
36056	2
36067	1
36068	4
36070	2
36122	5
36125	2
36126	4
36127	3
36128	3
36129	6
36130	2
36131	3
36132	5
36133	1
36134	1
36135	7
36136	1
36137	4
36144	2
36154	2
36187	5
36188	2
36189	10
36191	3
36197	4
36201	5
36203	8
36204	3
36205	8
36209	2
36296	2
36301	3
36305	3
36306	2
36307	1
36308	1
36309	2
36311	9
36313	2
36314	6
36317	10
36318	1
36367	1
36372	2
36373	3
36374	2
36376	9
36377	12
36379	5
36380	6
36382	11
36383	1
36385	9
36386	6
36388	16
36389	1
36391	3
36392	12
36393	8
36395	6
36397	8
36398	20
36399	10
36403	4
36404	11
36405	10
36407	1
36409	3
36415	6
36421	6
36429	2
36435	1
36441	3
36448	5
36449	5
36450	2
36458	1
36459	2
36460	2
36461	3
36462	2
36473	2
36474	3
36488	1
36508	2
36510	1
36520	5
36536	2
36538	3
36540	2
36546	3
36558	2
36590	6
36593	2
36601	1
36602	10
36605	2
36607	1
36608	2
36609	4
36610	7
36611	7
36612	23
36618	4
36620	1
36632	3
36635	1
36679	2
36687	2
36728	2
36740	2
36746	3
36747	3
36752	1
36755	3
36756	1
36761	4
36764	1
36767	2
36768	4
36773	4
36774	1
36811	2
36812	4
36814	8
36817	3
36819	3
36822	5
36823	4
36827	5
36828	2
36830	1
36832	1
36836	4
36838	4
36844	6
36847	5
36849	4
36850	2
36881	2
36889	1
36890	1
36895	1
36896	4
36897	1
36898	1
36900	1
36901	2
36902	4
36904	11
36906	1
36907	2
36908	1
36910	1
36913	1
36916	2
36917	1
36919	2
36920	1
36922	1
36923	1
36928	2
36934	4
36940	2
36981	1
36983	3
36991	1
36992	2
36993	10
36994	2
36995	10
36996	2
36999	1
37005	3
37011	6
37013	12
37016	3
37020	6
37022	4
37026	4
37028	5
37032	4
37059	2
37075	5
37077	1
37079	4
37081	3
37083	3
37085	2
37087	7
37091	5
37095	1
37097	1
37100	5
37101	7
37102	3
37147	5
37153	6
37159	6
37165	1
37168	1
37172	2
37173	1
37174	1
37177	1
37180	3
37273	3
37274	3
37275	10
37276	3
37277	5
37303	4
37309	4
37315	4
37339	6
37340	4
37341	6
37342	3
37343	10
37345	18
37347	12
37370	5
37371	4
37372	5
37373	2
37376	2
37377	5
37378	5
37379	4
37380	3
37399	8
37400	10
37401	4
37403	4
37405	4
37406	8
37407	4
37408	10
37409	10
37513	3
37520	2
37532	3
37541	5
37549	1
37553	3
37554	1
37561	2
37562	5
37567	5
37568	2
37569	2
37571	4
37634	4
37640	2
37651	1
37675	2
37679	1
37680	1
37694	2
37698	2
37712	3
37715	2
37735	4
37737	1
37756	3
37757	2
37777	1
37813	3
37815	5
37816	1
37819	4
37846	3
37864	8
37866	5
37874	8
37876	2
37880	7
37916	2
37921	3
37928	2
37933	7
37935	5
37943	5
37950	8
37953	6
37957	1
37960	1
37961	2
37962	1
37972	2
37977	1
37979	3
37989	2
37990	1
37991	3
37992	2
38006	2
38007	1
38009	2
38015	1
38023	8
38025	3
38029	4
38038	1
38041	1
38077	1
38089	6
38090	1
38091	1
38093	4
38094	1
38116	4
38117	7
38118	6
38128	3
38131	1
38132	2
38133	2
38143	1
38146	1
38147	1
38157	3
38158	2
38159	2
38160	4
38167	3
38169	7
38170	2
38191	3
38193	1
38194	1
38202	2
38203	3
38209	3
38211	2
38214	3
38215	6
38217	7
38219	4
38235	2
38242	2
38277	2
38278	3
38279	1
38280	2
38299	4
38306	1
38312	8
38330	2
38333	2
38335	3
38338	1
38382	2
38385	3
38386	3
38388	4
38389	3
38390	4
38393	4
38396	3
38399	2
38404	2
38406	1
38415	4
38421	1
38422	1
38424	5
38432	1
38433	2
38435	2
38439	6
38440	8
38442	1
38451	1
38454	1
38466	1
38486	3
38513	3
38528	2
38529	4
38531	4
38532	3
38540	3
38542	1
38543	3
38544	5
38545	5
38556	1
38558	2
38562	2
38583	2
38585	5
38586	3
38595	1
38597	7
38602	1
38642	2
38653	3
38678	4
38686	2
38689	4
38701	1
38743	3
38745	3
38761	3
38763	1
38764	1
38778	9
38793	3
38794	3
38796	2
38805	5
38807	4
38808	1
38809	3
38811	5
38815	1
38816	2
38820	2
38822	2
38826	1
38827	2
38828	3
38851	1
38881	2
38882	1
38883	3
38885	8
38887	1
38888	1
38889	1
38890	1
38891	4
38892	3
38899	2
38900	3
38905	2
38906	2
38912	4
38913	3
38923	4
38924	2
38940	2
38983	6
38986	5
38987	2
38988	3
38996	2
39006	2
39010	1
39012	1
39013	1
39043	4
39044	1
39045	7
39046	3
39047	5
39048	3
39050	7
39051	3
39052	5
39053	5
39054	6
39055	7
39056	4
39057	3
39058	3
39059	8
39060	3
39079	2
39080	4
39081	4
39082	6
39091	1
39092	4
39098	8
39099	8
39101	1
39103	2
39104	1
39108	4
39110	2
39113	1
39115	7
39118	3
39120	4
39122	2
39123	1
39125	4
39179	5
39195	3
39202	2
39203	2
39208	6
39210	2
39211	3
39212	2
39213	1
39215	1
39218	7
39219	1
39220	4
39221	6
39222	5
39235	2
39245	2
39249	1
39251	1
39253	4
39254	1
39255	4
39257	6
39258	2
39277	1
39280	4
39281	1
39282	2
39296	2
39310	1
39323	1
39334	2
39356	6
39358	6
39360	4
39373	5
39374	2
39375	2
39376	1
39377	4
39378	8
39383	7
39397	4
39408	4
39433	3
39434	3
39435	1
39445	1
39447	2
39448	1
39452	1
39453	2
39454	1
39457	2
39458	1
39459	1
39460	2
39464	3
39501	4
39502	4
39504	3
39507	2
39508	5
39510	2
39513	2
39514	4
39516	1
39520	7
39524	5
39530	2
39532	5
39535	5
39543	4
39544	8
39546	5
39548	5
39568	1
39574	2
39580	1
39625	3
39627	2
39629	2
39630	2
39729	5
39730	12
39741	8
39742	9
39791	8
39792	4
39793	4
39796	8
39801	12
39802	6
39803	1
39808	9
39815	5
39816	3
39818	1
39821	3
39822	2
39862	3
39863	10
39864	6
39865	2
39867	4
39869	2
39870	4
39874	3
39884	3
39890	5
39897	2
39943	4
39947	5
39955	5
39959	6
39967	2
39971	7
39989	1
39999	5
40000	2
40007	3
40012	1
40013	1
40014	1
40017	3
40100	3
40117	4
40119	3
40135	2
40137	2
40195	2
40196	1
40197	3
40199	4
40201	1
40202	3
40203	2
40205	2
40207	1
40208	1
40209	1
40210	1
40213	1
40214	1
40215	1
40216	1
40218	1
40219	7
40220	1
40225	3
40227	1
40231	1
40232	1
40233	4
40235	1
40237	4
40238	1
40245	6
40247	2
40249	1
40250	1
40251	2
40255	7
40256	2
40258	2
40260	2
40277	4
40278	1
40279	2
40283	4
40284	1
40286	3
40289	5
40291	1
40292	1
40293	2
40294	3
40296	1
40299	2
40300	3
40301	1
40302	2
40304	1
40306	5
40309	4
40310	2
40311	3
40315	2
40316	3
40317	4
40321	4
40322	4
40323	8
40327	4
40328	2
40331	3
40332	4
40333	5
40334	2
40335	1
40336	4
40337	5
40338	2
40339	2
40340	1
40341	2
40342	6
40343	4
40344	2
40345	8
40346	4
40349	10
40351	10
40352	6
40355	4
40411	2
40433	3
40437	2
40444	3
40450	1
40451	1
40455	1
40456	1
40457	1
40461	1
40462	1
40463	1
40474	4
40475	2
40476	1
40483	2
40486	2
40487	3
40495	2
40496	9
40497	4
40500	2
40510	5
40511	3
40520	1
40522	3
40523	1
40537	1
40539	3
40540	7
40541	1
40547	3
40557	2
40558	2
40569	2
40579	1
40580	3
40581	2
40582	3
40584	1
40607	7
40705	5
40706	3
40713	11
40721	1
40725	2
40759	1
40812	1
40825	2
40832	2
40833	2
40835	1
40836	4
40837	2
40842	4
40849	2
40851	2
40852	10
40853	1
40856	3
40857	2
40897	3
40898	4
40925	5
40935	5
40937	5
40949	3
41006	3
41007	2
41009	5
41012	5
41018	2
41021	4
41060	3
41061	3
41071	6
41073	1
41074	1
41075	3
41085	2
41089	1
41090	3
41091	2
41092	5
41093	1
41094	4
41105	2
41114	4
41117	4
41180	2
41181	2
41183	10
41184	2
41191	2
41193	1
41196	1
41206	12
41211	2
41216	3
41217	2
41218	1
41225	5
41226	5
41227	4
41232	4
41235	1
41237	2
41239	1
41241	2
41312	2
41314	1
41315	3
41329	4
41333	2
41335	6
41337	3
41340	3
41341	3
41345	1
41346	3
41347	2
41349	1
41396	1
41397	4
41401	1
41404	14
41406	3
41408	1
41409	8
41411	2
41415	1
41417	4
41420	2
41421	10
41422	1
41423	1
41424	1
41430	2
41441	2
41442	4
41443	4
41448	2
41461	2
41462	5
41464	3
41466	6
41476	3
41479	1
41480	1
41484	2
41485	1
41486	1
41510	2
41512	3
41515	8
41519	1
41522	7
41545	18
41548	7
41578	2
41580	2
41599	4
41603	4
41642	4
41643	6
41645	5
41648	3
41649	2
41650	8
41651	3
41652	3
41664	2
41699	4
41703	1
41704	1
41705	2
41706	1
41713	6
41714	2
41717	6
41727	1
41732	1
41736	4
41739	2
41740	1
41741	10
41742	3
41743	3
41744	4
41747	2
41761	2
41781	2
41782	5
41783	6
41784	10
41803	2
41807	1
41809	3
41811	3
41812	4
41813	1
41814	2
41879	4
41887	2
41888	3
41893	3
41898	2
41938	2
41940	4
41942	5
41948	3
41953	16
41954	10
41955	5
41957	3
41959	6
41965	6
41966	1
41967	2
41974	3
42007	2
42008	4
42009	5
42010	6
42011	5
42012	5
42013	2
42014	3
42015	3
42016	3
42017	2
42018	4
42019	3
42020	4
42021	2
42022	5
42023	2
42024	5
42031	3
42033	3
42034	3
42046	2
42049	5
42088	1
42114	2
42119	1
42120	3
42126	2
42129	2
42133	1
42135	3
42155	8
42193	6
42199	3
42205	3
42247	2
42248	7
42250	6
42251	1
42278	6
42279	3
42281	4
42285	2
42286	2
42290	3
42306	1
42350	1
42353	1
42359	4
42362	1
42363	4
42365	1
42373	3
42385	2
42386	5
42387	1
42388	4
42389	2
42390	6
42394	4
42395	4
42396	2
42397	3
42401	1
42417	2
42418	2
42424	3
42429	1
42431	1
42432	1
42435	3
42437	2
42438	3
42441	1
42443	1
42444	1
42451	1
42456	4
42463	3
42464	1
42468	5
42469	18
42471	5
42473	4
42475	1
42476	4
42477	2
42478	3
42479	8
42480	1
42501	2
42518	10
42528	3
42529	10
42533	2
42535	8
42537	2
42539	3
42541	7
42543	2
42547	8
42549	2
42551	3
42562	2
42564	1
42567	1
42568	2
42574	1
42576	2
42592	2
42608	1
42610	2
42612	2
42629	1
42649	2
42655	2
42661	1
42664	4
42666	6
42667	2
42670	2
42672	8
42673	1
42676	6
42678	4
42689	4
42692	1
42694	1
42696	1
42697	4
42700	3
42701	3
42703	4
42705	3
42712	2
42716	1
42717	1
42718	1
42739	2
42740	5
42742	2
42747	2
42805	2
42806	1
42808	3
42809	1
42811	4
42812	3
42814	7
42829	1
42833	2
42837	1
42843	1
42873	2
42877	2
42879	5
42882	1
42888	1
42894	5
42904	3
42906	1
42913	8
42915	12
42916	4
42917	1
42918	4
42921	1
42947	1
42970	8
42976	1
42978	1
42979	16
42982	2
42985	4
42988	1
42992	2
43001	8
43007	10
43013	14
43025	1
43094	2
43097	2
43100	2
43103	2
43106	1
43137	4
43138	1
43139	1
43143	2
43149	2
43150	1
43151	1
43152	1
43217	2
43229	1
43240	3
43243	4
43245	8
43246	4
43247	4
43249	4
43250	12
43251	4
43252	6
43253	10
43273	1
43274	3
43276	5
43277	1
43295	5
43316	1
43317	2
43318	1
43319	1
43322	1
43323	2
43325	1
43328	4
43329	1
43330	1
43342	2
43346	1
43347	5
43348	7
43350	2
43356	3
43357	1
43358	2
43359	2
43388	2
43390	8
43391	9
43394	3
43396	16
43397	7
43398	5
43400	2
43402	19
43403	8
43411	1
43413	2
43414	3
43416	2
43418	2
43422	3
43441	1
43442	2
43444	6
43450	4
43452	6
43458	1
43464	1
43489	3
43491	5
43493	3
43495	8
43497	5
43499	5
43501	8
43503	8
43505	5
43507	2
43509	3
43513	2
43515	2
43519	1
43520	1
43521	2
43523	1
43526	1
43538	4
43542	6
43550	6
43551	2
43553	4
43554	6
43562	3
43566	4
43604	1
43605	2
43610	1
43611	1
43618	1
43625	1
43628	3
43630	3
43634	3
43640	20
43733	1
43738	1
43739	1
43767	8
43771	2
43772	1
43774	1
43776	1
43777	2
43778	1
43780	2
43783	3
43784	1
43786	2
43788	1
43813	1
43819	7
43821	3
43823	2
43824	2
43855	5
43856	6
43858	6
43867	12
43868	2
43869	5
43870	5
43871	6
43872	3
43898	20
43900	2
43901	4
43904	20
43906	1
43907	2
43910	30
43913	2
44077	3
44078	1
44080	14
44081	1
44084	3
44085	1
44102	2
44103	3
44104	1
44108	2
44110	9
44111	4
44112	4
44191	2
44192	2
44196	5
44198	6
44199	1
44200	4
44202	3
44203	1
44204	1
44205	3
44206	1
44208	4
44263	2
44264	2
44266	7
44267	1
44268	4
44433	1
44438	1
44451	1
44456	1
44457	1
44462	1
44463	2
44464	1
45387	4
45388	7
45389	6
45404	2
45405	3
45407	1
45408	1
45409	1
45410	1
45411	1
45415	3
45416	5
45549	11
45550	1
45551	5
45552	2
45555	9
45557	3
45561	10
45563	3
45565	2
45566	1
45567	2
45569	3
45571	3
45572	2
45573	5
45577	2
45579	7
