ObservationID	SubLocationID	Count
146055	5889	0
146055	5890	3
146055	5891	1
146055	5892	0
146055	5893	1
146055	5894	0
146063	6130	4
146063	6131	0
146063	6132	0
146063	6133	0
146063	6134	0
146063	6135	0
146083	6130	4
146083	6131	0
146083	6132	0
146083	6133	0
146083	6134	0
146083	6135	0
146203	6130	0
146203	6131	0
146203	6132	0
146203	6133	0
146203	6134	0
146203	6135	0
146218	6130	0
146218	6131	0
146218	6132	0
146218	6133	0
146218	6134	0
146218	6135	0
146221	5889	1
146221	5890	0
146221	5891	0
146221	5892	7
146221	5893	3
146221	5894	0
146258	5889	1
146258	5890	0
146258	5891	2
146258	5892	1
146258	5893	0
146258	5894	0
146350	6112	0
146350	6113	0
146350	6114	0
146350	6115	0
146350	6116	0
146350	6117	0
146518	3575	2
146518	3576	20
146518	3577	16
146518	3578	0
146518	3579	0
146518	3580	1
146519	3575	0
146519	3576	0
146519	3577	1
146519	3578	0
146519	3579	0
146519	3580	2
146520	3575	0
146520	3576	0
146520	3577	5
146520	3578	1
146520	3579	0
146520	3580	0
146632	3497	0
146632	3498	0
146632	3499	0
146632	3500	0
146632	3501	0
146632	3502	0
146747	4504	0
146747	4505	2000
146747	4506	0
146747	4507	0
146748	4504	0
146748	4505	2000
146748	4506	0
146748	4507	0
146749	4504	0
146749	4505	2000
146749	4506	0
146749	4507	0
146797	3497	0
146797	3498	0
146797	3499	0
146797	3500	0
146797	3501	0
146797	3502	0
146820	3497	0
146820	3498	100
146820	3499	4
146820	3500	0
146820	3501	15
146820	3502	0
146837	5361	0
146837	5362	0
146837	5363	0
146837	5364	0
146837	5365	0
146837	5366	0
146838	5361	11
146838	5362	2
146838	5363	34
146838	5364	0
146838	5365	1
146838	5366	1
146839	5361	3
146839	5362	2
146839	5363	0
146839	5364	0
146839	5365	0
146839	5366	0
146841	5303	0
146841	5304	0
146841	5305	0
146841	5306	0
146841	5307	0
146841	5308	1
146842	5303	2
146842	5304	0
146842	5305	0
146842	5306	1
146842	5307	0
146842	5308	0
146843	5303	1
146843	5304	0
146843	5305	0
146843	5306	1
146843	5307	0
146843	5308	0
147303	3575	0
147303	3576	0
147303	3577	0
147303	3578	0
147303	3579	0
147303	3580	0
147304	3575	0
147304	3576	0
147304	3577	0
147304	3578	0
147304	3579	0
147304	3580	0
147305	3575	0
147305	3576	0
147305	3577	0
147305	3578	0
147305	3579	0
147305	3580	0
147332	7267	0
147332	7268	0
147332	7269	0
147332	7270	0
147332	7271	0
147332	7272	0
147334	7267	0
147334	7268	0
147334	7269	0
147334	7270	0
147334	7271	0
147334	7272	0
147335	7267	0
147335	7268	0
147335	7269	0
147335	7270	1
147335	7271	1
147335	7272	4
147878	4526	0
147878	4527	0
147878	4528	0
147878	4529	0
147878	4530	0
147878	4531	0
147880	4526	0
147880	4528	0
147880	4529	0
147880	4530	0
147880	4531	0
148337	4795	0
148337	4796	0
148337	4797	0
148337	4798	0
148337	4799	0
148337	4800	0
148338	4795	0
148338	4796	0
148338	4797	0
148338	4798	1
148338	4799	0
148338	4800	2
148339	4795	0
148339	4796	0
148339	4797	0
148339	4798	0
148339	4799	0
148339	4800	0
148361	5901	0
148361	5902	0
148361	5903	0
148361	5904	0
148361	5905	0
148361	5906	0
148362	5901	0
148362	5902	0
148362	5903	0
148362	5904	0
148362	5905	0
148362	5906	0
148363	5901	0
148363	5902	0
148363	5903	0
148363	5904	0
148363	5905	0
148363	5906	2
148385	5781	0
148385	5782	0
148385	5783	0
148385	5784	0
148385	5785	0
148385	5786	0
148433	4795	0
148433	4796	2
148433	4797	0
148433	4798	0
148433	4799	0
148433	4800	0
148434	5781	0
148434	5782	0
148434	5783	0
148434	5784	2
148434	5785	0
148434	5786	0
148435	5781	0
148435	5782	0
148435	5783	0
148435	5784	0
148435	5785	0
148435	5786	0
148515	4526	0
148515	4527	0
148515	4528	0
148515	4529	0
148515	4530	0
148515	4531	0
148516	4526	0
148516	4528	0
148516	4529	0
148516	4530	0
148516	4531	0
148518	4526	0
148518	4528	0
148518	4529	0
148518	4530	0
148518	4531	0
148651	4366	0
148651	4367	0
148651	4368	0
148651	4369	0
148651	4370	0
148651	4371	0
148652	4366	0
148652	4367	0
148652	4368	0
148652	4369	0
148652	4370	0
148652	4371	0
148653	4366	0
148653	4367	0
148653	4368	1
148653	4369	0
148653	4370	0
148653	4371	2
151440	6382	0
151440	6383	0
151440	6384	0
151440	6385	0
151440	6386	0
151440	6387	0
151464	5823	0
151464	5824	0
151464	5825	0
151464	5826	0
151464	5827	0
151464	5828	0
151843	5303	2
151843	5304	0
151843	5305	0
151843	5306	1
151843	5307	0
151843	5308	0
151848	6382	0
151848	6383	0
151848	6384	0
151848	6385	0
151848	6386	0
151848	6387	0
151849	3497	0
151849	3498	0
151849	3499	0
151849	3500	0
151849	3501	0
151849	3502	0
151850	3497	0
151850	3498	0
151850	3499	0
151850	3500	0
151850	3501	0
151850	3502	0
151884	4706	0
151884	4707	0
151884	4708	0
151884	4709	0
151884	4710	0
151884	4711	0
152084	4706	0
152084	4707	0
152084	4708	0
152084	4709	0
152084	4710	2
152084	4711	0
152291	4706	0
152291	4707	0
152291	4708	0
152291	4709	0
152291	4710	0
152291	4711	0
152365	5865	0
152365	5866	1
152365	5867	6
152365	5868	6
152365	5869	39
152365	5870	0
152366	5865	0
152366	5866	0
152366	5867	0
152366	5868	14
152366	5869	2
152366	5870	0
152367	5865	1
152367	5866	0
152367	5867	0
152367	5868	0
152367	5869	2
152367	5870	1
152421	2586	1
152421	2587	0
152421	2588	0
152421	2589	0
152421	2590	0
152421	2591	0
152432	2586	0
152432	2587	0
152432	2588	0
152432	2589	0
152432	2590	0
152432	2591	0
152637	2586	1
152637	2587	0
152637	2588	0
152637	2589	0
152637	2590	0
152637	2591	0
152638	2586	0
152638	2587	0
152638	2588	0
152638	2589	0
152638	2590	0
152638	2591	0
152706	5865	0
152706	5866	0
152706	5867	0
152706	5868	14
152706	5869	2
152706	5870	0
152707	5865	0
152707	5866	1
152707	5867	6
152707	5868	6
152707	5869	39
152707	5870	0
152708	5865	1
152708	5866	0
152708	5867	0
152708	5868	0
152708	5869	2
152708	5870	1
152709	5901	0
152709	5902	0
152709	5903	0
152709	5904	0
152709	5905	0
152709	5906	0
152710	5901	0
152710	5902	0
152710	5903	0
152710	5904	0
152710	5905	0
152710	5906	0
152711	5901	0
152711	5902	0
152711	5903	0
152711	5904	0
152711	5905	0
152711	5906	2
153048	4795	0
153048	4796	0
153048	4797	0
153048	4798	0
153048	4799	0
153048	4800	0
153049	4795	0
153049	4796	0
153049	4797	0
153049	4798	1
153049	4799	0
153049	4800	2
153050	4795	0
153050	4796	0
153050	4797	0
153050	4798	0
153050	4799	0
153050	4800	0
153069	4706	0
153069	4707	0
153069	4708	0
153069	4709	0
153069	4710	0
153069	4711	0
153070	4706	0
153070	4707	0
153070	4708	0
153070	4709	0
153070	4710	2
153070	4711	0
153072	4706	0
153072	4707	0
153072	4708	0
153072	4709	0
153072	4710	0
153072	4711	0
153097	5781	0
153097	5782	0
153097	5783	0
153097	5784	2
153097	5785	0
153097	5786	0
153098	5781	0
153098	5782	0
153098	5783	0
153098	5784	0
153098	5785	0
153098	5786	0
153302	4366	0
153302	4367	0
153302	4368	0
153302	4369	0
153302	4370	0
153302	4371	0
153303	4366	0
153303	4367	0
153303	4368	0
153303	4369	0
153303	4370	0
153303	4371	0
153304	4366	0
153304	4367	0
153304	4368	1
153304	4369	0
153304	4370	0
153304	4371	2
153352	7267	0
153352	7268	0
153352	7269	0
153352	7270	0
153352	7271	0
153352	7272	0
153353	7267	0
153353	7268	0
153353	7269	0
153353	7270	0
153353	7271	0
153353	7272	0
153354	7267	0
153354	7268	0
153354	7269	0
153354	7270	1
153354	7271	1
153354	7272	4
153371	5303	0
153371	5304	0
153371	5305	0
153371	5306	0
153371	5307	0
153371	5308	1
153398	5823	0
153398	5824	0
153398	5825	0
153398	5826	0
153398	5827	0
153398	5828	0
155082	6130	1
155082	6131	0
155082	6132	0
155082	6133	0
155082	6134	0
155082	6135	0
155266	6130	0
155266	6131	0
155266	6132	0
155266	6133	0
155266	6134	0
155266	6135	0
155664	6130	0
155664	6131	0
155664	6132	12
155664	6133	0
155664	6134	0
155664	6135	0
156636	6130	0
156636	6131	0
156636	6132	0
156636	6133	0
156636	6134	0
156636	6135	0
156637	6130	0
156637	6131	0
156637	6132	0
156637	6133	0
156637	6134	0
156637	6135	0
156638	6130	0
156638	6131	0
156638	6132	0
156638	6133	0
156638	6134	0
156638	6135	0
156749	5303	1
156749	5304	0
156749	5305	0
156749	5306	2
156749	5307	0
156749	5308	0
156750	5361	41
156750	5362	0
156750	5363	2
156750	5364	0
156750	5365	0
156750	5366	0
156768	3575	2
156768	3576	0
156768	3577	13
156768	3578	0
156768	3579	0
156768	3580	0
156769	3575	0
156769	3576	10
156769	3577	0
156769	3578	0
156769	3579	0
156769	3580	0
156772	3575	5
156772	3576	0
156772	3577	20
156772	3578	0
156772	3579	0
156772	3580	0
156806	3575	0
156806	3576	0
156806	3577	0
156806	3578	0
156806	3579	0
156806	3580	0
156807	3575	0
156807	3576	0
156807	3577	0
156807	3578	0
156807	3579	0
156807	3580	0
156808	3575	0
156808	3576	0
156808	3577	0
156808	3578	0
156808	3579	0
156808	3580	0
156852	6112	0
156852	6113	0
156852	6114	0
156852	6115	5
156852	6116	36
156852	6117	20
157177	5889	1
157177	5890	0
157177	5891	0
157177	5892	0
157177	5893	0
157177	5894	2
157178	5889	6
157178	5890	0
157178	5891	0
157178	5892	0
157178	5893	3
157178	5894	0
157179	5889	9
157179	5890	1
157179	5891	0
157179	5892	4
157179	5893	1
157179	5894	2
157370	7267	0
157370	7268	0
157370	7269	0
157370	7270	0
157370	7271	0
157370	7272	0
157391	4366	0
157391	4367	20
157391	4368	0
157391	4369	0
157391	4371	0
157413	5823	7
157413	5824	4
157413	5825	0
157413	5826	2
157413	5827	6
157413	5828	0
157414	6382	0
157414	6383	0
157414	6384	0
157414	6385	0
157414	6386	0
157414	6387	0
157417	4504	0
157417	4505	800
157417	4506	0
157417	4507	0
157418	4504	0
157418	4505	0
157418	4506	0
157418	4507	0
157446	4366	0
157446	4367	0
157446	4368	0
157446	4369	30
157446	4370	30
157446	4371	0
157466	7267	0
157466	7268	0
157466	7269	0
157466	7270	11
157466	7271	0
157466	7272	18
157515	7267	0
157515	7268	0
157515	7269	0
157515	7270	1
157515	7271	0
157515	7272	0
157541	4526	0
157541	4527	0
157541	4528	0
157541	4529	0
157541	4530	0
157542	4526	0
157542	4528	0
157542	4529	0
157542	4530	0
157543	4526	0
157543	4527	0
157543	4528	0
157543	4529	0
157543	4530	1
158517	4795	0
158517	4796	0
158517	4797	0
158517	4798	0
158517	4799	0
158517	4800	0
158518	4795	0
158518	4796	0
158518	4797	0
158518	4798	0
158518	4799	0
158518	4800	0
158519	4795	0
158519	4796	0
158519	4797	0
158519	4798	0
158519	4799	0
158519	4800	0
158621	4366	0
158621	4367	0
158621	4368	0
158621	4369	0
158621	4371	0
159188	5901	0
159188	5902	0
159188	5903	0
159188	5904	0
159188	5905	0
159188	5906	0
159189	5901	0
159189	5902	0
159189	5903	0
159189	5904	0
159189	5905	0
159189	5906	0
159243	6382	5
159243	6383	2
159243	6384	3
159243	6385	5
159243	6386	0
159243	6387	0
159244	5823	4
159244	5824	0
159244	5825	2
159244	5826	2
159244	5827	2
159244	5828	0
159419	5865	0
159419	5866	0
159419	5867	2
159419	5868	3
159419	5869	0
159419	5870	1
159420	5865	2
159420	5866	8
159420	5867	1
159420	5868	0
159420	5869	0
159420	5870	1
159515	5865	2
159515	5866	1
159515	5867	0
159515	5868	1
159515	5869	1
159515	5870	0
159679	3857	0
159679	3858	0
159679	3859	0
159679	3860	0
159679	3861	0
159679	3862	0
159680	3857	0
159680	3858	4
159680	3859	0
159680	3860	0
159680	3861	0
159680	3862	1
159716	4706	0
159716	4707	0
159716	4708	0
159716	4709	0
159716	4710	0
159716	4711	0
159717	4706	0
159717	4707	0
159717	4708	0
159717	4709	0
159717	4710	0
159717	4711	0
159718	4706	0
159718	4707	1
159718	4708	0
159718	4709	0
159718	4710	0
159718	4711	0
159810	2586	1
159810	2587	1
159810	2588	0
159810	2589	2
159810	2590	3
159810	2591	2
159811	2586	1
159811	2587	0
159811	2588	1
159811	2589	2
159811	2590	1
159811	2591	2
159812	2586	0
159812	2587	0
159812	2588	0
159812	2589	0
159812	2590	0
159812	2591	0
159897	3857	0
159897	3858	0
159897	3859	0
159897	3860	0
159897	3861	0
159897	3862	0
160163	6130	0
160163	6131	0
160163	6132	0
160163	6133	0
160163	6134	0
160163	6135	0
160165	6130	0
160165	6131	0
160165	6132	0
160165	6133	0
160165	6134	0
160165	6135	0
160178	5889	0
160178	5890	0
160178	5891	0
160178	5892	0
160178	5893	0
160178	5894	0
160289	6130	0
160289	6131	0
160289	6132	0
160289	6133	0
160289	6134	0
160289	6135	0
160290	5889	0
160290	5890	0
160290	5891	2
160290	5892	0
160290	5893	0
160290	5894	1
160335	3497	16
160335	3498	15
160335	3499	5
160335	3500	18
160335	3501	15
160335	3502	12
160351	6130	0
160351	6131	0
160351	6132	0
160351	6133	0
160351	6134	0
160351	6135	0
160367	5889	0
160367	5890	0
160367	5891	0
160367	5892	0
160367	5893	0
160367	5894	0
160579	3575	0
160579	3576	0
160579	3577	0
160579	3578	0
160579	3579	0
160579	3580	0
160580	3575	0
160580	3576	0
160580	3577	0
160580	3578	0
160580	3579	0
160580	3580	0
160685	5781	0
160685	5782	0
160685	5783	0
160685	5784	0
160685	5785	0
160685	5786	0
160686	5781	0
160686	5782	0
160686	5783	0
160686	5784	2
160686	5785	0
160686	5786	0
160687	5781	0
160687	5782	0
160687	5783	0
160687	5784	0
160687	5785	0
160687	5786	0
160698	3857	0
160698	3858	0
160698	3859	0
160698	3860	0
160698	3861	0
160698	3862	0
160699	3857	0
160699	3858	0
160699	3859	0
160699	3860	0
160699	3861	0
160699	3862	0
160700	3857	0
160700	3858	0
160700	3859	0
160700	3860	0
160700	3861	0
160700	3862	5
160895	4366	0
160895	4367	0
160895	4368	0
160895	4369	0
160895	4370	0
160895	4371	0
160925	5823	2
160925	5824	7
160925	5825	0
160925	5826	0
160925	5827	0
160925	5828	10
160926	6382	2
160926	6383	1
160926	6384	15
160926	6385	0
160926	6386	2
160926	6387	0
161033	5901	0
161033	5902	0
161033	5903	0
161033	5904	0
161033	5905	0
161033	5906	0
161034	5901	0
161034	5902	0
161034	5903	0
161034	5904	0
161034	5905	0
161034	5906	0
161072	4366	0
161072	4367	0
161072	4368	28
161072	4369	0
161072	4370	1
161072	4371	0
161094	4366	0
161094	4367	0
161094	4368	28
161094	4369	0
161094	4370	1
161094	4371	0
161113	4526	0
161113	4528	0
161113	4529	0
161113	4530	1
161113	4531	4
161115	4526	0
161115	4528	0
161115	4529	0
161115	4530	0
161115	4531	4
161116	4526	0
161116	4528	0
161116	4529	0
161116	4530	0
161116	4531	0
161194	5901	0
161194	5902	0
161194	5903	0
161194	5904	0
161194	5905	1
161194	5906	0
161316	4795	0
161316	4796	0
161316	4797	0
161316	4798	0
161316	4799	0
161316	4800	0
161317	4795	2
161317	4796	2
161317	4797	0
161317	4798	0
161317	4799	2
161317	4800	3
161318	4795	0
161318	4796	0
161318	4797	0
161318	4798	0
161318	4799	0
161318	4800	0
161762	5865	0
161762	5866	0
161762	5867	0
161762	5868	25
161762	5869	0
161762	5870	0
161933	6112	0
161933	6113	0
161933	6115	0
161933	6116	127
161933	6117	0
