ObservationID	Count
163	0
164	0
165	0
166	0
167	0
168	0
169	0
170	0
171	0
172	0
173	0
174	0
175	0
176	0
177	0
178	0
179	0
180	0
385	0
386	0
387	0
388	0
389	0
390	0
391	0
392	0
393	0
394	0
395	0
396	0
397	0
398	0
399	0
400	0
401	0
402	0
409	0
410	0
411	0
412	1
413	0
414	0
421	0
422	0
423	0
424	0
425	0
426	0
433	0
434	0
435	0
436	0
437	0
438	0
1117	0
1118	0
1119	0
1120	0
1121	1
1122	0
1123	0
1124	0
1125	0
1126	0
1127	0
1128	0
1129	0
1130	0
1131	0
1132	0
1133	0
1134	0
1591	0
1592	0
1593	0
1594	0
1595	0
1596	0
1597	0
1598	0
1599	0
1600	0
1601	0
1602	0
1639	0
1640	0
1641	0
1642	0
1643	0
1644	0
1765	0
1766	0
1767	0
1768	0
1769	0
1770	0
2413	0
2414	0
2415	0
2416	0
2417	0
2418	0
2503	0
2504	0
2505	0
2506	0
2507	0
2508	0
2509	0
2510	0
2511	0
2512	0
2513	0
2514	0
2551	0
2552	0
2553	0
2554	0
2555	0
2556	0
2557	0
2558	0
2559	0
2560	0
2561	0
2562	0
2563	0
2564	0
2565	0
2566	0
2567	0
2568	0
2653	0
2654	0
2655	0
2656	0
2657	0
2658	1
2803	0
2804	0
2805	1
2806	0
2807	0
2808	0
3025	0
3026	0
3027	0
3028	0
3029	0
3030	0
3031	0
3032	0
3033	0
3034	0
3035	0
3036	0
3037	0
3038	1
3039	0
3040	0
3041	0
3042	0
3193	0
3194	0
3196	0
3197	0
3198	0
3199	0
3200	0
3202	0
3203	0
3204	0
3355	0
3356	0
3357	0
3358	0
3359	0
3360	0
3745	0
3746	0
3747	0
3748	0
3749	0
3750	0
3751	0
3752	0
3753	0
3754	0
3755	0
3756	0
4057	0
4058	0
4059	0
4060	0
4061	0
4062	0
4063	0
4064	0
4065	0
4066	0
4067	0
4068	0
4069	0
4070	0
4071	0
4072	0
4073	0
4074	1
4243	0
4244	0
4245	0
4246	0
4247	0
4248	0
4261	0
4262	0
4263	1
4264	0
4265	0
4266	0
4273	0
4274	0
4275	0
4276	0
4277	0
4278	0
4285	0
4286	0
4287	0
4288	0
4289	0
4290	0
4345	0
4346	0
4347	0
4348	0
4349	0
4350	0
4411	0
4412	0
4413	0
4414	0
4415	0
4416	0
4423	0
4424	0
4425	0
4426	1
4427	0
4428	0
4429	0
4430	0
4431	0
4432	0
4433	0
4434	0
4717	0
4718	0
4719	0
4720	0
4721	0
4722	0
6091	0
6092	0
6093	0
6094	0
6095	0
6096	0
6097	0
6098	0
6099	0
6100	0
6101	0
6102	0
6103	1
6104	0
6105	0
6106	0
6107	0
6108	0
6253	0
6254	0
6255	0
6256	0
6257	0
6258	0
6259	0
6260	0
6261	0
6262	0
6263	0
6264	0
6265	0
6266	0
6267	0
6268	0
6269	0
6270	0
7069	0
7070	0
7071	0
7072	0
7073	0
7074	0
7087	0
7088	0
7089	0
7090	0
7091	1
7092	0
7111	0
7112	0
7113	0
7114	0
7115	0
7116	0
7573	0
7574	0
7575	0
7576	0
7577	0
7578	0
8443	0
8444	0
8445	0
8446	0
8447	0
8448	0
8719	0
8720	0
8721	0
8722	0
8723	0
8724	1
8911	1
8912	0
8913	0
8914	0
8915	0
8916	0
10069	0
10070	0
10071	0
10072	0
10073	0
10074	0
10351	0
10352	0
10353	0
10354	0
10355	0
10356	0
10357	0
10358	0
10359	0
10360	0
10361	0
10362	0
10495	0
10496	0
10497	0
10498	0
10499	0
10500	0
10507	0
10508	0
10509	0
10510	0
10511	0
10512	0
10597	0
10598	0
10599	0
10600	0
10601	0
10602	0
10603	0
10604	0
10605	0
10606	0
10607	1
10608	0
10621	0
10622	0
10623	0
10624	0
10625	0
10626	0
10627	0
10628	0
10629	0
10630	0
10631	0
10632	0
14335	0
14336	1
14337	0
14338	0
14339	0
14340	0
14365	0
14366	0
14367	0
14368	0
14369	0
14370	0
14383	0
14384	0
14385	0
14386	0
14387	0
14388	0
14935	1
14936	0
14937	0
14938	0
14939	0
14940	0
14941	0
14942	0
14943	0
14944	0
14945	0
14946	0
14947	0
14948	0
14949	0
14950	0
14951	0
14952	0
14989	0
14990	0
14991	0
14992	0
14993	0
14994	0
15067	0
15068	0
15069	0
15070	0
15071	0
15072	0
15073	0
15074	0
15075	0
15076	0
15077	0
15078	0
15079	0
15080	0
15081	0
15082	0
15083	0
15084	0
15085	0
15086	0
15087	0
15088	0
15089	0
15090	0
15091	0
15092	0
15093	0
15094	0
15095	0
15096	1
15241	0
15242	0
15243	0
15244	0
15245	0
15246	0
15247	0
15248	0
15249	0
15250	0
15251	0
15252	0
15253	0
15254	0
15255	1
15256	0
15257	0
15258	0
15673	0
15674	0
15675	0
15676	0
15677	0
15678	0
15679	0
15680	0
15681	0
15682	0
15683	0
15684	0
15686	0
15687	0
15688	0
15689	0
15690	0
15787	0
15788	0
15789	0
15790	0
15791	0
15792	0
15793	0
15794	0
15795	0
15796	0
15797	0
15798	0
15805	0
15806	0
15807	0
15808	0
15809	0
15810	0
15931	0
15932	0
15933	0
15934	0
15935	0
15936	2
15979	0
15980	0
15981	0
15982	0
15983	0
15984	0
15985	0
15986	0
15987	0
15988	0
15989	0
15990	0
15991	0
15992	0
15993	0
15994	0
15995	0
15996	1
17545	0
17546	0
17547	0
17548	0
17549	0
17550	0
17569	0
17570	0
17571	0
17572	0
17573	0
17574	0
17575	0
17576	0
17577	0
17578	1
17579	0
17580	0
18001	0
18002	0
18003	0
18004	0
18005	1
18006	0
18007	0
18008	0
18009	0
18010	0
18011	1
18012	0
18013	0
18014	0
18015	0
18016	0
18017	0
18018	0
18055	0
18056	0
18057	0
18058	0
18059	0
18060	0
18073	0
18074	0
18075	0
18076	0
18077	0
18078	0
18097	0
18098	0
18099	0
18100	0
18101	0
18102	0
18127	0
18128	0
18129	0
18130	0
18131	0
18132	0
18133	0
18134	0
18135	0
18136	0
18137	0
18138	0
18139	0
18140	0
18141	0
18142	0
18143	0
18144	0
18805	0
18806	0
18807	0
18808	0
18809	1
18810	0
18811	0
18812	0
18813	0
18814	0
18815	0
18816	0
18817	0
18818	0
18819	0
18820	0
18821	0
18822	0
18835	0
18836	0
18837	0
18838	0
18839	0
18840	1
18841	0
18842	0
18843	0
18844	1
18845	0
18846	0
18997	0
18998	0
18999	0
19000	0
19001	0
19002	0
19003	0
19004	0
19005	0
19006	0
19007	0
19008	0
19009	0
19010	0
19011	0
19012	0
19013	0
19014	0
19357	0
19358	0
19359	0
19360	0
19361	0
19362	0
19363	0
19364	0
19365	0
19366	0
19367	0
19368	0
19369	0
19370	0
19371	0
19372	0
19373	0
19374	0
19375	0
19376	0
19377	0
19378	0
19379	0
19380	0
19381	0
19382	0
19383	0
19384	0
19385	0
19386	0
19387	0
19388	0
19389	0
19390	0
19391	0
19392	0
19543	0
19544	0
19545	0
19546	0
19547	0
19548	0
19555	0
19556	0
19557	0
19558	0
19559	0
19560	0
19561	0
19562	0
19563	0
19564	0
19565	0
19566	1
19591	0
19592	0
19593	0
19594	0
19595	0
19596	0
19597	0
19598	0
19599	0
19600	0
19601	0
19602	0
19603	0
19604	0
19605	0
19606	0
19607	0
19608	0
19609	0
19610	0
19611	0
19612	0
19613	0
19614	0
19615	0
19616	0
19617	0
19618	0
19619	0
19620	0
19621	0
19622	0
19623	0
19624	0
19625	0
19626	0
20029	0
20030	0
20031	0
20032	0
20033	0
20034	0
20047	0
20048	0
20049	0
20050	0
20051	0
20052	0
20905	0
20906	0
20907	0
20908	0
20909	0
20910	0
21073	0
21074	0
21075	0
21076	0
21077	0
21078	0
21085	0
21086	0
21087	0
21088	0
21089	0
21090	0
21097	0
21098	0
21099	0
21100	0
21101	0
21102	0
21235	0
21236	0
21237	0
21238	0
21239	0
21240	0
21241	0
21242	0
21243	0
21244	0
21245	0
21246	0
21247	0
21248	0
21249	0
21250	0
21251	0
21252	0
21271	0
21272	0
21273	0
21274	0
21275	0
21276	1
21277	0
21278	0
21279	0
21280	0
21281	0
21282	0
21283	0
21284	0
21285	0
21286	0
21287	1
21288	0
21613	0
21614	0
21615	0
21616	0
21617	0
21618	0
21619	1
21620	0
21621	0
21622	0
21623	0
21624	0
21625	0
21626	0
21627	0
21628	0
21629	0
21630	0
21631	0
21632	0
21633	0
21634	0
21635	0
21636	0
21637	0
21639	0
21640	0
21641	1
21642	0
21913	0
21914	0
21915	0
21916	0
21917	0
21918	0
22363	0
22364	0
22365	0
22366	0
22367	0
23677	0
23678	0
23679	0
23680	0
23681	0
23682	0
23803	0
23804	0
23805	0
23806	0
23807	0
23808	0
24247	0
24248	0
24249	0
24250	0
24251	0
24252	0
24283	0
24284	0
24285	0
24286	0
24287	0
24288	0
24301	0
24302	0
24303	0
24304	0
24305	0
24306	1
24391	0
24392	0
24393	0
24394	0
24395	0
24396	0
24895	0
24896	0
24897	0
24898	0
24899	0
24900	0
25387	0
25388	0
25389	0
25390	0
25391	0
25392	0
25393	0
25394	0
25395	0
25396	0
25397	1
25398	0
25639	0
25640	0
25641	0
25642	0
25643	0
25644	0
26335	0
26336	0
26337	0
26338	0
26339	0
26340	0
26341	0
26342	0
26343	0
26344	0
26345	0
26346	0
26347	0
26348	0
26349	0
26350	0
26351	0
26352	0
27091	0
27092	0
27093	0
27094	0
27095	0
27096	0
27097	0
27098	0
27099	0
27100	0
27101	0
27102	0
27103	0
27104	0
27105	0
27106	1
27107	0
27108	0
27661	0
27662	0
27663	0
27664	0
27665	0
27666	0
27667	0
27668	0
27669	0
27670	0
27671	0
27672	0
27673	0
27674	0
27675	0
27676	0
27677	0
27678	0
27817	0
27818	0
27819	0
27820	0
27821	0
27822	0
27823	0
27824	0
27825	0
27826	0
27827	0
27828	0
27829	0
27830	0
27831	0
27832	0
27833	0
27834	0
27871	0
27872	0
27873	0
27874	0
27875	0
27876	0
27889	0
27890	0
27891	0
27892	0
27893	0
27894	0
27901	0
27902	0
27903	0
27904	0
27905	0
27906	0
28207	0
28208	0
28209	0
28210	0
28211	0
28212	0
28213	0
28214	0
28215	0
28216	0
28217	0
28218	0
28219	0
28220	0
28221	0
28222	0
28223	0
28224	0
28225	0
28226	0
28227	1
28228	0
28229	0
28230	0
28231	0
28232	0
28233	0
28234	0
28235	0
28236	0
28237	0
28238	0
28239	0
28240	0
28241	0
28242	0
28249	0
28250	0
28251	0
28252	0
28253	0
28254	0
28255	0
28256	0
28257	0
28258	1
28259	0
28260	0
28267	0
28268	0
28269	0
28270	0
28271	0
28272	0
28585	0
28586	0
28587	0
28588	0
28589	0
28590	0
28609	0
28610	0
28611	0
28612	0
28613	1
28633	0
28634	0
28635	0
28636	0
28637	0
28638	1
29227	0
29228	0
29229	0
29230	0
29231	0
29232	0
29233	0
29234	0
29235	1
29236	0
29237	0
29238	0
29239	1
29240	0
29241	0
29242	1
29243	0
29244	0
29509	0
29510	0
29511	0
29512	0
29513	0
29514	0
29923	0
29924	0
29925	0
29926	0
29927	0
29928	0
30055	0
30056	0
30057	0
30058	0
30059	0
30060	0
30067	0
30068	0
30069	0
30070	0
30071	0
30072	0
30103	0
30104	0
30105	0
30106	0
30107	0
30108	0
30307	0
30308	0
30309	0
30310	0
30311	0
30312	0
30397	0
30398	0
30399	0
30400	0
30401	0
30402	0
30409	0
30410	0
30411	0
30412	0
30413	0
30414	1
30505	0
30506	0
30507	0
30508	0
30509	0
30510	0
30547	0
30548	0
30549	0
30550	0
30551	0
30552	0
30757	0
30758	0
30759	0
30760	0
30761	0
30762	0
30781	0
30782	0
30783	0
30784	0
30785	0
30786	0
30847	0
30848	0
30849	0
30850	0
30851	0
30852	0
30853	0
30854	0
30855	1
30856	0
30857	0
30858	0
30859	0
30860	0
30861	0
30862	0
30863	0
30864	0
30871	0
30872	0
30873	0
30874	0
30875	0
30876	0
30943	0
30944	0
30945	0
30946	0
30947	0
30948	0
31111	0
31112	0
31113	0
31114	0
31115	0
31116	0
31231	0
31232	0
31233	0
31234	0
31235	0
31236	0
31237	1
31238	0
31239	0
31240	0
31241	0
31242	0
31243	0
31244	0
31245	0
31246	0
31247	0
31248	0
31357	0
31358	0
31359	0
31360	0
31361	0
31362	0
31393	0
31394	0
31395	0
31396	0
31397	0
31398	0
31453	0
31454	0
31455	0
31456	0
31457	0
31458	0
31459	0
31460	0
31461	0
31462	0
31463	0
31464	0
31465	0
31466	0
31467	0
31468	0
31469	0
31470	0
31507	0
31508	0
31509	0
31510	0
31511	0
31512	0
31519	0
31520	0
31521	0
31522	0
31523	0
31524	0
31525	0
31526	0
31527	0
31528	0
31529	0
31530	0
31537	0
31538	0
31539	0
31540	0
31541	1
31542	0
31543	0
31544	0
31545	0
31546	0
31547	1
31548	0
31549	0
31550	0
31551	0
31552	0
31553	1
31554	0
31603	0
31604	0
31605	0
31606	0
31607	1
31608	0
31669	0
31670	0
31671	0
31672	0
31673	0
31674	0
31705	0
31706	0
31707	0
31708	0
31709	0
31710	0
31711	0
31712	0
31713	0
31714	0
31715	0
31716	0
31717	0
31718	0
31719	0
31720	0
31721	0
31722	0
31801	0
31802	0
31803	0
31804	0
31805	0
31806	0
32029	0
32030	0
32031	0
32033	0
32034	0
32035	0
32036	0
32037	0
32039	0
32040	0
32041	0
32042	0
32043	0
32044	0
32045	0
32046	0
32089	0
32090	0
32091	0
32092	0
32093	0
32094	0
32455	0
32456	0
32457	0
32458	0
32459	0
32460	0
32461	0
32462	0
32463	0
32464	0
32465	0
32466	0
32629	0
32630	0
32631	0
32632	0
32633	0
32634	0
32635	0
32636	0
32637	0
32638	0
32639	0
32640	0
32641	0
32642	0
32643	0
32644	0
32645	0
32646	0
32791	0
32792	0
32793	0
32794	0
32795	0
32796	0
32797	1
32798	0
32799	0
32800	0
32801	0
32802	0
32803	0
32804	0
32805	0
32806	0
32807	0
32808	0
32881	0
32882	0
32883	0
32884	0
32885	0
32886	0
32887	0
32888	0
32889	0
32890	0
32891	0
32892	0
33103	0
33104	0
33105	0
33106	0
33107	0
33108	1
33109	0
33110	0
33111	0
33112	0
33113	0
33114	0
33115	0
33116	0
33117	0
33118	0
33119	0
33120	0
33235	0
33236	0
33237	0
33238	0
33239	0
33240	0
33241	0
33242	0
33243	0
33244	0
33245	1
33246	0
33247	0
33248	0
33249	0
33250	0
33251	1
33252	0
33427	1
33428	0
33429	0
33430	0
33431	0
33432	0
33727	0
33728	0
33729	0
33730	0
33731	0
33732	0
33751	0
33752	0
33753	0
33754	0
33755	0
33756	0
33763	0
33764	1
33765	0
33766	0
33767	0
33768	0
33823	0
33824	0
33825	0
33826	0
33827	0
33828	0
33829	0
33830	0
33831	0
33832	0
33833	0
33834	0
33841	0
33842	0
33843	0
33844	0
33845	0
33846	0
34111	0
34112	0
34113	0
34114	1
34115	0
34116	0
34189	1
34190	0
34191	0
34192	0
34193	0
34194	0
34285	0
34286	0
34287	0
34288	0
34289	0
34290	0
34315	0
34316	0
34317	0
34318	0
34319	0
34320	0
34327	0
34328	0
34329	0
34330	0
34331	0
34332	0
34411	0
34412	0
34413	0
34414	0
34415	0
34416	0
34531	0
34532	0
34533	0
34534	0
34535	0
34536	0
34621	0
34622	0
34623	0
34624	0
34625	1
34626	0
34693	0
34694	0
34695	0
34696	0
34697	0
34698	0
34831	0
34832	0
34833	0
34834	0
34835	0
34836	0
34897	0
34898	0
34899	0
34900	0
34901	0
34902	0
35041	0
35042	0
35043	0
35044	0
35045	0
35046	0
35071	1
35072	0
35073	0
35074	0
35075	0
35076	0
35299	1
35300	0
35301	0
35302	0
35303	0
35304	0
35485	0
35486	0
35487	0
35488	0
35489	0
35490	0
35491	0
35492	0
35493	0
35494	0
35495	0
35496	0
35497	0
35498	0
35499	0
35500	0
35501	0
35502	0
35527	0
35528	0
35529	0
35531	0
35532	0
35539	0
35540	0
35541	0
35542	1
35543	0
35544	0
35671	0
35672	0
35673	0
35674	0
35675	0
35676	0
36007	0
36008	0
36009	0
36010	0
36011	0
36012	0
36067	0
36068	0
36069	0
36070	0
36071	0
36072	0
36595	0
36596	0
36597	0
36598	0
36599	0
36600	0
36745	0
36746	0
36747	0
36748	0
36749	0
36750	0
36823	0
36824	0
36825	0
36826	0
36827	1
36828	0
36925	0
36926	0
36927	0
36928	0
36929	0
36930	0
36931	0
36932	0
36933	0
36934	0
36935	0
36936	0
36937	0
36938	0
36939	0
36940	0
36941	0
36942	0
37339	0
37340	0
37341	0
37342	0
37343	0
37344	0
37393	0
37394	0
37395	0
37396	0
37397	0
37399	1
37400	0
37401	0
37402	0
37403	0
37405	0
37406	2
37407	0
37408	0
37409	0
37633	0
37634	0
37635	0
37636	0
37637	0
37638	0
37639	0
37640	0
37641	0
37642	0
37643	0
37644	0
37657	0
37658	0
37659	0
37660	0
37661	0
37662	0
37873	0
37874	0
37875	0
37876	0
37877	0
37878	0
38005	0
38006	0
38007	0
38008	0
38009	0
38010	0
38197	0
38198	0
38199	0
38200	0
38201	1
38202	0
38215	0
38216	0
38217	0
38218	0
38219	0
38220	0
38269	1
38270	0
38271	0
38272	0
38273	0
38274	0
38389	0
38390	0
38391	0
38392	0
38393	0
38394	0
38395	0
38396	0
38397	0
38398	0
38399	0
38400	0
38431	0
38432	0
38433	0
38434	0
38435	0
38436	0
38545	0
38546	0
38547	0
38548	0
38549	0
38550	0
38557	0
38558	0
38559	0
38560	0
38561	0
38562	0
38587	0
38588	0
38589	0
38590	0
38591	0
38592	0
38881	0
38882	0
38883	0
38884	0
38885	0
38886	0
38911	0
38912	0
38913	0
38914	0
38915	0
38916	0
39085	0
39086	0
39087	0
39088	0
39089	0
39090	0
39091	0
39092	0
39093	0
39094	0
39095	0
39096	1
39097	0
39098	0
39099	0
39100	0
39101	0
39102	0
39115	0
39116	0
39117	0
39118	0
39119	0
39120	0
39121	0
39122	0
39123	0
39124	0
39125	0
39126	0
39259	0
39260	0
39261	0
39262	0
39263	0
39264	0
39355	0
39356	0
39357	0
39358	1
39359	0
39360	0
39925	0
39926	0
39927	0
39928	0
39929	0
39930	0
39937	0
39938	0
39939	0
39940	0
39941	0
39942	0
40129	0
40130	0
40131	0
40132	0
40133	0
40134	0
40135	0
40136	0
40137	0
40138	0
40139	0
40140	0
40207	0
40208	0
40209	0
40210	0
40211	0
40212	0
40213	0
40214	0
40215	0
40216	0
40217	0
40218	0
40219	0
40220	0
40221	0
40222	0
40223	0
40224	0
40237	0
40238	0
40239	0
40240	0
40241	0
40242	0
40249	1
40250	0
40251	0
40252	0
40253	0
40254	0
40471	0
40472	0
40473	0
40474	0
40475	0
40476	0
40483	0
40484	0
40485	0
40486	0
40487	0
40488	0
40495	0
40496	0
40497	0
40498	0
40499	0
40500	0
40825	0
40826	0
40827	0
40828	0
40829	0
40830	0
40831	0
40832	0
40833	0
40834	0
40835	0
40836	0
40837	0
40838	0
40839	0
40840	0
40841	0
40842	0
40855	0
40856	0
40857	0
40858	0
40859	0
40860	0
41005	0
41006	1
41007	0
41008	0
41009	0
41010	0
41011	0
41012	0
41013	0
41014	0
41015	0
41016	0
41017	0
41018	0
41019	0
41020	0
41021	0
41022	0
41239	0
41240	0
41241	0
41242	0
41243	0
41244	0
41377	0
41378	0
41379	0
41380	0
41381	0
41382	1
41437	0
41438	0
41439	0
41440	0
41441	0
41442	0
41461	0
41462	0
41463	0
41464	0
41465	0
41466	0
41575	0
41576	0
41577	0
41578	0
41579	0
41580	0
41599	0
41600	0
41601	0
41602	0
41603	0
41604	0
41629	0
41630	0
41631	0
41632	0
41633	0
41634	0
41743	0
41744	0
41745	0
41746	0
41747	0
41748	0
41779	0
41780	0
41781	0
41782	0
41783	0
41784	0
41917	0
41918	0
41919	0
41920	0
41921	0
41922	0
41935	0
41936	0
41937	0
41938	0
41939	0
41940	0
42127	0
42128	0
42129	0
42130	0
42131	0
42132	0
42193	0
42194	0
42195	0
42196	0
42197	0
42198	0
42199	0
42200	0
42201	0
42202	0
42203	0
42204	0
42205	0
42206	0
42207	0
42208	0
42209	0
42210	0
42247	0
42248	0
42249	0
42250	0
42251	0
42252	0
42367	0
42368	0
42369	0
42370	0
42371	0
42372	0
42373	0
42374	0
42375	0
42376	0
42377	0
42378	0
42379	0
42380	1
42381	0
42382	0
42383	0
42384	0
42391	0
42392	0
42393	0
42394	0
42395	0
42396	0
42421	0
42422	0
42423	0
42424	0
42425	0
42426	0
42463	1
42464	0
42465	1
42466	0
42467	0
42468	0
42601	0
42602	0
42603	0
42604	0
42605	0
42606	0
42691	0
42692	0
42693	0
42694	0
42695	0
42696	0
42715	0
42716	0
42717	0
42718	0
42719	0
42720	0
42829	0
42830	0
42831	0
42832	0
42833	0
42834	0
42835	0
42836	0
42837	0
42838	0
42839	0
42840	0
42841	0
42842	0
42843	0
42844	1
42845	0
42846	0
42871	0
42872	0
42873	0
42874	0
42875	0
42876	0
42907	0
42908	0
42909	0
42910	0
42911	0
42912	0
42919	0
42920	0
42921	0
42922	0
42923	0
42924	0
42937	0
42938	0
42939	0
42940	0
42941	0
42942	0
43033	1
43034	0
43035	0
43036	0
43037	0
43038	0
43051	0
43052	0
43053	0
43054	0
43055	0
43056	0
43243	0
43244	0
43245	0
43246	0
43247	1
43248	0
43249	0
43250	0
43251	0
43252	0
43253	0
43254	0
43273	0
43274	0
43275	0
43276	0
43277	0
43278	0
43357	0
43358	0
43359	0
43360	1
43361	0
43362	0
43453	0
43454	0
43455	0
43456	0
43457	0
43458	0
43459	0
43460	0
43461	0
43462	0
43463	0
43464	0
43621	0
43622	0
43623	0
43624	0
43625	0
43626	0
43729	0
43730	0
43731	0
43732	0
43733	0
43734	0
43735	0
43736	0
43737	0
43738	0
43739	0
43740	0
43813	0
43814	0
43815	0
43816	0
43817	0
43818	0
43897	0
43898	0
43899	0
43900	0
43901	0
43902	0
43903	0
43904	0
43905	0
43906	0
43907	0
43908	0
43909	0
43910	0
43911	0
43912	0
43913	0
43914	0
44035	0
44036	0
44037	0
44038	0
44039	0
44040	0
44263	0
44264	0
44265	0
44266	0
44267	0
44268	0
45355	0
45356	0
45357	0
45358	0
45359	0
45360	0
45361	0
45362	0
45363	0
45364	0
45365	0
45366	0
45367	0
45368	0
45369	0
45370	0
45371	0
45372	0
45373	0
45374	0
45375	0
45376	0
45377	0
45378	0
