ObservationID	SubLocationID	Count
146055	5889	0
146055	5890	0
146055	5891	0
146055	5892	1
146055	5893	0
146055	5894	0
146063	6130	0
146063	6131	0
146063	6132	0
146063	6133	0
146063	6134	0
146063	6135	0
146069	2718	0
146069	2719	0
146069	2720	12
146069	2721	5
146069	2722	5
146069	2723	0
146070	2718	8
146070	2719	0
146070	2720	0
146070	2721	0
146070	2722	0
146070	2723	0
146071	2718	4
146071	2719	2
146071	2720	0
146071	2721	0
146071	2722	0
146071	2723	0
146083	6130	0
146083	6131	0
146083	6132	1
146083	6133	0
146083	6134	0
146083	6135	0
146203	6130	0
146203	6131	0
146203	6132	0
146203	6133	0
146203	6134	0
146203	6135	0
146218	6130	0
146218	6131	0
146218	6132	0
146218	6133	0
146218	6134	0
146218	6135	0
146221	5889	0
146221	5890	2
146221	5891	4
146221	5892	0
146221	5893	0
146221	5894	0
146258	5889	11
146258	5890	0
146258	5891	0
146258	5892	1
146258	5893	0
146258	5894	0
146319	3970	2
146319	3971	0
146319	3972	2
146319	3973	4
146319	3974	0
146319	3975	4
146322	3970	0
146322	3971	0
146322	3972	0
146322	3973	0
146322	3974	0
146322	3975	0
146327	3970	0
146327	3971	0
146327	3972	0
146327	3973	0
146327	3974	0
146327	3975	0
146466	6976	0
146466	6977	0
146466	6978	0
146466	6979	0
146466	6980	0
146466	6981	0
146467	6976	0
146467	6977	2
146467	6978	0
146467	6979	0
146467	6980	0
146467	6981	0
146468	6976	0
146468	6977	3
146468	6978	0
146468	6979	0
146468	6980	0
146468	6981	0
146661	6953	0
146661	6954	0
146661	6956	0
146661	6957	0
146662	6953	0
146662	6954	0
146662	6956	0
146662	6957	0
146666	6953	0
146666	6954	0
146666	6956	0
146666	6957	0
146667	6953	0
146667	6954	0
146667	6956	0
146667	6957	0
146668	6953	0
146668	6954	0
146668	6956	0
146668	6957	0
146984	2718	0
146984	2719	0
146984	2720	12
146984	2721	5
146984	2722	5
146984	2723	0
146985	2718	8
146985	2719	0
146985	2720	0
146985	2721	0
146985	2722	0
146985	2723	0
146986	2718	4
146986	2719	2
146986	2720	0
146986	2721	0
146986	2722	0
146986	2723	0
147878	4526	3
147878	4527	0
147878	4528	0
147878	4529	3
147878	4530	6
147878	4531	3
147880	4526	0
147880	4528	0
147880	4529	0
147880	4530	1
147880	4531	0
147896	6017	0
147896	6018	0
147896	6019	1
147896	6020	0
147896	6021	0
147896	6022	0
147897	6017	0
147897	6018	0
147897	6019	0
147897	6020	1
147897	6021	0
147897	6022	0
148461	6256	0
148461	6257	0
148461	6258	1
148461	6259	0
148461	6260	0
148461	6261	0
148462	6256	0
148462	6257	0
148462	6258	0
148462	6259	0
148462	6260	0
148462	6261	0
148463	6256	0
148463	6257	0
148463	6258	0
148463	6259	0
148463	6260	0
148463	6261	0
148464	5999	0
148464	6000	0
148464	6001	0
148464	6002	0
148464	6003	0
148464	6004	0
148465	5999	0
148465	6000	0
148465	6001	0
148465	6002	3
148465	6003	0
148465	6004	0
148466	5999	0
148466	6000	0
148466	6001	0
148466	6002	0
148466	6003	0
148466	6004	0
148515	4526	3
148515	4527	0
148515	4528	0
148515	4529	3
148515	4530	6
148515	4531	3
148516	4526	0
148516	4528	0
148516	4529	0
148516	4530	0
148516	4531	0
148518	4526	0
148518	4528	0
148518	4529	0
148518	4530	1
148518	4531	0
148651	4366	0
148651	4367	0
148651	4368	0
148651	4369	0
148651	4370	0
148651	4371	0
148652	4366	0
148652	4367	0
148652	4368	0
148652	4369	0
148652	4370	0
148652	4371	0
148653	4366	0
148653	4367	0
148653	4368	0
148653	4369	0
148653	4370	26
148653	4371	0
150546	6017	0
150546	6018	0
150546	6019	1
150546	6020	0
150546	6021	0
150546	6022	0
150559	6017	0
150559	6018	0
150559	6019	0
150559	6020	1
150559	6021	0
150559	6022	0
152170	4468	0
152170	4469	0
152170	4470	0
152170	4471	0
152170	4472	0
152170	4473	0
152171	4468	0
152171	4469	0
152171	4470	0
152171	4471	0
152171	4472	0
152171	4473	0
152399	4468	0
152399	4469	0
152399	4470	0
152399	4471	0
152399	4472	0
152399	4473	0
152421	2586	4
152421	2587	0
152421	2588	0
152421	2589	0
152421	2590	3
152421	2591	0
152432	2586	1
152432	2587	0
152432	2588	0
152432	2589	1
152432	2590	0
152432	2591	0
152637	2586	4
152637	2587	0
152637	2588	0
152637	2589	0
152637	2590	3
152637	2591	0
152638	2586	1
152638	2587	0
152638	2588	0
152638	2589	1
152638	2590	0
152638	2591	0
153256	6256	0
153256	6257	0
153256	6258	1
153256	6259	0
153256	6260	0
153256	6261	0
153257	5999	0
153257	6000	0
153257	6001	0
153257	6002	0
153257	6003	0
153257	6004	0
153258	6256	0
153258	6257	0
153258	6258	0
153258	6259	0
153258	6260	0
153258	6261	0
153259	5999	0
153259	6000	0
153259	6001	0
153259	6002	3
153259	6003	0
153259	6004	0
153260	6256	0
153260	6257	0
153260	6258	0
153260	6259	0
153260	6260	0
153260	6261	0
153261	5999	0
153261	6000	0
153261	6001	0
153261	6002	0
153261	6003	0
153261	6004	0
153278	4468	0
153278	4469	0
153278	4470	0
153278	4471	0
153278	4472	0
153278	4473	0
153279	4468	0
153279	4469	0
153279	4470	0
153279	4471	0
153279	4472	0
153279	4473	0
153280	4468	0
153280	4469	0
153280	4470	0
153280	4471	0
153280	4472	0
153280	4473	0
153302	4366	0
153302	4367	0
153302	4368	0
153302	4369	0
153302	4370	0
153302	4371	0
153303	4366	0
153303	4367	0
153303	4368	0
153303	4369	0
153303	4370	0
153303	4371	0
153304	4366	0
153304	4367	0
153304	4368	0
153304	4369	0
153304	4370	26
153304	4371	0
153549	3125	1
153549	3126	2
153549	3127	0
153549	3128	0
153549	3129	2
153922	3125	1
153922	3126	2
153922	3127	0
153922	3128	0
153922	3129	2
154874	6976	0
154874	6977	0
154874	6978	0
154874	6979	0
154874	6980	0
154874	6981	0
155082	6130	0
155082	6131	0
155082	6132	0
155082	6133	0
155082	6134	0
155082	6135	0
155190	6976	0
155190	6977	0
155190	6978	0
155190	6979	0
155190	6980	0
155190	6981	0
155266	6130	2
155266	6131	0
155266	6132	0
155266	6133	0
155266	6134	0
155266	6135	0
155583	2718	0
155583	2719	0
155583	2720	0
155583	2721	0
155583	2722	0
155583	2723	0
155620	3970	0
155620	3971	0
155620	3972	0
155620	3973	0
155620	3974	0
155620	3975	0
155621	3970	0
155621	3971	0
155621	3972	0
155621	3973	0
155621	3974	0
155621	3975	0
155622	3970	0
155622	3971	0
155622	3972	0
155622	3973	0
155622	3974	0
155622	3975	0
155664	6130	0
155664	6131	0
155664	6132	0
155664	6133	0
155664	6134	0
155664	6135	0
156124	2718	0
156124	2719	0
156124	2720	0
156124	2721	0
156124	2722	0
156124	2723	0
156305	6953	2
156305	6954	0
156305	6956	0
156305	6957	0
156309	6953	2
156309	6954	2
156309	6956	1
156309	6957	0
156310	6953	7
156310	6954	0
156310	6956	0
156310	6957	0
156518	6953	2
156518	6954	0
156518	6956	0
156518	6957	0
156519	6953	0
156519	6954	0
156519	6956	0
156519	6957	0
156520	6953	0
156520	6954	0
156520	6956	0
156520	6957	0
156542	3970	0
156542	3971	0
156542	3972	0
156542	3973	0
156542	3974	0
156542	3975	0
156543	3970	0
156543	3971	0
156543	3972	0
156543	3973	0
156543	3974	0
156543	3975	0
156544	3970	0
156544	3971	0
156544	3972	0
156544	3973	0
156544	3974	0
156544	3975	0
156578	6976	0
156578	6977	0
156578	6978	0
156578	6979	0
156578	6980	0
156578	6981	0
156579	6976	0
156579	6977	0
156579	6978	0
156579	6979	0
156579	6980	0
156579	6981	0
156580	6976	0
156580	6977	0
156580	6978	0
156580	6979	0
156580	6980	0
156580	6981	0
156636	6130	0
156636	6131	0
156636	6132	0
156636	6133	0
156636	6134	0
156636	6135	0
156637	6130	0
156637	6131	0
156637	6132	0
156637	6133	0
156637	6134	0
156637	6135	0
156638	6130	0
156638	6131	0
156638	6132	0
156638	6133	0
156638	6134	0
156638	6135	0
157177	5889	1
157177	5890	1
157177	5891	0
157177	5892	3
157177	5893	2
157177	5894	0
157178	5889	4
157178	5890	1
157178	5891	0
157178	5892	0
157178	5893	0
157178	5894	0
157179	5889	16
157179	5890	2
157179	5891	0
157179	5892	8
157179	5893	0
157179	5894	2
157372	6017	0
157372	6018	0
157372	6019	0
157372	6020	0
157372	6021	0
157372	6022	0
157391	4366	20
157391	4367	0
157391	4368	0
157391	4369	0
157391	4371	0
157427	6017	0
157427	6018	0
157427	6019	0
157427	6020	0
157427	6021	0
157427	6022	4
157446	4366	0
157446	4367	0
157446	4368	0
157446	4369	0
157446	4370	0
157446	4371	0
157537	6017	0
157537	6018	0
157537	6019	0
157537	6020	0
157537	6021	0
157537	6022	0
157541	4526	0
157541	4527	0
157541	4528	2
157541	4529	3
157541	4530	1
157542	4526	0
157542	4528	0
157542	4529	0
157542	4530	0
157543	4526	0
157543	4527	0
157543	4528	0
157543	4529	0
157543	4530	0
157892	6017	0
157892	6018	0
157892	6019	0
157892	6020	0
157892	6021	0
157892	6022	0
157893	6017	0
157893	6018	0
157893	6019	0
157893	6020	0
157893	6021	0
157893	6022	0
157894	6017	0
157894	6018	0
157894	6019	0
157894	6020	0
157894	6021	0
157894	6022	0
158621	4366	0
158621	4367	0
158621	4368	0
158621	4369	0
158621	4371	0
159272	4468	2
159272	4469	2
159272	4470	0
159272	4471	0
159272	4472	0
159272	4473	0
159456	4468	0
159456	4469	0
159456	4470	2
159456	4471	7
159456	4472	0
159456	4473	0
159810	2586	1
159810	2587	0
159810	2588	2
159810	2589	2
159810	2590	3
159810	2591	4
159811	2586	2
159811	2587	2
159811	2588	1
159811	2589	0
159811	2590	3
159811	2591	1
159812	2586	2
159812	2587	3
159812	2588	3
159812	2589	2
159812	2590	4
159812	2591	3
159893	3125	0
159893	3126	0
159893	3127	0
159893	3128	0
159893	3129	0
159893	3130	0
159909	3125	3
159909	3126	2
159909	3127	0
159909	3128	0
159909	3129	0
159910	3125	1
159910	3126	1
159910	3127	1
159910	3128	0
159910	3129	0
159911	3125	0
159911	3126	1
159911	3127	0
159911	3128	0
159911	3129	1
160155	2718	0
160155	2719	0
160155	2720	0
160155	2721	0
160155	2722	8
160155	2723	2
160163	6130	0
160163	6131	0
160163	6132	0
160163	6133	0
160163	6134	0
160163	6135	0
160165	6130	0
160165	6131	0
160165	6132	0
160165	6133	0
160165	6134	0
160165	6135	0
160172	3970	2
160172	3971	0
160172	3972	1
160172	3973	0
160172	3974	0
160172	3975	0
160178	5889	0
160178	5890	0
160178	5891	0
160178	5892	0
160178	5893	0
160178	5894	0
160275	2718	0
160275	2719	0
160275	2720	0
160275	2721	0
160275	2722	0
160275	2723	0
160289	6130	0
160289	6131	0
160289	6132	0
160289	6133	0
160289	6134	0
160289	6135	0
160290	5889	0
160290	5890	0
160290	5891	0
160290	5892	0
160290	5893	1
160290	5894	0
160294	3970	0
160294	3971	0
160294	3972	0
160294	3973	0
160294	3974	0
160294	3975	0
160351	6130	0
160351	6131	0
160351	6132	0
160351	6133	0
160351	6134	0
160351	6135	0
160367	5889	1
160367	5890	0
160367	5891	0
160367	5892	4
160367	5893	0
160367	5894	0
160391	2718	0
160391	2719	0
160391	2720	0
160391	2721	0
160391	2722	2
160391	2723	0
160439	3970	0
160439	3971	0
160439	3972	0
160439	3973	0
160439	3974	0
160439	3975	0
160540	6953	0
160540	6954	1
160540	6956	2
160540	6957	4
160541	6953	2
160541	6954	0
160541	6955	0
160541	6956	1
160541	6957	6
160542	6953	0
160542	6954	0
160542	6955	0
160542	6956	0
160542	6957	0
160565	6976	0
160565	6977	0
160565	6978	0
160565	6979	0
160565	6980	0
160565	6981	0
160567	6976	0
160567	6977	0
160567	6978	0
160567	6979	0
160567	6980	0
160567	6981	0
160569	6976	0
160569	6977	1
160569	6978	0
160569	6979	0
160569	6980	0
160569	6981	0
160895	4366	0
160895	4367	0
160895	4368	0
160895	4369	0
160895	4370	0
160895	4371	0
160922	5999	2
160922	6000	0
160922	6001	2
160922	6002	0
160922	6003	0
160922	6004	2
160923	6256	0
160923	6257	0
160923	6258	0
160923	6259	2
160923	6260	0
160923	6261	0
161072	4366	0
161072	4367	0
161072	4368	0
161072	4369	0
161072	4370	0
161072	4371	0
161094	4366	0
161094	4367	0
161094	4368	0
161094	4369	0
161094	4370	0
161094	4371	0
161113	4526	0
161113	4528	0
161113	4529	2
161113	4530	1
161113	4531	3
161115	4526	0
161115	4528	2
161115	4529	0
161115	4530	1
161115	4531	0
161116	4526	0
161116	4528	0
161116	4529	3
161116	4530	0
161116	4531	0
161721	6256	0
161721	6257	0
161721	6258	0
161721	6259	0
161721	6260	0
161721	6261	0
161722	5999	0
161722	6000	0
161722	6001	0
161722	6002	0
161722	6003	0
161722	6004	0
161725	5999	0
161725	6000	0
161725	6001	0
161725	6002	0
161725	6003	0
161725	6004	0
161726	6256	0
161726	6257	0
161726	6258	0
161726	6259	1
161726	6260	0
161726	6261	0
161920	4468	3
161920	4469	10
161920	4470	0
161920	4471	4
161920	4472	0
161920	4473	0
