ObservationID	Count
265	0
266	0
267	0
268	0
269	0
270	0
973	0
974	0
975	1
976	0
977	0
978	0
1063	0
1064	0
1065	0
1066	0
1067	1
1068	0
1825	0
1826	0
1827	0
1828	0
1829	0
1830	2
2425	0
2426	0
2427	0
2428	0
2429	0
2430	0
2437	0
2438	0
2439	0
2440	2
2441	0
2442	0
2713	2
2714	0
2715	0
2716	0
2717	0
2718	0
3481	0
3482	0
3484	0
3485	0
3487	0
3488	0
3490	0
3491	0
3493	0
3494	0
3496	0
3497	0
3517	0
3518	0
3519	0
3520	0
3521	0
3522	0
3529	0
3530	0
3531	0
3532	0
3533	0
3534	0
3535	0
3536	0
3537	0
3538	0
3539	0
3540	0
3841	0
3842	0
3843	0
3844	0
3845	0
3846	0
3847	0
3848	0
3849	0
3850	0
3851	0
3852	0
3853	0
3854	0
3855	0
3856	0
3857	0
3858	0
4039	0
4040	0
4041	0
4042	0
4043	0
4044	0
4045	0
4046	1
4047	0
4048	0
4049	0
4050	0
4051	0
4052	0
4053	0
4054	1
4055	0
4056	0
4519	1
4520	0
4521	0
4522	0
4523	0
4524	0
6301	0
6302	0
6303	0
6304	0
6305	1
6306	0
6307	0
6308	0
6309	0
6310	0
6311	0
6312	0
6313	0
6314	0
6315	0
6316	0
6317	0
6318	0
7825	0
7826	2
7827	0
7828	0
7829	0
7830	0
8545	0
8546	0
8547	0
8548	0
8549	0
8550	0
8551	0
8553	0
8554	0
8555	0
8556	0
8563	0
8565	0
8566	0
8567	0
8568	0
8713	0
8714	0
8715	0
8716	0
8717	0
8718	0
9313	0
9314	0
9315	0
9316	0
9317	0
9318	0
9319	0
9320	0
9321	0
9322	0
9323	0
9324	0
9325	0
9326	0
9327	0
9328	0
9329	0
9330	1
9457	0
9458	0
9459	0
9460	0
9461	0
9462	2
14737	0
14738	0
14739	0
14740	0
14741	0
14742	0
14755	0
14756	0
14757	0
14758	0
14759	0
14760	0
14899	0
14900	0
14901	0
14902	0
14903	0
14904	0
14929	0
14930	0
14931	0
14932	0
14933	0
14934	0
16603	0
16604	0
16605	0
16606	0
16607	0
16608	0
16609	0
16610	0
16611	0
16612	0
16613	0
16614	0
16615	0
16616	0
16617	0
16618	0
16619	0
16620	0
16909	0
16910	0
16911	0
16912	0
16913	0
16914	0
16921	0
16922	0
16923	0
16924	0
16925	0
16926	0
16933	0
16934	0
16935	0
16936	0
16937	0
16938	0
17311	0
17312	0
17313	0
17314	0
17315	1
17316	0
17359	0
17360	0
17361	0
17362	0
17363	0
17364	1
17371	0
17372	0
17373	0
17374	0
17375	0
17376	0
17701	0
17702	0
17703	0
17704	0
17705	0
17706	0
17737	0
17738	0
17739	0
17740	0
17741	0
17742	0
17749	0
17750	0
17751	0
17752	0
17753	0
17754	0
17893	0
17894	0
17895	0
17896	1
17897	0
17898	0
17899	0
17900	0
17901	0
17902	0
17903	0
17904	0
18745	0
18746	2
18747	0
18748	0
18749	0
18750	0
18757	0
18758	0
18759	0
18760	0
18761	0
18762	0
18853	0
18854	0
18855	0
18856	0
18857	0
18858	0
18865	0
18866	1
18867	0
18868	0
18869	0
18870	0
18877	0
18878	0
18879	0
18880	0
18881	0
18882	0
20287	0
20288	0
20289	0
20290	1
20291	0
20292	1
20299	0
20300	0
20301	0
20302	1
20303	0
20304	0
20317	0
20318	0
20319	0
20320	0
20321	0
20322	0
20329	0
20330	0
20331	0
20332	0
20333	0
20334	1
20341	0
20342	0
20343	0
20344	0
20345	0
20346	1
21205	0
21206	0
21207	0
21208	0
21209	0
21210	4
21715	0
21716	3
21717	0
21718	3
21719	0
21720	0
21721	0
21722	2
21723	0
21724	4
21725	0
21726	0
21727	0
21728	2
21729	0
21730	0
21731	0
21732	0
23173	0
23174	0
23175	0
23176	0
23177	0
23178	0
23179	0
23180	0
23181	0
23182	0
23183	0
23184	0
25609	0
25610	0
25611	0
25612	0
25613	0
25614	0
25615	0
25616	0
25617	0
25618	0
25619	0
25620	2
25921	0
25922	1
25923	1
25924	0
25925	0
25926	0
25927	0
25928	0
25929	0
25930	0
25931	0
25932	0
25933	0
25934	1
25935	0
25936	0
25937	0
25938	0
26563	0
26564	0
26565	0
26566	3
26567	0
26568	0
26569	0
26570	1
26571	0
26572	0
26573	0
26574	0
26581	0
26582	0
26583	0
26584	0
26585	0
26586	0
26731	0
26732	0
26733	0
26734	0
26735	0
26736	0
26737	0
26738	0
26739	0
26740	0
26741	0
26742	0
26929	1
26930	0
26931	0
26932	0
26933	0
26934	0
26935	0
26936	0
26937	0
26938	0
26939	0
26940	0
26941	0
26942	0
26943	0
26944	0
26945	0
26946	0
27127	0
27128	0
27130	0
27131	0
27133	0
27134	0
27136	0
27137	2
27139	0
27140	0
27142	0
27143	0
27163	0
27164	0
27165	0
27166	0
27167	0
27168	2
27835	0
27836	0
27837	0
27838	0
27839	0
27840	0
27841	0
27842	0
27843	2
27844	0
27845	0
27846	0
27847	0
27848	0
27849	0
27850	0
27851	0
27852	0
28003	0
28004	0
28005	0
28006	0
28007	0
28008	2
28015	0
28016	0
28017	0
28018	0
28019	0
28020	0
28027	0
28028	0
28029	0
28030	0
28031	0
28032	0
29077	0
29078	2
29079	0
29080	0
29081	0
29082	0
29155	0
29156	1
29157	0
29158	0
29159	0
29160	0
29293	0
29294	0
29295	0
29296	2
29297	0
29298	0
29299	0
29300	0
29301	0
29302	2
29303	1
29304	1
29305	0
29306	0
29307	0
29308	0
29309	0
29310	0
29371	0
29372	0
29373	0
29374	0
29375	2
29376	2
29377	0
29378	0
29379	0
29380	0
29381	4
29382	0
29383	0
29384	0
29385	4
29386	0
29387	0
29388	0
29791	0
29792	0
29793	0
29794	0
29795	0
29796	0
30091	0
30092	1
30093	0
30094	2
30095	0
30096	0
30145	0
30146	0
30147	0
30148	0
30149	0
30150	0
30223	0
30224	0
30225	0
30226	0
30227	0
30228	0
30265	0
30266	2
30267	0
30268	0
30269	0
30270	0
30271	0
30272	0
30273	0
30274	0
30275	0
30276	0
30379	0
30380	0
30381	0
30382	0
30383	0
30384	0
30589	0
30590	3
30591	0
30592	2
30593	0
30594	0
30607	0
30608	0
30609	0
30610	0
30611	0
30612	0
30637	0
30638	0
30639	0
30640	1
30641	0
30642	0
30649	0
30650	0
30651	0
30652	0
30653	0
30654	0
30793	0
30794	0
30795	0
30796	0
30797	0
30798	2
30829	0
30830	0
30831	0
30832	0
30833	0
30834	2
30967	0
30968	2
30969	1
30970	4
30971	0
30972	0
31093	0
31094	0
31095	0
31096	0
31097	0
31098	0
31183	0
31184	0
31185	0
31186	0
31187	0
31189	0
31191	0
31192	0
31193	0
31195	0
31196	0
31197	2
31198	0
31199	0
31225	0
31226	0
31227	0
31228	0
31229	0
31230	0
31531	0
31532	0
31533	0
31534	0
31535	0
31536	0
31555	0
31556	0
31557	0
31558	0
31559	0
31560	0
31597	0
31598	0
31599	0
31600	0
31601	0
31602	0
31987	0
31988	0
31989	0
31990	0
31991	0
31992	0
32143	0
32144	0
32145	0
32146	0
32147	0
32148	0
32431	0
32432	0
32433	0
32434	0
32435	0
32436	0
32443	0
32444	0
32445	0
32446	0
32447	0
32448	0
33157	0
33158	0
33159	0
33160	0
33161	0
33162	0
33163	0
33164	0
33165	0
33166	0
33167	0
33168	0
34195	0
34196	0
34197	0
34198	0
34199	2
34200	0
34207	0
34208	0
34209	0
34210	0
34211	0
34212	0
34801	0
34802	0
34803	0
34804	0
34805	0
34806	0
34825	0
34826	0
34827	1
34828	1
34829	1
34830	0
34849	0
34850	0
34851	0
34852	0
34853	0
34854	0
35191	0
35192	2
35193	0
35194	0
35195	0
35196	0
35197	0
35198	3
35199	0
35200	0
35201	0
35202	0
35227	0
35228	0
35229	0
35230	0
35231	0
35232	2
35449	0
35450	0
35451	0
35452	0
35453	0
35454	0
35461	0
35462	0
35463	2
35464	0
35465	0
35466	0
35659	0
35660	0
35661	0
35662	0
35663	0
35664	0
35965	0
35966	0
35967	0
35968	0
35969	0
35970	0
36577	0
36578	0
36579	0
36580	0
36581	2
36582	0
36583	0
36584	0
36585	0
36586	0
36587	0
36588	0
36979	0
36980	0
36981	0
36982	2
36983	0
36984	0
37051	0
37052	0
37053	0
37054	0
37055	0
37056	0
37057	0
37058	0
37059	0
37060	0
37061	0
37062	0
37417	0
37418	0
37419	0
37420	0
37421	0
37422	0
37429	0
37430	0
37431	0
37432	0
37433	0
37434	0
37435	0
37436	0
37437	2
37438	0
37439	0
37440	0
37603	0
37604	0
37605	0
37606	0
37607	0
37608	0
37609	0
37610	0
37611	0
37612	0
37613	0
37614	0
37615	0
37616	0
37617	0
37618	0
37619	0
37620	4
37801	0
37802	0
37803	0
37804	0
37805	0
37806	0
37807	0
37808	0
37809	0
37810	0
37811	0
37812	0
37849	2
37850	0
37851	0
37852	0
37853	0
37854	0
38029	0
38030	0
38031	2
38032	0
38033	0
38034	0
38245	0
38246	0
38247	0
38248	0
38249	0
38250	0
38305	0
38306	0
38307	0
38308	0
38309	0
38310	0
38353	0
38354	0
38355	2
38356	0
38357	0
38358	0
38359	0
38360	0
38361	0
38362	0
38363	0
38364	0
38563	0
38564	0
38565	0
38566	1
38567	0
38568	1
38569	0
38570	0
38571	0
38572	0
38573	0
38574	1
38617	2
38618	0
38619	0
38620	0
38621	0
38622	0
38635	0
38636	0
38637	0
38638	0
38639	0
38640	0
38677	0
38678	0
38679	2
38680	0
38681	0
38682	0
39367	0
39368	0
39369	0
39370	0
39371	0
39372	0
39409	0
39410	0
39411	0
39412	0
39413	0
39414	0
39691	3
39692	0
39693	0
39694	0
39695	0
39696	0
39793	0
39794	0
39796	0
39797	0
39799	0
39800	0
39801	0
39802	0
39803	0
39805	0
39806	0
39807	0
39808	0
39809	0
40081	0
40082	0
40083	0
40084	0
40085	0
40086	0
40087	0
40088	0
40089	0
40090	0
40091	1
40092	0
40093	0
40094	0
40095	0
40096	0
40097	0
40098	0
40663	0
40664	0
40665	2
40666	0
40667	0
40668	0
40669	1
40670	0
40671	0
40672	0
40673	0
40674	0
40675	0
40676	0
40677	0
40678	0
40679	0
40680	0
40699	0
40700	0
40701	0
40702	0
40703	0
40704	0
40705	0
40706	0
40707	0
40708	0
40709	0
40710	0
40711	0
40712	0
40713	0
40714	0
40715	0
40716	0
41125	0
41126	0
41127	0
41128	0
41129	0
41130	0
41209	0
41210	0
41211	0
41212	0
41213	0
41214	0
41317	0
41318	0
41319	0
41320	0
41321	0
41322	0
41395	0
41396	0
41397	0
41398	0
41399	0
41400	0
41617	0
41618	0
41619	0
41620	0
41621	2
41622	0
41761	0
41762	0
41763	0
41764	0
41765	0
41766	0
41767	0
41768	0
41769	0
41770	2
41771	4
41772	0
41839	0
41840	0
41841	0
41842	0
41843	0
41844	0
41851	0
41852	0
41853	0
41854	0
41855	0
41856	0
41983	0
41984	0
41985	0
41986	0
41987	0
41988	0
42037	0
42038	0
42039	0
42040	1
42041	1
42042	0
42211	0
42212	0
42213	0
42214	2
42215	2
42216	2
42253	0
42254	0
42255	0
42256	0
42257	0
42258	0
42343	0
42344	0
42345	1
42346	0
42347	0
42348	0
42493	0
42494	0
42495	0
42496	0
42497	0
42498	0
42499	0
42500	0
42501	0
42502	0
42503	0
42504	0
42529	0
42531	0
42532	0
42533	0
42534	0
42535	0
42537	0
42538	0
42539	0
42540	0
42541	0
42543	0
42544	0
42545	0
42546	0
42547	0
42549	0
42550	0
42551	0
42552	0
42787	0
42788	0
42789	0
42790	0
42791	0
42792	0
43075	0
43076	0
43077	0
43078	0
43079	0
43080	0
43081	0
43082	2
43083	0
43084	0
43085	0
43086	0
43087	0
43088	0
43089	0
43090	2
43091	0
43092	0
43381	2
43382	0
43383	0
43384	0
43385	0
43386	0
44083	0
44084	0
44085	0
44086	0
44087	0
44088	0
44101	0
44102	0
44103	0
44104	0
44105	0
44106	0
45463	0
45464	0
45465	0
45466	0
45467	0
45468	1
46165	0
46166	0
46167	0
46168	0
46169	0
46170	0
46177	0
46178	0
46179	0
46180	0
46181	0
46182	0
46189	0
46190	0
46191	0
46192	0
46193	0
46194	0
