ObservationID	Count
55	0
56	0
57	0
58	0
59	0
60	0
97	0
98	0
99	0
100	1
101	1
102	0
121	0
122	0
123	0
124	0
125	0
126	0
127	0
128	0
129	0
130	1
131	0
132	0
133	0
134	0
135	0
136	1
137	0
138	0
139	0
140	0
141	0
142	0
143	0
144	0
151	0
152	0
153	0
154	0
155	0
156	0
157	0
158	0
159	0
160	0
161	0
162	0
205	0
206	0
207	0
208	0
209	0
210	1
224	0
226	1
227	0
228	0
230	0
232	0
233	0
234	0
236	0
238	1
239	0
240	0
241	0
242	0
243	0
244	0
245	0
246	0
265	3
266	0
267	0
268	0
269	3
270	0
451	0
452	0
453	0
454	0
455	0
456	0
463	0
464	0
465	0
466	0
467	1
468	0
475	0
476	0
477	0
478	0
479	0
480	0
505	0
506	1
507	0
508	0
509	0
510	0
511	0
512	2
513	0
514	0
515	0
516	0
517	0
518	2
519	0
520	0
521	0
522	0
565	0
566	0
567	0
568	0
569	0
570	0
571	0
572	0
573	0
574	0
575	0
576	0
589	0
590	1
591	0
592	0
593	0
594	0
799	0
800	0
801	0
802	0
803	0
804	0
805	0
806	0
807	0
808	0
809	0
810	0
811	0
812	0
813	0
814	0
815	0
816	0
877	2
878	2
879	0
880	0
881	3
882	0
883	3
884	0
885	0
886	0
887	2
888	1
889	0
890	0
891	0
892	0
893	0
894	0
931	0
932	1
933	0
934	0
935	0
936	0
943	0
944	1
945	0
946	0
947	0
948	0
949	0
950	0
951	0
952	1
953	0
954	0
973	1
974	0
975	1
976	0
977	1
978	1
1051	0
1052	0
1053	0
1054	0
1055	0
1056	0
1063	0
1064	0
1065	0
1066	0
1067	0
1068	3
1081	0
1082	0
1083	0
1084	1
1085	0
1086	0
1117	0
1118	1
1119	0
1120	0
1121	0
1122	0
1123	0
1124	0
1125	0
1126	0
1127	0
1128	0
1129	0
1130	0
1131	0
1132	0
1133	0
1134	0
1135	0
1136	1
1137	0
1138	0
1139	0
1140	0
1141	0
1142	1
1143	0
1144	0
1145	0
1146	0
1147	0
1148	0
1149	0
1150	0
1151	0
1152	0
1153	0
1154	0
1155	0
1156	0
1157	0
1158	0
1195	0
1196	0
1197	0
1198	0
1199	0
1200	0
1213	0
1214	2
1215	0
1216	0
1217	0
1218	0
1249	0
1250	0
1251	0
1252	0
1253	0
1254	0
1273	1
1274	1
1275	0
1276	0
1277	0
1278	0
1297	0
1298	0
1299	0
1300	1
1301	0
1302	0
1303	0
1304	0
1305	0
1306	0
1307	0
1308	0
1309	0
1310	0
1311	0
1312	0
1313	0
1314	0
1315	0
1316	0
1317	0
1318	0
1319	0
1320	0
1441	0
1442	0
1443	0
1444	0
1445	0
1446	0
1537	0
1538	1
1539	0
1540	0
1541	0
1542	0
1543	0
1544	0
1545	0
1546	0
1547	0
1548	0
1549	0
1550	0
1551	0
1552	0
1553	0
1573	0
1574	0
1575	0
1576	0
1577	1
1578	0
1579	0
1580	0
1581	0
1582	0
1583	0
1584	0
1585	0
1586	0
1587	0
1588	0
1589	0
1590	0
1591	0
1592	0
1593	0
1594	0
1595	1
1596	0
1597	0
1598	1
1599	0
1600	0
1601	0
1602	2
1603	0
1604	0
1605	0
1606	0
1607	0
1608	0
1609	0
1610	0
1611	0
1612	0
1613	0
1614	0
1615	0
1616	0
1617	0
1618	0
1619	0
1620	3
1639	0
1640	0
1641	0
1642	0
1643	0
1644	0
1651	0
1652	0
1653	0
1654	0
1655	1
1656	0
1669	0
1670	0
1671	2
1672	0
1673	0
1674	0
1681	0
1682	1
1683	0
1684	0
1685	0
1686	0
1687	1
1688	0
1689	0
1690	0
1691	0
1692	0
1693	0
1694	0
1695	0
1696	0
1697	0
1698	0
1711	0
1712	0
1713	0
1714	0
1715	0
1716	0
1717	0
1718	0
1719	0
1720	0
1721	0
1722	1
1723	1
1724	0
1725	0
1726	0
1727	0
1728	0
1753	0
1754	1
1755	0
1756	0
1757	0
1758	1
1759	0
1760	0
1761	0
1762	0
1763	0
1764	0
1771	0
1772	0
1773	0
1774	0
1775	2
1776	0
1777	0
1778	0
1779	0
1780	0
1781	1
1782	0
1783	0
1784	0
1785	0
1786	0
1787	0
1788	1
1873	0
1874	0
1875	0
1876	0
1877	0
1878	0
1879	0
1880	0
1881	2
1882	0
1883	0
1884	0
1915	0
1916	0
1917	0
1918	0
1919	1
1920	0
1921	0
1922	0
1923	0
1924	0
1925	0
1926	0
1927	0
1928	0
1929	0
1930	0
1931	0
1932	0
1975	0
1976	0
1977	0
1978	0
1979	0
1980	0
1999	4
2000	0
2001	0
2002	0
2003	0
2004	0
2005	2
2006	0
2007	0
2008	0
2009	0
2010	0
2035	0
2036	0
2038	0
2039	1
2040	4
2047	0
2048	0
2050	0
2051	2
2052	3
2053	1
2054	0
2056	0
2057	1
2058	2
2059	0
2060	0
2061	0
2062	0
2063	0
2064	0
2065	0
2066	0
2067	0
2068	0
2069	0
2070	0
2071	0
2072	0
2073	0
2074	0
2075	0
2076	0
2077	0
2078	0
2079	1
2080	0
2081	0
2082	1
2083	0
2084	0
2085	1
2086	0
2087	0
2088	0
2089	0
2090	0
2091	0
2092	0
2093	0
2094	1
2269	0
2270	0
2271	0
2272	0
2273	0
2274	0
2275	0
2276	1
2277	0
2278	0
2279	0
2280	0
2281	0
2282	0
2283	0
2284	0
2285	0
2286	0
2329	0
2330	0
2331	0
2332	0
2333	0
2334	0
2341	0
2342	0
2343	0
2344	0
2345	0
2346	0
2347	4
2348	0
2349	0
2350	0
2351	0
2352	0
2371	0
2372	0
2373	0
2374	0
2375	1
2376	0
2377	1
2378	0
2379	0
2380	1
2381	2
2382	2
2383	0
2384	0
2385	0
2386	1
2387	0
2388	1
2413	0
2414	3
2415	0
2416	1
2417	0
2418	0
2425	0
2426	0
2427	0
2428	0
2429	0
2430	1
2437	0
2438	0
2439	1
2440	0
2441	0
2442	2
2503	2
2504	0
2505	1
2506	0
2507	0
2508	0
2509	1
2510	0
2511	0
2512	0
2513	0
2514	0
2521	0
2522	1
2523	0
2524	0
2525	0
2526	0
2527	0
2528	0
2529	0
2530	0
2531	0
2532	0
2533	0
2534	0
2535	0
2536	0
2537	0
2538	0
2653	0
2654	1
2655	0
2656	0
2657	0
2658	0
2659	0
2660	0
2661	1
2662	0
2663	0
2664	0
2737	0
2738	0
2739	0
2740	0
2741	0
2742	2
2749	0
2750	0
2751	0
2752	0
2753	0
2754	1
2761	0
2762	0
2763	0
2764	0
2765	0
2766	2
2767	0
2768	0
2769	0
2770	0
2771	0
2772	0
2779	0
2780	0
2781	0
2782	0
2783	0
2784	0
2785	0
2786	0
2787	0
2788	0
2789	0
2790	0
2797	0
2798	0
2799	0
2800	0
2801	0
2802	0
2803	0
2804	0
2805	0
2806	0
2807	0
2808	0
2839	0
2840	0
2841	0
2842	0
2843	0
2844	0
2917	0
2918	0
2919	0
2920	0
2921	0
2922	0
2965	0
2966	0
2967	0
2968	0
2969	0
2970	0
2977	0
2978	0
2979	0
2980	0
2981	0
2982	0
3091	0
3092	1
3093	0
3094	0
3095	0
3096	0
3097	0
3098	2
3099	0
3100	0
3101	0
3102	0
3109	0
3110	0
3111	0
3112	0
3113	0
3114	0
3115	0
3116	0
3117	0
3118	0
3119	0
3120	0
3121	0
3122	0
3123	0
3124	0
3125	0
3126	0
3145	0
3146	0
3147	0
3148	1
3149	3
3150	0
3151	0
3152	0
3153	0
3154	1
3155	1
3156	0
3175	0
3176	2
3177	0
3178	0
3179	0
3180	0
3181	0
3182	1
3183	0
3184	0
3185	0
3186	0
3187	0
3188	0
3189	0
3190	0
3191	0
3192	0
3193	0
3194	0
3196	1
3197	0
3198	0
3199	0
3200	0
3202	0
3203	0
3204	0
3361	0
3362	0
3363	0
3364	0
3365	0
3366	0
3367	0
3368	0
3369	0
3370	0
3371	0
3372	0
3373	0
3374	1
3375	0
3376	0
3377	0
3378	0
3481	0
3482	0
3484	0
3485	0
3487	4
3488	0
3490	0
3491	0
3493	0
3494	1
3496	0
3497	1
3517	0
3518	0
3519	0
3520	0
3521	0
3522	0
3529	0
3530	0
3531	0
3532	0
3533	0
3534	0
3535	0
3536	0
3537	0
3538	0
3539	0
3540	0
3547	0
3548	0
3549	0
3550	0
3551	0
3552	0
3553	0
3554	0
3555	0
3556	0
3557	0
3558	0
3559	0
3560	0
3561	0
3562	0
3563	0
3564	0
3565	0
3566	0
3567	0
3568	0
3569	0
3570	0
3571	0
3572	0
3573	0
3574	0
3575	0
3576	0
3583	0
3584	1
3585	0
3586	0
3587	2
3588	0
3667	0
3668	0
3669	2
3670	0
3671	0
3672	0
3673	0
3674	0
3675	0
3676	0
3677	0
3678	0
3679	1
3680	0
3681	0
3682	0
3683	0
3684	0
3733	0
3734	0
3735	0
3736	0
3737	0
3738	0
3745	2
3746	1
3747	0
3748	0
3749	0
3750	0
3751	0
3752	0
3753	1
3754	0
3755	0
3756	0
3763	0
3764	0
3765	0
3766	0
3767	0
3768	2
3769	0
3770	0
3771	0
3772	0
3773	1
3774	0
3775	0
3776	0
3777	0
3778	0
3779	1
3780	0
3781	0
3782	0
3783	0
3784	0
3785	0
3786	0
3805	0
3806	0
3807	0
3808	0
3809	0
3810	0
3811	0
3812	0
3813	0
3814	0
3815	0
3816	0
3835	0
3836	0
3837	0
3838	0
3839	0
3840	0
3841	0
3842	2
3843	0
3844	0
3845	1
3846	1
3847	0
3848	2
3849	0
3850	0
3851	0
3852	0
3853	0
3854	1
3855	0
3856	1
3857	1
3858	0
3859	0
3860	1
3861	0
3862	0
3863	0
3864	1
3865	0
3866	0
3867	0
3868	0
3869	0
3870	0
3871	0
3872	0
3873	0
3874	1
3875	0
3876	0
3877	1
3878	0
3879	0
3880	0
3881	0
3882	0
3883	1
3884	1
3885	0
3886	0
3887	1
3888	0
3889	1
3890	1
3891	0
3892	0
3893	0
3894	0
3895	0
3897	1
3898	0
3899	0
3901	0
3903	1
3904	1
3905	0
3907	0
3909	0
3910	0
3911	0
3913	0
3915	0
3916	0
3918	2
3919	0
3921	0
3922	0
3924	0
3925	0
3927	0
3928	0
3930	0
4039	0
4040	0
4041	0
4042	0
4043	0
4044	0
4045	0
4046	0
4047	0
4048	0
4049	0
4050	0
4051	0
4052	0
4053	0
4054	0
4055	0
4056	0
4177	0
4178	0
4179	0
4180	0
4181	0
4182	0
4201	0
4202	0
4203	0
4204	0
4205	0
4206	0
4267	0
4268	0
4269	0
4271	0
4272	0
4273	0
4274	0
4275	0
4276	0
4277	0
4278	0
4285	0
4286	0
4287	0
4288	0
4289	0
4290	0
4345	0
4346	0
4347	0
4348	0
4349	0
4350	0
4411	0
4412	0
4413	0
4414	0
4415	1
4416	0
4423	0
4424	0
4425	0
4426	3
4427	0
4428	0
4429	0
4430	0
4431	0
4432	2
4433	0
4434	0
4717	0
4718	0
4719	0
4720	0
4721	0
4722	0
4729	0
4730	0
4731	0
4732	0
4733	0
4734	0
4735	0
4736	0
4737	0
4738	0
4739	0
4740	1
4741	0
4742	0
4743	0
4744	0
4745	0
4746	0
4771	0
4772	0
4773	0
4774	0
4775	0
4776	0
4777	0
4778	0
4779	0
4780	0
4781	0
4782	2
4783	0
4784	0
4785	0
4786	0
4787	0
4788	1
4867	0
4868	0
4869	0
4870	0
4871	0
4872	0
5035	0
5036	0
5037	0
5038	0
5039	0
5040	0
5491	0
5492	0
5493	0
5494	0
5495	0
5496	0
5497	0
5498	0
5499	0
5500	0
5501	0
5502	0
5503	0
5504	0
5505	0
5506	0
5507	0
5508	0
5509	0
5510	0
5511	0
5512	0
5513	0
5514	0
5545	0
5546	0
5547	0
5548	0
5549	0
5550	0
5551	0
5552	0
5553	0
5554	0
5555	0
5556	1
5557	0
5558	0
5559	0
5560	0
5561	0
5562	0
6121	0
6122	0
6123	0
6124	0
6125	0
6126	0
6199	1
6200	0
6201	1
6202	0
6203	0
6204	0
6205	2
6206	0
6207	0
6208	0
6209	1
6210	0
6211	1
6212	0
6213	0
6214	0
6215	1
6216	0
6217	0
6218	0
6219	0
6220	0
6221	0
6222	0
6223	1
6224	0
6225	0
6226	0
6227	0
6228	0
6229	1
6230	0
6231	0
6232	0
6233	0
6234	0
6235	0
6236	0
6237	0
6238	0
6239	0
6240	1
6241	0
6242	0
6243	0
6244	0
6245	0
6246	1
6247	0
6248	0
6249	0
6250	0
6251	0
6252	0
6271	0
6272	0
6273	0
6274	0
6275	0
6276	0
6277	0
6278	0
6279	0
6280	0
6281	1
6282	0
6283	0
6284	0
6285	0
6286	0
6287	0
6288	1
6289	0
6290	0
6291	0
6292	1
6293	0
6294	0
6295	0
6296	0
6297	0
6298	0
6299	1
6300	1
6301	0
6302	0
6303	0
6304	0
6305	0
6306	0
6307	0
6308	0
6309	0
6310	0
6311	0
6312	0
6313	0
6314	0
6315	0
6316	0
6317	0
6318	0
6739	3
6740	0
6741	0
6742	0
6743	0
6744	0
6745	0
6746	1
6747	0
6748	0
6749	0
6750	0
6751	0
6752	0
6753	0
6754	0
6755	1
6756	0
7057	1
7058	0
7059	0
7060	0
7061	0
7062	0
7063	0
7064	0
7065	0
7066	0
7067	1
7068	0
7075	0
7076	0
7077	0
7078	0
7079	0
7080	0
7081	0
7082	0
7083	0
7084	0
7085	1
7086	0
7093	0
7094	0
7095	0
7096	0
7097	0
7098	0
7099	0
7100	0
7101	0
7102	0
7103	0
7104	0
7105	0
7106	0
7107	0
7108	0
7109	0
7110	0
7117	1
7118	0
7119	0
7120	0
7121	0
7122	0
7123	1
7124	0
7125	0
7126	0
7127	2
7128	0
7147	2
7148	2
7149	4
7150	2
7151	0
7152	0
7573	0
7574	0
7575	0
7576	0
7577	0
7578	0
7825	0
7826	0
7827	0
7828	0
7829	0
7830	1
8233	0
8234	0
8235	0
8236	0
8237	0
8238	0
8443	0
8444	0
8445	0
8446	0
8447	0
8448	0
8515	1
8516	0
8517	2
8518	1
8519	0
8520	1
8521	1
8522	1
8523	1
8524	2
8525	0
8526	0
8545	1
8546	0
8547	0
8548	1
8549	0
8550	0
8551	0
8553	1
8554	1
8555	0
8556	0
8563	0
8565	2
8566	1
8567	0
8568	0
8611	1
8612	1
8613	1
8614	0
8615	0
8616	0
8617	0
8618	0
8619	0
8620	0
8621	0
8622	0
8623	0
8624	0
8625	0
8626	0
8627	1
8628	0
8629	0
8630	0
8631	0
8632	0
8633	0
8634	1
8635	0
8636	0
8637	0
8638	0
8639	0
8640	1
8641	0
8642	0
8643	0
8644	0
8645	0
8646	0
8665	0
8666	0
8667	0
8668	0
8669	0
8670	0
8671	0
8672	0
8673	0
8674	0
8675	0
8676	0
8677	0
8678	0
8679	1
8680	0
8681	0
8682	0
8713	0
8714	0
8715	0
8716	0
8717	0
8718	0
8719	0
8720	1
8721	0
8722	0
8723	0
8724	1
8911	0
8912	2
8913	0
8914	0
8915	0
8916	0
8953	0
8954	0
8955	0
8956	0
8957	1
8958	0
9253	0
9254	0
9256	0
9258	0
9301	0
9304	0
9306	0
9307	0
9308	1
9310	0
9312	0
9313	0
9314	2
9315	0
9316	0
9317	0
9318	2
9319	0
9320	1
9321	0
9322	1
9323	0
9324	1
9325	0
9326	2
9327	0
9328	1
9329	0
9330	0
9421	0
9422	0
9423	0
9424	0
9425	0
9426	0
9457	0
9458	0
9459	0
9460	0
9461	0
9462	1
9481	1
9482	0
9483	0
9484	0
9485	2
9486	0
9505	0
9506	0
9507	0
9508	0
9509	1
9510	0
9517	0
9518	0
9519	0
9520	0
9521	0
9522	0
9553	0
9554	0
9555	0
9556	0
9557	0
9558	0
9571	0
9572	0
9573	0
9574	0
9575	2
9576	0
9595	0
9596	0
9597	0
9598	0
9599	0
9600	0
9601	0
9602	0
9603	0
9604	0
9605	0
9606	0
9607	0
9608	0
9609	0
9610	0
9611	0
9612	0
9613	0
9614	0
9615	0
9616	0
9617	0
9618	0
9619	0
9620	0
9621	0
9622	0
9623	0
9624	0
9625	0
9626	0
9627	0
9628	0
9629	0
9630	0
9631	0
9632	0
9633	0
9634	0
9635	0
9636	2
9637	0
9638	0
9639	0
9640	0
9641	0
9642	0
9643	0
9644	2
9645	0
9646	0
9647	0
9648	0
9853	0
9854	1
9855	0
9856	0
9857	0
9858	0
9859	0
9860	0
9861	0
9862	0
9863	0
9864	0
9865	1
9866	3
9867	0
9868	0
9869	0
9870	0
9907	0
9908	0
9909	0
9910	0
9911	1
9912	0
9919	0
9920	0
9921	0
9922	0
9923	0
9924	0
9937	0
9938	0
9939	0
9940	0
9941	0
9942	0
9955	0
9956	0
9957	0
9958	0
9959	0
9960	0
9961	0
9962	0
9963	0
9964	0
9965	0
9966	0
9967	2
9968	0
9969	0
9970	0
9971	0
9972	0
10111	0
10112	0
10113	0
10114	0
10115	0
10116	0
10117	0
10118	0
10119	0
10120	0
10121	0
10122	0
10519	0
10520	0
10521	0
10522	0
10523	0
10524	1
10525	2
10526	0
10527	0
10528	0
10529	0
10530	0
10531	0
10532	0
10533	0
10534	0
10535	1
10536	0
10561	0
10562	0
10563	0
10564	0
10565	0
10566	0
10567	0
10568	0
10569	0
10570	0
10571	0
10572	0
10573	0
10574	0
10575	0
10576	0
10577	1
10578	0
10633	0
10634	0
10635	0
10636	0
10637	0
10638	0
10639	2
10640	0
10641	0
10642	0
10643	0
10644	0
10645	0
10646	0
10647	0
10648	0
10649	0
10650	0
10903	0
10904	0
10905	0
10906	0
10907	0
10908	0
10945	0
10946	0
10947	0
10948	0
10949	0
10950	0
10993	0
10994	0
10995	1
10996	0
10997	0
10998	0
11095	0
11096	1
11097	0
11098	1
11099	0
11100	0
11101	0
11102	0
11103	0
11104	0
11105	0
11106	1
11107	0
11108	0
11109	0
11110	0
11111	0
11112	0
11143	0
11144	0
11145	0
11146	0
11147	0
11148	0
11149	0
11150	0
11151	0
11152	0
11153	0
11154	0
11155	0
11156	0
11157	0
11158	0
11159	0
11160	0
11161	0
11162	0
11163	0
11164	0
11165	0
11166	0
11899	2
11900	0
11901	0
11902	0
11903	0
11904	0
14119	0
14120	1
14121	0
14122	0
14123	0
14124	0
14311	0
14313	1
14315	0
14316	0
14401	0
14402	0
14403	0
14404	0
14405	0
14406	0
14419	0
14420	0
14421	0
14422	0
14423	1
14424	0
14431	0
14432	0
14433	0
14434	0
14435	0
14436	0
14497	0
14498	0
14499	1
14500	0
14501	1
14502	0
14527	0
14528	0
14529	1
14530	0
14531	1
14532	0
14533	0
14534	1
14535	0
14536	1
14537	0
14538	0
14623	0
14624	0
14625	0
14626	0
14627	0
14628	0
14629	0
14630	0
14631	0
14632	0
14633	0
14634	0
14635	0
14636	0
14637	0
14638	0
14639	0
14640	0
14641	1
14642	1
14643	0
14644	0
14645	0
14646	0
14647	1
14648	0
14649	0
14650	0
14651	0
14652	1
14659	1
14660	0
14661	0
14662	0
14663	0
14664	0
14809	0
14810	1
14811	0
14812	0
14813	0
14814	0
14815	0
14816	0
14817	0
14818	0
14819	1
14820	0
14827	0
14829	0
14831	0
14832	0
14899	0
14900	0
14901	0
14902	0
14903	0
14904	0
14929	0
14930	0
14931	0
14932	0
14933	0
14934	0
15013	0
15014	0
15015	0
15016	0
15017	0
15018	0
15019	0
15020	0
15021	0
15022	0
15023	0
15024	0
15025	0
15026	0
15027	0
15028	0
15029	0
15030	0
15079	0
15080	0
15081	0
15082	0
15083	0
15084	0
15085	0
15086	0
15087	0
15088	0
15089	0
15090	0
15091	0
15092	0
15093	0
15094	0
15095	0
15096	1
15097	0
15098	0
15099	0
15100	1
15101	0
15102	0
15103	0
15104	0
15105	0
15106	0
15107	0
15108	0
15109	0
15110	0
15111	0
15112	0
15113	0
15114	0
15151	0
15152	0
15153	0
15154	0
15155	0
15156	0
15157	0
15158	0
15159	2
15160	0
15161	0
15162	0
15163	0
15164	0
15165	0
15166	0
15167	0
15168	0
15403	0
15404	3
15405	0
15406	0
15407	0
15408	0
15409	1
15410	0
15411	1
15412	1
15413	0
15414	0
15415	1
15416	1
15417	0
15418	0
15419	0
15420	0
15439	0
15440	0
15441	0
15442	0
15443	1
15444	0
15445	0
15446	0
15447	0
15448	0
15449	1
15450	1
15451	0
15452	0
15453	0
15454	0
15455	1
15456	0
15565	0
15566	0
15567	0
15568	0
15569	0
15570	0
15571	0
15572	0
15573	1
15574	0
15575	0
15576	0
15577	0
15578	0
15579	0
15580	0
15581	0
15582	0
15673	0
15674	0
15675	0
15676	0
15677	0
15678	2
15679	0
15680	0
15681	0
15682	0
15683	0
15684	0
15686	0
15687	0
15688	0
15689	0
15690	0
15703	0
15705	0
15707	0
15708	0
15865	0
15866	0
15867	0
15868	0
15869	0
15870	0
15877	0
15878	0
15879	0
15880	0
15881	0
15882	0
15889	0
15890	0
15891	0
15892	0
15893	0
15894	0
15901	0
15902	0
15903	0
15904	0
15905	0
15906	0
15907	0
15908	0
15909	0
15910	0
15911	0
15912	0
15979	2
15980	0
15981	0
15982	0
15983	0
15984	0
15985	2
15986	0
15987	0
15988	0
15989	0
15990	0
15991	4
15992	0
15993	0
15994	0
15995	0
15996	0
16051	1
16052	0
16053	0
16054	0
16055	0
16056	0
16057	0
16058	0
16059	0
16060	0
16061	0
16062	0
16063	1
16064	0
16065	1
16066	0
16067	0
16068	0
16351	0
16352	0
16353	0
16354	0
16355	1
16356	0
16357	0
16358	0
16359	0
16360	0
16361	2
16362	0
16525	0
16526	0
16527	0
16528	0
16529	0
16530	0
16531	0
16532	0
16533	0
16534	0
16535	0
16536	0
16603	1
16604	0
16605	0
16606	2
16607	0
16608	0
16609	0
16610	1
16611	1
16612	0
16613	0
16614	0
16615	0
16616	0
16617	0
16618	1
16619	0
16620	0
16675	0
16676	0
16677	2
16678	0
16679	0
16680	0
16723	0
16724	0
16725	1
16726	0
16727	0
16728	0
16759	0
16760	0
16761	1
16762	0
16763	0
16764	0
16999	0
17000	0
17001	1
17002	1
17003	0
17004	0
17035	0
17036	0
17037	1
17038	0
17039	0
17040	0
17071	0
17072	0
17073	0
17074	0
17075	0
17076	0
17311	0
17312	0
17313	0
17314	0
17315	0
17316	0
17359	0
17360	0
17361	0
17362	0
17363	0
17364	0
17371	0
17372	0
17373	0
17374	1
17375	0
17376	0
17383	0
17384	0
17385	0
17386	0
17387	0
17388	0
17389	0
17390	0
17391	2
17392	0
17393	0
17394	0
17395	0
17396	0
17397	2
17398	0
17399	0
17400	0
17401	0
17402	0
17403	0
17404	0
17405	0
17406	0
17407	0
17408	0
17409	0
17410	0
17411	0
17412	0
17413	0
17414	0
17415	0
17416	0
17417	0
17418	0
17437	0
17438	0
17439	0
17440	0
17441	0
17442	0
17443	0
17444	0
17445	0
17446	0
17447	2
17448	0
17449	0
17450	0
17451	0
17452	0
17453	0
17454	0
17455	1
17456	0
17457	0
17458	0
17459	0
17460	0
17461	0
17462	0
17463	0
17464	0
17465	0
17466	0
17467	0
17468	0
17469	0
17470	0
17471	0
17472	0
17473	0
17474	0
17475	0
17476	0
17477	0
17478	0
17479	0
17480	0
17481	0
17482	0
17483	0
17484	0
17485	0
17486	0
17487	0
17488	0
17489	0
17490	0
17491	0
17492	0
17493	0
17494	0
17495	0
17496	0
17545	0
17546	1
17547	1
17548	0
17549	0
17550	0
17569	0
17570	0
17571	0
17572	0
17573	1
17574	0
17575	0
17576	0
17577	0
17578	0
17579	0
17580	0
17599	0
17600	0
17601	0
17602	0
17603	0
17604	1
17605	0
17606	1
17607	0
17608	1
17609	0
17610	1
17611	0
17612	0
17613	1
17614	0
17615	3
17616	2
17659	0
17660	1
17661	0
17662	0
17663	0
17664	0
17671	0
17672	2
17673	0
17674	1
17675	0
17676	0
17683	0
17684	0
17685	0
17686	0
17687	1
17688	0
17689	0
17690	0
17691	0
17692	0
17693	0
17694	0
17695	0
17696	0
17697	0
17698	0
17699	1
17700	0
17701	0
17702	1
17703	0
17704	0
17705	0
17706	0
17725	0
17726	1
17727	0
17728	0
17729	0
17730	0
17731	1
17732	0
17733	0
17734	0
17735	0
17736	0
17737	0
17738	0
17739	0
17740	0
17741	0
17742	0
17743	1
17744	0
17745	0
17746	0
17747	0
17748	0
17749	0
17750	0
17751	0
17752	0
17753	0
17754	0
17887	0
17888	0
17889	0
17890	0
17891	2
17892	2
18001	0
18002	0
18003	0
18004	0
18005	1
18006	0
18007	0
18008	0
18009	0
18010	0
18011	0
18012	0
18013	0
18014	0
18015	0
18016	0
18017	0
18018	0
18037	0
18038	0
18039	0
18040	0
18041	0
18042	0
18043	0
18044	0
18045	0
18046	0
18047	0
18048	0
18049	0
18050	0
18051	0
18052	0
18053	0
18054	0
18055	1
18056	0
18057	0
18058	0
18059	0
18060	2
18061	0
18062	0
18063	0
18064	0
18065	0
18066	0
18073	0
18074	0
18075	0
18076	0
18077	0
18078	0
18091	2
18092	0
18093	0
18094	0
18095	0
18096	0
18097	1
18098	0
18099	0
18100	0
18101	0
18102	0
18103	1
18104	0
18105	0
18106	0
18107	0
18108	0
18109	0
18110	0
18111	0
18112	0
18113	0
18114	0
18115	0
18116	0
18117	0
18118	0
18119	2
18120	0
18121	0
18122	0
18124	0
18125	1
18126	0
18127	0
18128	1
18129	1
18130	1
18131	2
18132	0
18133	0
18134	1
18135	1
18136	2
18137	0
18138	1
18139	1
18140	0
18141	0
18142	1
18143	1
18144	0
18145	0
18146	0
18147	0
18148	0
18149	0
18150	0
18151	0
18152	0
18153	0
18154	0
18155	0
18156	0
18157	0
18158	0
18159	0
18160	1
18161	0
18162	0
18163	0
18164	0
18165	0
18166	1
18167	0
18168	0
18169	0
18170	0
18171	0
18172	0
18173	0
18174	0
18175	0
18176	0
18177	0
18178	0
18179	0
18180	0
18181	0
18182	0
18183	0
18184	0
18185	0
18186	0
18187	0
18188	0
18189	0
18190	0
18191	0
18192	0
18193	0
18194	0
18195	2
18196	0
18197	0
18198	0
18199	1
18200	1
18201	0
18202	1
18203	0
18204	0
18205	0
18206	0
18207	0
18208	0
18209	0
18210	0
18211	1
18212	0
18214	0
18215	1
18216	2
18217	0
18218	0
18219	0
18220	0
18221	0
18222	0
18223	0
18224	0
18225	0
18226	0
18227	0
18228	0
18229	4
18230	0
18231	2
18233	8
18234	0
18235	2
18236	0
18237	4
18239	6
18240	0
18241	2
18242	0
18243	1
18245	4
18246	0
18265	0
18266	0
18267	0
18268	0
18269	0
18270	0
18271	0
18272	0
18273	0
18274	0
18275	0
18276	0
18277	0
18278	0
18279	0
18280	0
18281	0
18282	0
18283	0
18284	0
18285	0
18286	0
18287	0
18288	0
18289	0
18290	0
18291	0
18292	0
18293	0
18294	0
18295	0
18296	0
18297	0
18298	0
18299	0
18300	0
18403	0
18404	0
18405	0
18406	0
18407	0
18408	0
18433	0
18434	0
18435	0
18436	0
18437	0
18438	0
18463	0
18464	0
18465	0
18466	0
18467	0
18468	0
18505	0
18506	0
18507	0
18508	0
18509	0
18510	0
18553	0
18554	0
18555	0
18556	0
18557	0
18558	0
18583	0
18584	1
18585	0
18586	0
18587	0
18588	0
18601	0
18602	0
18603	0
18604	0
18605	1
18606	0
18631	0
18632	0
18633	0
18634	0
18635	0
18636	0
18649	0
18650	0
18651	0
18652	0
18653	0
18654	0
18721	0
18722	0
18723	0
18724	0
18725	0
18726	0
18727	0
18728	0
18729	0
18730	0
18731	0
18732	0
18745	0
18746	0
18747	0
18748	0
18749	0
18750	0
18757	0
18758	0
18759	0
18760	0
18761	0
18762	0
18799	2
18800	0
18801	0
18802	0
18803	0
18804	0
18805	0
18806	0
18807	0
18808	4
18809	0
18810	0
18811	0
18812	0
18813	0
18814	1
18815	0
18816	0
18817	0
18818	0
18819	1
18820	1
18821	0
18822	0
18823	0
18824	0
18825	0
18826	0
18827	0
18828	0
18829	0
18830	0
18831	0
18832	0
18833	0
18834	0
18835	0
18836	0
18837	0
18838	0
18839	0
18840	0
18841	6
18842	0
18843	0
18844	0
18845	0
18846	0
18847	0
18848	0
18849	0
18850	0
18851	0
18852	0
18853	0
18854	0
18855	0
18856	2
18857	2
18858	1
18859	0
18860	0
18861	0
18862	0
18863	0
18864	0
18865	1
18866	1
18867	0
18868	0
18869	0
18870	1
18871	1
18872	0
18873	0
18874	0
18875	0
18876	0
18877	0
18878	0
18879	0
18880	4
18881	0
18882	2
18883	0
18884	0
18885	0
18886	0
18887	2
18888	0
18889	1
18890	0
18891	0
18892	0
18893	1
18894	0
18895	0
18896	2
18897	1
18898	0
18899	1
18900	0
18901	0
18902	1
18903	0
18904	2
18905	0
18906	0
18907	0
18908	1
18909	0
18910	0
18911	1
18912	0
18913	0
18914	0
18915	0
18916	2
18917	0
18918	1
18955	0
18956	1
18957	0
18958	0
18959	0
18960	0
18961	0
18962	2
18963	0
18964	0
18965	0
18966	0
18967	0
18968	0
18969	0
18970	0
18971	0
18972	1
18979	0
18980	0
18981	0
18982	0
18983	0
18984	1
18985	0
18986	0
18987	0
18988	0
18989	0
18990	2
18991	0
18992	0
18993	0
18994	0
18995	0
18996	0
18997	0
18998	0
18999	0
19000	0
19001	0
19002	0
19003	0
19004	0
19005	0
19006	1
19007	0
19008	0
19009	0
19010	0
19011	0
19012	0
19013	0
19014	0
19015	0
19016	2
19017	0
19018	0
19019	1
19020	0
19021	0
19022	0
19023	0
19024	1
19025	0
19026	0
19027	0
19028	0
19029	0
19030	0
19031	0
19032	0
19033	0
19034	0
19035	0
19036	0
19037	0
19038	0
19039	1
19040	0
19041	0
19042	0
19043	0
19044	0
19045	0
19046	0
19047	0
19048	0
19049	0
19050	0
19051	0
19052	0
19053	0
19054	0
19055	0
19056	0
19057	0
19058	2
19059	0
19060	0
19061	0
19062	0
19063	0
19064	0
19065	0
19066	0
19067	0
19068	0
19069	0
19070	0
19071	0
19072	0
19073	0
19074	0
19123	0
19124	0
19125	0
19126	0
19127	0
19128	0
19129	0
19130	0
19131	0
19132	0
19133	0
19134	0
19135	0
19136	0
19137	1
19138	0
19139	0
19140	0
19147	0
19148	0
19149	0
19150	0
19151	1
19152	0
19159	0
19160	0
19161	0
19162	0
19163	1
19164	0
19189	0
19190	0
19191	0
19192	0
19193	1
19194	0
19207	0
19208	0
19209	0
19210	0
19211	0
19212	0
19213	0
19214	0
19215	0
19216	0
19217	0
19218	0
19219	0
19220	0
19221	0
19222	0
19223	0
19224	0
19225	0
19226	0
19227	0
19228	0
19229	0
19230	0
19231	0
19232	0
19233	0
19234	0
19235	0
19236	0
19237	0
19238	1
19239	0
19240	0
19241	0
19242	0
19627	1
19628	0
19629	0
19630	2
19631	0
19632	0
19633	1
19634	1
19635	1
19636	0
19637	0
19638	0
19639	1
19640	0
19641	0
19642	0
19643	0
19644	1
19681	0
19682	0
19683	0
19684	0
19685	0
19686	0
20029	0
20030	0
20031	0
20032	0
20033	0
20034	0
20047	0
20048	0
20049	0
20050	0
20051	0
20052	0
20167	0
20168	0
20169	0
20170	0
20171	0
20172	0
20179	0
20180	0
20181	0
20182	0
20183	0
20184	0
20215	1
20216	0
20217	0
20218	0
20219	0
20220	0
20287	0
20288	0
20289	0
20290	4
20291	0
20292	0
20299	0
20300	0
20301	2
20302	3
20303	3
20304	2
20317	0
20318	0
20319	0
20320	3
20321	0
20322	0
20329	0
20330	0
20331	2
20332	3
20333	0
20334	4
20341	0
20342	0
20343	0
20344	2
20345	0
20346	0
20371	0
20372	0
20373	0
20374	0
20375	0
20376	0
20377	0
20378	0
20379	0
20380	0
20381	0
20382	2
20383	2
20384	0
20385	0
20386	0
20387	1
20388	0
20401	0
20402	0
20403	0
20404	0
20405	0
20406	0
20407	0
20408	1
20409	0
20410	0
20411	0
20412	0
20413	0
20414	0
20415	0
20416	0
20417	0
20418	0
20611	0
20612	0
20613	0
20614	0
20615	0
20616	0
20617	0
20618	0
20619	0
20620	0
20621	0
20622	0
20623	2
20624	0
20625	0
20626	0
20627	0
20628	0
20809	0
20810	0
20811	1
20812	0
20814	0
20821	1
20822	0
20823	0
20824	0
20825	0
20826	0
20833	0
20834	0
20835	0
20836	0
20837	0
20838	0
20839	0
20840	0
20841	0
20842	0
20843	0
20844	0
20863	0
20864	0
20865	0
20866	0
20867	0
20868	0
20869	0
20870	0
20871	0
20872	0
20873	0
20874	0
20887	0
20888	0
20889	0
20890	0
20891	0
20892	0
20941	0
20942	0
20943	0
20944	0
20945	0
20946	1
20947	0
20948	0
20949	0
20950	0
20951	0
20952	0
20953	0
20954	0
20955	0
20956	0
20957	0
20958	0
20959	0
20960	0
20961	0
20962	0
20963	0
20964	0
20965	0
20966	0
20967	0
20968	0
20969	1
20970	0
20971	0
20972	0
20973	0
20974	0
20975	0
20976	0
20977	1
20978	0
20979	0
20980	0
20981	0
20982	0
21007	0
21008	0
21009	0
21010	0
21011	0
21012	0
21013	0
21014	0
21015	0
21016	0
21017	0
21018	0
21019	0
21020	0
21021	0
21022	0
21023	0
21024	0
21025	0
21026	0
21027	0
21028	0
21029	0
21030	0
21037	0
21038	0
21039	0
21040	0
21041	0
21042	0
21055	0
21056	0
21057	0
21058	0
21059	0
21060	0
21061	0
21062	0
21063	0
21064	0
21065	0
21066	0
21067	1
21068	0
21069	0
21070	1
21071	0
21072	0
21079	0
21080	0
21081	0
21082	0
21083	0
21084	0
21091	0
21092	0
21093	0
21094	0
21095	0
21096	1
21103	0
21104	0
21105	0
21106	0
21107	0
21108	0
21109	0
21110	0
21111	0
21112	0
21113	0
21114	0
21115	0
21116	0
21117	0
21118	0
21119	0
21120	0
21187	0
21188	0
21189	0
21190	0
21191	1
21192	2
21193	0
21194	0
21195	1
21196	0
21197	0
21198	0
21199	0
21200	0
21201	0
21202	0
21203	0
21204	1
21205	0
21206	0
21207	2
21208	0
21209	1
21210	0
21211	0
21212	0
21213	0
21214	0
21215	0
21216	0
21217	1
21218	0
21219	0
21220	0
21221	0
21222	0
21223	0
21224	0
21225	0
21226	0
21227	0
21228	0
21235	0
21236	0
21237	0
21238	0
21239	0
21240	0
21241	0
21242	0
21243	0
21244	0
21245	0
21246	0
21247	0
21248	0
21249	0
21250	0
21251	0
21252	0
21265	0
21266	1
21267	0
21268	0
21269	0
21270	0
21289	0
21290	0
21291	0
21292	0
21293	0
21294	0
21295	0
21296	0
21297	0
21298	0
21299	0
21300	0
21362	0
21364	0
21366	0
21386	0
21388	0
21390	0
21410	0
21412	0
21414	0
21517	0
21518	0
21519	0
21520	1
21521	0
21522	0
21535	0
21536	0
21537	0
21538	0
21539	0
21540	0
21559	0
21560	0
21561	0
21562	0
21563	0
21564	0
21565	2
21566	0
21567	0
21568	0
21569	0
21570	0
21571	0
21572	0
21573	0
21574	0
21575	0
21576	0
21583	0
21584	0
21585	0
21586	0
21587	0
21588	0
21589	0
21590	0
21591	0
21592	0
21593	0
21594	0
21595	0
21596	0
21597	1
21598	0
21599	0
21600	0
21613	0
21614	0
21615	0
21616	0
21617	0
21618	0
21619	0
21620	0
21621	0
21622	0
21623	0
21624	0
21625	0
21626	0
21627	0
21628	0
21629	0
21630	0
21631	0
21632	1
21633	0
21634	0
21635	0
21636	0
21637	0
21639	0
21640	0
21641	0
21642	0
21667	0
21668	0
21669	0
21670	4
21671	2
21672	0
21673	0
21674	1
21675	0
21676	1
21677	0
21678	0
21685	0
21686	0
21687	0
21688	1
21689	0
21690	0
21691	0
21692	0
21693	0
21694	1
21695	0
21696	1
21697	0
21698	2
21699	0
21700	0
21701	0
21702	0
21715	0
21716	1
21717	0
21718	4
21719	0
21720	1
21721	1
21722	1
21723	0
21724	1
21725	0
21726	0
21727	0
21728	2
21729	0
21730	1
21731	0
21732	1
21781	0
21782	0
21784	0
21785	0
21786	0
21787	0
21788	1
21789	0
21790	0
21791	0
21792	0
21793	1
21794	0
21795	0
21796	1
21797	0
21798	0
21799	0
21800	1
21801	0
21802	0
21803	0
21804	0
21805	0
21806	0
21807	0
21808	0
21809	0
21810	0
21811	0
21812	0
21813	0
21814	0
21815	0
21816	0
21823	0
21824	0
21825	0
21826	1
21827	0
21828	0
21835	0
21836	0
21837	0
21838	3
21839	0
21840	0
21841	1
21842	0
21843	0
21844	0
21845	0
21846	0
21865	0
21866	0
21867	0
21868	0
21869	0
21870	1
21895	0
21896	1
21897	0
21898	0
21899	0
21900	0
21913	0
21914	0
21915	0
21916	0
21917	0
21918	0
22009	0
22010	0
22011	0
22012	0
22013	0
22014	0
22015	0
22016	0
22017	0
22018	0
22019	1
22020	0
22021	0
22022	0
22023	0
22024	0
22025	0
22026	0
22027	0
22028	0
22029	0
22030	0
22031	0
22032	0
22129	1
22130	0
22131	0
22132	0
22133	0
22134	2
22135	2
22136	0
22137	0
22138	0
22139	0
22140	1
22141	0
22142	0
22143	0
22144	0
22145	0
22146	3
22237	0
22238	0
22239	0
22240	1
22241	0
22242	0
22243	0
22244	0
22245	0
22246	0
22247	0
22248	0
22255	0
22256	0
22257	0
22258	1
22259	0
22260	0
22363	2
22364	0
22365	2
22366	0
22367	0
22381	0
22382	0
22383	0
22384	0
22385	0
22386	0
22471	0
22472	0
22473	0
22474	0
22475	0
22476	0
22555	1
22556	0
22557	3
22558	1
22559	0
22560	2
22561	0
22562	0
22563	0
22564	0
22565	0
22566	0
22567	0
22568	0
22569	0
22570	0
22571	0
22572	0
22573	0
22574	0
22575	0
22576	0
22577	1
22578	0
22579	0
22580	0
22581	0
22582	0
22583	0
22584	0
22615	0
22616	1
22617	0
22618	0
22619	0
22620	0
22627	0
22628	0
22629	0
22630	0
22631	0
22632	0
22675	0
22676	0
22677	0
22678	1
22679	0
22680	0
22825	0
22826	0
22827	0
22828	0
22829	0
22830	3
23173	0
23174	0
23175	0
23176	0
23177	1
23178	0
23179	0
23180	0
23181	0
23182	0
23183	0
23184	0
23359	0
23360	0
23361	0
23362	0
23363	2
23364	0
23365	0
23366	0
23367	0
23368	0
23369	0
23370	0
23413	0
23414	0
23415	0
23416	0
23417	0
23418	0
23425	0
23426	0
23427	0
23428	0
23429	0
23430	0
23533	0
23534	0
23535	0
23536	0
23537	0
23538	1
23551	0
23552	0
23553	0
23554	0
23555	1
23556	0
23569	0
23570	0
23571	0
23572	0
23573	0
23574	0
23593	1
23594	0
23595	1
23596	0
23597	0
23598	0
23671	0
23672	0
23673	0
23674	0
23675	0
23676	0
23677	0
23678	0
23679	1
23680	0
23681	0
23682	0
23743	0
23744	0
23745	0
23746	0
23747	1
23748	0
23815	0
23816	0
23818	0
23819	1
23820	2
23857	0
23858	0
23859	0
23860	0
23861	0
23862	0
23863	0
23864	0
23865	0
23866	0
23867	0
23868	0
24067	0
24068	0
24070	0
24071	1
24072	2
24175	0
24176	0
24177	0
24178	0
24179	1
24180	0
24181	0
24182	0
24183	0
24184	0
24185	0
24186	0
24253	0
24254	0
24255	0
24256	0
24257	1
24258	0
24259	0
24260	0
24261	0
24262	0
24263	0
24264	0
24289	0
24290	0
24291	0
24292	0
24293	0
24294	0
24325	1
24326	0
24327	0
24328	0
24329	0
24330	0
24391	0
24392	0
24393	0
24394	0
24395	0
24396	0
24397	0
24398	0
24399	0
24400	1
24401	0
24402	0
24409	0
24410	0
24411	0
24412	0
24413	0
24414	3
24457	0
24458	0
24459	0
24460	0
24461	0
24462	1
24469	0
24470	0
24471	0
24472	0
24473	0
24474	0
24487	0
24488	0
24489	0
24490	1
24491	0
24492	0
24493	0
24494	0
24495	0
24496	1
24497	0
24498	0
24811	0
24812	0
24813	0
24814	0
24815	0
24816	0
24895	0
24896	0
24897	0
24898	0
24899	1
24900	0
25381	0
25382	0
25383	0
25384	0
25385	0
25386	0
25387	0
25388	0
25389	0
25390	0
25391	2
25392	0
25417	0
25418	0
25419	0
25420	0
25421	0
25422	1
25609	1
25610	0
25611	0
25612	0
25613	0
25614	0
25615	0
25616	0
25617	0
25618	0
25619	0
25620	0
25639	0
25640	0
25641	0
25642	0
25643	0
25644	0
25711	0
25712	0
25713	0
25714	0
25715	0
25716	0
25729	0
25730	0
25731	0
25732	0
25733	1
25734	0
25807	0
25808	0
25809	0
25810	1
25811	1
25812	0
25843	1
25844	0
25845	2
25846	0
25847	0
25848	2
25891	0
25892	0
25893	0
25894	0
25895	0
25896	0
25897	0
25898	0
25899	0
25900	0
25901	0
25902	0
25915	0
25916	0
25917	0
25918	0
25919	0
25920	0
25921	0
25922	0
25923	0
25924	0
25925	0
25926	1
25927	0
25928	0
25929	0
25930	0
25931	0
25932	0
25933	0
25934	0
25935	0
25936	0
25937	0
25938	1
25939	0
25940	0
25941	0
25942	0
25943	0
25944	0
25945	0
25946	0
25947	0
25948	0
25949	0
25950	1
25951	0
25952	0
25953	0
25954	0
25955	0
25956	0
25957	0
25958	0
25959	0
25960	0
25961	0
25962	0
25999	0
26000	0
26001	0
26002	0
26003	0
26004	0
26005	0
26006	0
26007	0
26008	0
26009	0
26010	0
26011	0
26012	0
26013	0
26014	0
26015	0
26016	0
26089	0
26090	0
26091	0
26092	0
26093	0
26094	0
26095	0
26096	0
26097	0
26098	0
26099	0
26100	0
26101	0
26102	0
26103	0
26104	0
26105	0
26106	0
26107	0
26108	0
26109	0
26110	0
26111	0
26112	0
26113	0
26114	0
26115	0
26116	0
26117	0
26118	0
26119	0
26120	0
26121	0
26122	0
26123	0
26124	0
26167	0
26168	0
26169	0
26170	0
26171	0
26172	0
26173	0
26174	0
26175	0
26176	1
26177	0
26178	0
26179	0
26180	0
26181	0
26182	0
26183	0
26184	0
26185	0
26186	0
26187	0
26188	0
26189	0
26190	0
26191	0
26192	0
26193	0
26194	0
26195	0
26196	0
26197	0
26198	0
26199	0
26200	0
26201	0
26202	0
26281	0
26282	0
26283	1
26284	0
26285	0
26286	0
26287	0
26288	0
26289	1
26290	0
26291	0
26292	0
26293	0
26294	0
26295	2
26296	0
26297	1
26298	1
26299	0
26300	0
26301	0
26302	0
26303	3
26304	0
26305	0
26306	0
26307	0
26308	0
26309	0
26310	0
26311	0
26312	0
26313	0
26314	0
26315	0
26316	0
26353	0
26354	0
26355	0
26356	0
26357	1
26358	0
26359	0
26360	0
26361	0
26362	0
26363	0
26364	0
26365	0
26366	0
26367	0
26368	0
26369	0
26370	0
26371	0
26372	1
26373	0
26374	0
26375	0
26376	0
26377	0
26378	0
26379	0
26380	0
26381	0
26382	0
26383	0
26384	1
26385	0
26386	0
26387	0
26388	0
26413	3
26414	1
26415	0
26416	0
26417	0
26418	0
26425	0
26426	1
26427	0
26428	0
26429	0
26430	0
26437	0
26438	0
26439	0
26440	0
26441	0
26442	0
26731	0
26732	0
26733	0
26734	0
26735	0
26736	0
26737	0
26738	0
26739	0
26740	0
26741	0
26742	0
26857	0
26858	0
26859	0
26860	0
26861	0
26862	0
26863	0
26864	0
26865	0
26866	0
26867	1
26868	0
26869	0
26870	0
26871	0
26872	0
26873	0
26874	0
26929	0
26930	0
26931	0
26932	0
26933	0
26934	0
26935	0
26936	1
26937	0
26938	0
26939	0
26940	0
26941	0
26942	0
26943	0
26944	0
26945	0
26946	0
27001	0
27002	1
27003	0
27004	0
27005	0
27006	0
27007	0
27008	0
27009	0
27010	0
27011	0
27012	0
27013	0
27014	0
27015	0
27016	1
27017	0
27018	0
27019	0
27020	0
27021	0
27022	0
27023	0
27024	1
27025	0
27026	0
27027	0
27028	0
27029	0
27030	0
27031	0
27032	0
27033	0
27034	0
27035	0
27036	0
27091	0
27092	0
27093	0
27094	0
27095	0
27096	1
27097	0
27098	0
27099	0
27100	0
27101	0
27102	0
27103	0
27104	0
27105	0
27106	0
27107	0
27108	0
27109	2
27110	0
27111	0
27112	0
27113	0
27114	0
27115	0
27116	0
27117	0
27118	0
27119	0
27120	0
27121	0
27122	0
27123	0
27124	0
27125	0
27126	0
27127	0
27128	0
27130	0
27131	0
27133	0
27134	0
27136	0
27137	0
27139	0
27140	0
27142	0
27143	0
27163	0
27164	0
27165	0
27166	0
27167	0
27168	0
27187	0
27188	1
27189	0
27190	1
27191	1
27192	0
27193	0
27194	0
27195	0
27196	0
27197	0
27198	0
27199	0
27200	0
27201	0
27202	0
27203	1
27204	1
27205	1
27206	0
27207	3
27208	0
27209	1
27210	0
27211	1
27212	0
27213	2
27214	0
27215	2
27216	0
27217	0
27218	0
27219	0
27220	0
27221	1
27222	0
27223	0
27224	0
27225	1
27226	0
27227	0
27228	2
27229	0
27230	0
27231	0
27232	0
27233	0
27234	1
27235	0
27236	0
27237	2
27238	0
27239	1
27240	0
27241	0
27242	0
27243	0
27244	0
27245	0
27246	0
27247	2
27248	1
27249	0
27250	0
27251	0
27252	0
27253	0
27254	0
27255	0
27256	0
27257	0
27258	0
27259	0
27260	0
27261	0
27262	0
27263	0
27264	0
27265	0
27266	0
27267	1
27268	0
27269	0
27270	0
27271	0
27272	0
27273	0
27274	0
27275	0
27276	0
27277	0
27278	0
27279	0
27280	0
27281	0
27282	0
27283	0
27284	0
27285	0
27286	0
27287	0
27288	0
27307	2
27308	0
27309	0
27310	0
27311	0
27312	0
27313	1
27314	0
27315	0
27316	0
27317	0
27318	0
27319	0
27320	0
27321	0
27322	0
27323	0
27324	0
27355	0
27356	0
27357	0
27358	0
27359	0
27360	0
27391	0
27392	0
27393	0
27394	0
27395	0
27396	0
27433	1
27434	0
27435	0
27436	0
27437	0
27438	0
27487	1
27488	1
27489	0
27490	0
27491	0
27492	0
27493	0
27494	0
27495	0
27496	0
27497	0
27498	0
27499	0
27500	0
27501	0
27502	0
27503	0
27504	0
27661	0
27662	0
27663	0
27664	0
27665	0
27666	0
27667	0
27668	1
27669	0
27670	0
27671	1
27672	0
27673	0
27674	1
27675	0
27676	1
27677	0
27678	0
27679	2
27680	0
27681	0
27682	0
27683	0
27684	0
27685	2
27686	0
27687	0
27688	0
27689	0
27690	0
27691	2
27692	0
27693	0
27694	0
27695	0
27696	0
27697	0
27698	0
27699	0
27700	0
27701	0
27702	1
27703	0
27704	0
27705	0
27706	0
27707	0
27708	0
27709	0
27710	0
27711	0
27712	0
27713	0
27714	0
27715	0
27716	0
27717	0
27718	0
27719	0
27720	0
27721	0
27722	0
27723	0
27724	0
27725	0
27726	0
27727	0
27728	0
27729	0
27730	0
27731	0
27732	0
27733	0
27734	0
27735	0
27736	0
27737	0
27738	0
27739	3
27740	0
27741	1
27742	0
27743	0
27744	0
27745	0
27746	0
27747	0
27748	0
27749	0
27750	0
27769	0
27770	0
27771	0
27772	0
27773	1
27774	0
27775	0
27776	0
27777	0
27778	0
27779	1
27780	0
27781	0
27782	0
27783	0
27784	0
27785	1
27786	0
27787	0
27788	0
27789	0
27790	0
27791	3
27792	2
27793	0
27794	0
27795	0
27796	0
27797	0
27798	2
27799	0
27800	0
27801	0
27802	0
27803	0
27804	1
27835	0
27836	0
27837	1
27838	0
27839	0
27840	0
27841	0
27842	0
27843	0
27844	0
27845	1
27846	2
27847	0
27848	0
27849	1
27850	0
27851	1
27852	1
27877	0
27878	0
27879	0
27880	0
27881	0
27882	0
27883	0
27884	0
27885	0
27886	0
27887	0
27888	0
27895	1
27896	0
27897	0
27898	0
27899	1
27900	0
27908	0
27910	0
27911	0
27912	0
27914	0
27916	0
27917	0
27918	0
27920	0
27922	0
27923	0
27924	0
27925	0
27926	0
27927	0
27928	0
27929	0
27930	0
27931	0
27932	0
27933	0
27934	0
27935	0
27936	0
27937	0
27938	0
27939	0
27940	0
27941	0
27942	0
28003	0
28004	0
28005	0
28006	3
28007	4
28008	3
28015	1
28016	0
28017	2
28018	4
28019	2
28020	0
28027	0
28028	0
28029	4
28030	3
28031	3
28032	4
28033	0
28034	0
28035	0
28036	1
28037	0
28038	1
28039	0
28040	0
28041	0
28042	0
28043	0
28044	0
28045	0
28046	0
28047	0
28048	1
28049	0
28050	0
28069	0
28070	1
28071	0
28072	0
28073	0
28074	0
28075	0
28076	0
28077	0
28078	0
28079	0
28080	0
28087	0
28088	0
28089	0
28090	0
28091	0
28092	0
28189	0
28190	0
28191	0
28192	1
28193	0
28194	0
28195	0
28196	0
28197	0
28198	0
28199	0
28200	0
28201	0
28202	0
28203	0
28204	0
28205	0
28206	0
28207	0
28208	0
28209	0
28210	0
28211	0
28212	0
28213	0
28214	0
28215	0
28216	0
28217	0
28218	0
28219	0
28220	0
28221	0
28222	0
28223	0
28224	0
28225	0
28226	0
28227	0
28228	0
28229	0
28230	0
28231	1
28232	1
28233	0
28234	0
28235	0
28236	0
28237	0
28238	1
28239	0
28240	0
28241	0
28242	0
28249	2
28250	0
28251	0
28252	0
28253	0
28254	0
28255	1
28256	0
28257	0
28258	0
28259	0
28260	0
28267	0
28268	0
28269	1
28270	0
28271	0
28272	0
28345	0
28346	0
28347	0
28348	0
28349	0
28350	0
28657	0
28658	2
28659	0
28660	0
28661	0
28662	0
28663	0
28664	0
28665	0
28666	0
28667	0
28668	0
28669	0
28670	0
28671	0
28672	0
28673	0
28674	0
28675	0
28676	0
28677	0
28678	0
28679	0
28680	0
28681	0
28682	0
28683	0
28684	0
28685	1
28686	0
28687	0
28688	0
28689	0
28690	0
28691	0
28692	0
28693	0
28694	0
28695	0
28696	0
28697	0
28698	0
28711	0
28712	0
28713	0
28714	0
28715	0
28716	0
28723	0
28724	0
28725	0
28726	0
28727	0
28728	0
28789	0
28790	0
28791	0
28792	0
28793	0
28794	0
28801	0
28802	0
28803	0
28804	0
28805	0
28806	0
28813	0
28814	0
28815	0
28816	0
28817	0
28818	0
28819	0
28820	0
28821	0
28822	0
28823	0
28824	3
28825	0
28826	1
28827	0
28828	0
28829	0
28830	0
28831	0
28832	0
28833	0
28834	0
28835	1
28836	0
28909	0
28910	0
28911	0
28912	0
28913	0
28914	0
28921	0
28922	2
28923	0
28924	0
28925	0
28926	0
28933	0
28934	0
28935	0
28936	0
28937	0
28938	0
28951	0
28952	0
28953	0
28954	0
28955	0
28956	0
28957	0
28958	0
28959	0
28960	0
28961	0
28962	0
28999	0
29000	0
29001	0
29002	0
29003	0
29004	0
29017	0
29018	0
29019	0
29020	0
29021	0
29022	0
29077	0
29078	0
29079	0
29080	0
29081	0
29082	1
29089	0
29090	0
29091	0
29092	0
29093	0
29094	1
29095	0
29096	0
29097	0
29098	0
29099	0
29100	0
29101	0
29102	0
29103	0
29104	0
29105	0
29106	0
29155	0
29156	0
29157	0
29158	0
29159	0
29160	0
29197	0
29198	0
29199	0
29200	0
29201	0
29202	0
29203	0
29204	0
29205	0
29206	0
29207	0
29208	0
29209	0
29210	0
29211	0
29214	0
29215	0
29216	0
29217	5
29221	0
29222	2
29226	0
29227	0
29228	0
29229	0
29230	0
29231	0
29232	0
29233	0
29234	0
29235	0
29236	0
29237	0
29238	0
29239	0
29240	0
29241	0
29242	0
29243	0
29244	0
29293	0
29294	0
29295	0
29296	0
29297	0
29298	1
29299	0
29300	0
29301	1
29302	0
29303	2
29304	0
29305	0
29306	0
29307	0
29308	0
29309	0
29310	0
29329	0
29330	0
29331	0
29332	0
29333	0
29334	0
29335	0
29336	0
29337	0
29338	0
29339	0
29340	0
29341	0
29342	0
29343	0
29344	0
29345	0
29346	0
29401	0
29402	0
29403	0
29404	0
29405	0
29406	0
29407	0
29408	0
29409	0
29410	0
29411	0
29412	0
29419	0
29420	0
29421	0
29422	0
29423	0
29424	0
29455	0
29456	0
29457	0
29458	0
29459	1
29460	0
29467	0
29468	2
29469	0
29470	0
29471	0
29472	0
29473	0
29474	2
29475	0
29476	0
29477	0
29478	0
29479	2
29480	0
29481	0
29482	0
29483	0
29484	0
29515	0
29516	0
29517	0
29518	0
29519	0
29520	0
29521	0
29522	0
29523	0
29524	0
29525	0
29526	0
29617	0
29618	0
29619	0
29620	1
29621	0
29622	0
29623	0
29624	0
29625	0
29626	0
29627	0
29628	0
29629	0
29630	0
29631	0
29632	0
29633	0
29634	0
29635	0
29636	0
29637	0
29638	0
29639	0
29640	0
29641	4
29642	0
29643	0
29644	3
29645	1
29646	2
29647	0
29648	0
29649	0
29650	0
29651	0
29652	0
29803	0
29804	0
29805	0
29806	0
29807	0
29808	0
29809	0
29810	0
29811	0
29812	0
29813	0
29814	0
29815	0
29816	0
29817	0
29818	0
29819	0
29820	0
29833	0
29834	0
29835	0
29836	0
29837	0
29838	0
29839	0
29840	0
29841	0
29842	0
29843	0
29844	0
29845	0
29846	0
29847	0
29848	0
29849	0
29850	0
29851	0
29852	0
29853	0
29854	0
29855	0
29856	0
29857	0
29858	0
29859	0
29860	1
29861	0
29862	0
29869	0
29870	0
29871	0
29872	0
29873	0
29874	0
29881	0
29882	0
29883	0
29884	0
29885	0
29886	0
29887	0
29888	2
29889	0
29890	0
29891	3
29892	0
29923	0
29924	0
29925	0
29926	0
29927	1
29928	0
29941	0
29942	0
29943	0
29944	0
29945	0
29946	0
29947	0
29948	0
29949	0
29950	1
29951	0
29952	0
29995	1
29996	0
29997	1
29998	0
29999	0
30000	0
30013	1
30014	1
30015	0
30016	0
30017	2
30018	1
30019	0
30020	0
30021	1
30022	0
30023	0
30024	0
30025	0
30026	0
30027	0
30028	0
30029	0
30030	0
30055	0
30056	1
30057	0
30058	0
30059	0
30060	0
30091	0
30092	3
30093	2
30094	0
30095	1
30096	2
30139	0
30140	0
30141	0
30142	0
30143	1
30144	0
30145	0
30146	0
30147	0
30148	0
30149	0
30150	0
30151	0
30152	0
30153	0
30154	0
30155	0
30156	0
30157	0
30158	0
30159	0
30160	0
30161	0
30162	0
30193	0
30194	0
30195	0
30196	0
30197	0
30198	0
30211	0
30212	0
30213	0
30214	0
30215	0
30216	0
30223	1
30224	0
30225	0
30226	0
30227	0
30228	1
30229	0
30230	2
30231	0
30232	0
30233	0
30234	0
30265	0
30266	0
30267	0
30268	1
30269	0
30270	0
30271	0
30272	0
30273	0
30274	3
30275	0
30276	0
30313	0
30314	2
30315	0
30316	0
30318	0
30319	0
30321	0
30322	0
30323	0
30324	0
30325	0
30326	0
30327	0
30328	0
30329	0
30330	0
30337	0
30338	0
30339	0
30340	0
30341	0
30342	1
30343	0
30344	0
30345	0
30346	0
30347	0
30348	0
30349	0
30350	0
30351	0
30352	0
30353	0
30354	0
30367	0
30368	0
30369	0
30370	0
30371	0
30372	0
30415	0
30416	4
30417	0
30418	0
30419	4
30420	0
30427	0
30428	0
30429	0
30430	0
30431	0
30432	0
30439	0
30440	0
30441	0
30442	0
30443	2
30444	0
30445	0
30446	0
30447	0
30448	0
30449	0
30450	0
30481	0
30483	0
30484	0
30486	1
30487	0
30489	0
30490	0
30492	0
30493	0
30495	2
30496	1
30497	0
30499	0
30501	0
30502	1
30503	0
30505	0
30506	0
30507	0
30508	0
30509	2
30510	0
30547	1
30548	0
30549	0
30550	0
30551	0
30552	0
30553	0
30554	0
30555	0
30556	0
30557	0
30558	0
30565	1
30566	0
30567	0
30568	0
30569	0
30570	0
30589	0
30590	1
30591	1
30592	0
30593	0
30594	0
30607	0
30608	0
30609	0
30610	0
30611	0
30612	0
30613	0
30614	0
30615	0
30616	3
30617	1
30618	0
30619	0
30620	0
30622	0
30624	0
30625	1
30626	0
30627	0
30628	0
30629	0
30630	0
30631	0
30632	0
30633	0
30634	0
30635	0
30636	2
30637	0
30638	0
30639	0
30640	0
30641	0
30642	0
30643	2
30644	0
30645	0
30646	0
30647	2
30648	3
30649	0
30650	0
30651	0
30652	0
30653	0
30654	0
30655	0
30656	0
30657	0
30658	0
30659	0
30660	0
30793	0
30794	0
30795	2
30796	4
30797	4
30798	3
30799	0
30800	0
30801	0
30802	0
30803	0
30804	0
30811	0
30812	0
30813	0
30814	0
30815	0
30816	0
30829	0
30830	0
30831	1
30832	2
30833	2
30834	1
30883	0
30884	0
30885	0
30886	0
30887	0
30888	0
30919	0
30920	0
30921	0
30922	0
30923	0
30924	0
30925	0
30926	0
30927	0
30928	0
30929	0
30930	0
30931	0
30932	0
30933	0
30934	0
30935	0
30936	0
30967	0
30968	1
30969	0
30970	0
30971	0
30972	0
31033	0
31034	0
31035	0
31036	0
31037	0
31038	0
31039	0
31040	0
31041	0
31042	0
31043	0
31044	0
31045	0
31046	0
31047	0
31048	0
31049	0
31050	0
31057	0
31058	0
31059	0
31060	0
31061	0
31062	0
31075	0
31076	0
31077	0
31078	0
31079	0
31080	0
31081	0
31082	0
31083	0
31084	0
31085	0
31086	0
31183	0
31184	0
31185	0
31186	0
31187	0
31189	0
31191	0
31192	0
31193	0
31195	0
31196	0
31197	0
31198	0
31199	0
31225	0
31226	0
31227	2
31228	2
31229	4
31230	2
31231	0
31232	0
31233	0
31234	0
31235	0
31236	0
31237	0
31238	0
31239	0
31240	0
31241	1
31242	0
31243	0
31244	0
31245	0
31246	0
31247	0
31248	0
31309	0
31310	0
31311	0
31312	0
31313	0
31314	1
31333	0
31334	0
31335	0
31336	0
31337	0
31338	0
31393	0
31394	0
31395	0
31396	0
31397	0
31398	0
31429	0
31430	0
31431	0
31432	0
31433	0
31434	0
31483	0
31484	0
31485	0
31486	0
31487	1
31488	0
31513	0
31514	0
31515	0
31516	0
31517	0
31518	0
31531	1
31532	0
31533	0
31534	0
31535	0
31536	0
31555	0
31556	0
31557	0
31558	0
31559	0
31560	1
31597	0
31598	0
31599	0
31600	0
31601	0
31602	0
31603	0
31604	0
31605	0
31606	1
31607	0
31608	1
31615	2
31616	0
31617	0
31618	0
31619	0
31620	0
31621	1
31622	0
31623	0
31624	0
31625	0
31626	0
31627	1
31628	0
31629	0
31630	0
31631	0
31632	0
31699	0
31700	1
31701	0
31702	0
31703	0
31704	0
31771	0
31772	0
31773	0
31774	0
31775	0
31776	0
31777	0
31778	0
31779	0
31780	0
31781	0
31782	0
31783	0
31784	0
31785	0
31786	0
31787	0
31788	0
31789	0
31790	0
31791	0
31792	0
31793	0
31794	0
31795	0
31796	0
31797	0
31798	0
31799	0
31800	0
31825	0
31826	0
31827	0
31828	0
31829	0
31830	0
31861	0
31862	0
31863	0
31864	0
31865	0
31866	0
31927	3
31928	0
31929	0
31930	0
31931	0
31932	0
31933	0
31934	0
31935	0
31936	0
31937	0
31938	0
31939	0
31940	0
31941	0
31942	0
31943	0
31944	0
31969	0
31970	0
31971	0
31972	0
31973	0
31974	0
32005	0
32006	0
32007	0
32008	0
32009	0
32010	0
32029	0
32030	0
32031	0
32033	0
32034	0
32035	0
32036	0
32037	0
32039	1
32040	0
32041	0
32042	0
32043	0
32044	0
32045	1
32046	0
32047	0
32048	0
32049	0
32050	0
32051	0
32052	0
32053	0
32054	0
32055	0
32056	0
32057	0
32058	0
32059	0
32060	0
32061	0
32062	0
32063	0
32064	0
32143	0
32144	0
32145	0
32146	0
32147	0
32148	0
32185	0
32186	0
32187	0
32188	2
32189	0
32190	0
32191	1
32192	1
32193	2
32194	2
32195	0
32196	1
32197	2
32198	0
32199	0
32200	0
32201	0
32202	1
32455	0
32456	0
32457	0
32458	0
32459	0
32460	0
32461	0
32462	0
32463	0
32464	0
32465	0
32466	0
32491	1
32492	0
32493	0
32494	0
32495	0
32496	0
32497	0
32498	0
32499	0
32500	0
32501	1
32502	0
32515	0
32516	0
32517	0
32518	0
32519	0
32520	0
32575	0
32576	0
32577	0
32578	0
32579	0
32580	0
32582	0
32587	0
32588	0
32589	0
32590	0
32591	0
32592	0
32629	0
32630	0
32631	0
32632	0
32633	0
32634	0
32635	0
32636	0
32637	0
32638	0
32639	0
32640	0
32641	1
32642	0
32643	0
32644	0
32645	0
32646	0
32683	0
32684	0
32685	0
32686	0
32687	1
32688	0
32689	0
32690	0
32691	0
32692	0
32693	0
32694	0
32695	0
32696	0
32697	0
32698	0
32699	0
32700	0
32701	0
32702	0
32703	0
32704	0
32705	0
32706	0
32707	0
32708	0
32709	0
32710	0
32711	0
32712	0
32713	0
32714	0
32715	0
32716	0
32717	0
32718	0
32719	0
32720	0
32721	0
32722	0
32723	0
32724	1
32725	0
32726	0
32727	0
32728	0
32729	1
32730	0
32731	0
32732	0
32733	0
32734	0
32735	0
32736	0
32809	0
32810	0
32811	0
32812	0
32813	0
32814	0
32815	0
32816	0
32817	0
32818	0
32819	0
32820	0
32821	0
32822	0
32823	0
32824	0
32825	0
32826	0
32827	0
32828	0
32829	0
32830	0
32831	0
32832	0
32833	0
32834	0
32835	0
32836	0
32837	0
32838	0
32839	0
32840	0
32841	0
32842	0
32843	0
32844	0
32881	0
32882	0
32883	0
32884	0
32885	0
32886	0
32887	0
32888	0
32889	0
32890	0
32891	0
32892	0
32923	0
32924	0
32925	0
32926	0
32927	0
32928	0
32995	0
32996	0
32997	1
32998	0
32999	0
33000	0
33013	0
33014	0
33015	0
33016	0
33017	0
33018	0
33079	1
33080	0
33081	0
33082	0
33083	0
33084	0
33103	0
33104	0
33105	0
33106	0
33107	0
33108	0
33109	1
33110	0
33111	0
33112	0
33113	0
33114	0
33115	0
33116	0
33117	0
33118	0
33119	0
33120	0
33121	1
33122	5
33123	0
33124	0
33125	0
33126	0
33133	0
33134	0
33135	0
33136	0
33137	1
33138	4
33157	0
33158	0
33159	0
33160	0
33161	0
33162	1
33163	0
33164	0
33165	0
33166	0
33167	0
33168	0
33169	0
33170	1
33171	0
33172	0
33173	0
33174	0
33175	0
33176	0
33177	0
33178	0
33179	0
33180	0
33181	0
33182	0
33183	0
33184	0
33185	0
33186	0
33187	0
33188	0
33189	0
33190	0
33191	0
33192	0
33193	0
33194	0
33195	0
33196	0
33197	0
33198	0
33199	0
33200	0
33201	0
33202	0
33203	0
33204	0
33211	0
33212	0
33213	0
33214	0
33215	0
33216	0
33235	0
33236	0
33237	0
33238	3
33239	0
33240	0
33241	0
33242	0
33243	0
33244	0
33245	0
33246	0
33247	0
33248	0
33249	0
33250	1
33251	0
33252	0
33331	0
33332	2
33333	1
33334	1
33335	0
33336	0
33337	0
33338	0
33339	0
33340	0
33341	0
33342	1
33343	0
33344	0
33345	0
33346	0
33347	0
33348	0
33391	0
33392	0
33393	0
33394	0
33395	0
33396	0
33397	0
33398	1
33399	0
33400	0
33401	0
33402	0
33403	0
33404	0
33405	0
33406	0
33407	0
33408	0
33415	0
33416	0
33417	0
33418	0
33420	0
33421	0
33422	0
33423	0
33424	0
33425	0
33426	0
33475	1
33476	0
33477	0
33478	0
33479	0
33480	0
33481	0
33482	0
33483	0
33484	0
33485	0
33486	0
33487	0
33488	0
33489	0
33490	0
33491	0
33492	0
33529	0
33530	0
33531	0
33532	0
33533	0
33534	0
33535	0
33536	0
33537	0
33538	0
33539	0
33540	0
33541	0
33542	0
33543	0
33544	0
33545	0
33546	1
33565	0
33566	0
33567	1
33568	0
33569	0
33570	0
33571	0
33572	0
33573	0
33574	0
33575	0
33576	0
33577	0
33578	0
33579	0
33580	0
33581	0
33582	0
33589	0
33590	0
33591	0
33592	0
33593	0
33594	0
33631	0
33632	0
33633	0
33634	0
33635	0
33636	0
33637	0
33638	0
33639	0
33640	0
33641	0
33642	0
33643	0
33644	0
33645	0
33646	0
33647	0
33648	0
33691	0
33692	0
33693	0
33694	0
33695	2
33696	0
33733	1
33734	0
33735	0
33736	0
33737	0
33738	0
33757	2
33758	0
33759	0
33760	0
33761	0
33762	0
33823	0
33824	0
33825	0
33826	0
33827	0
33828	0
33829	0
33830	0
33831	0
33832	0
33833	0
33834	0
33841	0
33842	0
33843	0
33844	0
33845	0
33846	0
33895	1
33896	0
33897	0
33898	0
33899	0
33900	0
33901	1
33902	0
33903	1
33904	0
33905	0
33906	0
33907	0
33908	0
33909	0
33910	0
33911	0
33912	0
33925	0
33926	0
33927	0
33928	0
33929	0
33930	0
33931	0
33932	0
33933	0
33934	0
33935	0
33936	0
33985	0
33986	0
33987	0
33988	0
33989	0
33990	0
33991	0
33992	0
33993	0
33994	0
33995	0
33996	0
33997	0
33998	0
33999	0
34000	0
34001	0
34002	0
34003	0
34004	0
34005	0
34006	0
34007	0
34008	0
34009	0
34010	0
34011	0
34012	0
34013	0
34014	0
34021	0
34022	0
34023	0
34024	0
34025	0
34026	0
34033	0
34034	0
34035	0
34036	0
34037	0
34038	0
34057	0
34058	0
34059	0
34060	0
34061	0
34062	0
34063	0
34064	0
34065	0
34066	0
34067	1
34068	0
34069	0
34070	1
34071	1
34072	0
34073	1
34074	0
34075	0
34076	0
34077	0
34078	0
34079	0
34080	0
34093	0
34094	0
34095	0
34096	0
34097	2
34098	0
34105	0
34106	0
34107	0
34108	2
34109	0
34110	0
34147	0
34148	0
34149	0
34150	0
34151	0
34152	0
34159	0
34160	0
34161	0
34162	0
34163	0
34164	0
34165	0
34166	1
34167	0
34168	0
34169	2
34170	0
34171	0
34172	0
34173	0
34174	0
34175	0
34176	0
34189	1
34190	0
34191	0
34192	1
34193	0
34194	0
34195	0
34196	0
34197	0
34198	0
34199	0
34200	0
34207	1
34208	1
34209	1
34210	0
34211	0
34212	0
34219	1
34220	0
34221	0
34222	0
34223	0
34224	0
34231	0
34232	0
34233	0
34234	2
34235	0
34236	0
34237	0
34238	0
34239	0
34240	0
34241	0
34242	0
34243	1
34244	0
34245	0
34246	1
34247	0
34248	0
34255	0
34256	0
34257	0
34258	0
34259	0
34260	0
34285	0
34286	0
34287	0
34288	0
34289	0
34290	0
34291	0
34292	0
34293	0
34294	0
34295	0
34296	0
34309	0
34310	0
34311	0
34312	0
34313	0
34314	0
34321	0
34322	0
34323	2
34324	0
34325	0
34326	0
34327	0
34328	0
34329	0
34330	0
34331	0
34332	0
34333	0
34334	0
34335	0
34336	0
34337	0
34338	0
34357	0
34358	0
34359	0
34360	0
34361	0
34362	0
34363	0
34364	0
34365	0
34366	0
34367	0
34368	0
34411	0
34412	0
34413	0
34414	0
34415	0
34416	0
34423	0
34424	0
34425	0
34426	0
34427	0
34428	2
34435	0
34436	0
34437	0
34439	0
34440	0
34441	0
34442	0
34443	0
34444	0
34445	0
34446	0
34447	0
34448	0
34449	0
34450	0
34451	0
34452	0
34459	0
34460	0
34461	0
34462	0
34463	0
34464	1
34465	0
34466	0
34467	0
34468	0
34469	0
34470	4
34471	0
34472	0
34473	0
34474	0
34475	0
34476	2
34477	0
34478	1
34479	0
34480	0
34481	2
34482	0
34489	1
34490	0
34491	0
34492	0
34493	0
34494	0
34513	1
34514	0
34515	0
34516	0
34517	0
34518	0
34519	1
34520	0
34521	0
34522	0
34523	0
34524	0
34531	0
34532	1
34533	0
34534	0
34535	0
34536	0
34561	0
34562	0
34563	0
34564	0
34565	0
34566	0
34597	0
34598	0
34599	0
34600	0
34601	0
34602	0
34621	0
34622	0
34623	0
34624	0
34625	0
34626	0
34645	0
34646	0
34647	0
34648	0
34649	0
34650	0
34675	0
34676	0
34677	0
34678	0
34679	0
34680	0
34687	0
34688	1
34689	0
34690	0
34691	0
34692	0
34699	0
34700	0
34701	0
34702	0
34703	0
34704	0
34705	0
34706	1
34707	0
34708	0
34709	0
34710	0
34735	1
34736	0
34737	0
34738	0
34739	0
34740	0
34741	2
34742	0
34743	0
34744	0
34745	0
34746	0
34765	0
34766	0
34767	0
34768	0
34769	0
34770	0
34783	0
34784	0
34785	0
34786	0
34787	0
34788	0
34795	0
34796	0
34797	0
34798	1
34799	0
34800	1
34825	0
34826	0
34827	0
34828	0
34829	0
34830	0
34831	2
34832	0
34833	0
34834	0
34835	0
34836	0
34849	0
34850	0
34851	0
34852	0
34853	0
34854	0
34885	0
34886	0
34887	0
34888	0
34889	0
34890	0
34981	0
34982	0
34983	0
34984	0
34985	0
34986	0
34987	0
34988	1
34989	0
34990	0
34991	0
34992	0
34993	0
34994	0
34995	0
34996	0
34997	0
34998	0
35005	0
35006	0
35007	0
35008	0
35009	0
35010	0
35011	0
35012	0
35013	0
35014	0
35015	0
35016	0
35017	0
35018	0
35019	0
35020	0
35021	0
35022	0
35041	0
35042	0
35043	0
35044	0
35045	0
35046	1
35053	1
35054	0
35055	0
35056	0
35057	0
35058	0
35065	0
35066	0
35067	0
35069	0
35070	0
35107	0
35108	0
35109	0
35110	0
35111	0
35112	0
35113	1
35114	0
35115	0
35116	1
35117	0
35118	0
35131	2
35132	0
35133	0
35134	1
35135	0
35136	0
35143	0
35144	0
35145	0
35146	0
35147	0
35148	0
35161	0
35162	0
35163	0
35164	0
35165	1
35166	0
35167	0
35168	0
35169	0
35170	1
35171	0
35172	1
35179	0
35180	0
35181	0
35182	2
35183	0
35184	0
35221	0
35222	0
35223	0
35224	0
35225	0
35226	0
35227	0
35228	0
35229	0
35230	0
35231	0
35232	0
35299	0
35300	0
35301	0
35302	0
35303	0
35304	0
35305	0
35306	0
35307	0
35308	0
35309	0
35310	0
35311	0
35312	0
35313	0
35314	0
35315	0
35316	0
35317	0
35318	0
35319	0
35320	0
35321	0
35322	0
35323	0
35324	0
35325	0
35326	0
35327	0
35328	0
35329	0
35330	1
35331	0
35332	6
35333	0
35334	0
35347	2
35348	0
35349	0
35350	1
35351	0
35352	0
35353	0
35354	0
35355	0
35356	0
35357	0
35358	0
35359	0
35360	0
35361	1
35362	0
35363	0
35364	0
35365	0
35366	0
35367	0
35368	0
35369	0
35370	0
35377	0
35378	0
35379	0
35380	0
35381	0
35382	0
35449	0
35450	0
35451	2
35452	3
35453	2
35454	2
35461	0
35462	0
35463	4
35464	2
35465	2
35466	2
35485	0
35486	0
35487	0
35488	0
35489	0
35490	0
35491	0
35492	0
35493	0
35494	0
35495	0
35496	0
35497	0
35498	0
35499	0
35500	0
35501	0
35502	0
35503	0
35504	0
35505	0
35506	0
35507	0
35508	0
35509	0
35510	0
35511	0
35512	0
35513	0
35514	0
35515	0
35516	0
35517	0
35518	0
35519	0
35520	0
35521	0
35522	0
35523	0
35524	0
35525	0
35526	0
35527	0
35528	0
35529	0
35531	0
35532	0
35533	0
35534	0
35535	0
35536	0
35537	0
35538	0
35539	0
35540	0
35541	0
35542	0
35543	0
35544	0
35629	0
35630	0
35631	0
35632	1
35633	2
35634	0
35641	0
35642	0
35643	0
35644	1
35645	0
35646	0
35677	0
35678	0
35679	0
35680	0
35681	0
35682	0
35683	0
35684	0
35685	0
35686	0
35687	0
35688	0
35713	0
35714	0
35715	0
35716	0
35717	0
35718	0
35719	0
35720	0
35721	0
35722	0
35723	0
35724	0
35731	0
35732	0
35733	0
35734	0
35735	0
35736	0
35755	0
35756	0
35757	0
35758	0
35759	0
35760	0
35767	0
35768	0
35769	0
35770	0
35771	0
35772	0
35773	0
35774	0
35775	0
35776	1
35777	0
35778	1
35779	0
35780	0
35781	0
35782	1
35783	0
35784	0
35785	0
35786	0
35787	0
35788	0
35789	1
35790	1
35791	0
35792	0
35793	0
35794	0
35795	0
35796	1
35797	0
35799	0
35801	0
35802	0
35851	0
35852	0
35853	0
35854	0
35855	0
35856	2
35857	0
35858	0
35859	0
35860	0
35861	0
35862	0
35863	0
35864	0
35865	0
35866	0
35867	0
35868	0
35905	0
35906	0
35907	3
35908	0
35909	0
35910	0
35911	0
35912	0
35913	0
35914	0
35915	0
35916	0
35917	0
35918	0
35919	0
35920	0
35921	0
35922	0
36031	0
36032	0
36033	0
36034	0
36035	0
36036	1
36043	0
36044	0
36045	0
36046	0
36047	0
36048	1
36049	0
36050	0
36051	0
36052	0
36053	0
36054	0
36055	0
36056	0
36057	0
36058	0
36059	0
36060	0
36061	0
36062	0
36063	0
36064	0
36065	0
36066	0
36067	0
36068	0
36069	0
36070	0
36071	1
36072	0
36127	0
36128	0
36129	0
36130	0
36131	0
36132	0
36133	0
36134	2
36135	0
36136	0
36137	0
36138	0
36139	0
36140	0
36141	0
36142	0
36143	0
36144	0
36145	0
36146	0
36147	0
36148	0
36149	0
36150	0
36151	0
36152	0
36153	0
36154	0
36155	0
36156	0
36163	0
36164	0
36165	0
36166	0
36167	0
36168	0
36175	0
36176	0
36177	0
36178	0
36179	0
36180	0
36181	0
36182	0
36183	0
36184	0
36185	0
36186	0
36193	1
36194	0
36195	0
36196	0
36197	0
36198	0
36199	0
36200	0
36201	0
36202	0
36203	0
36204	0
36223	0
36224	0
36225	0
36226	0
36227	0
36228	0
36229	0
36230	0
36231	0
36232	0
36233	0
36234	0
36235	0
36236	0
36237	0
36238	0
36239	0
36240	0
36241	0
36242	0
36243	0
36244	0
36245	0
36246	0
36247	0
36248	0
36249	0
36250	0
36251	0
36252	0
36301	0
36302	0
36303	0
36304	0
36305	0
36306	0
36307	0
36308	0
36309	0
36310	0
36311	0
36312	0
36313	0
36314	0
36315	1
36316	0
36317	0
36318	0
36319	0
36320	0
36321	0
36322	0
36323	0
36324	0
36325	0
36326	0
36327	0
36328	0
36329	0
36330	0
36331	0
36332	0
36333	0
36334	1
36335	0
36336	0
36337	0
36338	1
36339	0
36340	0
36341	0
36342	0
36343	0
36344	0
36345	0
36346	0
36347	0
36348	0
36433	0
36434	0
36435	0
36436	0
36437	0
36438	0
36439	0
36440	0
36441	0
36442	0
36443	0
36444	0
36457	1
36458	0
36459	0
36460	0
36461	0
36462	0
36469	0
36470	0
36471	0
36472	0
36473	0
36474	0
36487	1
36488	0
36489	1
36490	0
36491	0
36492	0
36505	0
36506	0
36507	1
36508	0
36509	0
36510	0
36517	0
36518	0
36519	0
36520	0
36521	0
36522	0
36535	0
36536	0
36537	1
36538	0
36539	0
36540	1
36559	0
36560	1
36561	0
36562	0
36563	0
36564	0
36565	0
36566	0
36567	0
36568	0
36569	0
36570	0
36571	0
36572	0
36573	0
36574	0
36575	0
36576	0
36577	0
36578	0
36579	1
36580	0
36581	2
36582	0
36583	0
36584	2
36585	0
36586	0
36587	0
36588	0
36595	0
36596	0
36597	0
36598	0
36599	0
36600	0
36601	0
36602	0
36603	0
36604	0
36605	0
36606	0
36655	1
36656	0
36657	0
36658	0
36659	1
36660	2
36661	0
36662	0
36663	0
36664	1
36665	0
36666	2
36667	0
36668	0
36669	0
36670	0
36671	0
36672	3
36745	0
36746	0
36747	0
36748	0
36749	0
36750	0
36775	0
36776	1
36777	0
36778	0
36779	0
36780	0
36781	0
36782	0
36783	0
36784	0
36785	0
36786	0
36787	0
36788	1
36789	0
36790	0
36791	0
36792	0
36793	0
36794	0
36795	0
36796	0
36797	0
36798	0
36799	0
36800	0
36801	0
36802	0
36803	0
36804	0
36805	0
36806	0
36807	0
36808	0
36809	0
36810	0
36823	0
36824	0
36825	0
36826	0
36827	0
36828	0
36829	0
36830	0
36831	0
36832	0
36833	0
36834	0
36835	0
36836	0
36837	0
36838	0
36839	0
36840	0
36841	0
36842	0
36843	0
36844	0
36845	0
36846	0
36925	0
36926	0
36927	0
36928	0
36929	1
36930	0
36931	0
36932	0
36933	1
36934	0
36935	0
36936	0
36937	0
36938	0
36939	0
36940	0
36941	0
36942	0
36955	0
36956	0
36957	0
36958	0
36959	0
36960	0
36979	0
36980	0
36981	0
36982	1
36983	0
36984	0
37051	0
37052	0
37053	0
37054	3
37055	0
37056	4
37057	0
37058	0
37059	0
37060	3
37061	0
37062	2
37075	0
37076	0
37077	0
37078	0
37079	0
37080	0
37081	0
37082	0
37083	0
37084	0
37085	0
37086	0
37087	0
37088	0
37089	0
37090	0
37091	1
37092	0
37093	0
37094	0
37095	0
37096	0
37097	0
37098	0
37099	0
37100	0
37101	0
37102	0
37103	0
37104	0
37177	0
37178	0
37179	0
37180	0
37181	0
37182	0
37183	0
37184	0
37185	0
37186	0
37187	0
37188	0
37195	0
37196	0
37197	0
37198	0
37199	0
37200	2
37201	0
37202	0
37203	0
37204	0
37205	0
37206	1
37225	0
37226	0
37227	0
37228	0
37229	0
37230	0
37231	0
37232	0
37233	0
37234	0
37235	0
37236	0
37237	0
37238	0
37239	0
37240	0
37241	0
37242	0
37285	0
37286	2
37287	0
37288	2
37289	0
37290	0
37291	0
37292	0
37293	0
37294	0
37295	0
37296	0
37297	0
37298	1
37299	0
37300	0
37301	0
37302	0
37339	0
37340	0
37341	2
37342	0
37343	0
37344	0
37345	2
37347	0
37349	0
37351	0
37352	0
37353	0
37354	0
37355	0
37356	0
37363	0
37364	0
37365	0
37366	0
37367	0
37368	0
37393	0
37394	0
37395	2
37396	0
37397	0
37399	0
37400	0
37401	0
37402	0
37403	1
37405	0
37406	0
37407	0
37408	0
37409	3
37465	0
37466	0
37467	0
37468	0
37469	0
37470	1
37489	0
37490	2
37491	1
37492	0
37493	0
37494	0
37495	0
37496	3
37497	1
37498	0
37499	0
37500	0
37501	0
37502	2
37503	0
37504	0
37505	0
37506	0
37513	1
37514	0
37515	0
37516	0
37517	0
37518	0
37537	0
37538	0
37539	0
37540	0
37541	0
37542	0
37549	0
37550	0
37551	0
37552	0
37553	0
37554	0
37603	0
37604	0
37605	0
37606	1
37607	0
37608	4
37609	0
37610	0
37611	0
37612	0
37613	0
37614	1
37615	0
37616	0
37617	0
37618	1
37619	0
37620	2
37633	0
37634	0
37635	0
37636	0
37637	0
37638	0
37639	0
37640	0
37641	0
37642	0
37643	0
37644	0
37651	0
37652	0
37653	0
37654	0
37655	0
37656	0
37657	0
37658	0
37659	0
37660	0
37661	0
37662	0
37681	0
37682	0
37683	0
37684	0
37685	0
37686	0
37693	0
37694	1
37695	0
37696	0
37697	0
37698	0
37699	0
37700	0
37701	0
37702	0
37703	0
37704	0
37706	0
37708	0
37709	0
37710	0
37717	0
37718	0
37719	0
37720	0
37721	0
37722	0
37735	0
37736	0
37737	0
37738	0
37739	0
37740	0
37741	0
37742	0
37743	0
37744	0
37745	0
37746	0
37747	0
37748	0
37749	0
37750	0
37751	0
37752	0
37753	0
37754	0
37755	0
37756	0
37757	1
37758	0
37801	0
37802	0
37803	1
37804	1
37805	0
37806	0
37807	0
37808	1
37809	0
37810	1
37811	0
37812	0
37813	0
37814	0
37815	0
37816	0
37817	1
37818	1
37819	0
37820	0
37821	0
37822	0
37823	0
37824	2
37825	0
37826	0
37827	0
37828	0
37829	0
37830	0
37843	1
37844	0
37845	3
37846	1
37847	2
37848	0
37849	0
37850	0
37851	0
37852	0
37853	0
37854	0
37861	0
37862	1
37863	0
37864	0
37865	0
37866	0
37879	1
37880	0
37881	0
37882	0
37883	0
37884	0
37885	0
37886	0
37887	0
37888	0
37889	0
37890	0
37921	0
37922	0
37923	0
37924	0
37925	0
37926	0
37963	0
37964	0
37965	1
37966	0
37967	0
37968	0
37969	0
37970	0
37971	0
37972	0
37973	0
37974	0
37987	0
37988	0
37989	0
37990	0
37991	0
37992	0
37993	0
37994	0
37995	0
37996	0
37997	1
37998	0
38005	0
38006	0
38007	0
38008	0
38009	0
38010	0
38017	0
38018	0
38019	0
38020	0
38021	0
38022	0
38029	0
38030	0
38031	4
38032	2
38033	2
38034	4
38035	0
38036	0
38037	0
38038	0
38039	0
38040	0
38059	0
38060	0
38061	0
38062	0
38063	0
38064	0
38065	0
38066	0
38067	0
38068	0
38069	2
38070	0
38071	0
38072	0
38073	0
38074	1
38075	0
38076	0
38083	0
38084	0
38085	0
38086	0
38087	0
38088	0
38125	0
38126	1
38128	0
38129	0
38130	1
38131	0
38132	0
38133	0
38134	0
38135	0
38136	0
38149	0
38150	0
38151	0
38152	0
38153	0
38154	0
38161	0
38162	0
38163	0
38164	0
38165	0
38166	0
38185	0
38186	0
38187	0
38188	0
38189	0
38190	0
38197	0
38198	0
38199	0
38200	0
38201	0
38202	0
38203	0
38204	0
38205	0
38206	0
38207	0
38208	0
38209	0
38210	0
38211	0
38212	0
38213	0
38214	0
38215	0
38216	0
38217	0
38218	0
38219	0
38220	0
38221	0
38222	0
38223	0
38224	0
38225	0
38226	0
38233	0
38234	0
38235	0
38236	1
38237	0
38238	0
38239	0
38240	0
38242	0
38243	2
38244	2
38245	0
38246	0
38247	0
38248	1
38249	0
38250	0
38269	0
38270	0
38271	0
38272	0
38273	0
38274	0
38275	0
38276	0
38277	0
38278	0
38279	0
38280	0
38287	0
38288	0
38289	0
38290	0
38291	0
38292	0
38299	0
38300	0
38301	0
38302	0
38303	0
38304	0
38305	0
38306	0
38307	0
38308	0
38309	0
38310	0
38311	0
38312	0
38313	0
38314	0
38315	0
38316	0
38329	0
38330	0
38331	0
38332	0
38333	0
38334	0
38335	0
38336	0
38337	2
38338	0
38339	0
38340	0
38341	0
38342	0
38343	0
38344	0
38345	0
38346	0
38347	0
38348	0
38349	0
38350	1
38351	0
38352	1
38353	0
38354	0
38355	0
38356	0
38357	0
38358	0
38359	0
38360	0
38361	0
38362	0
38363	0
38364	0
38371	0
38372	0
38373	0
38374	0
38375	0
38376	0
38377	1
38378	0
38379	0
38380	0
38381	0
38382	0
38383	1
38384	0
38385	1
38386	0
38387	0
38388	0
38407	0
38408	0
38409	0
38410	0
38411	0
38412	1
38431	0
38432	0
38433	1
38434	0
38435	0
38436	0
38437	0
38438	0
38439	0
38440	0
38441	0
38442	0
38449	0
38450	0
38451	0
38452	0
38453	0
38454	0
38467	0
38468	0
38469	0
38470	0
38471	0
38472	0
38473	0
38474	0
38475	0
38476	0
38477	0
38478	0
38480	0
38482	0
38483	0
38484	0
38491	0
38492	0
38493	0
38494	0
38495	0
38496	0
38497	0
38498	0
38499	0
38500	0
38501	0
38502	0
38521	0
38522	0
38523	0
38524	0
38525	0
38526	0
38545	0
38546	0
38547	0
38548	0
38549	0
38550	0
38563	0
38564	0
38565	0
38566	1
38567	0
38568	0
38569	0
38570	0
38571	0
38572	2
38573	0
38574	0
38617	0
38618	0
38619	0
38620	0
38621	0
38622	0
38623	0
38624	0
38625	0
38626	0
38627	0
38628	0
38629	0
38630	0
38631	0
38632	0
38633	0
38634	0
38635	0
38636	0
38637	0
38638	0
38639	0
38640	0
38641	0
38642	0
38643	0
38644	0
38645	0
38646	0
38653	0
38654	0
38655	0
38656	0
38657	0
38658	0
38659	0
38660	0
38661	0
38662	0
38663	0
38664	0
38665	0
38666	0
38667	0
38668	0
38669	0
38670	0
38671	0
38672	0
38673	0
38674	0
38675	0
38676	0
38677	0
38678	0
38679	0
38680	0
38681	0
38682	0
38683	0
38684	0
38685	0
38686	0
38687	0
38688	0
38689	0
38690	0
38691	0
38692	0
38693	1
38694	0
38695	0
38696	0
38697	0
38698	0
38699	0
38700	0
38707	0
38708	0
38709	0
38710	0
38711	0
38712	0
38743	0
38744	0
38745	0
38746	0
38747	1
38748	0
38773	0
38774	0
38775	0
38776	1
38777	0
38778	0
38791	1
38792	0
38793	0
38794	0
38795	0
38796	0
38857	0
38858	0
38859	0
38860	0
38861	0
38862	0
38899	0
38900	1
38901	0
38902	0
38903	0
38904	1
38905	0
38906	0
38907	0
38908	0
38909	0
38910	0
38911	0
38912	0
38913	0
38914	0
38915	0
38916	0
38917	0
38918	0
38919	0
38920	0
38921	0
38922	0
38923	0
38924	0
38925	0
38926	0
38927	0
38928	0
38935	2
38936	0
38937	0
38938	0
38939	0
38940	2
38947	0
38948	0
38949	0
38950	0
38951	0
38952	0
38959	2
38960	0
38961	0
38962	2
38963	0
38964	1
38977	0
38978	0
38979	0
38980	0
38981	0
38982	0
38989	0
38990	0
38991	0
38992	0
38993	0
38994	0
39019	0
39020	0
39021	0
39022	0
39023	0
39024	0
39079	0
39080	0
39081	0
39082	0
39083	0
39084	0
39109	0
39110	0
39111	0
39112	0
39113	0
39114	0
39115	0
39116	0
39117	0
39118	0
39119	0
39120	0
39121	1
39122	0
39123	0
39124	0
39125	0
39126	0
39163	0
39164	0
39165	0
39166	0
39167	0
39168	0
39193	0
39194	0
39195	0
39196	0
39197	0
39198	0
39199	0
39200	0
39201	0
39202	0
39203	0
39204	0
39205	0
39206	0
39207	2
39208	0
39209	0
39210	0
39211	1
39212	0
39213	0
39214	0
39215	0
39216	0
39229	0
39230	0
39231	0
39232	0
39233	0
39234	0
39235	0
39236	0
39237	0
39238	0
39239	0
39240	0
39241	0
39242	0
39243	0
39244	0
39245	0
39246	0
39247	0
39248	1
39249	0
39250	0
39251	0
39252	0
39259	1
39260	0
39261	0
39262	0
39263	0
39264	0
39265	0
39266	0
39267	0
39268	0
39269	0
39270	0
39277	0
39278	0
39279	0
39280	0
39281	0
39282	0
39289	6
39290	0
39291	0
39292	0
39293	0
39294	0
39295	2
39296	0
39297	0
39298	0
39299	0
39300	0
39301	0
39302	0
39303	0
39304	0
39305	0
39306	0
39361	0
39362	0
39363	0
39364	0
39365	0
39366	1
39367	0
39368	0
39369	0
39370	0
39371	0
39372	0
39385	0
39386	0
39387	0
39388	0
39389	0
39390	0
39397	0
39398	0
39399	0
39400	0
39401	0
39402	0
39409	0
39410	0
39411	0
39412	0
39413	1
39414	0
39415	0
39416	0
39417	0
39418	0
39419	0
39420	0
39421	0
39422	0
39423	0
39424	0
39425	0
39426	0
39427	0
39428	0
39429	0
39430	0
39431	0
39432	0
39433	0
39434	0
39435	0
39436	0
39437	0
39438	0
39445	0
39446	0
39447	0
39448	0
39449	1
39450	0
39451	0
39452	0
39453	0
39454	0
39455	0
39456	0
39457	0
39458	0
39459	0
39460	0
39461	0
39462	0
39463	0
39464	0
39465	0
39466	0
39467	0
39468	0
39487	0
39488	0
39489	1
39490	0
39491	1
39492	0
39493	0
39494	0
39495	0
39496	0
39497	0
39498	0
39517	0
39518	0
39519	0
39520	0
39521	0
39522	0
39529	0
39530	0
39531	0
39532	0
39533	0
39534	0
39541	0
39542	0
39543	0
39544	0
39545	0
39546	0
39565	0
39566	0
39567	0
39568	0
39569	0
39570	0
39571	0
39572	0
39573	0
39574	0
39575	0
39576	0
39577	0
39578	0
39579	0
39580	0
39581	0
39582	0
39643	0
39644	0
39645	0
39646	1
39647	0
39648	0
39661	0
39662	0
39663	0
39664	0
39665	0
39666	0
39679	0
39680	0
39681	0
39682	0
39683	0
39684	0
39691	0
39692	0
39693	0
39694	0
39695	0
39696	0
39703	0
39704	0
39705	0
39706	0
39707	0
39708	0
39709	0
39710	0
39711	0
39712	0
39713	0
39714	0
39715	0
39716	0
39717	0
39718	0
39719	1
39720	0
39727	0
39728	0
39729	0
39730	0
39731	0
39732	0
39739	0
39740	0
39741	0
39742	0
39743	0
39744	0
39769	0
39770	0
39771	0
39772	0
39773	0
39774	0
39775	0
39776	0
39777	0
39778	1
39779	0
39780	0
39781	0
39782	0
39783	0
39784	1
39785	0
39786	0
39787	0
39788	0
39789	0
39790	0
39791	0
39792	0
39793	0
39794	0
39796	0
39797	2
39799	0
39800	0
39801	0
39802	0
39803	0
39805	0
39806	0
39807	0
39808	0
39809	0
39811	0
39812	0
39813	0
39814	0
39815	0
39816	0
39817	0
39818	0
39819	0
39820	0
39821	0
39822	0
39859	0
39860	0
39861	0
39862	0
39863	0
39864	0
39865	0
39866	0
39867	0
39868	0
39869	0
39870	0
39871	0
39872	0
39873	0
39874	0
39875	0
39876	0
39943	0
39944	0
39945	0
39946	1
39947	0
39948	0
39955	0
39956	0
39957	0
39958	0
39959	0
39960	0
39967	0
39968	0
39969	0
39970	0
39971	0
39972	0
40022	0
40024	0
40025	0
40026	0
40027	0
40028	0
40029	0
40030	0
40031	0
40032	0
40033	0
40034	0
40035	0
40036	0
40037	0
40038	0
40039	1
40040	0
40041	1
40042	0
40043	0
40044	0
40063	0
40064	0
40065	0
40066	0
40067	0
40068	0
40069	0
40070	0
40071	0
40072	0
40073	0
40074	0
40075	0
40076	0
40077	0
40078	0
40079	0
40080	0
40081	0
40082	0
40083	0
40084	0
40085	0
40086	0
40087	0
40088	0
40089	0
40090	0
40091	0
40092	1
40093	0
40094	0
40095	0
40096	0
40097	1
40098	0
40117	0
40118	0
40119	0
40120	0
40121	1
40122	1
40123	0
40124	0
40125	2
40126	0
40127	0
40128	0
40129	0
40130	0
40131	0
40132	0
40133	0
40134	1
40135	0
40136	0
40137	0
40138	0
40139	0
40140	0
40219	0
40220	0
40221	0
40222	0
40223	1
40224	0
40225	0
40226	0
40227	0
40228	0
40229	0
40230	1
40231	0
40232	0
40233	0
40234	0
40235	0
40236	0
40237	0
40238	0
40239	0
40240	0
40241	1
40242	0
40243	0
40244	0
40245	0
40246	0
40247	0
40248	0
40249	0
40250	0
40251	0
40252	0
40253	1
40254	0
40255	0
40256	0
40257	0
40258	0
40259	0
40260	0
40261	0
40262	2
40263	0
40264	0
40265	0
40266	0
40267	0
40268	0
40269	0
40270	0
40271	0
40272	0
40273	0
40274	0
40275	0
40276	0
40277	0
40278	0
40279	0
40280	0
40281	0
40282	0
40283	0
40284	0
40285	0
40286	0
40287	0
40288	0
40289	0
40290	0
40327	0
40328	0
40329	0
40330	0
40331	0
40332	0
40333	0
40334	0
40335	0
40336	0
40337	0
40338	0
40339	0
40340	0
40341	0
40342	0
40343	0
40344	1
40345	0
40346	0
40347	0
40348	0
40349	0
40350	0
40351	0
40352	0
40353	0
40354	0
40355	0
40356	0
40411	1
40412	0
40413	0
40414	0
40415	0
40416	0
40417	1
40418	0
40419	0
40420	0
40421	0
40422	0
40423	2
40424	0
40425	0
40426	0
40427	0
40428	0
40429	1
40430	0
40431	0
40432	0
40433	0
40434	0
40435	0
40436	0
40437	0
40438	0
40439	0
40440	0
40441	0
40442	0
40443	0
40444	0
40445	0
40446	0
40471	0
40472	0
40473	0
40474	0
40475	0
40476	0
40483	0
40484	0
40485	0
40486	0
40487	0
40488	0
40495	0
40496	0
40497	0
40498	0
40499	0
40500	1
40507	0
40508	1
40509	0
40510	0
40511	1
40512	1
40519	0
40520	0
40521	0
40522	0
40523	0
40524	0
40531	0
40532	0
40533	0
40534	0
40535	1
40536	0
40537	0
40538	2
40539	0
40540	0
40541	0
40542	0
40543	0
40544	0
40545	0
40546	0
40547	0
40548	0
40603	0
40604	0
40605	0
40606	0
40607	1
40608	0
40699	0
40700	4
40701	0
40702	0
40703	0
40704	0
40705	0
40706	0
40707	0
40708	0
40709	0
40710	0
40711	0
40712	0
40713	0
40714	0
40715	0
40716	0
40723	0
40724	0
40725	0
40726	0
40727	0
40728	0
40729	0
40730	0
40731	0
40732	0
40733	0
40734	0
40735	0
40736	0
40737	0
40738	0
40739	0
40740	0
40741	0
40742	0
40743	0
40744	0
40745	0
40746	0
40747	0
40748	0
40749	0
40750	0
40751	0
40752	0
40753	0
40754	0
40755	0
40756	0
40757	0
40758	0
40813	2
40814	0
40815	0
40816	0
40817	0
40818	0
40819	2
40820	0
40821	0
40822	0
40823	0
40824	0
40825	0
40826	0
40827	0
40828	0
40829	0
40830	0
40831	0
40832	0
40833	0
40834	0
40835	0
40836	0
40837	0
40838	0
40839	0
40840	0
40841	0
40842	0
40861	0
40862	0
40863	0
40864	0
40865	0
40866	0
40867	0
40868	0
40869	0
40870	0
40871	0
40872	0
40879	0
40880	0
40881	0
40882	0
40883	0
40884	0
40891	0
40892	0
40893	0
40894	0
40895	0
40896	0
40897	0
40898	0
40899	0
40900	0
40901	0
40902	0
40921	1
40922	0
40923	0
40924	0
40925	0
40926	0
40933	0
40934	2
40935	0
40936	0
40937	0
40938	0
40945	0
40946	2
40947	0
40948	0
40949	0
40950	0
40987	0
40988	0
40989	0
40990	0
40991	0
40992	0
40993	0
40994	0
40995	0
40996	0
40997	0
40998	0
40999	0
41000	0
41001	0
41002	0
41003	1
41004	0
41005	1
41006	1
41007	0
41008	0
41009	0
41010	0
41011	0
41012	0
41013	0
41014	0
41015	0
41016	0
41017	0
41018	0
41019	0
41020	0
41021	0
41022	0
41023	0
41024	0
41025	0
41026	0
41027	0
41028	0
41029	0
41030	0
41031	0
41032	0
41033	0
41034	0
41059	0
41060	1
41061	0
41062	0
41063	0
41064	0
41089	0
41090	0
41091	0
41092	0
41093	0
41094	0
41095	0
41096	0
41097	0
41098	0
41099	0
41100	0
41125	0
41126	2
41127	0
41128	0
41129	0
41130	0
41131	0
41132	0
41133	0
41134	0
41135	0
41136	0
41155	0
41156	0
41157	0
41158	0
41159	1
41160	0
41161	0
41162	0
41163	0
41164	1
41165	1
41166	2
41167	0
41168	0
41169	0
41170	0
41171	0
41172	1
41209	0
41210	0
41211	0
41212	2
41213	0
41214	2
41227	0
41228	0
41230	0
41231	0
41232	0
41233	0
41234	0
41235	1
41236	0
41237	0
41238	0
41245	0
41246	0
41247	0
41248	0
41249	0
41250	0
41269	0
41270	0
41271	0
41272	0
41273	0
41274	0
41275	0
41276	0
41277	0
41278	0
41279	0
41280	0
41281	0
41282	0
41283	0
41284	0
41285	0
41286	0
41287	0
41288	0
41289	0
41290	3
41291	0
41292	1
41293	0
41294	0
41295	0
41296	0
41297	0
41298	0
41299	0
41300	0
41301	0
41302	0
41303	0
41304	0
41305	0
41306	0
41307	0
41308	0
41309	0
41310	0
41311	0
41312	0
41313	0
41314	0
41315	0
41316	0
41335	0
41336	0
41337	0
41338	0
41339	0
41340	0
41341	0
41342	0
41343	0
41344	0
41345	0
41346	0
41347	0
41348	0
41349	0
41350	0
41351	0
41352	0
41395	2
41396	2
41397	1
41398	1
41399	1
41400	0
41401	3
41402	0
41403	0
41404	0
41405	1
41406	0
41413	0
41414	0
41415	1
41416	0
41417	0
41418	0
41425	0
41426	0
41427	0
41428	0
41429	0
41430	0
41449	0
41450	0
41451	0
41452	0
41453	0
41454	0
41473	0
41474	1
41475	0
41476	0
41477	0
41478	0
41503	1
41504	0
41505	1
41506	0
41507	0
41508	0
41515	0
41516	0
41517	0
41518	0
41519	0
41520	1
41533	0
41534	0
41535	0
41536	0
41537	0
41538	0
41611	0
41612	0
41613	0
41614	0
41615	1
41616	0
41617	1
41618	4
41619	1
41620	2
41621	0
41622	0
41629	0
41630	0
41631	0
41632	1
41633	1
41634	0
41647	0
41648	1
41649	0
41650	0
41651	0
41652	0
41665	0
41666	0
41667	0
41668	0
41669	0
41670	0
41683	0
41684	0
41685	0
41686	0
41687	0
41688	0
41695	0
41696	0
41697	0
41698	0
41699	0
41700	0
41701	0
41702	0
41703	0
41704	0
41705	0
41706	0
41707	0
41708	0
41709	0
41710	0
41711	0
41712	0
41719	0
41720	0
41721	0
41722	0
41723	0
41724	0
41725	0
41726	0
41727	0
41728	0
41729	0
41730	0
41731	0
41732	0
41733	0
41734	0
41735	0
41736	0
41761	0
41762	0
41763	0
41764	0
41765	0
41766	0
41767	1
41768	1
41769	0
41770	0
41771	0
41772	1
41827	0
41828	0
41829	0
41830	0
41831	0
41832	0
41839	0
41840	0
41841	0
41842	0
41843	0
41844	1
41851	0
41852	0
41853	0
41854	0
41855	0
41856	0
41863	2
41864	0
41865	2
41866	2
41867	0
41868	0
41875	0
41876	0
41877	0
41878	0
41879	0
41880	0
41959	0
41960	0
41961	0
41962	1
41963	0
41964	0
41965	0
41966	0
41967	0
41968	1
41969	0
41970	0
41971	0
41972	0
41973	0
41974	0
41975	0
41976	0
42037	0
42038	0
42039	0
42040	0
42041	0
42042	0
42043	1
42044	1
42045	1
42046	0
42047	1
42048	0
42049	0
42050	0
42051	0
42052	1
42053	0
42054	0
42055	0
42056	0
42057	0
42058	0
42059	0
42060	0
42061	0
42062	0
42063	0
42064	0
42065	0
42066	0
42085	0
42086	0
42087	1
42088	0
42089	1
42090	0
42091	0
42092	0
42093	0
42094	2
42095	0
42096	0
42121	0
42122	0
42123	1
42124	0
42125	0
42126	0
42127	0
42128	0
42129	0
42130	0
42131	0
42132	1
42133	0
42134	0
42135	0
42136	0
42137	0
42138	0
42181	0
42182	0
42183	0
42184	0
42185	0
42186	0
42193	0
42194	0
42195	0
42196	0
42197	1
42198	0
42199	0
42200	0
42201	0
42202	0
42203	0
42204	0
42205	0
42206	0
42207	0
42208	0
42209	3
42210	0
42211	0
42212	1
42213	2
42214	1
42215	0
42216	1
42241	0
42242	0
42243	0
42244	0
42245	0
42246	0
42253	0
42254	0
42255	0
42256	0
42257	0
42258	0
42259	0
42260	0
42261	2
42262	0
42263	0
42264	1
42283	0
42284	0
42285	2
42286	0
42287	2
42288	0
42289	0
42290	0
42292	0
42294	0
42301	0
42302	0
42303	0
42304	0
42305	1
42306	0
42349	0
42350	0
42351	0
42352	0
42353	0
42354	0
42385	0
42386	0
42387	0
42388	0
42389	0
42390	0
42403	0
42404	0
42405	0
42406	0
42407	0
42408	0
42415	0
42416	0
42417	2
42418	0
42419	2
42420	0
42493	0
42494	0
42495	1
42496	0
42497	0
42498	0
42499	0
42500	0
42501	0
42502	0
42503	0
42504	0
42523	0
42524	0
42525	0
42526	1
42527	0
42528	0
42529	4
42531	0
42532	0
42533	0
42534	0
42535	3
42537	2
42538	0
42539	0
42540	0
42541	1
42543	1
42544	0
42545	0
42546	0
42547	3
42549	2
42550	0
42551	0
42552	0
42553	0
42554	0
42555	1
42556	0
42557	0
42558	1
42577	0
42578	0
42579	0
42580	0
42581	0
42582	0
42583	0
42584	0
42585	0
42586	0
42587	0
42588	0
42661	0
42662	0
42663	0
42664	0
42665	0
42666	0
42667	0
42668	0
42669	0
42670	0
42671	0
42672	0
42673	0
42674	0
42675	0
42676	0
42677	0
42678	0
42685	0
42686	0
42687	0
42688	1
42689	0
42690	0
42691	1
42692	0
42693	0
42694	0
42695	0
42696	0
42715	1
42716	0
42717	0
42718	0
42719	0
42720	0
42727	0
42728	1
42729	0
42730	0
42731	0
42732	0
42733	0
42734	0
42735	1
42736	1
42737	0
42738	1
42751	0
42752	1
42753	0
42754	0
42755	0
42756	0
42781	0
42782	0
42783	0
42784	0
42785	0
42786	0
42787	0
42788	0
42789	0
42790	0
42791	0
42792	0
42871	0
42872	0
42873	0
42874	0
42875	0
42876	0
42877	0
42878	1
42879	1
42880	0
42881	0
42882	0
42883	0
42885	1
42886	0
42887	0
42888	0
42889	0
42891	0
42892	0
42893	0
42894	0
42901	0
42902	1
42903	2
42904	0
42905	1
42906	0
42925	0
42926	1
42927	0
42928	2
42929	0
42930	1
42973	0
42975	0
42976	0
42977	0
42978	0
42979	0
42980	0
42981	0
42982	1
42983	0
42984	1
42985	0
42986	0
42987	0
42988	1
42989	0
42990	0
42997	1
42998	0
42999	2
43000	0
43001	1
43002	0
43003	1
43004	0
43005	1
43006	0
43007	0
43008	0
43009	3
43010	0
43011	0
43012	0
43013	0
43014	0
43015	0
43016	0
43017	0
43018	0
43019	0
43020	0
43021	0
43022	0
43023	0
43024	0
43025	0
43026	0
43033	0
43034	0
43035	0
43036	0
43037	1
43038	0
43051	0
43052	0
43053	0
43054	0
43055	0
43056	0
43075	0
43076	0
43077	0
43078	1
43079	0
43080	0
43081	0
43082	0
43083	0
43084	2
43085	0
43086	0
43087	0
43088	0
43089	0
43090	0
43091	0
43092	0
43093	0
43094	3
43095	0
43096	0
43097	0
43098	0
43099	0
43100	1
43101	0
43102	0
43103	0
43104	0
43111	0
43112	0
43113	0
43114	0
43115	0
43116	0
43135	1
43136	0
43137	0
43138	0
43139	0
43140	0
43141	0
43142	0
43143	0
43144	0
43145	0
43146	0
43147	0
43148	0
43149	0
43150	0
43151	0
43152	0
43153	0
43154	0
43155	0
43156	0
43157	0
43158	0
43159	0
43160	1
43161	0
43162	0
43163	0
43164	0
43165	0
43166	0
43167	0
43168	0
43169	0
43170	0
43213	0
43214	0
43215	0
43216	0
43217	2
43218	0
43225	0
43226	0
43227	2
43228	0
43229	1
43230	0
43237	1
43238	1
43239	0
43240	0
43241	2
43242	0
43333	0
43334	0
43335	0
43336	0
43337	0
43338	0
43339	0
43340	0
43341	0
43342	0
43343	0
43344	0
43345	0
43346	0
43347	0
43348	0
43349	0
43350	1
43351	0
43353	0
43355	0
43356	0
43357	0
43358	0
43359	1
43360	0
43361	0
43362	0
43381	0
43382	0
43383	0
43384	0
43385	0
43386	0
43405	0
43406	0
43407	0
43408	0
43409	1
43410	0
43411	0
43412	0
43413	0
43414	0
43415	0
43416	0
43417	0
43418	0
43419	0
43420	0
43421	0
43422	0
43453	0
43454	0
43455	0
43456	0
43457	0
43458	0
43459	0
43460	0
43461	0
43462	0
43463	0
43464	0
43471	0
43472	0
43473	0
43474	0
43475	0
43476	0
43477	0
43478	0
43479	0
43480	0
43481	0
43482	0
43483	0
43484	0
43485	0
43486	0
43487	0
43488	0
43489	0
43490	0
43491	0
43492	0
43493	0
43494	0
43495	0
43496	0
43497	0
43498	0
43499	0
43500	0
43501	0
43502	0
43503	0
43504	0
43505	0
43506	0
43507	0
43508	0
43509	0
43510	0
43511	0
43512	0
43513	0
43514	0
43515	0
43516	0
43517	0
43518	1
43519	0
43520	0
43521	0
43522	0
43523	0
43524	0
43603	0
43604	0
43605	0
43606	0
43607	0
43608	0
43609	0
43610	0
43611	0
43612	0
43613	0
43614	0
43615	0
43616	0
43617	0
43618	0
43619	0
43620	0
43621	0
43622	0
43623	0
43624	0
43625	0
43626	0
43645	0
43646	0
43647	0
43648	0
43649	0
43650	0
43651	0
43652	0
43653	0
43654	0
43655	0
43656	0
43675	0
43676	0
43677	0
43678	0
43679	0
43680	0
43687	0
43688	0
43689	0
43690	0
43691	1
43692	0
43705	0
43706	0
43707	0
43708	0
43709	2
43710	0
43729	0
43730	0
43731	0
43732	0
43733	0
43734	0
43735	0
43736	0
43737	0
43738	0
43739	0
43740	0
43747	0
43748	0
43749	0
43750	0
43751	0
43752	2
43753	0
43754	0
43755	0
43756	0
43757	0
43758	0
43759	0
43760	0
43761	0
43762	2
43763	0
43764	1
43771	0
43772	0
43773	0
43774	0
43775	0
43776	0
43777	0
43778	0
43779	1
43780	0
43781	0
43782	0
43783	0
43784	0
43785	1
43786	0
43787	0
43788	0
43801	0
43802	2
43803	0
43804	0
43805	0
43806	1
43813	0
43814	0
43815	0
43816	0
43817	0
43818	0
43819	0
43820	0
43821	0
43822	0
43823	0
43824	0
43843	0
43844	0
43845	0
43846	0
43847	0
43848	0
43849	0
43850	0
43851	0
43852	0
43853	0
43854	0
43855	0
43856	0
43857	0
43858	0
43859	0
43860	0
43861	0
43862	0
43863	0
43864	0
43865	0
43866	0
43867	0
43868	0
43869	0
43870	0
43871	0
43872	0
43897	0
43898	0
43899	0
43900	1
43901	0
43902	0
43903	0
43904	0
43905	0
43906	1
43907	0
43908	0
43909	0
43910	0
43911	0
43912	0
43913	0
43914	0
44035	0
44036	0
44037	0
44038	0
44039	0
44040	0
44047	0
44048	0
44049	0
44050	0
44051	0
44052	0
44053	0
44054	0
44055	1
44056	0
44057	0
44058	0
44059	0
44060	0
44061	0
44062	0
44063	0
44064	0
44077	1
44078	0
44079	0
44080	0
44081	0
44082	0
44083	0
44084	0
44085	0
44086	0
44087	0
44088	0
44101	0
44102	0
44103	0
44104	0
44105	0
44106	0
44107	0
44108	0
44109	0
44110	0
44111	0
44112	0
44167	1
44168	0
44169	0
44170	0
44171	0
44172	0
44173	0
44174	1
44175	0
44176	0
44177	0
44178	0
44191	0
44192	0
44193	0
44194	0
44195	0
44196	0
44197	0
44198	0
44199	1
44200	0
44201	0
44202	0
44203	0
44204	0
44205	0
44206	0
44207	0
44208	0
44425	0
44426	0
44427	0
44428	0
44429	0
44430	0
44431	0
44432	0
44433	0
44434	0
44435	0
44436	0
44437	1
44438	0
44439	0
44440	0
44441	0
44442	0
44449	0
44450	0
44451	0
44452	0
44453	0
44454	0
44455	0
44456	0
44457	0
44458	0
44459	0
44460	0
44461	0
44462	0
44463	0
44464	0
44465	0
44466	0
44947	0
44948	0
44949	0
44950	0
44951	0
44952	0
45361	0
45362	0
45363	0
45364	0
45365	0
45366	0
45367	0
45368	0
45369	0
45370	0
45371	0
45372	0
45373	0
45374	0
45375	0
45376	0
45377	0
45378	0
45403	0
45404	0
45405	0
45406	0
45407	1
45408	4
45409	0
45410	1
45411	0
45412	0
45413	0
45414	0
45415	0
45416	0
45418	0
45420	0
45547	0
45548	0
45549	0
45550	2
45551	1
45552	0
45553	0
45554	1
45555	0
45556	0
45557	0
45558	1
45559	0
45560	0
45561	0
45562	0
45563	0
45564	0
45565	0
45566	0
45567	0
45568	0
45569	0
45570	0
45571	0
45572	0
45573	0
45574	0
45575	0
45576	0
45577	0
45578	0
45579	0
45580	0
45581	0
45582	0
