ObservationID	Count
210	4
245	4
265	9
267	7
269	3
270	1
465	1
506	1
512	1
518	2
661	2
685	3
909	1
936	1
946	1
948	1
956	1
973	5
975	6
977	8
978	4
1008	1
1020	1
1063	26
1065	20
1067	7
1068	2
1389	1
1391	1
1447	6
1448	1
1450	1
1465	4
1466	1
1474	1
1476	1
1477	1
1574	1
1575	1
1583	1
1587	1
1669	2
1670	2
1671	2
1687	3
1999	2
2005	2
2051	1
2057	1
2376	2
2382	4
2387	2
2388	5
2427	4
2428	4
2429	4
2439	8
2440	2
2441	9
2446	2
2467	2
2524	8
2530	2
2536	1
2622	2
2628	2
2634	1
2641	3
2645	1
2654	1
2715	2
2717	1
2718	1
2743	1
2745	1
2919	1
2921	1
2939	1
3127	2
3130	1
3176	1
3182	2
3332	1
3336	3
3400	1
3517	9
3518	5
3519	7
3535	6
3536	4
3537	4
3553	1
3746	1
3752	1
3848	1
3850	9
3969	2
3971	1
3975	4
3976	1
3987	4
3993	3
4026	3
4032	1
4036	1
4038	2
4040	10
4042	2
4044	3
4046	23
4052	10
4054	9
4055	1
4056	1
4097	1
4098	2
4169	2
4173	1
4354	4
4355	6
4356	8
4363	4
4364	2
4365	4
4366	4
4367	2
4371	2
4372	4
4374	8
4519	1
4528	2
4529	4
4534	2
4535	2
4536	2
4542	1
4594	2
4596	4
4597	4
4598	2
4599	2
4600	4
4601	1
4735	1
4771	4
4773	6
4776	6
4779	4
4782	2
4785	6
4787	2
4788	2
4795	1
4796	2
4797	2
4799	4
4800	2
4801	2
4802	4
4805	2
4806	2
4807	1
4808	1
4809	2
4811	1
4812	1
5228	2
5232	1
5239	5
5243	4
5244	1
5564	1
6201	1
6203	2
6205	1
6207	1
6209	1
6210	2
6215	1
6218	1
6221	1
6222	1
6223	1
6224	1
6229	1
6230	1
6231	1
6232	1
6233	2
6273	9
6276	6
6280	4
6281	1
6284	30
6305	2
6311	3
7075	1
7078	2
7084	1
7150	2
7826	1
7828	2
8595	4
8601	3
8607	3
8679	1
8723	1
9314	6
9320	2
9324	9
9326	1
9330	9
9462	6
10116	3
10122	3
10125	2
10126	2
10130	1
10131	2
10132	1
10133	1
10134	1
10648	4
10907	1
10995	1
11125	1
11130	1
11131	1
11160	1
14501	1
14531	1
14532	1
14534	1
14536	12
14642	2
14644	1
14647	1
14648	3
14659	1
14660	2
14662	2
14723	1
14724	1
14729	2
14846	1
14847	2
14848	2
14849	1
14850	1
14851	1
14853	2
14854	1
14872	1
15031	2
15033	1
15041	1
15042	2
15043	1
15044	1
15054	1
15056	1
15058	1
15061	3
15117	1
15167	1
15411	1
15421	2
15423	9
15425	1
15427	3
15429	1
15433	1
15435	2
15439	1
15440	1
15444	2
15450	1
15454	2
15458	3
15461	1
15463	2
15467	2
15472	2
15474	1
15505	2
15538	3
16305	2
16307	1
16311	1
16313	1
16314	1
16317	1
16320	1
16400	2
16483	1
16485	1
16525	2
16526	2
16550	2
16556	1
16562	1
16603	11
16605	1
16609	16
16611	2
16615	1
16617	5
16677	2
16761	1
16914	3
16926	4
16938	2
17196	1
17208	3
17237	1
17313	1
17314	5
17334	5
17352	6
17354	1
17356	1
17358	2
17362	3
17363	2
17364	2
17367	2
17370	2
17374	2
17376	1
17493	1
17600	2
17602	2
17604	2
17615	2
17660	2
17672	4
17725	1
17742	1
17750	2
17898	1
17906	6
17907	2
17912	2
17913	3
17965	1
17968	4
18037	1
18091	2
18119	2
18215	1
18233	2
18239	4
18635	2
18649	1
18746	2
18748	3
18750	3
18758	3
18783	1
18787	2
18788	4
18789	2
18790	2
18791	3
18797	1
18799	2
18856	2
18868	1
18869	1
18883	1
18885	1
18887	1
18889	3
18891	1
18893	1
18894	1
18895	4
18896	1
18897	3
18899	3
18902	1
18906	1
18912	2
18916	1
18918	1
18972	2
19058	2
19059	1
19063	1
19207	1
19210	2
19230	1
19629	1
19630	2
19632	1
19635	1
19641	2
20289	6
20290	4
20291	3
20292	3
20301	4
20302	4
20303	4
20304	3
20319	4
20320	3
20321	5
20322	1
20331	5
20332	6
20333	8
20334	3
20343	4
20344	3
20345	4
20346	3
20372	1
20383	1
20408	1
20563	1
20565	1
21189	1
21205	2
21206	1
21208	4
21209	1
21246	1
21716	4
21717	3
21718	12
21719	4
21720	8
21722	10
21723	4
21724	8
21725	4
21726	2
21727	1
21728	20
21729	1
21730	30
21731	2
21732	4
21811	1
21870	3
21896	2
21900	1
21920	2
21921	2
21950	2
21951	2
21968	2
21969	2
22066	1
22073	1
22096	2
22129	8
22132	11
22134	11
22135	2
22138	3
22140	4
22141	1
22144	6
22146	1
22240	2
22258	1
22555	4
22556	2
22557	1
22560	2
22826	4
22828	4
22854	1
23177	2
23178	1
23363	2
23555	3
23679	2
23681	2
23727	2
23745	1
24184	2
24257	1
24263	1
24814	8
25389	1
25613	1
25614	2
25620	5
25810	1
25846	2
25922	1
25924	2
25926	2
25928	1
25930	3
25931	1
25932	1
25936	6
25938	2
26107	1
26294	1
26371	2
26383	1
26384	2
26387	1
26514	5
26526	7
26564	2
26565	2
26566	3
26570	6
26583	2
26584	2
26704	1
26725	9
26727	6
26733	4
26735	9
26737	6
26741	7
26742	2
26930	2
26955	1
27008	1
27010	2
27014	1
27022	2
27028	1
27127	3
27133	1
27168	6
27194	1
27207	1
27215	1
27221	1
27225	2
27273	4
27275	1
27279	3
27488	2
27490	6
27496	6
27502	2
27516	1
27665	1
27667	1
27679	4
27685	4
27691	2
27715	2
27719	2
27727	1
27729	2
27732	1
27739	1
27805	1
27806	1
27811	2
27835	4
27836	2
27838	2
27839	3
27841	24
27843	24
27845	9
27846	7
27847	3
27849	3
27851	4
27899	1
27910	3
28005	21
28006	9
28007	13
28008	5
28017	12
28018	7
28019	9
28029	8
28030	4
28031	4
28032	3
28069	2
28073	2
28074	1
28075	3
28087	1
28100	1
28106	2
28112	2
28249	2
28342	1
28386	1
28675	1
28679	2
28819	58
28820	5
28823	1
28826	11
28828	1
28829	1
28830	2
28832	2
28834	1
28835	1
28836	1
29012	1
29077	1
29078	2
29080	1
29082	2
29094	3
29100	1
29105	2
29106	5
29210	1
29295	38
29297	15
29301	6
29302	14
29303	17
29304	12
29306	3
29308	1
29310	1
29331	2
29349	1
29373	1
29375	2
29377	1
29379	2
29381	1
29385	2
29515	1
29834	3
29836	2
29892	8
29917	1
29919	3
29920	1
29921	1
29922	1
30017	2
30091	1
30092	12
30093	8
30095	1
30096	2
30149	1
30150	1
30215	1
30227	1
30228	2
30266	21
30267	1
30268	3
30269	3
30270	1
30272	14
30274	3
30275	2
30285	1
30286	3
30288	3
30291	1
30292	2
30293	2
30294	6
30416	1
30471	1
30477	1
30513	1
30548	2
30590	22
30591	2
30592	12
30594	6
30611	6
30612	1
30634	2
30636	2
30638	2
30643	2
30648	1
30795	15
30796	7
30797	8
30798	6
30831	4
30832	5
30833	5
30834	4
30968	6
30969	26
30970	18
30972	1
31141	2
31153	1
31227	5
31228	7
31229	9
31230	4
31515	1
31518	1
31558	3
31601	6
31602	6
31615	2
31621	1
31627	2
31878	1
32007	1
32048	2
32050	2
32053	2
32054	1
32056	2
32059	1
32060	1
32062	1
32436	1
32448	4
32495	2
32589	1
32685	2
32927	2
32999	1
33122	2
33248	1
33334	1
33335	1
33336	3
33341	2
33342	2
33534	3
33546	2
33704	1
33885	1
33896	1
33897	2
33902	1
33908	2
34073	2
34108	1
34160	1
34161	1
34163	1
34197	2
34198	2
34199	14
34200	4
34207	6
34208	2
34209	1
34210	3
34212	3
34219	2
34237	2
34289	3
34323	1
34332	1
34440	1
34446	3
34470	2
34474	2
34476	2
34478	2
34481	1
34544	1
34548	11
34564	1
34565	1
34589	2
34646	3
34671	2
34672	2
34673	4
34674	42
34676	1
34682	1
34700	2
34706	3
34752	1
34755	1
34757	1
34783	1
34785	1
34787	1
34796	1
34800	1
34828	1
34829	2
34830	7
34831	2
34835	3
34849	1
34854	4
34984	1
34988	1
35008	1
35017	2
35046	2
35051	4
35055	2
35100	1
35107	2
35191	2
35193	10
35198	2
35229	1
35230	2
35231	2
35232	1
35323	1
35364	1
35451	13
35452	14
35453	4
35454	4
35463	10
35464	8
35465	6
35466	4
35487	1
35490	2
35496	1
35521	1
35522	2
35533	1
35633	2
35644	1
35645	3
35662	4
35722	2
35758	2
35774	1
35776	3
35778	1
35793	1
35794	3
35796	3
35802	1
36020	1
36021	3
36022	2
36026	1
36027	5
36030	2
36031	25
36036	2
36179	2
36185	1
36294	1
36299	2
36300	1
36338	1
36429	1
36433	2
36435	2
36441	4
36505	1
36565	1
36567	1
36578	3
36581	1
36582	1
36584	2
36656	1
36657	2
36658	1
36659	1
36660	3
36665	2
36666	3
36670	1
36672	4
36714	8
36720	5
36726	2
36776	4
36788	1
36800	2
36939	1
36982	4
36997	2
36999	2
37005	4
37054	4
37056	6
37060	3
37062	6
37063	6
37064	4
37065	4
37066	4
37067	2
37285	1
37287	1
37294	3
37300	1
37364	1
37381	1
37383	1
37389	1
37392	2
37466	1
37468	3
37470	2
37606	2
37608	8
37612	1
37613	1
37614	3
37618	2
37620	21
37743	4
37744	2
37752	1
37801	25
37803	17
37805	5
37808	1
37809	1
37810	1
37811	3
37830	1
37845	4
37847	2
37849	6
37852	2
37882	4
37925	2
37947	2
38005	5
38031	8
38032	6
38033	8
38034	4
38059	1
38067	1
38129	3
38130	2
38185	1
38223	6
38237	1
38244	1
38246	1
38248	1
38250	2
38305	4
38307	4
38308	3
38309	1
38337	3
38339	1
38346	6
38352	2
38354	4
38356	1
38431	1
38436	1
38467	1
38470	1
38471	3
38474	1
38566	7
38568	6
38572	1
38574	2
38617	5
38620	1
38636	2
38638	1
38640	1
38657	1
38677	12
38679	3
38680	2
38681	2
38902	1
38919	2
38950	1
38963	6
38964	1
39021	2
39121	5
39207	3
39242	1
39289	2
39295	1
39302	1
39366	4
39401	1
39412	15
39414	23
39487	2
39491	16
39492	4
39565	2
39577	1
39682	1
39691	40
39694	1
39696	4
39772	1
39909	2
39915	3
39946	4
39958	5
39968	1
39970	3
40027	55
40028	2
40029	3
40030	4
40034	7
40036	27
40038	1
40085	2
40086	1
40092	1
40097	1
40098	1
40241	1
40253	2
40458	1
40464	1
40485	1
40508	3
40520	2
40523	1
40524	1
40538	3
40541	2
40542	2
40610	1
40614	7
40616	1
40622	1
40625	1
40627	1
40631	1
40633	1
40638	1
40639	1
40643	8
40646	2
40647	6
40649	3
40650	4
40651	1
40653	2
40654	1
40657	2
40658	3
40659	2
40662	3
40663	4
40664	2
40669	1
40670	1
40680	4
40681	1
40687	1
40699	1
40700	2
40705	3
40712	2
41126	2
41131	1
41133	2
41157	1
41159	1
41160	2
41163	1
41164	2
41166	2
41170	1
41171	1
41172	1
41212	1
41214	3
41247	1
41248	1
41249	1
41250	1
41306	3
41308	2
41396	1
41398	1
41474	2
41618	1
41619	24
41620	58
41621	6
41622	2
41772	1
41822	2
41832	1
41854	2
41855	2
41875	2
41877	2
41972	1
42039	1
42040	28
42041	4
42042	7
42043	2
42044	1
42045	2
42047	2
42050	1
42054	1
42085	2
42086	1
42087	1
42089	2
42123	1
42183	1
42212	1
42213	6
42214	22
42215	2
42216	4
42242	1
42255	2
42263	1
42264	2
42408	1
42500	3
42502	1
42504	1
42729	2
42735	2
42738	1
42753	3
42754	2
42756	1
42788	3
42901	1
42902	1
42903	4
42928	2
42986	2
42998	2
43004	1
43009	2
43011	2
43078	3
43084	5
43090	3
43135	1
43140	2
43147	1
43215	1
43229	1
43239	1
43242	1
43381	7
43474	1
43478	1
43483	2
43679	2
43749	2
43750	1
43752	2
43755	2
43756	1
43757	1
43758	3
43763	2
43764	2
43785	1
43792	3
43794	1
43817	4
43900	3
43912	2
43952	2
43992	1
44055	1
44059	1
44079	1
44164	4
44166	7
44252	1
44258	2
45362	1
45368	1
45372	1
45374	1
45376	1
45377	1
45468	2
45559	2
46170	2
46182	2
46194	4
