ObservationID	Count
97	1
98	0
99	0
100	0
101	0
102	0
163	0
164	0
165	0
166	0
167	0
168	0
169	0
170	0
171	0
172	0
173	0
174	0
175	0
176	0
177	0
178	0
179	0
180	0
205	0
206	0
207	0
208	0
209	0
210	0
265	0
266	0
267	0
268	0
269	0
270	0
973	0
974	0
975	4
976	0
977	0
978	0
1063	0
1064	0
1065	1
1066	0
1067	0
1068	0
1081	0
1082	0
1083	0
1084	1
1085	0
1086	0
1303	1
1304	0
1305	0
1306	0
1307	0
1308	0
1825	0
1826	0
1827	0
1828	0
1829	0
1830	0
2371	0
2372	0
2373	0
2374	0
2375	0
2376	0
2377	0
2378	0
2379	0
2380	0
2381	0
2382	0
2383	0
2384	0
2385	0
2386	0
2387	0
2388	0
2521	0
2522	0
2523	0
2524	0
2525	0
2526	0
2527	0
2528	0
2529	0
2530	0
2531	0
2532	0
2533	0
2534	0
2535	0
2536	0
2537	0
2538	0
2617	0
2618	0
2619	0
2620	0
2621	0
2622	0
2623	0
2624	0
2625	0
2626	0
2627	0
2628	0
2629	0
2630	0
2631	0
2632	0
2633	0
2634	0
3481	0
3482	0
3484	0
3485	0
3487	2
3488	0
3490	0
3491	0
3493	2
3494	0
3496	0
3497	0
3745	0
3746	0
3747	0
3748	0
3749	0
3750	0
3751	0
3752	0
3753	0
3754	0
3755	0
3756	0
3781	0
3782	0
3783	0
3784	0
3785	0
3786	0
3805	0
3806	0
3807	0
3808	0
3809	0
3810	0
3811	0
3812	0
3813	0
3814	0
3815	0
3816	0
4327	0
4328	0
4329	0
4330	0
4331	0
4332	0
4333	0
4334	0
4335	0
4336	0
4337	0
4338	0
4339	0
4340	0
4341	0
4342	0
4343	0
4344	0
4771	0
4772	0
4773	0
4774	0
4775	0
4776	0
4777	2
4778	0
4779	0
4780	0
4781	0
4782	0
4783	2
4784	6
4785	0
4786	0
4787	0
4788	0
6271	0
6272	0
6273	0
6274	0
6275	0
6276	0
6277	0
6278	0
6279	0
6280	0
6281	0
6282	0
6283	0
6284	0
6285	0
6286	0
6287	0
6288	0
8911	0
8912	0
8913	0
8914	0
8915	0
8916	0
9313	0
9314	0
9315	0
9316	0
9317	0
9318	0
9319	0
9320	0
9321	0
9322	0
9323	0
9324	0
9325	0
9326	0
9327	0
9328	0
9329	0
9330	0
9901	0
9902	0
9903	0
9904	0
9905	0
9906	0
9949	0
9950	0
9951	0
9952	0
9953	0
9954	0
9979	0
9980	0
9981	0
9982	0
9983	0
9984	0
11143	0
11144	0
11145	0
11146	0
11147	0
11148	0
11149	0
11150	0
11151	0
11152	0
11153	0
11154	0
14497	0
14498	0
14499	0
14500	0
14501	0
14502	0
14527	0
14528	0
14529	0
14530	0
14531	0
14532	0
14533	0
14534	0
14535	0
14536	0
14537	0
14538	1
15241	0
15242	0
15243	0
15244	0
15245	0
15246	0
15247	0
15248	0
15249	0
15250	0
15251	0
15252	0
15253	0
15254	0
15255	0
15256	0
15257	0
15258	0
17401	1
17402	0
17403	0
17404	0
17405	0
17406	1
17407	0
17408	0
17409	0
17410	0
17411	0
17412	0
17413	0
17414	0
17415	0
17416	0
17417	0
17418	0
18847	0
18848	0
18849	0
18850	0
18851	0
18852	0
18853	0
18854	0
18855	0
18856	0
18857	0
18858	0
18859	0
18860	0
18861	0
18862	0
18863	0
18864	0
18865	0
18866	0
18867	0
18868	0
18869	0
18870	0
18871	0
18872	0
18873	0
18874	0
18875	0
18876	0
18877	0
18878	0
18879	0
18880	0
18881	0
18882	0
18979	0
18980	0
18981	0
18982	0
18983	0
18984	0
18985	0
18986	0
18987	0
18988	0
18989	0
18990	0
18991	0
18992	0
18993	0
18994	0
18995	0
18996	0
19123	0
19124	0
19125	0
19126	0
19127	0
19128	0
19129	0
19130	0
19131	0
19132	0
19133	0
19134	0
19135	0
19136	0
19137	0
19138	0
19139	1
19140	0
19147	0
19148	0
19149	0
19150	0
19151	0
19152	0
19159	0
19160	0
19161	0
19162	0
19163	0
19164	0
19189	0
19190	0
19191	0
19192	0
19193	0
19194	0
19357	0
19358	0
19359	0
19360	0
19361	0
19362	0
19363	0
19364	0
19365	0
19366	0
19367	0
19368	0
19369	0
19370	0
19371	0
19372	0
19373	0
19374	0
19375	0
19376	0
19377	0
19378	0
19379	0
19380	0
19381	0
19382	0
19383	0
19384	0
19385	0
19386	0
19387	0
19388	0
19389	0
19390	0
19391	0
19392	0
19663	0
19664	0
19665	0
19666	0
19667	0
19668	0
19669	0
19670	0
19671	0
19672	0
19673	0
19674	0
20215	1
20216	0
20217	0
20218	0
20219	0
20220	0
20977	0
20978	0
20979	0
20980	0
20981	0
20982	0
21007	0
21008	0
21009	0
21010	0
21011	0
21012	0
21013	0
21014	0
21015	0
21016	0
21017	0
21018	0
21019	0
21020	0
21021	0
21022	0
21023	0
21024	0
21037	0
21038	0
21039	0
21040	0
21041	0
21042	0
21211	0
21212	0
21213	0
21214	0
21215	0
21216	0
21217	0
21218	0
21219	0
21220	0
21221	0
21222	0
21223	0
21224	0
21225	0
21226	0
21227	0
21228	0
21229	0
21230	0
21231	0
21232	0
21233	0
21234	0
21253	1
21254	0
21255	0
21256	0
21257	0
21258	0
21259	0
21260	0
21261	0
21262	0
21263	0
21264	0
21679	0
21680	0
21681	0
21682	3
21683	0
21684	0
21703	0
21704	0
21705	0
21706	0
21707	0
21708	0
21709	0
21710	0
21711	0
21712	0
21713	0
21714	0
22363	0
22364	0
22365	1
22366	0
22367	0
23569	0
23570	0
23571	0
23572	0
23573	0
23574	0
23803	0
23804	0
23805	0
23806	0
23807	0
23808	0
24811	0
24812	0
24813	0
24814	0
24815	0
24816	0
25393	0
25394	0
25395	0
25396	0
25397	0
25398	0
25807	0
25808	0
25809	0
25810	0
25811	0
25812	0
27127	0
27128	0
27130	0
27131	0
27133	0
27134	0
27136	0
27137	0
27139	0
27140	0
27142	0
27143	0
27247	0
27248	0
27249	0
27250	0
27251	0
27252	0
27259	0
27260	0
27261	0
27262	0
27263	0
27264	0
27487	0
27488	0
27489	0
27490	0
27491	0
27492	0
27493	0
27494	0
27495	0
27496	0
27497	0
27498	0
27499	0
27500	0
27501	0
27502	0
27503	0
27504	0
27505	0
27506	0
27507	0
27508	0
27509	0
27510	0
27511	0
27512	0
27513	0
27514	0
27515	2
27516	0
27517	0
27518	0
27519	0
27520	0
27521	0
27522	0
27787	0
27788	0
27789	0
27790	0
27791	0
27792	0
27793	0
27794	0
27795	0
27796	0
27797	0
27798	0
27799	0
27800	0
27801	0
27802	0
27803	0
27804	0
27835	0
27836	0
27837	0
27838	0
27839	0
27840	0
27841	0
27842	0
27843	0
27844	0
27845	0
27846	0
27847	0
27848	0
27849	0
27850	0
27851	0
27852	0
28279	0
28280	0
28281	0
28282	0
28283	0
28284	0
28285	0
28286	0
28287	0
28288	0
28289	0
28290	0
28291	0
28292	0
28293	0
28294	0
28295	0
28296	0
28819	0
28820	0
28821	0
28822	0
28823	0
28824	0
28825	0
28826	0
28827	0
28828	0
28829	0
28830	0
28831	0
28832	0
28833	0
28834	0
28835	0
28836	0
29089	0
29090	0
29091	0
29092	0
29093	0
29094	0
29095	0
29096	0
29097	0
29098	0
29099	0
29100	0
29101	0
29102	0
29103	0
29104	0
29105	0
29106	0
29209	0
29210	0
29211	0
29214	0
29215	0
29216	0
29217	0
29221	0
29222	0
29226	0
29617	0
29618	0
29619	0
29620	0
29621	0
29622	1
29623	3
29624	0
29625	0
29626	0
29627	0
29628	0
29629	5
29630	0
29631	0
29632	1
29633	2
29634	1
29959	0
29960	0
29961	0
29962	0
29963	0
29964	0
30055	0
30056	0
30057	0
30058	0
30059	0
30060	0
30103	0
30104	0
30105	0
30106	0
30107	0
30108	0
30145	0
30146	0
30147	0
30148	0
30149	0
30150	0
30313	0
30314	0
30315	0
30316	0
30318	0
30367	0
30368	0
30369	0
30370	0
30371	0
30372	0
30397	0
30398	0
30399	0
30400	0
30401	0
30402	0
30547	0
30548	0
30549	0
30550	0
30551	0
30552	0
30607	0
30608	0
30609	0
30610	0
30611	0
30612	0
30613	0
30614	0
30615	0
30616	0
30617	0
30618	0
30763	0
30764	0
30765	0
30766	0
30767	0
30768	0
30781	0
30782	0
30783	0
30784	0
30785	0
30786	0
31111	0
31112	0
31113	0
31114	0
31115	0
31116	0
31393	1
31394	0
31395	0
31396	0
31397	0
31398	0
31501	0
31502	0
31503	0
31504	0
31505	0
31506	0
31597	0
31598	0
31599	0
31600	0
31601	0
31602	0
31669	0
31670	0
31671	0
31672	1
31673	0
31674	0
31771	0
31772	0
31773	0
31774	0
31775	0
31776	0
31777	0
31778	0
31779	0
31780	0
31781	0
31782	0
31801	0
31802	0
31803	0
31804	1
31805	0
31806	0
33415	0
33416	0
33417	0
33418	0
33420	0
33547	0
33548	0
33549	0
33550	0
33551	0
33552	0
33553	0
33554	0
33555	0
33556	0
33557	0
33558	0
33559	0
33560	0
33561	0
33562	0
33563	0
33564	0
34315	0
34316	0
34317	0
34318	0
34319	0
34320	0
34423	0
34424	0
34425	0
34426	0
34427	0
34428	0
34489	0
34490	0
34491	0
34492	0
34493	0
34494	0
34513	0
34514	0
34515	0
34516	0
34517	0
34518	0
34519	0
34520	0
34521	0
34522	0
34523	0
34524	0
34801	0
34802	0
34803	0
34804	10
34805	2
34806	0
35143	0
35144	0
35145	0
35146	0
35147	0
35148	2
35659	10
35660	0
35661	6
35662	2
35663	3
35664	0
35671	0
35672	0
35673	0
35674	0
35675	0
35676	0
35773	0
35774	0
35775	0
35776	0
35777	0
35778	0
35791	0
35792	0
35793	0
35794	0
35795	0
35796	0
35875	0
35876	0
35877	0
35878	0
35879	0
35880	0
35881	0
35882	0
35883	0
35884	0
35885	0
35886	0
35887	0
35888	0
35889	0
35890	0
35891	0
35892	0
36607	0
36608	0
36609	0
36610	0
36611	0
36612	0
37051	0
37052	0
37053	0
37054	0
37055	0
37056	0
37057	0
37058	0
37059	0
37060	0
37061	0
37062	0
37225	0
37226	0
37227	0
37228	0
37229	0
37230	0
37231	0
37232	0
37233	0
37234	0
37235	0
37236	0
37237	0
37238	0
37239	0
37240	0
37241	0
37242	0
37243	0
37244	0
37245	0
37246	0
37247	0
37248	0
37249	0
37250	0
37251	0
37252	0
37253	0
37254	0
37255	0
37256	0
37257	0
37258	0
37259	0
37260	0
37339	0
37340	0
37341	0
37342	0
37343	0
37344	0
37345	0
37347	0
37349	10
37393	0
37394	0
37395	0
37396	0
37397	0
37399	0
37400	0
37401	0
37402	0
37403	0
37405	0
37406	0
37407	2
37408	0
37409	0
37465	0
37466	0
37467	0
37468	0
37469	0
37470	0
37513	0
37514	0
37515	0
37516	0
37517	0
37518	0
37537	0
37538	0
37539	0
37540	0
37541	0
37542	0
37549	0
37550	0
37551	0
37552	0
37553	0
37554	0
37741	0
37742	0
37743	0
37744	0
37745	0
37746	0
37753	0
37754	1
37755	0
37756	0
37757	0
37758	0
37801	0
37802	0
37803	0
37804	0
37805	0
37806	0
37813	0
37814	0
37815	0
37816	0
37817	0
37818	0
37879	0
37880	0
37881	0
37882	0
37883	0
37884	0
37951	0
37952	2
37953	0
37954	0
37955	0
37956	0
38221	0
38222	0
38223	0
38224	0
38225	0
38226	0
38305	0
38306	0
38307	0
38308	0
38309	0
38310	0
38311	3
38312	0
38313	1
38314	0
38315	0
38316	1
38329	0
38330	0
38331	0
38332	0
38333	0
38334	0
38341	0
38342	0
38343	0
38344	0
38345	0
38346	0
38347	0
38348	0
38349	0
38350	0
38351	0
38352	0
38545	0
38546	0
38547	0
38548	0
38549	0
38550	0
38677	0
38678	0
38679	0
38680	0
38681	0
38682	0
38743	0
38744	0
38745	0
38746	0
38747	0
38748	0
38773	2
38774	4
38775	0
38776	5
38777	0
38778	0
38803	0
38804	0
38805	0
38806	0
38807	0
38808	0
38911	0
38912	0
38913	0
38914	0
38915	0
38916	0
38917	0
38918	0
38919	0
38920	0
38921	2
38922	0
39199	0
39200	0
39201	0
39202	0
39203	0
39204	0
39361	3
39362	0
39363	0
39364	0
39365	0
39366	0
39751	0
39752	0
39753	0
39754	0
39755	0
39756	0
39757	0
39758	0
39759	0
39760	0
39761	0
39762	0
39763	0
39764	0
39765	0
39766	0
39767	0
39768	25
39769	0
39770	0
39771	0
39772	0
39773	0
39774	0
39775	0
39776	0
39777	0
39778	0
39779	4
39780	0
39781	0
39782	0
39783	0
39784	0
39785	22
39786	0
39793	0
39794	0
39796	0
39797	0
39799	0
39800	0
39801	0
39802	1
39803	0
39805	4
39806	0
39807	1
39808	0
39809	0
39943	0
39944	0
39945	0
39946	0
39947	0
39948	0
39949	0
39950	0
39951	0
39952	0
39953	0
39954	0
39955	0
39956	0
39957	0
39958	1
39959	0
39960	0
39961	0
39962	0
39963	0
39964	0
39965	0
39966	0
39967	0
39968	2
39969	0
39970	0
39971	0
39972	0
39973	0
39974	0
39975	0
39976	0
39977	0
39978	0
40027	0
40028	0
40029	3
40030	5
40031	0
40032	0
40033	0
40034	0
40035	0
40036	0
40037	0
40038	0
40039	0
40040	0
40041	0
40042	0
40043	0
40044	0
40117	5
40118	1
40119	0
40120	0
40121	0
40122	1
41209	0
41210	0
41211	0
41212	2
41213	0
41214	0
41233	0
41234	0
41235	0
41236	0
41237	0
41238	0
41371	0
41373	0
41376	0
41395	0
41396	0
41397	0
41398	0
41399	0
41400	2
41401	0
41402	2
41403	0
41404	0
41405	0
41406	0
41461	0
41462	0
41463	0
41464	0
41465	0
41466	0
41533	0
41534	0
41535	0
41536	0
41537	1
41538	0
41761	0
41762	0
41763	0
41764	0
41765	0
41766	0
41977	0
41979	0
41982	0
42247	0
42248	0
42249	0
42250	0
42251	0
42252	0
42283	0
42284	0
42285	0
42286	0
42287	1
42288	0
42367	0
42368	0
42369	0
42370	0
42371	0
42372	0
42373	0
42374	0
42375	0
42376	0
42377	0
42378	0
42379	0
42380	0
42381	0
42382	0
42383	0
42384	0
42415	0
42416	0
42417	0
42418	0
42419	1
42420	0
42481	2
42483	0
42486	0
42499	0
42500	0
42501	0
42502	0
42503	0
42504	0
42523	0
42524	0
42525	0
42526	0
42527	0
42528	0
42973	0
42975	0
42976	0
42977	0
42978	0
43111	0
43112	0
43113	0
43114	0
43115	0
43116	0
43273	0
43274	0
43275	0
43276	0
43277	0
43278	0
44077	0
44078	1
44079	0
44080	0
44081	0
44082	0
44083	0
44084	0
44085	0
44086	0
44087	0
44088	1
44101	0
44102	0
44103	0
44104	0
44105	0
44106	0
44107	0
44108	0
44109	1
44110	1
44111	0
44112	3
44191	0
44192	0
44193	0
44194	0
44195	0
44196	0
44197	0
44198	0
44199	0
44200	0
44201	0
44202	0
44203	0
44204	0
44205	3
44206	0
44207	0
44208	0
