ObservationID	Count
799	0
800	0
801	0
802	0
803	0
804	0
805	0
806	0
807	0
808	0
809	0
810	0
1327	1
1328	0
1329	0
1330	0
1331	0
1332	3
1333	0
1334	3
1335	1
1336	3
1337	0
1338	1
1669	0
1670	0
1671	0
1672	0
1673	0
1674	0
1687	2
1688	0
1689	2
1690	0
1691	0
1692	0
1831	0
1832	0
1833	0
1834	0
1835	0
1836	0
1837	0
1838	0
1839	0
1840	0
1841	0
1842	0
1999	2
2000	0
2001	0
2002	0
2003	0
2004	0
2005	2
2006	0
2007	0
2008	0
2009	0
2010	0
2095	0
2096	0
2097	0
2098	0
2099	0
2100	0
2101	0
2102	0
2103	0
2104	0
2105	0
2106	0
2233	0
2234	0
2235	0
2236	0
2237	1
2238	0
2359	0
2360	0
2361	0
2362	0
2363	0
2364	0
2371	0
2372	0
2373	0
2374	0
2375	7
2376	4
2377	0
2378	2
2379	4
2380	8
2381	5
2382	6
3151	0
3152	0
3153	0
3154	0
3155	0
3156	1
3481	1
3482	0
3484	0
3485	1
3487	0
3488	0
3490	0
3491	0
3547	0
3548	0
3549	0
3550	0
3551	1
3552	0
3553	1
3554	0
3555	5
3556	0
3557	0
3558	0
3559	8
3560	0
3561	3
3562	0
3563	0
3564	0
3565	0
3566	0
3567	0
3568	0
3569	0
3570	0
3841	0
3842	0
3843	0
3844	0
3845	0
3846	0
3847	0
3848	0
3849	1
3850	0
3851	0
3852	0
3895	2
3897	1
3898	2
3899	0
3901	0
3903	1
3904	1
3905	1
3913	0
3915	0
3916	0
3918	0
3919	0
3921	0
3922	1
3924	0
3969	5
3970	4
3971	0
3972	0
3975	0
3976	0
3977	0
3978	0
4213	0
4214	0
4215	0
4216	0
4217	0
4218	0
4219	0
4220	2
4221	0
4222	0
4223	0
4224	1
4273	1
4274	0
4275	2
4276	0
4277	0
4278	0
4411	1
4412	0
4413	1
4414	0
4415	4
4416	0
4771	1
4772	0
4773	0
4774	0
4775	1
4776	0
4777	0
4778	0
4779	0
4780	0
4781	0
4782	0
6235	0
6236	0
6237	1
6238	0
6239	0
6240	0
6241	0
6242	0
6243	2
6244	0
6245	0
6246	0
8515	0
8516	0
8517	0
8518	0
8519	0
8520	0
8521	0
8522	2
8523	0
8524	2
8525	0
8526	0
8611	0
8612	1
8613	0
8614	0
8615	1
8616	0
8617	0
8618	0
8619	0
8620	0
8621	0
8622	0
8713	0
8714	0
8715	1
8716	1
8717	1
8718	2
8719	1
8720	0
8721	0
8722	0
8723	0
8724	0
10483	0
10484	0
10485	0
10486	0
10487	0
10488	0
10501	0
10502	0
10503	0
10504	1
10505	0
10506	0
10537	0
10538	0
10539	0
10540	0
10541	1
10542	0
10579	0
10580	0
10581	0
10582	0
10583	0
10584	0
10585	0
10586	0
10587	0
10588	0
10589	0
10590	0
12721	1
12722	5
12723	0
12724	12
12725	1
12726	4
14719	1
14720	0
14721	0
14722	0
14723	0
14724	1
14725	0
14726	0
14727	0
14728	0
14729	0
14730	1
15439	2
15440	0
15441	0
15442	0
15443	0
15444	0
15451	4
15452	0
15453	0
15454	0
15455	0
15456	0
17437	0
17438	0
17439	0
17440	0
17441	0
17442	0
17443	2
17444	2
17445	0
17446	0
17447	0
17448	0
17455	0
17456	0
17457	0
17458	0
17459	0
17460	0
17545	0
17546	0
17547	0
17548	0
17549	0
17550	0
17551	0
17552	0
17553	0
17554	0
17555	0
17556	0
17557	0
17558	0
17559	0
17560	0
17561	0
17562	0
17569	0
17570	0
17571	0
17572	0
17573	0
17574	0
17599	0
17600	0
17601	0
17602	0
17603	0
17604	0
17605	0
17606	0
17607	0
17608	0
17609	0
17610	0
18127	1
18128	2
18129	0
18130	2
18131	0
18132	4
18133	0
18134	0
18135	0
18136	1
18137	0
18138	1
18145	1
18146	0
18147	0
18148	0
18149	0
18150	0
18157	8
18158	2
18159	0
18160	0
18161	0
18162	2
18163	0
18164	0
18165	0
18166	0
18167	0
18168	0
18175	4
18176	0
18177	0
18178	0
18179	0
18180	0
18181	1
18182	0
18183	0
18184	0
18185	0
18186	0
18187	0
18188	0
18189	0
18190	0
18191	0
18192	0
18805	0
18806	0
18807	0
18808	0
18809	0
18810	0
18811	0
18812	0
18813	0
18814	0
18815	0
18816	0
19039	0
19040	0
19041	0
19042	0
19043	0
19044	0
19045	0
19046	0
19047	0
19048	0
19049	0
19050	0
19213	0
19214	0
19215	0
19216	0
19217	0
19218	0
19219	0
19220	0
19221	0
19222	0
19223	0
19224	0
19297	0
19298	0
19299	1
19300	0
19301	0
19302	0
19303	0
19304	0
19305	2
19306	0
19307	0
19308	2
20611	2
20612	0
20613	0
20614	0
20615	0
20616	0
20617	1
20618	0
20619	0
20620	0
20621	0
20622	0
20629	1
20630	4
20631	2
20632	8
20633	0
20634	0
21362	0
21364	0
21366	0
21386	0
21388	0
21390	0
22555	13
22556	0
22557	0
22558	0
22559	0
22560	0
22561	0
22562	3
22563	0
22564	2
22565	0
22566	0
23569	2
23570	2
23571	1
23572	0
23573	0
23574	0
23743	0
23744	0
23745	0
23746	0
23747	0
23748	2
25609	0
25610	0
25611	0
25612	0
25613	6
25614	2
25807	0
25808	0
25809	0
25810	0
25811	0
25812	0
26281	0
26282	0
26283	0
26284	0
26285	0
26286	0
26287	0
26288	0
26289	0
26290	0
26291	0
26292	0
26371	0
26372	0
26373	0
26374	0
26375	0
26376	0
26377	0
26378	0
26379	0
26380	0
26381	0
26382	1
26827	5
26828	1
26829	6
26830	5
26831	6
26832	0
26833	8
26834	2
26835	1
26836	0
26837	0
26838	0
26839	0
26840	0
26841	0
26842	1
26843	0
26844	0
26845	1
26846	0
26847	0
26848	0
26849	0
26850	0
26857	0
26858	0
26859	0
26860	0
26861	0
26862	0
26863	0
26864	0
26865	0
26866	0
26867	0
26868	0
26881	0
26882	2
26883	0
26884	0
26885	0
26886	0
26887	0
26888	0
26889	0
26890	0
26891	0
26892	0
27127	0
27128	0
27130	0
27131	0
27133	2
27134	0
27136	0
27137	0
27163	0
27164	0
27165	0
27166	0
27167	1
27168	0
27187	0
27188	0
27189	0
27190	0
27191	0
27192	0
27193	0
27194	0
27195	0
27196	0
27197	0
27198	0
27205	1
27206	2
27207	1
27208	0
27209	0
27210	0
27211	0
27212	2
27213	0
27214	1
27215	0
27216	0
27223	2
27224	3
27225	3
27226	1
27227	2
27228	1
27229	5
27230	3
27231	4
27232	2
27233	2
27234	2
27247	0
27248	1
27249	0
27250	0
27251	0
27252	0
27271	0
27272	0
27273	0
27274	0
27275	0
27276	0
27277	0
27278	0
27279	0
27280	0
27281	0
27282	0
27661	4
27662	0
27663	0
27664	0
27665	0
27666	1
27667	0
27668	0
27669	1
27670	1
27671	0
27672	0
27679	0
27680	0
27681	0
27682	0
27683	0
27684	0
27685	0
27686	0
27687	0
27688	0
27689	0
27690	0
28069	6
28070	0
28071	4
28072	0
28073	2
28074	0
28075	4
28076	0
28077	3
28078	0
28079	2
28080	0
28747	0
28748	0
28749	0
28750	0
28751	0
28752	0
28753	0
28754	0
28755	0
28756	0
28757	0
28758	0
29209	0
29210	0
29211	0
29214	0
29215	0
29216	1
29217	0
29227	5
29228	0
29229	2
29230	0
29231	2
29232	0
29233	1
29234	4
29235	0
29236	0
29237	2
29238	0
29563	0
29564	0
29565	0
29566	0
29567	0
29568	0
29575	0
29576	0
29577	0
29578	0
29579	0
29580	0
29923	0
29924	2
29925	2
29926	7
29927	0
29928	3
29941	0
29942	0
29943	0
29944	0
29945	0
29946	0
29995	0
29996	0
29997	2
29998	0
29999	0
30000	0
30013	1
30014	2
30015	1
30016	1
30017	0
30018	0
30019	0
30020	0
30021	0
30022	0
30023	0
30024	0
30211	0
30212	0
30213	0
30214	0
30215	0
30216	0
30223	0
30224	0
30225	0
30226	0
30227	0
30228	0
30439	0
30440	0
30441	0
30442	0
30443	0
30444	0
30471	0
30472	0
30473	0
30474	0
30481	0
30483	0
30484	0
30486	0
30493	1
30495	1
30496	1
30497	0
30505	0
30506	0
30507	0
30508	6
30509	0
30510	1
30565	4
30566	0
30567	3
30568	0
30569	0
30570	0
31927	0
31928	0
31929	0
31930	0
31931	0
31932	0
31933	0
31934	0
31935	0
31936	0
31937	0
31938	0
32185	0
32186	0
32187	0
32188	0
32189	0
32190	0
32191	0
32192	0
32193	0
32194	1
32195	0
32196	0
32413	1
32414	0
32415	0
32416	0
32417	0
32418	0
32455	0
32456	0
32457	0
32458	0
32459	0
32460	0
32881	0
32882	0
32883	0
32884	0
32885	1
32886	0
33331	0
33332	0
33333	0
33334	0
33335	0
33336	0
33343	0
33344	0
33345	0
33346	0
33347	0
33348	0
33475	0
33476	2
33477	0
33478	0
33479	0
33480	0
33487	0
33488	2
33489	0
33490	0
33491	0
33492	0
33715	0
33716	0
33717	0
33718	0
33719	0
33720	0
33721	0
33722	0
33723	0
33724	0
33725	0
33726	0
33739	0
33740	0
33741	0
33742	1
33743	0
33744	0
33745	0
33746	0
33747	0
33748	0
33749	0
33750	0
34057	0
34058	0
34059	0
34060	0
34061	1
34062	0
34069	0
34070	1
34071	1
34072	0
34073	0
34074	0
34165	0
34166	0
34167	0
34168	0
34169	0
34170	0
34171	1
34172	0
34173	0
34174	0
34175	0
34176	0
34269	0
34270	0
34285	0
34286	0
34287	0
34288	0
34289	0
34290	0
34465	0
34466	0
34467	0
34468	0
34469	0
34470	0
34471	0
34472	0
34473	12
34474	0
34475	0
34476	0
34561	2
34562	0
34563	0
34564	0
34565	0
34566	0
34645	2
34646	0
34647	0
34648	1
34649	2
34650	0
34731	0
34732	0
34795	0
34796	0
34797	6
34798	0
34799	0
34800	2
34831	0
34832	0
34833	0
34834	0
34835	0
34836	0
34987	0
34988	0
34989	0
34990	0
34991	0
34992	0
34993	0
34994	0
34995	0
34996	0
34997	0
34998	1
35011	0
35012	0
35013	0
35014	0
35015	0
35016	0
35131	0
35132	2
35133	4
35134	0
35135	0
35136	6
35167	0
35168	0
35169	0
35170	0
35171	0
35172	0
35203	0
35204	0
35205	0
35206	0
35207	0
35208	0
35581	0
35582	0
35583	3
35584	0
35585	0
35586	0
35587	0
35588	0
35589	0
35590	0
35591	0
35592	2
36433	1
36434	16
36435	0
36436	5
36437	0
36438	2
36439	2
36440	23
36441	0
36442	5
36443	2
36444	1
36505	5
36506	4
36507	8
36508	1
36509	3
36510	2
36517	11
36518	8
36519	6
36520	2
36521	3
36522	1
36655	0
36656	0
36657	0
36658	0
36659	0
36660	2
36661	0
36662	0
36663	0
36664	0
36665	0
36666	0
36925	0
36926	0
36927	0
36928	0
36929	0
36930	0
36931	1
36932	0
36933	0
36934	0
36935	0
36936	0
36997	1
36998	16
36999	0
37000	5
37001	0
37002	1
37003	2
37004	23
37005	0
37006	5
37007	2
37008	1
37075	4
37076	1
37077	1
37078	0
37079	1
37080	2
37081	2
37082	2
37083	3
37084	0
37085	1
37086	1
37741	0
37742	0
37743	0
37744	0
37745	0
37746	0
37753	0
37754	32
37755	0
37756	0
37757	0
37758	0
37825	0
37826	0
37827	0
37828	0
37829	1
37830	0
37843	0
37844	0
37845	0
37846	0
37847	0
37848	0
38023	0
38024	0
38025	0
38026	0
38027	0
38028	0
38161	0
38162	0
38163	0
38164	0
38165	0
38166	0
38221	0
38222	0
38223	0
38224	0
38225	0
38226	0
38329	2
38330	0
38331	0
38332	0
38333	0
38334	0
38335	0
38336	0
38337	0
38338	0
38339	0
38340	0
38437	0
38438	0
38439	0
38440	0
38441	0
38442	0
38449	0
38450	0
38451	0
38452	0
38453	0
38454	0
38593	3
38594	1
38595	1
38596	1
38597	1
38598	0
38833	0
38834	0
38835	0
38836	0
38837	0
38838	0
38839	0
38840	0
38841	0
38842	0
38843	0
38844	0
39259	0
39260	0
39261	0
39262	0
39263	0
39264	0
39289	1
39290	0
39291	0
39292	2
39293	0
39294	0
39295	0
39296	0
39297	0
39298	0
39299	0
39300	0
39565	4
39566	0
39567	4
39568	0
39569	1
39570	0
39571	4
39572	0
39573	0
39574	0
39575	2
39576	0
39793	1
39794	1
39796	0
39797	0
39799	0
39800	0
39801	0
39802	0
39803	0
40255	0
40256	0
40257	0
40258	0
40259	0
40260	0
40261	0
40262	0
40263	0
40264	0
40265	0
40266	1
40825	0
40826	0
40827	0
40828	0
40829	0
40830	0
40831	2
40832	0
40833	2
40834	0
40835	0
40836	0
41059	0
41060	0
41061	0
41062	0
41063	0
41064	0
41155	0
41156	0
41157	0
41158	0
41159	0
41160	0
41161	0
41162	0
41163	0
41164	0
41165	0
41166	0
41503	2
41504	3
41505	3
41506	0
41507	0
41508	0
41515	1
41516	0
41517	2
41518	0
41519	0
41520	0
41629	0
41630	0
41631	0
41632	4
41633	0
41634	2
41767	0
41768	0
41769	0
41770	0
41771	0
41772	0
41839	2
41840	0
41841	0
41842	0
41843	0
41844	0
41851	0
41852	0
41853	2
41854	0
41855	0
41856	0
41863	0
41864	0
41865	0
41866	0
41867	0
41868	0
41875	0
41876	0
41877	0
41878	0
41879	0
41880	0
41959	0
41960	0
41961	0
41962	0
41963	0
41964	0
41965	0
41966	1
41967	2
41968	0
41969	2
41970	1
41989	0
41990	0
41991	0
41992	0
41993	0
41994	0
41995	0
41996	0
41997	0
41998	0
41999	0
42000	0
42121	0
42122	0
42123	0
42124	0
42125	0
42126	0
42127	0
42128	0
42129	0
42130	2
42131	0
42132	1
42643	0
42644	0
42645	0
42646	0
42647	0
42648	0
42649	0
42650	0
42651	0
42652	0
42653	0
42654	0
42799	0
42800	0
42801	0
42802	0
42803	0
42804	0
42859	0
42860	0
42861	0
42862	0
42863	0
42864	0
42997	0
42998	0
42999	0
43000	0
43001	0
43002	0
43003	0
43004	4
43005	0
43006	0
43007	0
43008	0
43225	1
43226	1
43227	0
43228	0
43229	1
43230	0
43237	0
43238	1
43239	0
43240	0
43241	0
43242	0
43489	0
43490	6
43491	0
43492	0
43493	0
43494	0
43495	0
43496	2
43497	0
43498	0
43499	0
43500	0
43747	0
43748	0
43749	0
43750	0
43751	0
43752	0
43753	0
43754	0
43755	0
43756	0
43757	0
43758	0
43843	0
43844	0
43845	0
43846	2
43847	0
43848	0
43849	0
43850	0
43851	0
43852	0
43853	0
43854	0
45361	1
45362	0
45363	0
45364	0
45365	0
45366	0
45367	0
45368	0
45369	0
45370	0
45371	0
45372	0
45373	0
45374	0
45375	0
45376	0
45377	0
45378	0
45547	0
45548	1
45549	0
45550	0
45551	0
45552	0
45553	0
45554	0
45555	0
45556	0
45557	0
45558	0
