ObservationID	Count
97	0
98	0
99	0
100	0
101	0
102	0
205	0
206	0
207	0
208	0
209	0
210	0
241	0
242	0
243	0
244	0
245	0
246	0
265	0
266	0
267	0
268	0
269	2
270	4
451	0
452	0
453	0
454	0
455	0
456	0
463	0
464	0
465	0
466	0
467	0
468	0
475	0
476	0
477	0
478	0
479	0
480	0
973	0
974	0
975	3
976	0
977	0
978	2
1063	0
1064	0
1065	0
1066	0
1067	0
1068	2
1081	0
1082	0
1083	0
1084	0
1085	0
1086	0
1303	0
1304	0
1305	0
1306	0
1307	0
1308	0
1771	0
1772	0
1773	0
1774	0
1775	0
1776	0
1777	0
1778	0
1779	0
1780	0
1781	0
1782	0
1873	0
1874	0
1875	0
1876	0
1877	0
1878	0
1879	0
1880	0
1881	0
1882	0
1883	0
1884	0
2425	0
2426	0
2427	0
2428	0
2429	0
2430	0
2437	0
2438	0
2439	0
2440	0
2441	0
2442	0
2503	0
2504	0
2505	0
2506	0
2507	0
2508	0
2509	0
2510	0
2511	0
2512	0
2513	0
2514	0
2521	0
2522	0
2523	0
2524	0
2525	0
2526	0
2527	0
2528	0
2529	0
2530	0
2531	0
2532	0
2533	0
2534	0
2535	0
2536	0
2537	0
2538	0
2713	0
2714	0
2715	2
2716	0
2717	2
2718	0
2917	0
2918	0
2919	0
2920	0
2921	0
2922	0
3175	0
3176	1
3177	0
3178	0
3179	0
3180	0
3181	0
3182	1
3183	0
3184	0
3185	0
3186	0
3187	0
3188	0
3189	0
3190	0
3191	0
3192	0
3517	0
3518	0
3519	0
3520	0
3521	0
3522	0
3529	0
3530	0
3531	0
3532	0
3533	0
3534	0
3535	0
3536	0
3537	0
3538	0
3539	0
3540	0
3745	0
3746	0
3747	0
3748	0
3749	0
3750	0
3751	0
3752	0
3753	0
3754	0
3755	0
3756	0
3841	2
3842	1
3843	0
3844	6
3845	0
3846	0
3847	0
3848	2
3849	0
3850	1
3851	0
3852	2
3853	0
3854	0
3855	0
3856	0
3857	0
3858	0
3931	0
3932	0
3933	3
3934	0
3935	0
3936	0
3937	0
3938	0
3939	0
3940	0
3941	0
3942	0
3943	0
3944	0
3945	0
3946	0
3947	0
3948	0
3969	2
3970	0
3971	5
3972	0
3975	3
3976	0
3977	0
3978	0
3981	0
3982	0
3983	0
3984	0
4021	0
4022	1
4023	0
4024	3
4025	0
4026	3
4027	0
4028	0
4029	0
4030	0
4031	0
4032	3
4033	0
4034	0
4035	0
4036	0
4037	0
4038	0
4039	0
4040	5
4041	2
4042	8
4043	0
4044	0
4045	0
4046	7
4047	0
4048	1
4049	0
4050	0
4051	0
4052	1
4053	0
4054	0
4055	0
4056	0
4519	0
4520	0
4521	1
4522	0
4523	0
4524	0
4717	0
4718	0
4719	0
4720	0
4721	0
4722	0
4771	0
4772	0
4773	6
4774	0
4775	0
4776	3
4777	0
4778	0
4779	10
4780	0
4781	2
4782	2
4783	0
4784	0
4785	13
4786	0
4787	0
4788	4
6199	0
6200	0
6201	0
6202	0
6203	0
6204	0
6205	1
6206	0
6207	0
6208	0
6209	0
6210	0
6211	0
6212	0
6213	0
6214	0
6215	0
6216	0
6217	0
6218	0
6219	0
6220	0
6221	0
6222	0
6223	0
6224	0
6225	2
6226	0
6227	0
6228	0
6229	0
6230	0
6231	0
6232	0
6233	0
6234	0
6235	0
6236	0
6237	0
6238	0
6239	0
6240	0
6241	0
6242	0
6243	0
6244	0
6245	0
6246	0
6247	0
6248	0
6249	0
6250	0
6251	0
6252	0
6271	0
6272	0
6273	0
6274	0
6275	0
6276	0
6277	0
6278	0
6279	0
6280	0
6281	0
6282	0
6283	0
6284	0
6285	0
6286	0
6287	0
6288	0
6301	0
6302	0
6303	2
6304	0
6305	0
6306	0
6307	0
6308	0
6309	0
6310	0
6311	0
6312	0
6313	0
6314	0
6315	0
6316	0
6317	0
6318	0
7825	0
7826	1
7827	0
7828	0
7829	0
7830	0
8911	0
8912	0
8913	0
8914	0
8915	0
8916	0
9313	0
9314	0
9315	0
9316	0
9317	0
9318	0
9319	0
9320	0
9321	0
9322	0
9323	0
9324	0
9325	0
9326	0
9327	0
9328	0
9329	0
9330	0
9457	0
9458	0
9459	0
9460	4
9461	0
9462	6
9481	0
9482	0
9483	0
9484	0
9485	0
9486	0
9505	0
9506	0
9507	0
9508	0
9509	0
9510	0
9571	0
9572	0
9573	0
9574	0
9575	0
9576	0
10903	0
10904	0
10905	0
10906	0
10907	0
10908	0
10945	0
10946	0
10947	0
10948	0
10949	0
10950	0
10993	0
10994	0
10995	0
10996	0
10997	1
10998	0
12721	0
12722	0
12723	0
12724	0
12725	0
12726	0
14497	0
14498	0
14499	0
14500	2
14501	0
14502	0
14527	0
14528	0
14529	0
14530	2
14531	0
14532	0
14533	0
14534	0
14535	0
14536	0
14537	0
14538	8
14641	0
14642	0
14643	0
14644	0
14645	0
14646	0
14647	0
14648	1
14649	0
14650	0
14651	0
14652	0
14659	0
14660	0
14661	0
14662	1
14663	0
14664	0
14719	0
14720	0
14721	0
14722	0
14723	5
14724	2
14725	0
14726	0
14727	0
14728	0
14729	0
14730	0
14791	0
14792	0
14793	0
14794	0
14795	0
14796	0
16525	0
16526	0
16527	0
16528	0
16529	0
16530	0
16531	0
16532	0
16533	0
16534	0
16535	0
16536	0
16603	0
16604	0
16605	0
16606	0
16607	0
16608	0
16609	2
16610	0
16611	0
16612	0
16613	0
16614	0
16615	1
16616	0
16617	0
16618	0
16619	0
16620	0
17311	0
17312	0
17313	0
17314	0
17315	0
17316	0
17359	0
17360	0
17361	0
17362	0
17363	0
17364	0
17371	0
17372	0
17373	0
17374	0
17375	0
17376	0
17617	0
17618	0
17619	0
17620	0
17621	0
17622	2
17623	0
17624	0
17625	0
17626	0
17627	0
17628	3
17629	0
17630	0
17631	0
17632	0
17633	0
17634	0
17683	0
17684	0
17685	0
17686	0
17687	3
17688	0
17689	0
17690	0
17691	0
17692	0
17693	0
17694	0
17695	0
17696	0
17697	0
17698	0
17699	0
17700	0
17701	0
17702	0
17703	0
17704	0
17705	0
17706	0
17737	0
17738	0
17739	0
17740	0
17741	0
17742	0
17749	0
17750	0
17751	0
17752	0
17753	0
17754	0
18601	0
18602	0
18603	0
18604	0
18605	0
18606	0
18631	0
18632	0
18633	0
18634	0
18635	0
18636	0
18649	0
18650	0
18651	0
18652	0
18653	0
18654	0
18745	0
18746	0
18747	0
18748	0
18749	0
18750	0
18757	0
18758	1
18759	0
18760	0
18761	0
18762	0
19057	0
19058	0
19059	0
19060	0
19061	0
19062	0
19063	0
19064	0
19065	0
19066	1
19067	0
19068	0
19069	0
19070	0
19071	0
19072	0
19073	0
19074	0
19123	0
19124	0
19125	0
19126	0
19127	0
19128	0
19129	0
19130	0
19131	0
19132	0
19133	0
19134	0
19135	0
19136	0
19137	0
19138	0
19139	0
19140	0
19147	0
19148	0
19149	0
19150	0
19151	0
19152	0
19159	0
19160	0
19161	0
19162	0
19163	0
19164	0
19189	0
19190	0
19191	0
19192	0
19193	0
19194	0
19627	0
19628	0
19629	2
19630	0
19631	0
19632	0
19633	0
19634	0
19635	0
19636	0
19637	0
19638	2
19639	0
19640	0
19641	0
19642	0
19643	0
19644	0
19663	0
19664	0
19665	0
19666	0
19667	0
19668	0
19669	0
19670	0
19671	0
19672	0
19673	0
19674	0
20287	0
20288	0
20289	0
20290	0
20291	0
20292	0
20299	0
20300	0
20301	0
20302	3
20303	0
20304	0
20317	0
20318	0
20319	0
20320	0
20321	0
20322	0
20329	0
20330	0
20331	0
20332	0
20333	3
20334	0
20341	0
20342	0
20343	0
20344	0
20345	0
20346	0
20629	0
20630	0
20631	0
20632	0
20633	0
20634	0
20635	0
20636	0
20637	0
20638	0
20639	0
20640	0
21362	0
21364	0
21366	0
21386	0
21388	0
21390	0
21410	0
21412	0
21414	0
21715	0
21716	0
21717	0
21718	0
21719	0
21720	0
21721	0
21722	0
21723	0
21724	2
21725	0
21726	0
21727	0
21728	0
21729	0
21730	0
21731	0
21732	0
23551	0
23552	0
23553	0
23554	0
23555	0
23556	0
23677	0
23678	0
23679	0
23680	0
23681	0
23682	0
24391	0
24392	0
24393	0
24394	0
24395	0
24396	0
24811	0
24812	0
24813	0
24814	0
24815	0
24816	0
25387	0
25388	0
25389	0
25390	0
25391	0
25392	0
25807	0
25808	0
25809	0
25810	0
25811	0
25812	0
26371	0
26372	0
26373	0
26374	0
26375	0
26376	0
26377	0
26378	0
26379	0
26380	0
26381	0
26382	0
26383	0
26384	0
26385	2
26386	0
26387	0
26388	0
26731	0
26732	0
26733	6
26734	0
26735	0
26736	0
26737	4
26738	0
26739	6
26740	0
26741	2
26742	0
27487	0
27488	0
27489	0
27490	0
27491	0
27492	0
27493	0
27494	0
27495	0
27496	0
27497	0
27498	0
27499	0
27500	2
27501	0
27502	0
27503	0
27504	0
27715	0
27716	0
27717	0
27718	0
27719	0
27720	0
27727	0
27728	0
27729	0
27730	0
27731	0
27732	0
27739	0
27740	0
27741	0
27742	0
27743	0
27744	1
27835	0
27836	0
27837	0
27838	0
27839	0
27840	3
27841	0
27842	0
27843	0
27844	0
27845	0
27846	0
27847	0
27848	0
27849	0
27850	0
27851	0
27852	2
28003	0
28004	0
28005	2
28006	4
28007	0
28008	2
28015	0
28016	0
28017	4
28018	2
28019	0
28020	0
28027	0
28028	0
28029	3
28030	0
28031	0
28032	0
28249	6
28250	0
28251	0
28252	0
28253	0
28254	0
28255	0
28256	0
28257	0
28258	0
28259	0
28260	0
28267	0
28268	0
28269	0
28270	0
28271	0
28272	0
28675	0
28676	0
28677	0
28678	0
28679	1
28680	0
28681	0
28682	0
28683	0
28684	0
28685	0
28686	0
28687	0
28688	0
28689	0
28690	0
28691	0
28692	0
28819	0
28820	0
28821	0
28822	0
28823	1
28824	0
28825	0
28826	0
28827	0
28828	0
28829	1
28830	0
28831	0
28832	0
28833	0
28834	0
28835	0
28836	0
29005	0
29006	0
29007	0
29009	0
29023	0
29024	0
29025	0
29027	0
29077	0
29078	0
29079	0
29080	0
29081	0
29082	0
29089	0
29090	0
29091	0
29092	0
29093	0
29094	0
29095	2
29096	3
29097	0
29098	0
29099	0
29100	0
29101	0
29102	0
29103	0
29104	0
29105	0
29106	0
29155	0
29156	0
29157	0
29158	1
29159	0
29160	0
29293	0
29294	0
29295	0
29296	0
29297	0
29298	0
29299	0
29300	0
29301	0
29302	0
29303	0
29304	0
29305	0
29306	0
29307	0
29308	0
29309	0
29310	0
29371	0
29372	0
29373	0
29374	0
29375	2
29376	0
29377	0
29378	0
29379	2
29380	0
29381	1
29382	0
29383	0
29384	0
29385	6
29386	0
29387	0
29388	0
29617	0
29618	0
29619	0
29620	0
29621	0
29622	0
29623	0
29624	0
29625	0
29626	0
29627	0
29628	0
29629	3
29630	0
29631	0
29632	0
29633	0
29634	0
29791	0
29792	0
29793	0
29794	0
29795	0
29796	0
29881	0
29882	0
29883	0
29884	0
29885	0
29886	0
30055	0
30056	2
30057	0
30058	0
30059	0
30060	0
30091	0
30092	0
30093	0
30094	0
30095	0
30096	0
30145	0
30146	0
30147	0
30148	0
30149	0
30150	0
30223	0
30224	0
30225	0
30226	6
30227	0
30228	0
30265	0
30266	0
30267	0
30268	0
30269	0
30270	0
30271	0
30272	3
30273	0
30274	0
30275	0
30276	0
30283	0
30284	0
30285	0
30286	0
30287	0
30288	1
30289	0
30290	0
30291	0
30292	0
30293	0
30294	0
30313	0
30314	2
30315	0
30316	0
30318	0
30379	0
30380	0
30381	0
30382	2
30383	0
30384	0
30471	2
30472	2
30473	0
30474	0
30477	0
30478	0
30479	0
30480	0
30481	0
30483	0
30484	0
30486	0
30547	0
30548	0
30549	0
30550	0
30551	0
30552	0
30589	0
30590	0
30591	0
30592	0
30593	0
30594	0
30607	0
30608	0
30609	0
30610	2
30611	0
30612	0
30613	0
30614	0
30615	0
30616	0
30617	0
30618	0
30655	0
30656	0
30657	0
30658	0
30659	2
30660	0
30793	0
30794	0
30795	4
30796	4
30797	4
30798	4
30829	0
30830	0
30831	2
30832	0
30833	2
30834	2
30919	0
30920	0
30921	0
30922	0
30923	2
30924	0
30967	0
30968	0
30969	0
30970	0
30971	0
30972	0
31093	0
31094	0
31095	0
31096	0
31097	0
31098	5
31225	0
31226	0
31227	3
31228	2
31229	4
31230	0
31393	0
31394	0
31395	0
31396	0
31397	0
31398	0
31555	0
31556	0
31557	0
31558	0
31559	0
31560	0
31597	0
31598	0
31599	0
31600	0
31601	0
31602	0
32047	0
32048	0
32049	0
32050	0
32051	0
32052	0
32053	0
32054	0
32055	0
32056	0
32057	0
32058	0
32059	0
32060	5
32061	0
32062	3
32063	0
32064	0
32491	0
32492	0
32493	0
32494	0
32495	0
32496	0
32497	0
32498	0
32499	0
32500	0
32501	0
32502	0
32923	0
32924	0
32925	0
32926	0
32927	0
32928	0
32995	0
32996	0
32997	0
32998	0
32999	2
33000	0
33013	0
33014	0
33015	0
33016	0
33017	0
33018	0
33157	0
33158	0
33159	0
33160	0
33161	0
33162	0
33163	0
33164	0
33165	0
33166	0
33167	0
33168	0
33415	0
33416	0
33417	0
33418	0
33420	0
33547	0
33548	0
33549	0
33550	0
33551	0
33552	0
33553	0
33554	0
33555	0
33556	0
33557	0
33558	0
33559	0
33560	0
33561	0
33562	0
33563	0
33564	0
33589	0
33590	0
33591	0
33592	0
33593	0
33594	0
33895	0
33896	0
33897	0
33898	3
33899	0
33900	0
33901	0
33902	2
33903	0
33904	0
33905	0
33906	0
33907	0
33908	0
33909	0
33910	0
33911	0
33912	0
34159	0
34160	0
34161	0
34162	0
34163	0
34164	0
34195	0
34196	0
34197	0
34198	0
34199	0
34200	0
34269	0
34270	0
34273	0
34274	0
34275	0
34276	0
34277	0
34278	0
34699	0
34700	0
34701	0
34702	0
34703	0
34704	0
34705	0
34706	2
34707	0
34708	0
34709	0
34710	0
34731	0
34732	0
34783	0
34784	0
34785	2
34786	0
34787	0
34788	0
34825	0
34826	0
34827	0
34828	0
34829	0
34830	0
35053	0
35054	0
35055	0
35056	0
35057	0
35058	0
35125	0
35126	0
35127	0
35128	0
35129	0
35130	0
35227	0
35228	0
35229	0
35230	0
35231	0
35232	0
35359	0
35360	0
35361	0
35362	0
35363	0
35364	0
35449	0
35450	0
35451	0
35452	0
35453	2
35454	0
35461	0
35462	0
35463	2
35464	0
35465	2
35466	0
35521	0
35522	0
35523	0
35524	0
35525	0
35526	0
35623	0
35624	0
35625	0
35626	0
35627	0
35628	0
35773	0
35774	0
35775	0
35776	0
35777	0
35778	0
35791	0
35792	0
35793	1
35794	0
35795	0
35796	0
36163	0
36164	0
36165	0
36166	0
36167	0
36168	0
36175	0
36176	0
36177	0
36178	0
36179	0
36180	0
36181	0
36182	0
36183	0
36184	0
36185	0
36186	0
36223	0
36224	0
36225	0
36226	0
36227	0
36228	0
36229	0
36230	0
36231	0
36232	0
36233	0
36234	0
36235	0
36236	0
36237	0
36238	0
36239	0
36240	0
36427	0
36428	0
36429	0
36430	0
36431	0
36432	0
36433	0
36434	0
36435	0
36436	0
36437	0
36438	1
36439	0
36440	0
36441	0
36442	0
36443	0
36444	0
36577	0
36578	0
36579	0
36580	0
36581	3
36582	0
36583	0
36584	0
36585	0
36586	0
36587	0
36588	0
36775	0
36776	0
36777	0
36778	0
36779	0
36780	0
36787	0
36788	0
36789	0
36790	0
36791	0
36792	0
36799	0
36800	0
36801	0
36802	0
36803	0
36804	0
36997	0
36998	0
36999	0
37000	0
37001	0
37002	1
37003	0
37004	0
37005	0
37006	0
37007	0
37008	0
37051	0
37052	0
37053	0
37054	0
37055	0
37056	0
37057	0
37058	0
37059	0
37060	0
37061	0
37062	3
37243	0
37244	0
37245	0
37246	0
37247	0
37248	0
37249	0
37250	0
37251	0
37252	0
37253	0
37254	0
37255	0
37256	0
37257	0
37258	0
37259	0
37260	0
37285	0
37286	0
37287	0
37288	0
37289	0
37290	0
37291	0
37292	0
37293	4
37294	0
37295	0
37296	0
37297	0
37298	0
37299	0
37300	0
37301	0
37302	0
37465	0
37466	0
37467	0
37468	2
37469	0
37470	0
37603	0
37604	0
37605	0
37606	2
37607	0
37608	1
37609	0
37610	0
37611	0
37612	0
37613	0
37614	0
37615	0
37616	0
37617	0
37618	0
37619	0
37620	0
37741	0
37742	0
37743	2
37744	0
37745	0
37746	0
37801	0
37802	0
37803	0
37804	0
37805	0
37806	0
37825	0
37826	0
37827	0
37828	0
37829	0
37830	0
37849	10
37850	0
37851	0
37852	0
37853	0
37854	0
37879	0
37880	0
37881	0
37882	0
37883	0
37884	0
37921	0
37922	0
37923	0
37924	0
37925	0
37926	0
38005	0
38006	0
38007	0
38008	0
38009	0
38010	0
38017	0
38018	0
38019	0
38020	0
38021	0
38022	0
38029	0
38030	0
38031	4
38032	2
38033	5
38034	2
38065	0
38066	0
38067	0
38068	0
38069	0
38070	0
38161	0
38162	0
38163	0
38164	0
38165	0
38166	0
38221	0
38222	0
38223	4
38224	0
38225	0
38226	0
38305	0
38306	0
38307	0
38308	0
38309	0
38310	0
38311	0
38312	0
38313	0
38314	0
38315	0
38316	0
38341	0
38342	0
38343	0
38344	0
38345	0
38346	0
38347	0
38348	0
38349	0
38350	0
38351	0
38352	3
38353	0
38354	4
38355	0
38356	0
38357	0
38358	0
38359	0
38360	2
38361	0
38362	2
38363	0
38364	0
38431	0
38432	0
38433	0
38434	0
38435	0
38436	0
38467	0
38468	0
38469	0
38470	0
38471	0
38472	0
38545	0
38546	0
38547	0
38548	0
38549	0
38550	0
38563	0
38564	0
38565	0
38566	3
38567	0
38568	12
38569	0
38570	0
38571	0
38572	2
38573	0
38574	17
38617	0
38618	0
38619	0
38620	0
38621	0
38622	0
38641	0
38642	0
38643	0
38644	0
38645	0
38646	0
38653	0
38654	0
38655	0
38656	0
38657	2
38658	0
38677	0
38678	0
38679	0
38680	0
38681	0
38682	0
38773	0
38774	0
38775	0
38776	0
38777	0
38778	0
38857	0
38858	0
38859	0
38860	0
38861	0
38862	0
38911	0
38912	0
38913	0
38914	0
38915	0
38916	0
38917	0
38918	0
38919	0
38920	0
38921	0
38922	0
39121	0
39122	0
39123	0
39124	0
39125	0
39126	0
39163	0
39164	0
39165	0
39166	0
39167	0
39168	0
39361	0
39362	0
39363	0
39364	0
39365	0
39366	0
39367	0
39368	0
39369	0
39370	0
39371	0
39372	0
39397	0
39398	0
39399	0
39400	0
39401	0
39402	0
39409	0
39410	0
39411	0
39412	14
39413	0
39414	0
39487	0
39488	0
39489	0
39490	0
39491	0
39492	0
39691	0
39692	0
39693	0
39694	0
39695	0
39696	0
39703	0
39704	0
39705	0
39706	0
39707	0
39708	0
39709	0
39710	0
39711	0
39712	0
39713	0
39714	0
39715	0
39716	0
39717	0
39718	0
39719	0
39720	0
39751	0
39752	0
39753	0
39754	0
39755	0
39756	6
39757	0
39758	0
39759	0
39760	1
39761	0
39762	1
39763	0
39764	0
39765	0
39766	0
39767	0
39768	0
39943	0
39944	0
39945	0
39946	0
39947	0
39948	0
39955	0
39956	0
39957	0
39958	0
39959	0
39960	0
39967	0
39968	0
39969	0
39970	0
39971	0
39972	0
40027	0
40028	0
40029	0
40030	0
40031	0
40032	0
40033	0
40034	0
40035	0
40036	0
40037	0
40038	0
40219	0
40220	0
40221	2
40222	0
40223	0
40224	0
40237	0
40238	0
40239	0
40240	0
40241	1
40242	0
40249	0
40250	0
40251	0
40252	0
40253	0
40254	0
41209	0
41210	0
41211	0
41212	0
41213	0
41214	0
41233	0
41234	0
41235	11
41236	0
41237	2
41238	0
41317	0
41318	0
41319	0
41320	0
41321	0
41322	0
41617	0
41618	0
41619	0
41620	0
41621	0
41622	0
41761	0
41762	0
41763	0
41764	0
41765	0
41766	0
41767	0
41768	1
41769	0
41770	6
41771	4
41772	2
41839	0
41840	0
41841	1
41842	2
41843	0
41844	2
41851	0
41852	2
41853	3
41854	16
41855	11
41856	4
41983	0
41984	0
41985	0
41986	2
41987	0
41988	0
42037	0
42038	0
42039	0
42040	0
42041	0
42042	0
42211	0
42212	0
42213	0
42214	0
42215	0
42216	0
42283	0
42284	0
42285	0
42286	0
42287	0
42288	0
42343	0
42344	0
42345	0
42346	4
42347	0
42348	0
42415	0
42416	0
42417	0
42418	0
42419	0
42420	0
42493	0
42494	0
42495	0
42496	0
42497	0
42498	0
42499	0
42500	0
42501	0
42502	0
42503	0
42504	0
42727	0
42728	0
42729	8
42730	2
42731	0
42732	0
42733	0
42734	0
42735	1
42736	0
42737	0
42738	0
42751	0
42752	0
42753	0
42754	0
42755	0
42756	0
43075	0
43076	0
43077	0
43078	0
43079	0
43080	0
43081	0
43082	0
43083	0
43084	2
43085	0
43086	0
43087	0
43088	0
43089	0
43090	0
43091	0
43092	0
43381	60
43382	0
43383	0
43384	0
43385	0
43386	0
43603	0
43604	0
43605	0
43606	0
43607	0
43608	0
43609	0
43610	0
43611	0
43612	0
43613	0
43614	0
43615	0
43616	0
43617	0
43618	0
43619	0
43620	0
43675	0
43676	0
43677	0
43678	0
43679	0
43680	0
43687	0
43688	0
43689	0
43690	0
43691	0
43692	0
43705	0
43706	0
43707	0
43708	0
43709	0
43710	0
43813	0
43814	0
43815	0
43816	0
43817	0
43818	0
