ObservationID	Count
121	0
122	0
123	0
124	0
125	0
126	0
127	0
128	0
129	0
130	0
131	1
132	0
133	0
134	0
135	0
136	0
137	0
138	0
247	1
248	0
249	0
250	0
251	0
252	0
253	0
254	0
255	0
256	0
257	0
258	0
259	0
260	0
261	0
262	0
263	0
264	0
985	0
986	1
987	0
988	0
989	0
990	0
1159	0
1160	0
1161	0
1162	0
1163	0
1164	0
1165	0
1166	0
1167	0
1168	0
1169	0
1170	0
1171	0
1172	0
1173	0
1174	0
1175	0
1176	0
1207	0
1208	0
1209	0
1210	0
1211	0
1212	1
1219	0
1220	0
1221	0
1222	0
1223	1
1224	0
1225	0
1226	0
1227	0
1228	0
1229	0
1230	0
1285	0
1286	0
1287	0
1288	0
1289	0
1290	0
1345	0
1346	0
1347	0
1348	0
1349	0
1350	0
1381	0
1382	0
1383	0
1384	0
1385	0
1386	0
1417	0
1418	0
1419	0
1420	0
1421	0
1422	0
1423	0
1424	0
1425	0
1426	0
1427	0
1428	0
1429	0
1430	0
1431	0
1432	0
1433	0
1434	0
1459	0
1460	0
1461	0
1462	0
1463	0
1464	0
1507	0
1508	0
1509	0
1510	0
1511	0
1512	0
1573	0
1574	0
1575	0
1576	0
1577	0
1578	0
1579	0
1580	0
1581	0
1582	0
1583	0
1584	0
1585	1
1586	0
1587	0
1588	0
1589	0
1590	0
1957	0
1958	0
1959	0
1960	0
1961	0
1962	0
1963	0
1964	0
1965	0
1966	2
1967	0
1968	0
1969	0
1970	1
1971	0
1972	1
1973	0
1974	0
2113	0
2114	0
2115	0
2116	0
2117	0
2118	0
2119	0
2120	0
2121	0
2122	0
2123	0
2124	0
2125	0
2126	0
2127	0
2128	0
2129	0
2130	0
2215	0
2216	0
2217	0
2218	0
2219	0
2220	0
2221	0
2222	0
2223	0
2224	0
2225	0
2226	0
2227	0
2228	0
2229	1
2230	0
2231	0
2232	0
2659	0
2660	0
2661	0
2662	0
2663	0
2664	1
2677	0
2678	0
2679	0
2680	0
2681	0
2682	0
2683	0
2684	0
2685	0
2686	0
2687	0
2688	0
2689	1
2690	1
2691	0
2692	0
2693	0
2694	0
2785	0
2786	0
2787	0
2788	0
2789	0
2790	0
3355	2
3356	0
3357	0
3358	0
3359	0
3360	0
3685	0
3686	0
3687	0
3688	0
3689	0
3690	0
3691	0
3692	0
3693	0
3694	0
3695	0
3696	0
3709	0
3710	0
3711	0
3712	0
3713	0
3714	1
3721	0
3722	0
3723	0
3724	0
3725	0
3726	0
3727	0
3728	0
3729	0
3730	0
3731	0
3732	0
3733	0
3734	0
3735	0
3736	0
3737	0
3738	0
3781	0
3782	0
3783	0
3784	0
3785	0
3786	0
3793	0
3794	0
3795	0
3796	0
3797	1
3798	0
3805	0
3806	0
3807	0
3808	0
3809	0
3810	0
3811	0
3812	0
3813	0
3814	0
3815	0
3816	1
3817	0
3818	0
3819	1
3820	0
3821	0
3822	0
3823	0
3824	0
3825	0
3826	0
3827	0
3828	0
3829	0
3830	0
3831	0
3832	0
3833	0
3834	0
3835	0
3836	0
3837	0
3838	0
3839	0
3840	0
4177	0
4178	0
4179	1
4180	0
4181	0
4182	0
4183	1
4184	0
4185	0
4186	0
4187	0
4188	0
4189	0
4190	0
4191	0
4192	0
4193	0
4194	0
4243	0
4244	0
4245	0
4246	0
4247	0
4248	0
4261	0
4262	0
4263	0
4264	0
4265	2
4266	0
4321	0
4322	0
4323	0
4324	0
4325	0
4326	0
4387	0
4388	0
4389	0
4390	0
4391	0
4392	0
4393	0
4394	0
4395	0
4396	0
4397	0
4398	0
5869	0
5870	0
5871	0
5872	0
5873	1
5874	0
7237	0
7238	0
7239	0
7240	0
7241	0
7242	0
7255	0
7256	0
7257	0
7258	0
7259	0
7260	0
7945	0
7946	0
7947	0
7948	0
7949	0
7950	0
8449	0
8450	0
8451	0
8452	0
8453	0
8454	0
9343	0
9344	0
9345	0
9346	0
9347	0
9348	0
9421	0
9422	0
9423	0
9424	0
9425	0
9426	0
9445	0
9446	0
9447	0
9448	0
9449	0
9450	0
9517	0
9518	0
9519	0
9520	0
9521	0
9522	0
9541	0
9542	0
9543	0
9544	0
9545	0
9546	0
9553	0
9554	0
9555	0
9556	0
9557	0
9558	0
9631	0
9632	0
9633	0
9634	0
9635	0
9636	0
9637	0
9638	0
9639	0
9640	0
9641	0
9642	0
9643	0
9644	0
9645	0
9646	0
9647	0
9648	0
9697	0
9698	0
9699	0
9700	0
9701	0
9702	0
9703	0
9704	0
9705	0
9706	0
9707	0
9708	0
9709	0
9710	0
9711	0
9712	0
9713	0
9714	0
9715	0
9716	0
9717	0
9718	0
9719	0
9720	0
9721	0
9722	0
9723	0
9724	0
9725	0
9726	0
9727	0
9728	0
9729	0
9730	0
9731	0
9732	0
9733	0
9734	0
9735	0
9736	0
9737	0
9738	0
9739	0
9740	0
9741	0
9742	0
9743	0
9744	0
10501	0
10502	0
10503	0
10504	0
10505	0
10506	0
10579	0
10580	0
10581	0
10582	0
10583	0
10584	0
10897	0
10898	0
10899	0
10900	0
10901	0
10902	0
10927	0
10928	0
10929	0
10930	0
10931	0
10932	0
10987	0
10988	1
10989	0
10990	0
10991	0
10992	0
11155	1
11156	0
11157	0
11158	0
11159	0
11160	0
11161	0
11162	0
11163	0
11164	0
11165	0
11166	1
13057	0
13059	0
13060	0
13062	0
13063	0
13065	0
13066	0
13068	0
13069	0
13071	0
13072	0
13074	0
14809	0
14810	0
14811	0
14812	0
14813	0
14814	0
14815	0
14816	0
14817	0
14818	0
14819	0
14820	0
14839	1
14840	0
14841	0
14842	0
14843	0
14844	0
14845	0
14846	0
14847	0
14848	0
14849	0
14850	0
14851	0
14852	0
14853	0
14854	0
14855	0
14856	0
14857	0
14858	0
14859	0
14860	0
14861	0
14862	0
14863	0
14864	0
14865	0
14866	0
14867	0
14868	0
14881	1
14882	0
14883	0
14884	0
14885	0
14886	1
14887	0
14888	0
14889	0
14890	0
14891	0
14892	0
14893	0
14894	0
14895	0
14896	0
14897	0
14898	0
15739	0
15740	0
15741	0
15742	0
15743	0
15744	0
15853	0
15854	0
15855	0
15856	0
15857	2
15858	0
15859	0
15860	0
15861	0
15862	1
15863	0
15864	0
16123	0
16124	0
16125	0
16126	0
16127	0
16128	0
16129	0
16130	0
16131	0
16132	0
16133	0
16134	0
16135	0
16136	0
16137	0
16138	0
16139	0
16140	0
16141	0
16142	0
16143	0
16144	0
16145	0
16146	0
16147	0
16148	0
16149	0
16150	0
16151	0
16152	0
16153	2
16154	0
16155	0
16156	0
16157	0
16158	0
16159	0
16160	0
16161	0
16162	0
16163	0
16164	0
16165	2
16166	0
16167	0
16168	0
16169	0
16170	0
16171	0
16172	0
16173	0
16174	0
16175	0
16176	0
16177	0
16178	0
16179	0
16180	0
16181	0
16182	0
16183	0
16184	0
16185	0
16186	0
16187	0
16188	0
16363	0
16364	0
16365	0
16366	0
16367	0
16368	0
16369	0
16370	0
16371	0
16372	0
16373	0
16374	0
16375	0
16376	0
16377	0
16378	0
16379	0
16380	0
16549	0
16550	0
16551	0
16552	0
16553	0
16554	0
16555	2
16556	0
16557	0
16558	0
16559	0
16560	0
16561	0
16562	0
16563	0
16564	0
16565	0
16566	0
16651	0
16652	0
16653	0
16654	0
16655	0
16656	0
16657	0
16658	0
16659	1
16660	0
16661	0
16662	0
16663	0
16664	0
16665	1
16666	0
16667	0
16668	0
16675	1
16676	0
16677	0
16678	0
16679	0
16680	0
16693	0
16694	0
16695	0
16696	0
16697	0
16698	0
16699	0
16700	0
16701	0
16702	0
16703	0
16704	0
16711	0
16712	0
16713	0
16714	0
16715	1
16716	0
16723	0
16724	0
16725	0
16726	0
16727	0
16728	0
16735	0
16736	0
16737	0
16738	0
16739	0
16740	0
16741	0
16742	0
16743	0
16744	0
16745	0
16746	0
16753	0
16754	0
16755	0
16756	0
16757	0
16758	0
16759	0
16760	0
16761	0
16762	0
16763	0
16764	0
16987	2
16988	0
16989	1
16990	0
16991	0
16992	0
16999	0
17000	0
17001	0
17002	0
17003	0
17004	0
17023	0
17024	0
17025	0
17026	0
17027	0
17028	0
17035	0
17036	0
17037	0
17038	0
17039	0
17040	0
17059	0
17060	0
17061	0
17062	0
17063	0
17064	0
17071	0
17072	0
17073	0
17074	0
17075	0
17076	0
17419	0
17420	0
17421	0
17422	0
17423	0
17424	0
17425	0
17426	0
17427	0
17428	0
17429	0
17430	0
17431	0
17432	0
17433	0
17434	0
17435	0
17436	0
17509	0
17510	0
17511	0
17512	0
17513	1
17514	0
17515	0
17516	1
17517	0
17518	0
17519	0
17520	1
17521	1
17522	0
17523	0
17524	0
17525	0
17526	0
17527	0
17528	1
17529	0
17530	0
17531	0
17532	0
17533	0
17534	1
17535	0
17536	0
17537	0
17538	0
17539	0
17540	0
17541	0
17542	0
17543	0
17544	0
17599	0
17600	0
17601	0
17602	0
17603	0
17604	0
17605	0
17606	0
17607	0
17608	0
17609	0
17610	0
17611	0
17612	0
17613	0
17614	0
17615	0
17616	0
17707	0
17708	0
17709	0
17710	0
17711	0
17712	0
17713	0
17714	0
17715	0
17716	0
17717	0
17718	0
17719	0
17720	0
17721	0
17722	1
17723	0
17724	0
17761	0
17762	0
17763	0
17764	0
17765	0
17766	0
17785	0
17786	0
17787	0
17788	0
17789	0
17790	0
17797	0
17798	0
17799	0
17800	0
17801	0
17802	0
18301	0
18302	0
18303	0
18304	0
18305	1
18306	0
18307	0
18308	0
18309	0
18310	0
18311	0
18312	0
18313	0
18314	0
18315	0
18316	0
18317	0
18318	0
18331	0
18332	0
18333	0
18334	0
18335	0
18336	0
18337	0
18338	0
18339	0
18340	0
18341	0
18342	0
18343	0
18344	0
18345	0
18346	0
18347	0
18348	0
18349	0
18350	0
18351	0
18352	0
18353	0
18354	0
18355	0
18356	0
18357	0
18358	0
18359	0
18360	0
18361	0
18362	0
18363	0
18364	0
18365	0
18366	0
18367	0
18368	0
18369	0
18370	0
18371	0
18372	0
18373	0
18374	0
18375	0
18376	0
18377	0
18378	0
18379	0
18380	0
18381	0
18382	0
18383	0
18384	0
18385	0
18386	0
18387	0
18388	0
18389	0
18390	0
18409	0
18410	0
18411	0
18412	0
18413	0
18414	0
18415	0
18416	1
18417	0
18418	0
18419	0
18420	0
18427	0
18428	0
18429	0
18430	0
18431	0
18432	0
18445	0
18446	0
18447	0
18448	0
18449	0
18450	0
18451	0
18452	0
18453	0
18454	0
18455	0
18456	0
18475	0
18476	0
18477	0
18478	0
18479	0
18480	0
18481	0
18482	0
18483	0
18484	0
18485	0
18486	0
18487	0
18488	0
18489	0
18490	0
18491	0
18492	0
18511	0
18512	0
18513	1
18514	0
18515	0
18516	0
18517	0
18518	0
18519	1
18520	0
18521	0
18522	0
18523	0
18524	0
18525	1
18526	0
18527	0
18528	0
18535	0
18536	0
18537	0
18538	0
18539	0
18540	0
18541	0
18542	0
18543	0
18544	0
18545	0
18546	0
18559	0
18560	0
18561	0
18562	0
18563	0
18564	0
18565	0
18566	0
18567	0
18568	0
18569	0
18570	0
18571	0
18572	0
18573	0
18574	0
18575	0
18576	0
18595	0
18596	0
18597	0
18598	0
18599	0
18600	0
19627	0
19628	0
19629	0
19630	0
19631	0
19632	0
19633	0
19634	0
19635	0
19636	0
19637	0
19638	0
19639	0
19640	0
19641	0
19642	0
19643	0
19644	0
19663	0
19664	0
19665	1
19666	0
19667	0
19668	0
19669	0
19670	0
19671	0
19672	0
19673	0
19674	0
22159	0
22160	0
22161	0
22162	0
22163	0
22164	0
22231	0
22232	0
22233	0
22234	1
22235	0
22236	0
22237	0
22238	0
22239	0
22240	0
22241	0
22242	0
22243	0
22244	0
22245	0
22246	0
22247	0
22248	1
22249	0
22250	0
22251	0
22252	0
22253	0
22254	0
22255	0
22256	0
22257	0
22258	0
22259	0
22260	0
22615	0
22616	0
22617	1
22618	0
22619	0
22620	0
22621	0
22622	0
22623	0
22624	0
22625	0
22626	0
22627	0
22628	0
22629	0
22630	0
22631	2
22632	0
22633	0
22634	0
22635	0
22636	0
22637	0
22638	0
23857	0
23858	1
23859	0
23860	0
23861	0
23862	0
23863	1
23864	0
23865	0
23866	0
23867	0
23868	0
25417	0
25418	0
25419	0
25420	0
25421	1
25422	0
25429	0
25430	0
25431	0
25432	0
25433	0
25434	0
25435	0
25436	0
25437	0
25438	0
25439	0
25440	0
25447	0
25448	0
25449	0
25450	0
25451	0
25452	0
25501	0
25502	0
25503	0
25504	0
25505	0
25506	0
25507	0
25508	0
25509	0
25510	0
25511	0
25512	0
25513	0
25514	0
25515	0
25516	0
25517	0
25518	0
25519	0
25520	0
25521	0
25522	0
25523	0
25524	0
25729	0
25730	0
25731	0
25732	0
25733	1
25734	0
25735	0
25736	0
25737	0
25738	0
25739	0
25740	0
26107	0
26108	0
26109	0
26110	0
26111	0
26112	0
26113	0
26114	0
26115	0
26116	0
26117	0
26118	0
26119	1
26120	0
26121	2
26122	0
26123	1
26124	0
26221	0
26222	0
26223	0
26224	0
26225	0
26226	0
26227	0
26228	0
26229	0
26230	0
26231	0
26232	0
26233	0
26234	0
26235	0
26236	0
26237	0
26238	0
26557	0
26558	0
26559	0
26560	0
26561	0
26562	1
26575	0
26576	0
26577	0
26578	0
26579	0
26580	0
26587	0
26588	0
26589	0
26590	0
26591	0
26592	0
26893	0
26894	0
26895	0
26896	0
26897	0
26898	0
26899	0
26900	0
26901	0
26902	0
26903	0
26904	0
26905	0
26906	0
26907	0
26908	0
26909	0
26910	0
27289	0
27290	1
27291	0
27292	0
27293	0
27294	0
27295	0
27296	0
27297	0
27298	0
27299	0
27300	0
27301	0
27302	0
27303	0
27304	0
27305	0
27306	0
27343	0
27344	0
27345	0
27346	0
27347	0
27348	0
27349	0
27350	0
27351	0
27352	0
27353	0
27354	0
27373	0
27374	0
27375	1
27376	0
27377	1
27378	0
27379	0
27380	0
27381	0
27382	0
27383	1
27384	0
27385	0
27386	0
27387	0
27388	0
27389	0
27390	0
27403	0
27404	0
27405	1
27406	0
27407	1
27408	0
27415	0
27416	0
27417	0
27418	0
27419	0
27420	0
27421	0
27422	0
27423	0
27424	0
27425	0
27426	0
27439	0
27440	0
27441	0
27442	0
27443	0
27444	0
27643	0
27644	0
27645	0
27646	1
27647	0
27648	0
27649	0
27650	0
27651	0
27652	0
27653	0
27654	0
27655	0
27656	0
27657	0
27658	0
27659	0
27660	0
28033	0
28034	1
28035	0
28036	0
28037	0
28038	0
28039	0
28040	0
28041	0
28042	0
28043	0
28044	0
28045	0
28046	0
28047	0
28048	0
28049	0
28050	0
28171	0
28172	0
28173	0
28174	0
28175	0
28176	0
28177	0
28178	0
28179	0
28180	0
28181	0
28182	0
28183	0
28184	0
28185	0
28186	0
28187	0
28188	0
28297	0
28298	0
28299	0
28300	0
28301	0
28302	0
28303	0
28304	0
28305	0
28306	0
28307	0
28308	0
28309	0
28310	0
28311	0
28312	0
28313	0
28314	0
28525	1
28526	0
28527	0
28528	0
28529	0
28530	0
29197	0
29198	0
29199	0
29200	0
29201	0
29202	0
29203	0
29204	0
29205	0
29206	0
29207	0
29208	1
29263	0
29264	0
29265	0
29266	0
29267	0
29268	1
29269	0
29270	0
29271	0
29272	0
29273	0
29274	0
29275	0
29276	0
29277	0
29278	0
29279	0
29280	0
29281	0
29282	0
29283	0
29284	0
29285	0
29286	0
29287	0
29288	0
29289	0
29290	0
29291	0
29292	0
29467	0
29468	0
29469	0
29470	0
29471	0
29472	0
29473	0
29474	0
29475	0
29476	0
29477	0
29478	0
29479	0
29480	0
29481	0
29482	0
29483	0
29484	0
29647	0
29648	0
29649	0
29650	0
29651	0
29652	0
29677	0
29678	0
29679	0
29680	0
29681	0
29682	0
29683	0
29684	2
29685	0
29686	0
29687	0
29688	0
29689	0
29690	0
29691	0
29692	0
29693	0
29694	0
29701	0
29702	0
29703	1
29704	0
29705	0
29706	0
29707	0
29708	0
29709	0
29710	0
29711	0
29712	0
29719	0
29720	0
29721	0
29722	0
29723	0
29724	0
29791	0
29792	1
29793	0
29794	0
29795	0
29796	0
29875	0
29876	0
29877	0
29878	0
29879	0
29880	0
29917	0
29918	0
29919	0
29920	0
29921	0
29922	0
29953	0
29954	0
29955	0
29956	0
29957	0
29958	0
30037	0
30038	0
30039	0
30040	0
30041	0
30042	0
30049	0
30050	0
30051	0
30052	0
30053	0
30054	0
30325	0
30326	1
30327	0
30328	0
30329	0
30330	0
30373	0
30374	0
30375	0
30376	0
30377	0
30378	0
30379	0
30380	0
30381	0
30382	0
30383	0
30384	0
30391	0
30392	0
30393	0
30394	0
30395	0
30396	0
30457	0
30458	0
30459	0
30460	0
30461	0
30462	0
30511	0
30512	0
30513	0
30514	0
30515	0
30516	0
30811	0
30812	0
30813	0
30814	0
30815	0
30816	0
31009	0
31010	0
31011	0
31012	0
31013	0
31014	0
31015	0
31016	0
31017	0
31018	0
31019	0
31020	0
31021	0
31022	0
31023	0
31024	0
31025	0
31026	1
31093	0
31094	0
31095	0
31096	0
31097	0
31098	1
31123	0
31124	0
31125	0
31126	0
31127	0
31128	0
31129	0
31130	0
31131	0
31132	0
31133	0
31134	0
31141	0
31142	0
31143	0
31144	0
31145	0
31146	0
31147	0
31148	0
31149	0
31150	0
31151	0
31152	0
31153	0
31154	0
31155	0
31156	0
31157	0
31158	0
31201	0
31202	0
31203	0
31204	0
31205	0
31206	0
31207	0
31208	1
31209	0
31210	0
31211	0
31212	0
31309	0
31310	0
31311	0
31312	0
31313	0
31314	0
31321	0
31322	0
31323	0
31324	0
31325	0
31326	0
31423	0
31424	0
31425	0
31426	0
31427	1
31428	0
31849	0
31850	0
31851	0
31852	0
31853	0
31854	1
31861	0
31862	0
31863	0
31864	0
31865	0
31866	1
31885	1
31886	0
31887	0
31888	0
31889	0
31890	0
31903	0
31904	0
31905	0
31906	0
31907	0
31908	0
31921	0
31922	0
31923	0
31924	0
31925	0
31926	0
31969	0
31970	0
31971	0
31972	0
31973	0
31974	0
31993	0
31994	0
31995	0
31996	0
31997	0
31998	0
32005	0
32006	0
32007	0
32008	0
32009	0
32010	0
32023	0
32024	0
32025	0
32026	0
32027	0
32028	0
32281	0
32282	0
32283	1
32284	0
32285	0
32286	0
32287	0
32288	0
32289	0
32290	0
32291	0
32292	0
32293	0
32294	0
32295	0
32296	0
32297	0
32298	0
32377	0
32378	0
32379	0
32380	2
32381	0
32382	0
32383	0
32384	0
32385	0
32386	0
32387	0
32388	0
32389	0
32390	0
32391	0
32392	0
32393	0
32394	0
32395	1
32396	0
32397	0
32398	1
32399	1
32400	0
32401	0
32402	1
32403	2
32404	0
32405	0
32406	0
32407	0
32408	0
32409	0
32410	0
32411	0
32412	0
32557	0
32558	0
32559	0
32560	0
32561	1
32562	0
32563	0
32564	0
32565	0
32566	0
32567	0
32568	0
32569	0
32570	0
32571	0
32572	3
32573	0
32574	0
32851	0
32852	0
32853	0
32854	0
32855	0
32856	0
32863	0
32864	0
32865	0
32866	0
32867	0
32868	0
32875	0
32876	0
32877	0
32878	0
32879	0
32880	0
32899	0
32900	0
32901	0
32902	0
32903	0
32904	0
32953	0
32954	0
32955	0
32956	0
32957	0
32958	0
33025	0
33026	0
33027	0
33028	0
33029	0
33030	0
33277	0
33278	1
33279	0
33280	0
33281	0
33282	0
33283	1
33284	0
33285	0
33286	0
33287	0
33288	0
33289	0
33290	0
33291	0
33292	0
33293	0
33294	0
33295	0
33296	1
33297	0
33298	0
33299	0
33300	0
33301	0
33302	0
33303	0
33304	0
33305	0
33306	0
33307	0
33308	0
33309	0
33310	0
33311	0
33312	0
33331	0
33332	0
33333	0
33334	0
33335	0
33336	0
33337	0
33338	0
33339	0
33340	0
33341	0
33342	0
33343	0
33344	0
33345	0
33346	0
33347	0
33348	0
33547	2
33548	0
33549	1
33550	0
33551	0
33552	0
33553	0
33554	0
33555	0
33556	0
33557	0
33558	0
33559	0
33560	0
33561	0
33562	0
33563	0
33564	0
33565	0
33566	0
33567	0
33568	0
33569	1
33570	0
33571	0
33572	0
33573	0
33574	0
33575	1
33576	0
33577	1
33578	0
33579	0
33580	0
33581	0
33582	0
33715	0
33716	1
33717	0
33718	0
33719	0
33720	0
33739	0
33740	0
33741	0
33742	0
33743	0
33744	0
33889	1
33890	0
33891	0
33892	1
33893	0
33894	0
33943	0
33944	0
33945	0
33946	0
33947	1
33948	0
34087	0
34088	0
34089	0
34090	0
34091	0
34092	0
34117	0
34118	1
34119	0
34120	0
34121	0
34122	0
34333	0
34334	0
34335	1
34336	0
34337	1
34338	0
34339	0
34340	0
34341	0
34342	1
34343	0
34344	0
34345	0
34347	0
34348	0
34349	0
34350	0
34429	0
34430	0
34431	0
34432	0
34433	0
34434	0
34453	0
34454	0
34455	0
34456	0
34457	0
34458	0
34867	0
34868	0
34869	0
34870	0
34871	0
34872	0
34879	0
34881	0
34882	2
34883	0
34884	0
34891	0
34892	1
34893	0
34894	0
34895	0
34896	0
34909	0
34910	0
34911	0
34912	0
34913	0
34914	0
35209	0
35210	0
35211	0
35212	0
35213	0
35214	0
35251	0
35252	0
35253	0
35254	0
35255	0
35256	0
35269	0
35270	0
35271	0
35272	0
35273	0
35274	0
35287	0
35288	0
35289	0
35290	0
35291	0
35292	0
35371	0
35372	0
35373	0
35374	0
35375	0
35376	0
35551	0
35552	0
35553	0
35554	0
35555	0
35556	0
35689	0
35691	0
35692	0
35693	0
35694	0
35833	0
35834	0
35835	0
35836	0
35837	0
35838	0
35839	0
35840	0
35841	0
35842	0
35843	0
35844	0
35845	0
35846	0
35847	0
35848	0
35849	0
35850	0
35893	0
35894	0
35895	0
35896	0
35897	0
35898	0
35929	0
35930	0
35931	0
35932	0
35933	0
35934	0
35935	1
35936	0
35937	0
35938	1
35939	0
35940	0
35941	0
35942	0
35943	0
35944	0
35945	0
35946	0
35947	0
35948	0
35949	0
35950	0
35951	0
35952	0
35953	0
35954	0
35955	1
35956	0
35957	0
35958	0
36001	0
36002	0
36003	0
36004	0
36005	0
36006	0
36013	0
36014	0
36015	0
36016	0
36017	0
36018	0
36259	0
36260	0
36261	0
36262	0
36263	0
36264	0
36265	0
36266	0
36267	0
36268	0
36269	0
36270	0
36283	0
36284	0
36285	0
36286	0
36287	0
36288	0
36655	0
36656	0
36657	0
36658	0
36659	0
36660	0
36661	0
36662	0
36663	0
36664	0
36665	0
36666	0
36667	0
36668	0
36669	0
36670	0
36671	0
36672	0
36727	0
36728	0
36729	0
36730	0
36731	0
36732	1
36733	0
36734	0
36735	0
36736	0
36737	0
36738	0
36739	0
36740	0
36741	0
36742	0
36743	0
36744	0
36943	1
36944	0
36945	0
36946	0
36947	0
36948	0
36949	0
36950	0
36951	0
36952	0
36953	1
36954	0
36955	0
36956	0
36957	0
36958	0
36959	0
36960	0
37069	0
37070	0
37071	0
37072	0
37073	0
37074	0
37111	0
37112	0
37113	0
37114	0
37115	1
37116	0
37117	0
37118	0
37119	0
37120	0
37121	0
37122	0
37225	0
37226	0
37227	0
37228	0
37229	0
37230	0
37231	0
37232	0
37233	0
37234	0
37235	0
37236	0
37237	0
37238	0
37239	0
37240	0
37241	0
37242	0
37243	0
37244	0
37245	0
37246	0
37247	0
37248	0
37249	0
37250	0
37251	0
37252	0
37253	0
37254	0
37255	0
37256	0
37257	1
37258	1
37259	1
37260	0
37285	0
37286	0
37287	0
37288	0
37289	0
37290	0
37291	0
37292	0
37293	0
37294	0
37295	0
37296	0
37297	0
37298	0
37299	0
37300	0
37301	0
37302	0
37351	0
37352	0
37353	0
37354	0
37355	0
37356	0
37357	0
37358	0
37359	0
37360	0
37361	0
37362	0
37471	0
37472	0
37473	0
37474	0
37475	0
37476	0
37477	0
37478	0
37479	0
37480	0
37481	0
37482	0
37603	0
37604	0
37605	0
37606	0
37607	0
37608	0
37609	0
37610	0
37611	0
37612	0
37613	0
37614	0
37615	0
37616	0
37617	0
37618	0
37619	0
37620	0
37669	0
37670	0
37671	0
37672	0
37673	0
37674	0
37699	0
37700	0
37701	0
37702	0
37703	0
37704	0
37729	0
37730	0
37731	0
37732	0
37733	0
37734	0
37747	0
37748	0
37749	0
37750	0
37751	0
37752	0
37909	0
37910	0
37911	0
37912	0
37913	0
37914	0
37993	0
37994	0
37995	0
37996	0
37997	0
37998	0
38053	0
38054	0
38055	0
38056	0
38057	0
38058	0
38059	0
38060	0
38061	0
38062	0
38063	0
38064	0
38083	0
38084	0
38085	0
38086	0
38087	0
38088	0
38095	0
38096	0
38097	0
38098	0
38099	0
38100	0
38107	0
38108	0
38109	0
38110	0
38111	0
38112	0
38119	0
38120	0
38121	0
38122	0
38123	0
38124	0
38137	0
38138	0
38139	0
38140	0
38141	0
38142	0
38227	0
38228	0
38229	0
38230	0
38231	0
38232	0
38293	0
38294	0
38295	0
38296	0
38297	0
38298	0
38323	0
38324	0
38325	0
38326	0
38327	0
38328	1
38365	0
38366	1
38367	0
38368	0
38369	0
38370	0
38371	0
38372	0
38373	0
38374	0
38375	0
38376	0
38563	0
38564	0
38565	0
38566	0
38567	0
38568	0
38569	0
38570	0
38571	0
38572	0
38573	0
38574	0
38587	0
38588	0
38589	0
38590	0
38591	0
38592	0
38629	0
38630	0
38631	0
38632	0
38633	0
38634	0
38659	0
38660	1
38661	0
38662	0
38663	0
38664	0
38665	0
38666	0
38667	0
38668	0
38669	1
38670	0
38671	0
38672	0
38673	0
38674	0
38675	0
38676	0
38695	0
38696	0
38697	0
38698	0
38699	1
38700	0
38737	0
38738	0
38739	0
38740	0
38741	0
38742	0
38749	0
38750	0
38751	0
38752	0
38753	0
38754	0
38755	0
38756	0
38757	0
38758	0
38759	0
38760	0
38779	0
38780	0
38781	0
38782	0
38783	0
38784	0
38785	0
38786	0
38787	0
38788	0
38789	0
38790	0
38797	0
38798	0
38799	0
38800	0
38801	0
38802	0
38893	0
38894	0
38895	0
38896	0
38897	0
38898	0
38989	0
38990	0
38991	0
38992	0
38993	0
38994	0
39127	0
39128	0
39129	1
39130	0
39131	0
39132	0
39139	0
39140	0
39141	0
39142	0
39143	0
39144	0
39145	0
39146	0
39147	0
39148	0
39149	0
39150	0
39181	0
39182	0
39183	0
39184	0
39185	0
39186	0
39271	0
39272	0
39273	0
39274	0
39275	0
39276	0
39283	0
39284	0
39285	0
39286	0
39287	0
39288	0
39409	0
39410	0
39411	0
39412	0
39413	1
39414	0
39559	0
39560	0
39561	0
39562	0
39563	0
39564	0
39637	0
39638	0
39639	0
39640	0
39641	0
39642	0
39643	0
39644	0
39645	0
39646	0
39647	0
39648	0
39655	0
39656	0
39657	0
39658	0
39659	0
39660	0
39661	0
39662	0
39663	0
39664	0
39665	0
39666	0
39673	0
39674	0
39675	0
39676	0
39677	0
39678	0
39679	0
39680	0
39681	0
39682	0
39683	0
39684	0
39697	0
39698	0
39699	0
39700	0
39701	0
39702	0
39751	1
39752	0
39753	0
39754	0
39755	0
39756	0
39757	0
39758	0
39759	0
39760	0
39761	0
39762	0
39763	0
39764	0
39765	0
39766	0
39767	0
39768	0
39769	0
39770	0
39771	0
39772	0
39773	1
39774	0
39775	0
39776	0
39777	0
39778	0
39779	0
39780	0
39781	0
39782	0
39783	0
39784	0
39785	0
39786	0
40099	0
40100	0
40101	0
40102	0
40103	1
40104	1
40105	0
40106	0
40107	0
40108	0
40110	0
40111	0
40112	0
40113	0
40114	0
40115	0
40116	0
40123	0
40124	0
40125	0
40126	0
40127	0
40128	0
40357	0
40358	0
40359	0
40360	0
40361	0
40362	0
40369	0
40370	0
40371	0
40372	0
40373	0
40374	0
40381	0
40382	0
40383	0
40384	0
40385	0
40386	0
40813	0
40814	0
40815	0
40816	0
40817	0
40818	0
40819	0
40820	1
40821	0
40822	0
40823	0
40824	0
40951	0
40952	0
40953	0
40954	0
40955	0
40956	0
40957	0
40958	0
40959	1
40960	1
40961	0
40962	0
40963	0
40964	0
40965	0
40966	0
40967	0
40968	0
41137	0
41138	0
41139	0
41140	0
41141	0
41142	0
41143	0
41144	0
41145	1
41146	0
41147	1
41148	1
41149	0
41150	0
41151	1
41152	1
41153	1
41154	1
41155	0
41156	0
41157	0
41158	0
41159	0
41160	0
41161	0
41162	0
41163	0
41164	0
41165	0
41166	0
41167	0
41168	0
41169	0
41170	0
41171	0
41172	0
41197	0
41198	0
41199	0
41200	0
41201	0
41202	1
41245	1
41246	0
41247	0
41248	0
41249	0
41250	0
41317	0
41318	0
41319	0
41320	0
41321	0
41322	0
41359	0
41360	0
41361	0
41362	0
41363	1
41364	0
41389	0
41390	1
41391	0
41392	0
41393	0
41394	0
41449	0
41450	0
41451	0
41452	0
41453	0
41454	0
41593	0
41594	0
41595	0
41596	0
41597	0
41598	0
41605	0
41606	0
41607	0
41608	0
41609	0
41610	0
41677	0
41678	0
41679	0
41680	0
41681	0
41682	0
41689	0
41690	0
41691	0
41692	0
41693	0
41694	0
41749	0
41750	0
41751	0
41752	0
41753	0
41754	0
41773	0
41774	0
41775	0
41776	0
41777	0
41778	0
41815	0
41816	0
41817	0
41818	0
41819	0
41820	0
41821	0
41822	0
41823	0
41824	0
41825	0
41826	0
41827	0
41828	0
41829	0
41830	0
41831	0
41832	0
41983	0
41984	0
41985	0
41986	0
41987	0
41988	0
42025	0
42026	0
42027	0
42028	0
42029	0
42030	0
42067	0
42068	0
42069	0
42070	0
42071	1
42072	0
42073	0
42074	0
42075	0
42076	0
42077	0
42078	0
42139	0
42140	0
42141	0
42142	0
42143	0
42144	0
42181	0
42182	0
42183	0
42184	0
42185	0
42186	0
42187	0
42188	0
42189	0
42190	0
42191	0
42192	0
42217	0
42218	0
42219	0
42220	0
42221	0
42222	0
42223	0
42224	0
42225	0
42226	0
42227	0
42228	0
42229	0
42230	0
42231	0
42232	0
42233	0
42234	0
42295	0
42296	0
42297	0
42298	0
42299	0
42300	0
42343	0
42344	0
42345	0
42346	0
42347	0
42348	0
42487	0
42488	0
42489	0
42490	0
42491	0
42492	0
42553	1
42554	1
42555	1
42556	0
42557	0
42558	0
42583	0
42584	0
42585	0
42586	0
42587	0
42588	0
42643	0
42644	0
42645	0
42646	0
42647	0
42648	0
42649	0
42650	0
42651	0
42652	0
42653	0
42654	0
42655	1
42656	0
42657	0
42658	0
42659	0
42660	1
42727	0
42728	0
42729	0
42730	1
42731	0
42732	0
42733	0
42734	0
42735	0
42736	1
42737	0
42738	0
42751	0
42752	0
42753	0
42754	0
42755	0
42756	0
42817	0
42818	0
42819	0
42820	0
42821	0
42822	0
42823	0
42824	0
42825	0
42826	0
42827	0
42828	0
42931	0
42932	1
42933	0
42934	0
42935	0
42936	0
43747	0
43748	0
43749	0
43750	0
43751	1
43752	1
43753	0
43754	0
43755	0
43756	0
43757	1
43758	0
43759	0
43760	0
43761	0
43762	1
43763	0
43764	0
43885	0
43886	0
43887	0
43888	0
43889	0
43890	0
43891	0
43892	0
43893	0
43894	0
43895	0
43896	0
43915	0
43916	0
43917	0
43918	0
43919	0
43920	0
43921	0
43922	0
43923	0
43924	0
43925	0
43926	0
43927	0
43928	0
43929	0
43930	0
43931	0
43932	0
43933	0
43934	0
43935	0
43936	0
43937	0
43938	0
43939	0
43940	0
43941	0
43942	0
43943	0
43944	0
43945	0
43946	0
43947	0
43948	0
43949	0
43950	0
