ObservationID	Count
73	1
77	1
138	2
268	1
270	1
272	1
299	1
317	1
333	2
335	1
337	1
339	1
357	1
403	1
415	1
474	1
603	1
718	1
801	1
806	1
975	1
1002	2
1008	1
1020	1
1066	1
1072	1
1211	1
1219	1
1223	1
1224	1
1227	1
1229	2
1380	1
1417	1
1583	1
1765	2
1766	1
1829	2
1842	1
1882	1
1909	1
1957	2
1973	1
1986	2
1989	2
1992	2
1995	2
1996	2
2009	1
2025	1
2066	1
2096	1
2107	1
2129	1
2130	1
2218	1
2219	1
2222	1
2224	1
2225	1
2229	1
2230	2
2231	1
2256	1
2277	1
2360	1
2362	1
2396	1
2475	1
2491	1
2550	1
2551	1
2552	1
2563	2
2564	1
2566	1
2578	1
2626	2
2632	1
2641	1
2658	1
2681	1
2691	1
2694	1
2812	1
2906	1
2908	1
2923	3
2936	1
2945	2
3002	1
3034	1
3036	1
3040	1
3042	1
3134	1
3138	1
3144	2
3189	1
3229	1
3327	1
3329	1
3335	1
3400	2
3406	2
3412	2
3544	1
3685	1
3694	1
3695	1
3709	3
3730	1
3749	2
3794	1
3809	1
3817	1
3839	1
3882	1
3886	1
3888	1
3892	1
3893	1
3894	1
3946	1
3948	2
3963	1
4051	1
4102	2
4106	4
4108	2
4113	1
4173	3
4175	2
4263	1
4292	1
4308	1
4318	1
4387	1
4388	2
4389	2
4391	1
4392	1
4409	1
4589	1
4602	1
4662	1
4675	1
4676	3
4680	1
4892	1
4916	1
4927	1
4930	1
5115	1
5118	1
5144	1
5232	1
5520	1
5532	1
5547	1
5548	1
5557	1
5558	2
5894	1
5895	1
5897	2
6213	1
6217	2
6703	1
6706	1
7016	1
7071	1
7106	1
7108	2
7240	1
7255	2
7259	1
7268	1
8914	2
8915	1
8953	1
9345	1
9413	1
9415	2
9425	1
9431	1
9437	2
9438	1
9439	1
9450	1
9457	1
9461	2
9502	1
9503	1
9510	1
9521	1
9529	1
9548	1
9562	1
9595	1
9600	1
9601	1
9607	1
9625	1
9634	1
9645	1
9723	3
9724	1
9889	1
9893	1
9925	1
9989	1
10124	1
10151	1
10152	2
10498	1
10505	1
10521	1
10581	2
10623	1
10642	1
10650	1
10871	1
10923	1
10944	1
10974	1
10977	1
10978	1
10986	1
11006	1
11021	1
11097	1
11104	2
11170	1
11173	1
11178	1
11183	1
11185	1
11192	1
11195	1
11206	2
12205	1
12223	2
12228	1
12725	1
12858	1
12933	1
13068	1
14390	1
14409	1
14411	1
14498	1
14499	1
14528	1
14529	1
14537	2
14779	1
14816	1
14832	1
14840	1
14869	1
14870	1
14873	1
14879	1
14897	1
14936	1
14942	1
14950	2
14975	1
15013	1
15014	1
15025	1
15028	1
15037	2
15041	2
15057	2
15081	1
15087	1
15151	1
15152	1
15163	1
15276	2
15313	1
15324	1
15390	1
15498	2
15504	1
15518	1
15550	1
15568	2
15569	1
15571	1
15577	1
15578	1
15665	1
15667	1
15671	1
15674	1
15680	1
15688	1
15786	1
15802	1
15808	1
15812	1
15914	1
15926	1
15929	1
15930	1
15933	1
15964	1
16006	1
16031	1
16046	2
16052	2
16053	2
16055	2
16063	4
16065	1
16067	4
16068	4
16106	1
16118	1
16132	1
16136	2
16138	1
16152	1
16161	2
16173	1
16262	1
16263	1
16268	1
16272	1
16281	1
16306	2
16308	2
16314	1
16317	1
16320	1
16342	1
16363	1
16364	1
16365	1
16366	1
16367	1
16422	2
16486	1
16540	1
16542	1
16633	1
16664	1
16695	1
16713	1
16716	2
16719	1
16724	1
16737	1
16754	1
16755	1
16756	1
16769	1
16772	1
16791	1
16815	1
16836	1
16850	1
16860	1
16862	1
16882	1
16907	1
16908	2
16916	1
16923	2
16927	1
16933	2
16951	1
16965	1
16970	1
16983	1
16991	2
16992	1
16993	1
16994	1
16995	1
16996	1
16999	1
17000	1
17001	1
17003	1
17030	1
17068	1
17072	1
17087	2
17124	1
17135	1
17201	1
17206	1
17233	1
17236	2
17245	1
17249	1
17267	1
17272	1
17283	1
17284	1
17356	1
17366	1
17419	2
17421	2
17423	1
17424	1
17425	1
17427	1
17429	2
17431	2
17433	2
17435	1
17436	3
17438	1
17457	1
17458	1
17459	1
17460	1
17462	1
17483	1
17484	1
17494	1
17499	3
17509	1
17510	1
17515	1
17516	1
17517	1
17519	1
17527	1
17528	1
17539	1
17545	2
17547	1
17565	1
17577	1
17579	1
17580	2
17602	1
17607	1
17624	1
17631	1
17632	1
17688	1
17748	1
17755	1
17756	1
17758	1
17766	1
17790	2
17799	1
17808	2
17825	1
17967	1
18010	1
18020	1
18021	1
18026	1
18072	1
18084	1
18090	1
18100	1
18152	1
18294	1
18305	1
18311	2
18320	1
18323	1
18346	1
18367	1
18371	2
18372	2
18374	2
18379	1
18390	1
18406	1
18407	1
18417	1
18420	1
18481	1
18506	2
18515	1
18522	1
18556	1
18603	2
18604	1
18605	1
18606	1
18610	1
18611	2
18613	1
18623	1
18632	1
18633	1
18635	1
18642	1
18654	1
18677	1
18678	1
18725	1
18732	1
18776	1
18792	1
18793	3
18826	2
18827	2
18828	1
18833	2
18984	1
18992	1
18997	1
19009	2
19033	1
19096	1
19204	1
19215	1
19225	1
19226	1
19230	1
19236	2
19238	1
19261	1
19273	1
19323	1
19341	1
19414	1
19416	2
19422	1
19432	1
19438	1
19458	1
19475	1
19497	1
19500	1
19587	1
19593	1
19596	1
19626	1
19632	1
19636	1
19657	1
19659	1
20033	1
20035	1
20039	1
20044	1
20048	1
20288	1
20355	2
20360	1
20369	1
20370	1
20376	1
20401	1
20407	1
20444	1
20455	1
20473	1
20480	1
20487	1
20502	1
20511	1
20516	1
20518	1
20534	2
20590	1
20608	1
20633	1
20639	2
20647	2
20663	1
20782	1
20786	1
20792	1
20793	1
20797	1
20800	1
20821	1
20823	1
20837	1
20865	1
20943	2
20944	1
21084	1
21133	1
21139	1
21157	1
21158	1
21171	1
21308	1
21317	1
21319	1
21322	1
21944	2
21957	1
21979	1
21980	1
21981	1
21984	1
22051	1
22052	2
22061	1
22109	1
22119	1
22149	4
22163	1
22167	1
22168	1
22169	1
22180	1
22183	1
22184	1
22186	1
22191	1
22194	1
22204	1
22208	1
22230	1
22231	1
22236	1
22242	1
22248	1
22249	1
22260	1
22271	1
22275	1
22278	1
22325	1
22327	1
22555	1
22556	1
22566	1
22567	1
22569	1
22571	1
22572	2
22576	1
22578	1
22637	1
22706	1
22737	1
22739	2
23047	1
23049	1
23288	1
23292	2
24291	1
24292	1
24301	1
24302	2
24591	1
25358	1
25359	1
25361	1
25409	1
25414	1
25430	2
25510	1
25515	1
25516	1
25712	1
25733	1
25735	3
25908	1
25966	1
25974	1
26017	1
26030	1
26031	1
26125	1
26126	1
26131	1
26164	1
26206	1
26208	1
26224	1
26236	1
26346	1
26352	2
26385	1
26386	1
26388	1
26402	1
26409	2
26410	1
26413	1
26421	1
26425	1
26433	1
26434	1
26437	1
26459	4
26494	1
26501	1
26505	2
26517	2
26527	1
26529	1
26542	1
26547	1
26548	1
26554	1
26563	1
26567	1
26568	2
26614	1
26632	1
26652	1
26668	1
26680	1
26702	1
26710	2
26727	1
26765	1
26852	1
26889	1
26900	1
26903	1
26937	1
26950	1
26956	1
26964	1
26983	1
27004	1
27006	1
27015	1
27016	1
27049	1
27051	2
27133	2
27147	1
27156	1
27389	1
27434	1
27441	1
27451	1
27465	1
27467	1
27472	1
27512	1
27522	1
27583	1
27605	1
27654	2
27723	1
27744	1
27745	4
27746	1
27752	2
27758	1
27764	1
27810	2
27821	2
27894	1
27903	1
28029	2
28036	1
28039	1
28041	1
28044	1
28046	1
28055	1
28060	1
28061	1
28062	1
28063	1
28175	1
28181	1
28369	1
28370	1
28372	1
28374	1
28384	1
28386	1
28528	1
28610	1
28633	1
28691	1
28729	1
28730	2
28732	1
28733	1
28825	1
28841	1
28850	1
28852	1
28866	1
28868	1
28869	1
29053	2
29077	1
29099	2
29109	2
29126	1
29156	1
29183	1
29197	1
29273	1
29287	1
29300	1
29305	1
29306	1
29401	1
29426	1
29471	1
29477	1
29482	1
29520	1
29548	1
29563	1
29567	1
29579	2
29660	1
29679	1
29685	2
29690	1
29711	1
29726	1
29727	2
29764	1
29766	1
29791	1
29807	2
29808	1
29814	1
29820	1
29822	2
29824	1
29836	1
29839	1
29925	1
29930	1
29936	1
30029	1
30056	2
30061	1
30071	2
30114	1
30143	1
30155	1
30178	1
30271	2
30296	1
30301	1
30312	1
30327	1
30398	1
30449	1
30451	1
30468	2
30641	1
30645	1
30649	2
30685	1
30694	1
30699	1
30722	1
30752	2
30792	1
30796	2
30811	1
30832	1
30847	1
30853	1
30880	1
30898	1
30915	1
30938	1
30976	1
31065	1
31067	1
31127	1
31186	1
31193	1
31201	1
31224	1
31227	1
31230	1
31256	1
31261	1
31304	1
31348	1
31354	1
31369	1
31379	1
31391	1
31423	1
31510	1
31522	1
31608	1
31620	1
31624	1
31657	1
31843	1
31845	1
31846	1
31865	1
31882	1
31926	1
31975	1
31978	1
31996	1
32026	1
32027	1
32124	1
32133	1
32145	1
32146	1
32160	1
32207	1
32213	1
32232	1
32237	1
32249	1
32254	1
32297	1
32301	1
32312	1
32363	1
32379	3
32380	2
32381	1
32387	1
32393	1
32396	1
32397	2
32435	1
32442	1
32449	1
32453	2
32454	1
32492	1
32495	1
32498	1
32560	1
32561	3
32564	1
32571	2
32573	1
32582	3
32665	1
32746	1
32797	1
32798	1
32867	1
32877	2
32879	1
32899	1
32904	1
32927	2
32944	1
32946	1
32965	1
33010	1
33012	1
33027	1
33038	1
33046	1
33048	1
33103	2
33105	1
33115	1
33117	1
33153	1
33193	1
33241	1
33247	3
33249	3
33279	2
33290	1
33303	2
33333	1
33339	2
33346	1
33486	1
33547	1
33549	5
33550	3
33552	3
33591	1
33598	2
33601	1
33611	1
33612	1
33613	1
33659	1
33719	1
33722	1
33728	1
33754	1
33764	1
33765	1
33813	1
33814	1
33818	1
33819	1
33829	2
33832	2
33834	2
33837	1
33838	1
33844	1
33845	1
33847	1
33859	1
33868	1
33883	1
33886	1
33928	1
33944	1
33947	1
33957	1
33997	1
34040	1
34092	1
34126	1
34201	1
34212	1
34219	4
34229	1
34260	1
34261	1
34262	1
34263	2
34264	1
34277	1
34282	1
34286	1
34290	2
34312	1
34331	1
34333	1
34344	1
34381	1
34387	1
34400	1
34401	1
34415	1
34423	1
34424	1
34429	1
34436	1
34456	1
34457	1
34458	1
34548	1
34553	1
34575	1
34695	1
34722	1
34753	1
34755	1
34785	1
34806	1
34812	1
34830	1
34867	1
34868	1
34913	1
34928	1
34984	1
35000	1
35092	1
35093	1
35125	1
35126	1
35143	1
35145	1
35153	1
35176	2
35185	2
35189	1
35190	1
35204	1
35262	1
35297	1
35300	1
35406	1
35438	1
35450	1
35463	1
35466	1
35472	1
35480	2
35601	2
35604	1
35607	1
35609	1
35610	1
35612	1
35614	1
35615	1
35616	2
35622	2
35639	1
35660	1
35667	1
35669	1
35687	1
35719	1
35750	2
35751	3
35753	1
35755	1
35777	1
35812	1
35940	1
35941	2
35948	1
35957	1
35960	1
36014	1
36087	2
36089	1
36090	1
36109	1
36115	2
36158	1
36160	2
36164	1
36167	1
36169	1
36179	1
36180	1
36181	1
36211	1
36216	1
36219	1
36223	1
36226	2
36227	1
36281	1
36320	1
36330	1
36334	2
36344	1
36375	1
36412	1
36560	2
36580	1
36601	1
36605	1
36607	1
36650	1
36658	1
36660	1
36664	1
36665	1
36666	1
36672	1
36695	1
36697	2
36699	2
36700	1
36702	1
36709	1
36711	1
36719	1
36729	1
36737	1
36744	1
36751	1
36791	1
36801	1
36819	1
36829	1
36833	2
36845	1
36879	2
36881	2
36883	1
36926	1
36932	1
36941	1
36962	1
36987	1
37068	1
37094	1
37112	1
37114	1
37115	1
37118	1
37120	1
37137	1
37176	1
37183	1
37196	1
37211	2
37216	1
37226	1
37241	2
37245	2
37247	1
37250	2
37251	2
37252	1
37253	3
37254	2
37256	1
37258	1
37265	1
37284	1
37285	1
37286	1
37287	1
37290	1
37291	1
37292	1
37293	1
37296	1
37297	1
37302	2
37305	1
37324	2
37330	2
37337	1
37384	1
37389	1
37393	1
37473	2
37477	1
37478	1
37479	1
37483	3
37484	1
37578	1
37579	1
37584	2
37606	1
37607	2
37612	1
37621	1
37673	1
37674	1
37853	1
37855	1
37861	2
37877	1
37885	1
37901	1
37911	1
37914	1
37937	2
37949	1
37985	1
37994	1
38003	1
38023	1
38030	1
38032	1
38052	1
38096	1
38101	1
38122	1
38168	1
38201	1
38212	1
38310	1
38313	1
38345	1
38353	2
38355	1
38359	2
38367	1
38372	1
38464	1
38512	1
38525	1
38534	2
38561	2
38571	1
38601	1
38606	1
38607	2
38608	1
38610	1
38613	1
38659	1
38662	1
38736	1
38748	1
38757	2
38768	1
38771	1
38810	1
38813	1
38885	1
38993	1
39004	1
39006	1
39007	1
39016	1
39114	1
39129	1
39140	1
39174	1
39191	1
39199	1
39228	3
39231	1
39240	1
39274	1
39294	1
39304	8
39313	1
39331	1
39334	1
39358	1
39367	2
39410	1
39495	1
39522	1
39537	2
39542	1
39611	1
39638	1
39641	1
39650	2
39652	1
39658	1
39664	1
39666	1
39674	1
39676	1
39684	2
39699	1
39700	1
39712	1
39714	1
39721	1
39752	1
39753	1
39755	1
39758	1
39768	1
39776	1
39781	1
39784	2
39785	1
39786	1
39830	2
39925	1
39937	1
39938	1
39952	1
39963	1
39977	1
39978	1
39997	2
40015	1
40033	2
40040	1
40043	1
40065	1
40067	1
40068	1
40075	1
40076	2
40078	1
40080	2
40086	1
40125	1
40128	1
40145	1
40180	1
40182	2
40183	1
40223	1
40252	1
40263	1
40265	2
40360	1
40362	1
40365	1
40367	2
40387	1
40535	1
40667	1
40669	1
40681	1
40716	1
40721	1
40732	1
40742	1
40757	1
40768	1
40789	1
40792	1
40816	1
40817	1
40818	1
40820	1
40822	1
40847	2
40868	1
40888	1
40908	1
40938	1
40964	1
40969	1
40979	2
41004	1
41010	1
41028	1
41065	2
41072	1
41129	2
41140	1
41159	1
41160	2
41164	1
41167	1
41170	1
41190	1
41193	1
41200	2
41202	2
41222	1
41241	1
41271	2
41275	2
41279	1
41281	2
41285	2
41286	1
41294	1
41300	1
41308	1
41366	1
41378	1
41389	1
41403	1
41413	1
41414	2
41451	1
41452	1
41459	1
41478	1
41562	1
41579	1
41598	1
41600	1
41671	1
41675	1
41678	1
41719	1
41721	1
41722	1
41734	1
41744	1
41802	1
41816	2
41834	1
41899	1
41900	1
41936	2
41976	1
41995	1
41996	1
42001	1
42002	1
42026	2
42065	1
42066	1
42089	1
42103	1
42137	1
42177	1
42178	1
42185	1
42252	1
42327	1
42343	1
42345	1
42427	1
42428	2
42474	1
42560	1
42563	1
42569	1
42585	1
42594	1
42596	1
42605	1
42637	1
42641	1
42660	1
42663	1
42677	1
42728	1
42730	2
42732	4
42752	1
42760	1
42762	1
42766	1
42770	1
42780	2
42791	1
42817	3
42830	2
42838	1
42840	1
42842	1
42843	1
42845	1
42846	1
42883	1
42886	1
42889	2
42896	1
42900	1
42901	1
42903	2
42936	1
42987	1
43016	1
43041	1
43049	1
43050	1
43059	1
43072	1
43108	1
43131	2
43296	1
43301	2
43351	1
43407	1
43413	1
43418	1
43427	1
43456	2
43458	2
43459	2
43460	1
43462	1
43464	2
43476	1
43526	1
43567	1
43569	1
43571	1
43647	1
43675	1
43751	1
43793	2
43802	2
43817	1
43820	1
43850	1
43853	2
43855	1
43860	1
43861	1
43867	1
43877	1
43897	2
43903	2
43905	1
43914	1
43915	1
43917	1
43919	1
43921	1
43926	1
43935	2
43938	1
43947	1
43950	1
43952	1
43960	1
43964	2
43966	1
44061	1
44194	1
45374	1
45442	2
45462	1
45463	1
45465	1
45551	1
45570	2
45576	1
46171	4
46175	3
46190	1
46195	1
