ObservationID	SubLocationID	Count
146069	3093	0
146069	3094	0
146069	3095	0
146069	3096	0
146069	3097	0
146069	3098	0
146070	3093	0
146070	3094	0
146070	3095	0
146070	3096	0
146070	3097	0
146070	3098	0
146071	3093	0
146071	3094	0
146071	3095	2
146071	3096	0
146071	3097	0
146071	3098	0
146090	3867	0
146090	3868	0
146090	3869	0
146090	3870	0
146090	3871	0
146090	3872	0
146091	6012	0
146091	6013	2
146091	6014	0
146091	6015	1
146091	6016	0
146091	6017	0
146093	3867	0
146093	3868	0
146093	3869	0
146093	3870	0
146093	3871	0
146093	3872	0
146094	6012	0
146094	6013	0
146094	6014	1
146094	6015	0
146094	6016	0
146094	6017	0
146096	6012	0
146096	6013	1
146096	6014	0
146096	6015	0
146096	6016	1
146096	6017	2
146097	3867	0
146097	3868	3
146097	3869	0
146097	3870	2
146097	3871	1
146097	3872	11
146108	4629	0
146108	4630	0
146108	4631	0
146108	4632	0
146108	4633	0
146108	4634	0
146110	4629	0
146110	4630	0
146110	4631	0
146110	4632	0
146110	4633	0
146110	4634	0
146112	4629	0
146112	4630	0
146112	4631	0
146112	4632	0
146112	4633	0
146112	4634	0
146127	3837	0
146127	3838	0
146127	3839	0
146127	3840	0
146127	3841	0
146127	3842	0
146128	3837	0
146128	3838	0
146128	3839	0
146128	3840	0
146128	3841	0
146128	3842	0
146130	6150	0
146130	6151	0
146130	6152	0
146130	6153	0
146130	6154	0
146130	6155	0
146142	6150	0
146142	6151	0
146142	6152	0
146142	6153	0
146142	6154	0
146142	6155	0
146145	3837	0
146145	3838	0
146145	3839	0
146145	3840	0
146145	3841	0
146145	3842	0
146147	6150	0
146147	6151	0
146147	6152	0
146147	6153	0
146147	6154	0
146147	6155	0
146184	5088	0
146184	5089	0
146184	5090	0
146184	5091	0
146184	5092	0
146184	5093	5
146185	5088	0
146185	5089	0
146185	5090	0
146185	5091	0
146185	5092	0
146185	5093	0
146186	5088	0
146186	5089	0
146186	5090	1
146186	5091	0
146186	5092	0
146186	5093	0
146233	2895	0
146233	2896	0
146233	2897	1
146233	2898	0
146233	2899	0
146233	2900	0
146240	2895	0
146240	2896	0
146240	2897	1
146240	2898	0
146240	2899	0
146240	2900	0
146243	6983	0
146243	6984	0
146243	6985	0
146243	6986	0
146243	6987	0
146243	6988	4
146248	4605	0
146248	4606	0
146248	4607	0
146248	4608	0
146248	4609	0
146248	4610	0
146249	6983	0
146249	6984	0
146249	6985	0
146249	6986	0
146249	6987	0
146249	6988	1
146253	6983	0
146253	6984	0
146253	6985	0
146253	6986	0
146253	6987	0
146253	6988	5
146256	4605	0
146256	4606	0
146256	4607	0
146256	4608	1
146256	4609	0
146256	4610	0
146262	2931	0
146262	2932	1
146262	2933	0
146262	2934	0
146262	2935	0
146262	2936	0
146263	2931	2
146263	2932	2
146263	2933	0
146263	2934	2
146263	2935	0
146263	2936	0
146264	2931	2
146264	2932	2
146264	2933	0
146264	2934	0
146264	2935	0
146264	2936	3
146269	7013	0
146269	7014	0
146269	7015	0
146269	7016	0
146269	7017	0
146269	7018	0
146272	5166	0
146272	5167	0
146272	5168	0
146272	5169	0
146272	5170	0
146272	5171	0
146289	2720	0
146289	2721	6
146289	2722	0
146289	2723	0
146289	2724	0
146289	2725	0
146290	2720	0
146290	2721	0
146290	2722	0
146290	2723	0
146290	2724	0
146290	2725	0
146291	2720	0
146291	2721	0
146291	2722	0
146291	2723	0
146291	2724	0
146291	2725	0
146294	3357	1
146294	3358	0
146294	3359	1
146294	3360	0
146294	3361	1
146294	3362	2
146295	3357	1
146295	3358	1
146295	3359	0
146295	3360	0
146295	3361	1
146295	3362	2
146296	3357	0
146296	3358	2
146296	3359	1
146296	3360	2
146296	3361	2
146296	3362	0
146303	6605	1
146303	6606	1
146303	6607	0
146303	6608	2
146303	6609	0
146303	6610	1
146304	6605	0
146304	6606	1
146304	6607	0
146304	6608	0
146304	6609	0
146304	6610	0
146305	6605	0
146305	6606	0
146305	6607	0
146305	6608	2
146305	6609	0
146305	6610	0
146319	2829	0
146319	2830	4
146319	2831	6
146319	2832	3
146319	2833	1
146319	2834	2
146322	2829	0
146322	2830	4
146322	2831	6
146322	2832	7
146322	2833	6
146322	2834	5
146327	2829	0
146327	2830	3
146327	2831	4
146327	2832	2
146327	2833	3
146327	2834	0
146328	2895	0
146328	2896	0
146328	2897	0
146328	2898	0
146328	2899	0
146328	2900	0
146337	6701	3
146337	6702	0
146337	6703	0
146337	6704	0
146337	6705	0
146337	6706	0
146338	6701	0
146338	6702	0
146338	6703	0
146338	6704	0
146338	6705	0
146338	6706	2
146339	3897	5
146339	3898	0
146339	3899	0
146339	3900	0
146339	3901	0
146339	3902	2
146342	6701	0
146342	6702	0
146342	6703	0
146342	6704	0
146342	6705	0
146342	6706	0
146344	3897	0
146344	3898	0
146344	3899	0
146344	3900	0
146344	3901	0
146344	3902	0
146348	7013	3
146348	7014	0
146348	7015	0
146348	7016	0
146348	7017	0
146348	7018	0
146350	5273	0
146350	5274	0
146350	5275	0
146350	5276	0
146350	5277	0
146350	5278	5
146351	4521	0
146351	4522	0
146351	4523	0
146351	4524	0
146351	4525	0
146351	4526	0
146352	4521	0
146352	4522	0
146352	4523	0
146352	4524	0
146352	4525	0
146352	4526	0
146353	4521	0
146353	4522	0
146353	4523	1
146353	4524	0
146353	4525	0
146353	4526	0
146361	7013	0
146361	7014	0
146361	7015	0
146361	7016	0
146361	7017	0
146361	7018	0
146392	5940	0
146392	5941	0
146392	5942	0
146392	5943	1
146392	5944	0
146392	5945	0
146393	5940	0
146393	5941	0
146393	5942	0
146393	5943	4
146393	5944	0
146393	5945	0
146394	5940	0
146394	5941	0
146394	5942	0
146394	5943	0
146394	5944	0
146394	5945	0
146418	5683	0
146418	5684	0
146418	5685	0
146418	5686	0
146418	5687	0
146418	5688	0
146424	6042	0
146424	6043	0
146424	6044	0
146424	6045	0
146424	6046	0
146424	6047	0
146425	6042	0
146425	6043	0
146425	6044	0
146425	6045	0
146425	6046	1
146425	6047	0
146426	6042	0
146426	6043	0
146426	6044	0
146426	6045	0
146426	6046	0
146426	6047	0
146438	5683	1
146438	5684	0
146438	5685	0
146438	5686	0
146438	5687	0
146438	5688	0
146439	5683	2
146439	5684	0
146439	5685	0
146439	5686	0
146439	5687	3
146439	5688	0
146441	3687	0
146441	3688	0
146441	3689	4
146441	3690	2
146441	3691	0
146441	3692	0
146442	3687	1
146442	3688	2
146442	3689	1
146442	3690	0
146442	3691	2
146442	3692	0
146443	3687	0
146443	3688	0
146443	3689	0
146443	3690	0
146443	3691	0
146443	3692	0
146482	4245	0
146482	4246	0
146482	4247	0
146482	4248	0
146482	4249	0
146482	4250	0
146483	4245	0
146483	4246	0
146483	4247	0
146483	4248	0
146483	4249	0
146483	4250	0
146484	4245	0
146484	4246	0
146484	4247	0
146484	4248	0
146484	4249	0
146484	4250	0
146507	5321	0
146507	5322	0
146507	5323	0
146507	5324	1
146507	5325	0
146507	5326	1
146509	5321	0
146509	5322	0
146509	5323	0
146509	5324	0
146509	5325	0
146509	5326	0
146514	5321	0
146514	5322	0
146514	5323	0
146514	5324	0
146514	5325	0
146514	5326	0
146537	5166	0
146537	5167	0
146537	5168	0
146537	5169	0
146537	5170	1
146537	5171	0
146538	5166	0
146538	5167	0
146538	5168	0
146538	5169	0
146538	5170	0
146538	5171	0
146547	6252	0
146547	6253	0
146547	6254	2
146547	6255	1
146547	6256	4
146547	6257	0
146548	6252	0
146548	6253	0
146548	6254	0
146548	6255	0
146548	6256	0
146548	6257	0
146618	6006	0
146618	6007	0
146618	6009	1
146618	6010	0
146618	6011	0
146619	6006	0
146619	6007	0
146619	6009	0
146619	6010	0
146619	6011	0
146620	6252	3
146620	6253	0
146620	6254	0
146620	6255	0
146620	6256	0
146620	6257	1
146626	4239	0
146626	4240	0
146626	4241	0
146626	4242	0
146626	4243	0
146626	4244	0
146627	4239	0
146627	4240	0
146627	4241	0
146627	4242	0
146627	4243	0
146627	4244	0
146628	4239	0
146628	4240	2
146628	4241	2
146628	4242	0
146628	4243	0
146628	4244	0
146646	6066	0
146646	6067	0
146646	6068	0
146646	6069	0
146646	6070	0
146646	6071	0
146647	6066	1
146647	6067	0
146647	6068	0
146647	6069	1
146647	6070	0
146647	6071	0
146648	6066	0
146648	6067	0
146648	6068	0
146648	6069	0
146648	6070	0
146648	6071	0
146658	5297	0
146658	5298	0
146658	5299	0
146658	5300	0
146658	5301	0
146658	5302	0
146659	5297	0
146659	5298	0
146659	5299	0
146659	5300	0
146659	5301	0
146659	5302	0
146660	5297	0
146660	5298	0
146660	5299	0
146660	5300	0
146660	5301	1
146660	5302	1
146677	3819	1
146677	3820	1
146677	3821	0
146677	3822	0
146677	3823	0
146677	3824	0
146680	3819	1
146680	3820	0
146680	3821	0
146680	3822	0
146680	3823	3
146680	3824	0
146683	3819	0
146683	3820	0
146683	3821	0
146683	3822	2
146683	3823	0
146683	3824	0
146706	6851	0
146706	6852	0
146706	6853	0
146706	6854	0
146706	6855	0
146706	6856	0
146713	4974	0
146713	4975	0
146713	4976	0
146713	4977	1
146713	4978	0
146713	4979	0
146714	4974	0
146714	4975	0
146714	4976	0
146714	4977	1
146714	4978	0
146714	4979	0
146715	4974	0
146715	4975	0
146715	4976	0
146715	4977	0
146715	4978	0
146715	4979	0
146724	6851	0
146724	6852	0
146724	6853	0
146724	6854	1
146724	6855	0
146724	6856	0
146735	4701	1
146735	4702	0
146735	4703	0
146735	4704	0
146736	4701	1
146736	4702	0
146736	4703	0
146736	4704	0
146737	4701	1
146737	4702	0
146737	4703	0
146737	4704	0
146747	4368	0
146747	4369	0
146747	4370	1
146747	4371	0
146748	4368	0
146748	4369	0
146748	4370	0
146748	4371	0
146749	4368	0
146749	4369	0
146749	4370	1
146749	4371	1
146772	5411	0
146772	5412	0
146772	5413	0
146772	5414	0
146772	5415	0
146772	5416	0
146773	5411	0
146773	5412	0
146773	5413	2
146773	5414	0
146773	5415	1
146773	5416	0
146774	5411	0
146774	5412	0
146774	5413	0
146774	5414	0
146774	5415	0
146774	5416	0
146775	4527	0
146775	4528	0
146775	4529	0
146775	4530	0
146775	4531	0
146775	4532	0
146776	4527	0
146776	4528	0
146776	4529	0
146776	4530	0
146776	4531	0
146776	4532	0
146777	4527	0
146777	4528	0
146777	4529	0
146777	4530	0
146777	4531	1
146777	4532	0
146784	7454	2
146784	7455	0
146784	7456	2
146784	7457	0
146784	7458	0
146784	7459	0
146787	6851	0
146787	6852	0
146787	6853	0
146787	6854	0
146787	6855	0
146787	6856	0
146812	5976	2
146812	5977	0
146812	5978	0
146812	5979	0
146812	5980	0
146812	5981	0
146813	5976	0
146813	5977	0
146813	5978	0
146813	5979	3
146813	5980	0
146813	5981	0
146814	5976	1
146814	5977	1
146814	5978	2
146814	5979	0
146814	5980	0
146814	5981	0
146815	7120	0
146815	7121	0
146815	7122	0
146815	7123	0
146815	7124	0
146815	7125	0
146824	7454	0
146824	7455	0
146824	7456	0
146824	7457	0
146824	7458	0
146824	7459	0
146828	7120	2
146828	7121	0
146828	7122	1
146828	7123	0
146828	7124	0
146828	7125	0
146829	7120	0
146829	7121	0
146829	7122	4
146829	7123	2
146829	7124	0
146829	7125	1
146831	2761	0
146831	2762	0
146831	2763	1
146831	2764	0
146831	2765	2
146831	2766	0
146834	2761	0
146834	2762	0
146834	2763	0
146834	2764	0
146834	2765	0
146834	2766	0
146835	2761	0
146835	2762	0
146835	2763	0
146835	2764	0
146835	2765	0
146835	2766	0
146984	3093	0
146984	3094	0
146984	3095	0
146984	3096	0
146984	3097	0
146984	3098	0
146985	3093	0
146985	3094	0
146985	3095	0
146985	3096	0
146985	3097	0
146985	3098	0
146986	3093	0
146986	3094	0
146986	3095	2
146986	3096	0
146986	3097	0
146986	3098	0
146998	2877	0
146998	2878	0
146998	2879	0
146998	2880	0
146998	2881	0
146998	2882	0
147034	5471	0
147034	5472	0
147034	5473	0
147034	5474	0
147034	5475	0
147034	5476	1
147054	2937	0
147054	2938	0
147054	2939	0
147054	2940	0
147054	2941	0
147054	2942	0
147055	3045	0
147055	3046	0
147055	3047	2
147055	3048	0
147055	3049	0
147055	3050	1
147066	2636	0
147066	2637	0
147066	2638	0
147066	2639	0
147066	2640	0
147066	2641	0
147071	7383	0
147071	7384	0
147071	7385	2
147071	7386	0
147071	7387	0
147071	7388	0
147073	4163	0
147073	4164	0
147073	4165	0
147073	4166	0
147073	4167	0
147073	4168	0
147082	7670	1
147082	7671	0
147082	7672	2
147082	7673	4
147083	7670	0
147083	7671	0
147083	7672	0
147083	7673	0
147084	7670	1
147084	7671	0
147084	7672	0
147084	7673	0
147090	5471	0
147090	5472	0
147090	5473	0
147090	5474	3
147090	5475	0
147090	5476	1
147117	2877	0
147117	2878	0
147117	2879	1
147117	2880	1
147117	2881	1
147117	2882	0
147123	6036	0
147123	6037	0
147123	6038	0
147123	6039	0
147123	6040	0
147123	6041	0
147124	6036	0
147124	6037	0
147124	6038	0
147124	6039	0
147124	6040	0
147124	6041	0
147126	2937	0
147126	2938	0
147126	2939	3
147126	2940	0
147126	2941	1
147126	2942	0
147127	3045	0
147127	3046	0
147127	3047	0
147127	3048	0
147127	3049	0
147127	3050	0
147168	5537	0
147168	5538	0
147168	5539	0
147168	5540	0
147168	5541	0
147168	5542	0
147169	6773	0
147169	6775	0
147169	6777	0
147170	6773	0
147170	6775	0
147170	6777	0
147206	7311	5
147206	7312	0
147206	7313	0
147206	7314	0
147206	7315	0
147206	7316	0
147213	4163	0
147213	4164	0
147213	4165	6
147213	4166	0
147213	4167	0
147213	4168	0
147228	5471	0
147228	5472	0
147228	5473	0
147228	5474	0
147228	5475	0
147228	5476	0
147239	2877	0
147239	2878	0
147239	2879	0
147239	2880	0
147239	2881	0
147239	2882	0
147240	7383	0
147240	7384	0
147240	7385	0
147240	7386	0
147240	7387	0
147240	7388	0
147241	7520	0
147241	7521	0
147241	7522	0
147241	7523	0
147241	7524	0
147241	7525	0
147340	6461	0
147340	6462	0
147340	6463	0
147340	6464	0
147340	6465	0
147340	6466	4
147366	2636	0
147366	2637	0
147366	2638	0
147366	2639	0
147366	2640	0
147366	2641	0
147367	2636	0
147367	2637	0
147367	2638	0
147367	2639	0
147367	2640	0
147367	2641	0
147370	3045	2
147370	3046	0
147370	3047	0
147370	3048	1
147370	3049	0
147370	3050	0
147371	2937	2
147371	2938	0
147371	2939	0
147371	2940	0
147371	2941	0
147371	2942	2
147376	6773	2
147376	6775	0
147376	6777	0
147385	7670	1
147385	7671	0
147385	7672	0
147385	7673	0
147389	4527	0
147389	4528	0
147389	4529	0
147389	4530	0
147389	4531	0
147389	4532	0
147422	5249	0
147422	5250	0
147422	5251	5
147422	5252	0
147422	5253	0
147422	5254	0
147423	5100	0
147423	5101	0
147423	5102	0
147423	5103	0
147423	5104	0
147423	5105	0
147424	5249	0
147424	5250	0
147424	5251	2
147424	5252	0
147424	5253	0
147424	5254	0
147425	5100	0
147425	5101	0
147425	5102	0
147425	5103	0
147425	5104	0
147425	5105	0
147426	5249	1
147426	5250	0
147426	5251	4
147426	5252	0
147426	5253	0
147426	5254	0
147427	5100	1
147427	5101	0
147427	5102	0
147427	5103	0
147427	5104	0
147427	5105	0
147445	4163	0
147445	4164	0
147445	4165	0
147445	4166	0
147445	4167	0
147445	4168	0
147518	6036	0
147518	6037	0
147518	6038	0
147518	6039	0
147518	6040	1
147518	6041	0
147866	5579	0
147866	5580	0
147866	5581	0
147866	5582	0
147866	5583	0
147866	5584	0
147867	5579	0
147867	5580	0
147867	5581	0
147867	5582	0
147867	5583	0
147867	5584	0
147868	5579	2
147868	5580	0
147868	5581	0
147868	5582	0
147868	5583	0
147868	5584	0
147869	5154	0
147869	5155	0
147869	5156	0
147869	5157	0
147869	5158	0
147869	5159	0
147870	5154	0
147870	5155	0
147870	5156	0
147870	5157	0
147870	5158	0
147870	5159	0
147872	7311	4
147872	7312	0
147872	7313	0
147872	7314	0
147872	7315	0
147872	7316	0
147875	7311	0
147875	7312	0
147875	7313	0
147875	7314	0
147875	7315	1
147875	7316	0
148053	4456	0
148053	4457	0
148053	4458	0
148053	4459	0
148053	4460	0
148053	4461	0
148054	4456	0
148054	4457	0
148054	4458	0
148054	4459	1
148054	4460	0
148054	4461	2
148055	4456	0
148055	4457	0
148055	4458	0
148055	4459	0
148055	4460	0
148055	4461	0
148388	3387	1
148388	3388	0
148388	3389	0
148388	3390	0
148388	3391	0
148388	3392	0
148456	3387	0
148456	3388	0
148456	3389	0
148456	3390	0
148456	3391	0
148456	3392	0
148457	3387	0
148457	3388	0
148457	3389	0
148457	3390	0
148457	3391	0
148457	3392	0
148470	6959	0
148470	6960	0
148470	6961	0
148470	6962	0
148470	6963	0
148470	6964	0
148471	6959	0
148471	6960	1
148471	6961	0
148471	6962	0
148471	6963	1
148471	6964	1
148472	6959	0
148472	6960	0
148472	6961	0
148472	6962	0
148472	6963	0
148472	6964	0
148535	3387	0
148535	3388	0
148535	3389	0
148535	3390	0
148535	3391	0
148535	3392	0
148536	3387	1
148536	3388	0
148536	3389	0
148536	3390	0
148536	3391	0
148536	3392	0
148537	3387	0
148537	3388	0
148537	3389	0
148537	3390	0
148537	3391	0
148537	3392	0
148550	5537	0
148550	5538	0
148550	5539	0
148550	5540	6
148550	5541	0
148550	5542	0
148553	5537	0
148553	5538	0
148553	5539	0
148553	5540	0
148553	5541	0
148553	5542	0
148640	3741	0
148640	3742	1
148640	3743	0
148640	3744	0
148640	3745	0
148640	3746	0
148667	6461	0
148667	6462	0
148667	6463	0
148667	6464	0
148667	6465	0
148667	6466	4
148687	4450	0
148687	4451	0
148687	4452	0
148687	4453	0
148687	4454	1
148687	4455	0
148688	4450	0
148688	4451	2
148688	4452	0
148688	4453	0
148688	4454	0
148688	4455	0
148693	4239	0
148693	4240	2
148693	4241	2
148693	4242	0
148693	4243	0
148693	4244	0
148694	4239	0
148694	4240	0
148694	4241	0
148694	4242	0
148694	4243	0
148694	4244	0
148695	4239	0
148695	4240	0
148695	4241	0
148695	4242	0
148695	4243	0
148695	4244	0
148719	3741	0
148719	3742	1
148719	3743	0
148719	3744	0
148719	3745	0
148719	3746	0
148720	3741	0
148720	3742	1
148720	3743	0
148720	3744	0
148720	3745	0
148720	3746	0
148739	6773	0
148739	6775	0
148739	6777	0
148745	6773	0
148745	6775	0
148745	6777	0
148755	6773	2
148755	6775	0
148755	6777	0
148759	2901	0
148759	2902	0
148759	2903	0
148759	2904	1
148759	2905	0
148759	2906	0
148760	2901	0
148760	2902	0
148760	2903	2
148760	2904	0
148760	2905	0
148760	2906	0
148782	2901	0
148782	2902	0
148782	2903	0
148782	2904	1
148782	2905	0
148782	2906	0
150173	3021	2
150173	3022	0
150173	3023	0
150173	3024	0
150173	3025	0
150173	3026	0
150174	3021	0
150174	3022	0
150174	3023	0
150174	3024	0
150174	3025	0
150174	3026	2
150175	3021	0
150175	3022	0
150175	3023	0
150175	3024	0
150175	3025	2
150175	3026	0
150518	5154	0
150518	5155	0
150518	5156	0
150518	5157	0
150518	5158	0
150518	5159	0
150525	5579	0
150525	5580	0
150525	5581	0
150525	5582	0
150525	5583	0
150525	5584	0
150532	5154	0
150532	5155	0
150532	5156	0
150532	5157	0
150532	5158	0
150532	5159	0
150542	5579	2
150542	5580	0
150542	5581	0
150542	5582	0
150542	5583	0
150542	5584	0
150987	6408	1
150987	6409	0
150987	6410	1
150987	6411	0
150987	6412	1
150987	6413	0
150995	6408	0
150995	6409	0
150995	6410	0
150995	6411	0
150995	6412	0
150995	6413	0
151012	6408	0
151012	6409	0
151012	6410	0
151012	6411	0
151012	6412	0
151012	6413	0
151733	4004	0
151733	4005	0
151733	4006	0
151733	4007	0
151733	4008	0
151733	4009	0
151734	4004	0
151734	4005	0
151734	4006	0
151734	4007	0
151734	4008	0
151734	4009	0
151735	4004	1
151735	4005	0
151735	4006	0
151735	4007	0
151735	4008	0
151735	4009	0
151836	3741	0
151836	3742	1
151836	3743	0
151836	3744	0
151836	3745	0
151836	3746	0
151837	3741	0
151837	3742	1
151837	3743	0
151837	3744	0
151837	3745	0
151837	3746	0
151838	3741	0
151838	3742	1
151838	3743	0
151838	3744	0
151838	3745	0
151838	3746	0
151841	4004	0
151841	4005	0
151841	4006	0
151841	4007	0
151841	4008	0
151841	4009	0
151842	4004	0
151842	4005	0
151842	4006	0
151842	4007	0
151842	4008	0
151842	4009	0
151881	2618	0
151881	2619	0
151881	2620	0
151881	2621	0
151881	2622	0
151881	2623	0
152002	5850	1
152002	5851	0
152002	5852	0
152002	5853	0
152002	5854	0
152002	5855	0
152031	3165	0
152031	3166	0
152031	3167	0
152031	3168	0
152031	3169	0
152031	3170	0
152037	2618	0
152037	2619	0
152037	2620	0
152037	2621	0
152037	2622	0
152037	2623	0
152055	7007	1
152055	7008	0
152055	7009	0
152055	7010	1
152055	7011	0
152055	7012	0
152078	3165	0
152078	3166	0
152078	3167	0
152078	3168	0
152078	3169	0
152078	3170	0
152080	5850	0
152080	5851	0
152080	5852	0
152080	5853	0
152080	5854	0
152080	5855	0
152081	7007	0
152081	7008	0
152081	7009	0
152081	7010	0
152081	7011	0
152081	7012	0
152166	3633	0
152166	3634	2
152166	3635	1
152166	3636	0
152166	3637	0
152166	3638	0
152169	2618	0
152169	2619	0
152169	2620	0
152169	2621	0
152169	2622	2
152169	2623	0
152211	3633	0
152211	3634	0
152211	3635	0
152211	3636	0
152211	3637	0
152211	3638	0
152212	3633	0
152212	3634	0
152212	3635	0
152212	3636	0
152212	3637	0
152212	3638	0
152231	7341	0
152231	7342	0
152231	7343	0
152231	7344	0
152231	7345	0
152231	7346	0
152232	7341	0
152232	7342	0
152232	7343	0
152232	7344	0
152232	7345	0
152232	7346	0
152234	7341	0
152234	7342	0
152234	7343	0
152234	7344	0
152234	7345	0
152234	7346	0
152237	7341	0
152237	7342	0
152237	7343	2
152237	7344	0
152237	7345	0
152237	7346	0
152246	4788	3
152246	4789	0
152246	4790	0
152246	4791	0
152246	4792	0
152246	4793	0
152247	4788	0
152247	4789	0
152247	4790	0
152247	4791	0
152247	4792	0
152247	4793	0
152248	4788	0
152248	4789	0
152248	4790	0
152248	4791	0
152248	4792	0
152248	4793	0
152261	4992	0
152261	4993	0
152261	4994	0
152261	4995	0
152261	4996	3
152261	4997	0
152262	4992	0
152262	4993	0
152262	4994	0
152262	4995	0
152262	4996	0
152262	4997	0
152265	4992	0
152265	4993	0
152265	4994	0
152265	4995	0
152265	4996	0
152265	4997	0
152317	5730	1
152317	5731	0
152317	5732	0
152317	5733	0
152317	5734	0
152317	5735	0
152332	6234	0
152332	6235	0
152332	6236	0
152332	6237	0
152332	6238	0
152332	6239	0
152333	6234	0
152333	6235	0
152333	6236	0
152333	6237	0
152333	6238	0
152333	6239	0
152334	6234	0
152334	6235	0
152334	6236	0
152334	6237	2
152334	6238	0
152334	6239	0
152351	4157	0
152351	4158	0
152351	4159	0
152351	4160	0
152351	4161	0
152351	4162	0
152352	7287	0
152352	7288	0
152352	7289	0
152352	7290	0
152352	7291	0
152352	7292	0
152353	7287	0
152353	7288	0
152353	7289	0
152353	7290	0
152353	7291	0
152353	7292	0
152354	7288	0
152354	7289	0
152354	7290	0
152354	7291	0
152354	7292	0
152355	7007	0
152355	7008	0
152355	7009	0
152355	7010	0
152355	7011	0
152355	7012	0
152357	5850	0
152357	5851	0
152357	5852	0
152357	5853	0
152357	5854	0
152357	5855	0
152362	6282	1
152362	6283	1
152362	6284	0
152362	6285	0
152362	6286	0
152362	6287	1
152363	6282	0
152363	6283	0
152363	6284	0
152363	6285	0
152363	6286	0
152363	6287	0
152364	6282	0
152364	6283	0
152364	6284	0
152364	6285	0
152364	6286	0
152364	6287	0
152464	4157	0
152464	4158	0
152464	4159	1
152464	4160	0
152464	4161	0
152464	4162	0
152465	4157	0
152465	4158	0
152465	4159	2
152465	4160	0
152465	4161	0
152465	4162	0
152480	6102	1
152480	6103	0
152480	6104	0
152480	6105	0
152480	6106	0
152480	6107	0
152481	6102	0
152481	6103	1
152481	6104	0
152481	6105	0
152481	6106	0
152481	6107	0
152492	2684	0
152492	2685	0
152492	2686	0
152492	2687	0
152492	2688	0
152492	2689	0
152493	2684	0
152493	2685	0
152493	2686	0
152493	2687	0
152493	2688	0
152493	2689	0
152538	2744	0
152538	2745	0
152538	2746	0
152538	2747	0
152538	2748	1
152538	2749	0
152539	2744	0
152539	2745	0
152539	2746	0
152539	2747	0
152539	2748	0
152539	2749	0
152540	2744	0
152540	2745	0
152540	2746	0
152540	2747	0
152540	2748	0
152540	2749	0
152555	6408	1
152555	6409	0
152555	6410	1
152555	6411	0
152555	6412	1
152555	6413	0
152556	6408	0
152556	6409	0
152556	6410	0
152556	6411	0
152556	6412	0
152556	6413	0
152558	6408	0
152558	6409	0
152558	6410	0
152558	6411	0
152558	6412	0
152558	6413	0
152583	4004	1
152583	4005	0
152583	4006	0
152583	4007	0
152583	4008	0
152583	4009	0
152589	6036	0
152589	6037	0
152589	6038	0
152589	6039	0
152589	6040	0
152589	6041	0
152590	6036	0
152590	6037	0
152590	6038	0
152590	6039	0
152590	6040	0
152590	6041	0
152591	6036	0
152591	6037	0
152591	6038	0
152591	6039	0
152591	6040	1
152591	6041	0
152595	4157	0
152595	4158	0
152595	4159	2
152595	4160	0
152595	4161	0
152595	4162	0
152596	4157	0
152596	4158	0
152596	4159	1
152596	4160	0
152596	4161	0
152596	4162	0
152597	4157	0
152597	4158	0
152597	4159	0
152597	4160	0
152597	4161	0
152597	4162	0
152724	6282	1
152724	6283	1
152724	6284	0
152724	6285	0
152724	6286	0
152724	6287	1
152725	6282	0
152725	6283	0
152725	6284	0
152725	6285	0
152725	6286	0
152725	6287	0
152726	6282	0
152726	6283	0
152726	6284	0
152726	6285	0
152726	6286	0
152726	6287	0
152727	7287	0
152727	7288	0
152727	7289	0
152727	7290	0
152727	7291	0
152727	7292	0
152728	7287	0
152728	7288	0
152728	7289	0
152728	7290	0
152728	7291	0
152728	7292	0
152729	7288	0
152729	7289	0
152729	7290	0
152729	7291	0
152729	7292	0
152730	5778	0
152730	5779	1
152730	5780	0
152730	5781	0
152730	5782	0
152730	5783	4
152734	5778	0
152734	5779	0
152734	5780	0
152734	5781	0
152734	5782	0
152734	5783	0
152739	4456	0
152739	4457	0
152739	4458	0
152739	4459	0
152739	4460	0
152739	4461	0
152740	4456	0
152740	4457	0
152740	4458	0
152740	4459	1
152740	4460	0
152740	4461	2
152741	4456	0
152741	4457	0
152741	4458	0
152741	4459	0
152741	4460	0
152741	4461	0
152752	6234	0
152752	6235	0
152752	6236	0
152752	6237	0
152752	6238	0
152752	6239	0
152754	6234	0
152754	6235	0
152754	6236	0
152754	6237	0
152754	6238	0
152754	6239	0
152756	6234	0
152756	6235	0
152756	6236	0
152756	6237	2
152756	6238	0
152756	6239	0
152885	5850	1
152885	5851	0
152885	5852	0
152885	5853	0
152885	5854	0
152885	5855	0
152886	5850	0
152886	5851	0
152886	5852	0
152886	5853	0
152886	5854	0
152886	5855	0
152887	5850	0
152887	5851	0
152887	5852	0
152887	5853	0
152887	5854	0
152887	5855	0
152895	4788	3
152895	4789	0
152895	4790	0
152895	4791	0
152895	4792	0
152895	4793	0
152901	4788	0
152901	4789	0
152901	4790	0
152901	4791	0
152901	4792	0
152901	4793	0
152910	4788	0
152910	4789	0
152910	4790	0
152910	4791	0
152910	4792	0
152910	4793	0
152917	3045	0
152917	3046	0
152917	3047	2
152917	3048	0
152917	3049	0
152917	3050	1
152918	2937	0
152918	2938	0
152918	2939	0
152918	2940	0
152918	2941	0
152918	2942	0
152919	2937	0
152919	2938	0
152919	2939	3
152919	2940	0
152919	2941	1
152919	2942	0
152920	3045	0
152920	3046	0
152920	3047	0
152920	3048	0
152920	3049	0
152920	3050	0
152921	3045	2
152921	3046	0
152921	3047	0
152921	3048	1
152921	3049	0
152921	3050	0
152922	2937	2
152922	2938	0
152922	2939	0
152922	2940	0
152922	2941	0
152922	2942	2
152923	7007	1
152923	7008	0
152923	7009	0
152923	7010	1
152923	7011	0
152923	7012	0
152924	7007	0
152924	7008	0
152924	7009	0
152924	7010	0
152924	7011	0
152924	7012	0
152925	7007	0
152925	7008	0
152925	7009	0
152925	7010	0
152925	7011	0
152925	7012	0
152927	2761	0
152927	2762	0
152927	2763	1
152927	2764	0
152927	2765	2
152927	2766	0
152930	2761	0
152930	2762	0
152930	2763	0
152930	2764	0
152930	2765	0
152930	2766	0
152931	2761	0
152931	2762	0
152931	2763	0
152931	2764	0
152931	2765	0
152931	2766	0
152962	2901	0
152962	2902	0
152962	2903	2
152962	2904	0
152962	2905	0
152962	2906	0
152970	5471	0
152970	5472	0
152970	5473	0
152970	5474	0
152970	5475	0
152970	5476	1
152971	5471	0
152971	5472	0
152971	5473	0
152971	5474	3
152971	5475	0
152971	5476	1
152974	5471	0
152974	5472	0
152974	5473	0
152974	5474	0
152974	5475	0
152974	5476	0
152986	5249	0
152986	5250	0
152986	5251	5
152986	5252	0
152986	5253	0
152986	5254	0
152987	5249	0
152987	5250	0
152987	5251	2
152987	5252	0
152987	5253	0
152987	5254	0
152988	5100	0
152988	5101	0
152988	5102	0
152988	5103	0
152988	5104	0
152988	5105	0
152989	5100	0
152989	5101	0
152989	5102	0
152989	5103	0
152989	5104	0
152989	5105	0
152990	5249	1
152990	5250	0
152990	5251	4
152990	5252	0
152990	5253	0
152990	5254	0
152991	5100	1
152991	5101	0
152991	5102	0
152991	5103	0
152991	5104	0
152991	5105	0
153031	6102	1
153031	6103	0
153031	6104	0
153031	6105	0
153031	6106	0
153031	6107	0
153032	6102	0
153032	6103	1
153032	6104	0
153032	6105	0
153032	6106	0
153032	6107	0
153126	2744	0
153126	2745	0
153126	2746	0
153126	2747	0
153126	2748	1
153126	2749	0
153128	2744	0
153128	2745	0
153128	2746	0
153128	2747	0
153128	2748	0
153128	2749	0
153129	2744	0
153129	2745	0
153129	2746	0
153129	2747	0
153129	2748	0
153129	2749	0
153136	2636	0
153136	2637	0
153136	2638	0
153136	2639	0
153136	2640	0
153136	2641	0
153137	2636	0
153137	2637	0
153137	2638	0
153137	2639	0
153137	2640	0
153137	2641	0
153138	2636	0
153138	2637	0
153138	2638	0
153138	2639	0
153138	2640	0
153138	2641	0
153139	5778	0
153139	5779	0
153139	5780	0
153139	5781	0
153139	5782	0
153139	5783	2
153140	5778	0
153140	5779	0
153140	5780	0
153140	5781	0
153140	5782	0
153140	5783	0
153141	3021	0
153141	3022	0
153141	3023	0
153141	3024	0
153141	3025	0
153141	3026	2
153142	3021	2
153142	3022	0
153142	3023	0
153142	3024	0
153142	3025	0
153142	3026	0
153143	3021	0
153143	3022	0
153143	3023	0
153143	3024	0
153143	3025	2
153143	3026	0
153144	5778	0
153144	5779	1
153144	5780	0
153144	5781	0
153144	5782	0
153144	5783	4
153150	2684	1
153150	2685	0
153150	2687	0
153150	2688	0
153150	2689	0
153151	2684	0
153151	2685	0
153151	2686	0
153151	2687	0
153151	2688	0
153151	2689	0
153152	2684	0
153152	2685	0
153152	2686	0
153152	2687	0
153152	2688	0
153152	2689	0
153248	3165	0
153248	3166	2
153248	3167	0
153248	3168	0
153248	3169	1
153248	3170	0
153252	3165	0
153252	3166	0
153252	3167	0
153252	3168	1
153252	3169	0
153252	3170	0
153253	3165	0
153253	3166	0
153253	3167	0
153253	3168	0
153253	3169	0
153253	3170	0
153262	4163	0
153262	4164	0
153262	4165	0
153262	4166	0
153262	4167	0
153262	4168	0
153263	4163	0
153263	4164	0
153263	4165	6
153263	4166	0
153263	4167	0
153263	4168	0
153264	4163	0
153264	4164	0
153264	4165	0
153264	4166	0
153264	4167	0
153264	4168	0
153271	5537	0
153271	5538	0
153271	5539	0
153271	5540	0
153271	5541	0
153271	5542	0
153272	5537	0
153272	5538	0
153272	5539	0
153272	5540	0
153272	5541	0
153272	5542	0
153273	5537	0
153273	5538	0
153273	5539	0
153273	5540	6
153273	5541	0
153273	5542	0
153277	5730	0
153277	5731	0
153277	5732	0
153277	5733	0
153277	5734	0
153277	5735	0
153288	2618	0
153288	2619	0
153288	2620	0
153288	2621	0
153288	2622	0
153288	2623	0
153289	2618	0
153289	2619	0
153289	2620	0
153289	2621	0
153289	2622	0
153289	2623	0
153290	2618	0
153290	2619	0
153290	2620	0
153290	2621	0
153290	2622	2
153290	2623	0
153357	2877	0
153357	2878	0
153357	2879	0
153357	2880	0
153357	2881	0
153357	2882	0
153358	2877	0
153358	2878	0
153358	2879	1
153358	2880	1
153358	2881	1
153358	2882	0
153360	2877	0
153360	2878	0
153360	2879	0
153360	2880	0
153360	2881	0
153360	2882	0
153362	3633	0
153362	3634	2
153362	3635	1
153362	3636	0
153362	3637	0
153362	3638	0
153363	3633	0
153363	3634	0
153363	3635	0
153363	3636	0
153363	3637	0
153363	3638	0
153366	3633	0
153366	3634	0
153366	3635	0
153366	3636	0
153366	3637	0
153366	3638	0
153466	7520	0
153466	7521	0
153466	7522	0
153466	7523	0
153466	7524	0
153466	7525	0
153467	7383	0
153467	7384	0
153467	7385	2
153467	7386	0
153467	7387	0
153467	7388	0
153468	7383	0
153468	7384	0
153468	7385	0
153468	7386	0
153468	7387	0
153468	7388	0
153469	7520	0
153469	7521	0
153469	7522	0
153469	7523	0
153469	7524	0
153469	7525	0
153553	6911	0
153553	6912	0
153553	6913	2
153553	6914	0
153553	6915	0
153553	6916	0
153554	6911	0
153554	6912	0
153554	6913	0
153554	6914	0
153554	6915	0
153554	6916	0
153555	6911	0
153555	6912	0
153555	6913	0
153555	6914	0
153555	6915	0
153555	6916	0
153562	6911	0
153562	6912	0
153562	6913	0
153562	6914	0
153562	6915	0
153562	6916	0
153633	7341	0
153633	7342	0
153633	7343	0
153633	7344	0
153633	7345	0
153633	7346	0
153634	7341	0
153634	7342	0
153634	7343	2
153634	7344	0
153634	7345	0
153634	7346	0
153666	7013	0
153666	7014	0
153666	7015	0
153666	7016	0
153666	7017	0
153666	7018	0
153670	7013	3
153670	7014	0
153670	7015	0
153670	7016	0
153670	7017	0
153670	7018	0
153671	7013	0
153671	7014	0
153671	7015	0
153671	7016	0
153671	7017	0
153671	7018	0
153684	6911	0
153684	6912	0
153684	6913	2
153684	6914	0
153684	6915	0
153684	6916	0
153685	4992	0
153685	4993	0
153685	4994	0
153685	4995	0
153685	4996	3
153685	4997	0
153687	4992	0
153687	4993	0
153687	4994	0
153687	4995	0
153687	4996	0
153687	4997	0
153690	4992	0
153690	4993	0
153690	4994	0
153690	4995	0
153690	4996	0
153690	4997	0
153692	6911	0
153692	6912	0
153692	6913	0
153692	6914	0
153692	6915	0
153692	6916	0
153745	6959	0
153745	6960	0
153745	6961	0
153745	6962	0
153745	6963	0
153745	6964	0
153746	6959	0
153746	6960	1
153746	6961	0
153746	6962	0
153746	6963	1
153746	6964	1
153747	6959	0
153747	6960	0
153747	6961	0
153747	6962	0
153747	6963	0
153747	6964	0
153859	4450	0
153859	4451	0
153859	4452	0
153859	4453	0
153859	4454	1
153859	4455	0
153860	4450	0
153860	4451	2
153860	4452	0
153860	4453	0
153860	4454	0
153860	4455	0
154839	5495	0
154839	5496	0
154839	5497	0
154839	5498	2
154839	5499	0
154839	5500	2
154840	5495	0
154840	5496	0
154840	5497	0
154840	5498	0
154840	5499	0
154840	5500	0
154841	5495	0
154841	5496	0
154841	5497	0
154841	5498	0
154841	5499	1
154841	5500	0
154842	4356	0
154842	4357	0
154842	4358	0
154842	4359	0
154842	4360	0
154842	4361	0
154843	4356	0
154843	4357	0
154843	4358	0
154843	4359	0
154843	4360	0
154843	4361	0
154844	4356	0
154844	4357	0
154844	4358	0
154844	4359	0
154844	4360	0
154844	4361	2
154848	3998	0
154848	3999	0
154848	4000	1
154848	4001	1
154848	4002	3
154848	4003	0
154849	3998	1
154849	3999	0
154849	4000	7
154849	4001	0
154849	4002	2
154849	4003	2
154850	3723	0
154850	3724	0
154850	3725	0
154850	3726	0
154850	3727	0
154850	3728	0
154851	3723	0
154851	3724	0
154851	3725	0
154851	3726	2
154851	3727	0
154851	3728	0
154852	3723	0
154852	3724	2
154852	3725	0
154852	3726	0
154852	3727	0
154852	3728	0
154866	5411	0
154866	5412	0
154866	5413	0
154866	5414	0
154866	5415	0
154866	5416	1
154867	4527	0
154867	4528	0
154867	4529	0
154867	4530	0
154867	4531	0
154867	4532	0
154872	2931	0
154872	2932	2
154872	2933	0
154872	2934	0
154872	2935	0
154872	2936	3
154873	4245	0
154873	4246	0
154873	4247	0
154873	4248	0
154873	4249	0
154873	4250	0
154926	5166	2
154926	5167	0
154926	5168	0
154926	5169	2
154926	5170	2
154926	5171	0
154930	5730	1
154930	5731	0
154930	5732	0
154930	5733	0
154930	5734	0
154930	5735	0
154935	5730	0
154935	5731	0
154935	5732	0
154935	5733	0
154935	5734	0
154935	5735	0
155025	3687	0
155025	3688	0
155025	3689	0
155025	3690	0
155025	3691	0
155025	3692	0
155042	5088	0
155042	5089	0
155042	5090	0
155042	5091	3
155042	5092	0
155042	5093	0
155074	5940	0
155074	5941	0
155074	5942	0
155074	5943	0
155074	5944	0
155074	5945	0
155090	4974	0
155090	4975	1
155090	4976	0
155090	4977	0
155090	4978	0
155090	4979	0
155112	6605	0
155112	6606	0
155112	6607	1
155112	6608	0
155112	6609	0
155112	6610	1
155121	4004	0
155121	4005	0
155121	4006	0
155121	4007	0
155121	4008	0
155121	4009	0
155189	4245	0
155189	4246	0
155189	4247	0
155189	4248	0
155189	4249	0
155189	4250	0
155191	5088	0
155191	5089	0
155191	5090	0
155191	5091	2
155191	5092	0
155191	5093	0
155205	3687	0
155205	3688	0
155205	3689	0
155205	3690	0
155205	3691	0
155205	3692	0
155212	6983	0
155212	6984	0
155212	6985	0
155212	6986	0
155212	6987	0
155212	6988	5
155214	6983	0
155214	6984	0
155214	6985	0
155214	6986	0
155214	6987	0
155214	6988	0
155217	2931	0
155217	2932	0
155217	2933	0
155217	2934	0
155217	2935	0
155217	2936	0
155219	5940	0
155219	5941	0
155219	5942	0
155219	5943	0
155219	5944	0
155219	5945	0
155221	6605	1
155221	6606	0
155221	6607	0
155221	6608	0
155221	6609	0
155221	6610	0
155244	7013	4
155244	7014	0
155244	7015	2
155244	7016	0
155244	7017	1
155244	7018	0
155257	5088	0
155257	5089	0
155257	5090	0
155257	5091	0
155257	5092	0
155257	5093	0
155545	6983	0
155545	6984	0
155545	6985	0
155545	6986	0
155545	6987	0
155545	6988	0
155547	2931	2
155547	2932	2
155547	2933	0
155547	2934	0
155547	2935	0
155547	2936	0
155567	4605	0
155567	4606	0
155567	4607	0
155567	4608	1
155567	4609	0
155567	4610	1
155568	4605	0
155568	4606	0
155568	4607	0
155568	4608	0
155568	4609	0
155568	4610	0
155569	4605	0
155569	4606	0
155569	4607	0
155569	4608	0
155569	4609	0
155569	4610	3
155583	3093	1
155583	3094	1
155583	3095	1
155583	3096	0
155583	3097	0
155583	3098	0
155606	5166	0
155606	5167	2
155606	5168	0
155606	5169	0
155606	5170	0
155606	5171	0
155608	3687	4
155608	3688	0
155608	3689	0
155608	3690	0
155608	3691	0
155608	3692	0
155618	4245	2
155618	4246	0
155618	4247	0
155618	4248	0
155618	4249	0
155618	4250	0
155620	2829	6
155620	2830	2
155620	2831	0
155620	2832	0
155620	2833	0
155620	2834	0
155621	2829	2
155621	2830	0
155621	2831	0
155621	2832	0
155621	2833	0
155621	2834	0
155622	2829	4
155622	2830	1
155622	2831	0
155622	2832	2
155622	2833	0
155622	2834	0
155623	4629	0
155623	4630	0
155623	4631	1
155623	4632	0
155623	4633	0
155623	4634	0
155625	4629	0
155625	4630	0
155625	4631	0
155625	4632	0
155625	4633	0
155625	4634	0
155627	4629	0
155627	4630	0
155627	4631	0
155627	4632	0
155627	4633	0
155627	4634	0
155628	6042	0
155628	6043	0
155628	6044	1
155628	6045	0
155628	6046	1
155628	6047	0
155629	6042	0
155629	6043	0
155629	6044	0
155629	6045	0
155629	6046	0
155629	6047	0
155630	6042	0
155630	6043	0
155630	6044	0
155630	6045	0
155630	6046	0
155630	6047	0
155655	5166	0
155655	5167	0
155655	5168	0
155655	5169	0
155655	5170	0
155655	5171	0
155784	6605	0
155784	6606	0
155784	6607	0
155784	6608	0
155784	6609	0
155784	6610	0
155786	3867	0
155786	3868	8
155786	3869	0
155786	3870	0
155786	3871	0
155786	3872	4
155787	6012	0
155787	6013	1
155787	6014	1
155787	6015	1
155787	6016	3
155787	6017	0
155788	5940	0
155788	5941	0
155788	5942	0
155788	5943	0
155788	5944	0
155788	5945	0
155793	7454	2
155793	7455	0
155793	7456	0
155793	7457	0
155793	7458	2
155793	7459	0
155794	7454	0
155794	7455	0
155794	7456	0
155794	7457	0
155794	7458	0
155794	7459	3
155797	6851	1
155797	6852	0
155797	6853	0
155797	6854	1
155797	6855	0
155797	6856	0
155798	6851	0
155798	6852	0
155798	6853	0
155798	6854	0
155798	6855	0
155798	6856	0
155960	5976	2
155960	5977	1
155960	5978	0
155960	5979	2
155960	5980	0
155960	5981	0
155961	5976	2
155961	5977	0
155961	5978	0
155961	5979	2
155961	5980	2
155961	5981	0
155962	5976	0
155962	5977	0
155962	5978	0
155962	5979	1
155962	5980	0
155962	5981	0
156062	5321	0
156062	5322	0
156062	5323	0
156062	5324	1
156062	5325	0
156062	5326	0
156064	5321	0
156064	5322	0
156064	5323	0
156064	5324	0
156064	5325	0
156064	5326	0
156065	5321	0
156065	5322	0
156065	5323	0
156065	5324	0
156065	5325	0
156065	5326	0
156106	6252	0
156106	6253	0
156106	6254	0
156106	6255	0
156106	6256	0
156106	6257	0
156112	6252	0
156112	6253	0
156112	6254	0
156112	6255	2
156112	6256	0
156112	6257	1
156115	6252	0
156115	6253	0
156115	6254	0
156115	6255	2
156115	6256	0
156115	6257	0
156121	5297	1
156121	5298	1
156121	5299	0
156121	5300	0
156121	5301	0
156121	5302	0
156122	5297	0
156122	5298	0
156122	5299	0
156122	5300	0
156122	5301	0
156122	5302	0
156123	5297	0
156123	5298	0
156123	5299	0
156123	5300	0
156123	5301	0
156123	5302	0
156124	3093	0
156124	3094	0
156124	3095	0
156124	3096	0
156124	3097	0
156124	3098	0
156348	6605	0
156348	6606	0
156348	6607	1
156348	6608	0
156348	6609	0
156348	6610	1
156349	6605	1
156349	6606	0
156349	6607	0
156349	6608	0
156349	6609	0
156349	6610	0
156350	6605	0
156350	6606	0
156350	6607	0
156350	6608	0
156350	6609	0
156350	6610	0
156361	6042	0
156361	6043	0
156361	6044	1
156361	6045	0
156361	6046	1
156361	6047	0
156362	6042	0
156362	6043	0
156362	6044	0
156362	6045	0
156362	6046	0
156362	6047	0
156363	6042	0
156363	6043	0
156363	6044	0
156363	6045	0
156363	6046	0
156363	6047	0
156377	5495	0
156377	5496	0
156377	5497	0
156377	5498	2
156377	5499	0
156377	5500	2
156378	5495	0
156378	5496	0
156378	5497	0
156378	5498	0
156378	5499	0
156378	5500	0
156379	5495	0
156379	5496	0
156379	5497	0
156379	5498	0
156379	5499	1
156379	5500	0
156380	4356	0
156380	4357	0
156380	4358	0
156380	4359	0
156380	4360	0
156380	4361	0
156381	4356	0
156381	4357	0
156381	4358	0
156381	4359	0
156381	4360	0
156381	4361	0
156382	4356	0
156382	4357	0
156382	4358	0
156382	4359	0
156382	4360	0
156382	4361	2
156395	4605	0
156395	4606	0
156395	4607	0
156395	4608	1
156395	4609	0
156395	4610	1
156396	4605	0
156396	4606	0
156396	4607	0
156396	4608	0
156396	4609	0
156396	4610	0
156397	4605	0
156397	4606	0
156397	4607	0
156397	4608	0
156397	4609	0
156397	4610	3
156399	6983	0
156399	6984	0
156399	6985	0
156399	6986	0
156399	6987	0
156399	6988	5
156401	6983	0
156401	6984	0
156401	6985	0
156401	6986	0
156401	6987	0
156401	6988	0
156403	6983	0
156403	6984	0
156403	6985	0
156403	6986	0
156403	6987	0
156403	6988	0
156432	6252	0
156432	6253	0
156432	6254	0
156432	6255	0
156432	6256	0
156432	6257	0
156433	5297	1
156433	5298	1
156433	5299	0
156433	5300	0
156433	5301	0
156433	5302	0
156434	6252	0
156434	6253	0
156434	6254	0
156434	6255	2
156434	6256	0
156434	6257	1
156435	5297	0
156435	5298	0
156435	5299	0
156435	5300	0
156435	5301	0
156435	5302	0
156436	6252	0
156436	6253	0
156436	6254	0
156436	6255	2
156436	6256	0
156436	6257	0
156437	5297	0
156437	5298	0
156437	5299	0
156437	5300	0
156437	5301	0
156437	5302	0
156441	5088	0
156441	5089	0
156441	5090	0
156441	5091	3
156441	5092	0
156441	5093	0
156442	5088	0
156442	5089	0
156442	5090	0
156442	5091	2
156442	5092	0
156442	5093	0
156443	5088	0
156443	5089	0
156443	5090	0
156443	5091	0
156443	5092	0
156443	5093	0
156467	2931	2
156467	2932	2
156467	2933	0
156467	2934	0
156467	2935	0
156467	2936	0
156468	2931	0
156468	2932	2
156468	2933	0
156468	2934	0
156468	2935	0
156468	2936	3
156469	2931	0
156469	2932	0
156469	2933	0
156469	2934	0
156469	2935	0
156469	2936	0
156531	3723	0
156531	3724	0
156531	3725	0
156531	3726	0
156531	3727	0
156531	3728	0
156532	3723	0
156532	3724	0
156532	3725	0
156532	3726	2
156532	3727	0
156532	3728	0
156533	3723	0
156533	3724	2
156533	3725	0
156533	3726	0
156533	3727	0
156533	3728	0
156537	5940	0
156537	5941	0
156537	5942	0
156537	5943	0
156537	5944	0
156537	5945	0
156538	3687	0
156538	3688	0
156538	3689	0
156538	3690	0
156538	3691	0
156538	3692	0
156539	5940	0
156539	5941	0
156539	5942	0
156539	5943	0
156539	5944	0
156539	5945	0
156540	3687	4
156540	3688	0
156540	3689	0
156540	3690	0
156540	3691	0
156540	3692	0
156541	5940	0
156541	5941	0
156541	5942	0
156541	5943	0
156541	5944	0
156541	5945	0
156542	2829	6
156542	2830	2
156542	2831	0
156542	2832	0
156542	2833	0
156542	2834	0
156543	2829	2
156543	2830	0
156543	2831	0
156543	2832	0
156543	2833	0
156543	2834	0
156544	2829	4
156544	2830	1
156544	2831	0
156544	2832	2
156544	2833	0
156544	2834	0
156575	5166	2
156575	5167	0
156575	5168	0
156575	5169	2
156575	5170	2
156575	5171	0
156576	5166	0
156576	5167	2
156576	5168	0
156576	5169	0
156576	5170	0
156576	5171	0
156577	5166	0
156577	5167	0
156577	5168	0
156577	5169	0
156577	5170	0
156577	5171	0
156581	4245	0
156581	4246	0
156581	4247	0
156581	4248	0
156581	4249	0
156581	4250	0
156582	4245	0
156582	4246	0
156582	4247	0
156582	4248	0
156582	4249	0
156582	4250	0
156583	4245	2
156583	4246	0
156583	4247	0
156583	4248	0
156583	4249	0
156583	4250	0
156633	4629	0
156633	4630	0
156633	4631	1
156633	4632	0
156633	4633	0
156633	4634	0
156634	4629	0
156634	4630	0
156634	4631	0
156634	4632	0
156634	4633	0
156634	4634	0
156635	4629	0
156635	4630	0
156635	4631	0
156635	4632	0
156635	4633	0
156635	4634	0
156695	5321	0
156695	5322	0
156695	5323	0
156695	5324	1
156695	5325	0
156695	5326	0
156696	5321	0
156696	5322	0
156696	5323	0
156696	5324	0
156696	5325	0
156696	5326	0
156697	5321	0
156697	5322	0
156697	5323	0
156697	5324	0
156697	5325	0
156697	5326	0
156710	5976	2
156710	5977	1
156710	5978	0
156710	5979	2
156710	5980	0
156710	5981	0
156711	5976	0
156711	5977	0
156711	5978	0
156711	5979	1
156711	5980	0
156711	5981	0
156712	5976	2
156712	5977	0
156712	5978	0
156712	5979	2
156712	5980	2
156712	5981	0
156735	6150	0
156735	6151	4
156735	6152	3
156735	6153	8
156735	6154	0
156735	6155	0
156736	3837	0
156736	3838	0
156736	3839	0
156736	3840	0
156736	3841	0
156736	3842	0
156737	6150	3
156737	6151	0
156737	6152	1
156737	6153	0
156737	6154	1
156737	6155	0
156738	6150	1
156738	6151	1
156738	6152	0
156738	6153	1
156738	6154	0
156738	6155	0
156739	3837	0
156739	3838	0
156739	3839	0
156739	3840	0
156739	3841	0
156739	3842	0
156740	3837	0
156740	3838	0
156740	3839	2
156740	3840	0
156740	3841	0
156740	3842	0
156744	6066	0
156744	6067	0
156744	6068	0
156744	6069	0
156744	6070	0
156744	6071	0
156746	6066	0
156746	6067	0
156746	6068	0
156746	6069	0
156746	6070	0
156746	6071	0
156748	6066	0
156748	6067	0
156748	6068	0
156748	6069	0
156748	6070	1
156748	6071	0
156764	3867	0
156764	3868	1
156764	3869	0
156764	3870	0
156764	3871	0
156764	3872	1
156765	6012	0
156765	6013	0
156765	6014	1
156765	6015	0
156765	6016	0
156765	6017	0
156776	4521	0
156776	4522	0
156776	4523	0
156776	4524	0
156776	4525	0
156776	4526	0
156777	4521	0
156777	4522	0
156777	4523	0
156777	4524	0
156777	4525	0
156777	4526	0
156778	4521	0
156778	4522	0
156778	4523	0
156778	4524	0
156778	4525	0
156778	4526	0
156785	6066	0
156785	6067	0
156785	6068	0
156785	6069	0
156785	6070	0
156785	6071	0
156788	6066	0
156788	6067	0
156788	6068	0
156788	6069	0
156788	6070	0
156788	6071	0
156790	6066	0
156790	6067	0
156790	6068	0
156790	6069	0
156790	6070	1
156790	6071	0
156794	4521	0
156794	4522	0
156794	4523	0
156794	4524	0
156794	4525	0
156794	4526	0
156795	4521	0
156795	4522	0
156795	4523	0
156795	4524	0
156795	4525	0
156795	4526	0
156796	4521	0
156796	4522	0
156796	4523	0
156796	4524	0
156796	4525	0
156796	4526	0
156815	6150	3
156815	6151	0
156815	6152	1
156815	6153	0
156815	6154	1
156815	6155	0
156816	3837	0
156816	3838	0
156816	3839	2
156816	3840	0
156816	3841	0
156816	3842	0
156817	6150	1
156817	6151	1
156817	6152	0
156817	6153	1
156817	6154	0
156817	6155	0
156818	3837	0
156818	3838	0
156818	3839	0
156818	3840	0
156818	3841	0
156818	3842	0
156819	3837	0
156819	3838	0
156819	3839	0
156819	3840	0
156819	3841	0
156819	3842	0
156820	6150	0
156820	6151	4
156820	6152	3
156820	6153	8
156820	6154	0
156820	6155	0
156830	3357	0
156830	3358	0
156830	3359	0
156830	3360	0
156830	3361	0
156830	3362	0
156831	3357	0
156831	3358	1
156831	3359	0
156831	3360	0
156831	3361	1
156831	3362	1
156842	2720	2
156842	2721	0
156842	2722	0
156842	2723	0
156842	2724	0
156842	2725	0
156843	2720	0
156843	2721	0
156843	2722	0
156843	2723	0
156843	2724	0
156843	2725	0
156844	2720	0
156844	2721	0
156844	2722	0
156844	2723	0
156844	2724	0
156844	2725	0
156849	4974	0
156849	4975	1
156849	4976	0
156849	4977	0
156849	4978	0
156849	4979	0
156850	4974	0
156850	4975	1
156850	4976	0
156850	4977	0
156850	4978	0
156850	4979	0
156852	5273	0
156852	5274	0
156852	5275	0
156852	5276	0
156852	5277	0
156852	5278	0
156930	4004	0
156930	4005	0
156930	4006	0
156930	4007	0
156930	4008	0
156930	4009	0
156989	4239	0
156989	4240	0
156989	4241	0
156989	4242	0
156989	4243	0
156989	4244	0
156990	4239	0
156990	4240	0
156990	4241	0
156990	4242	0
156990	4243	0
156990	4244	0
156991	4239	0
156991	4240	0
156991	4241	0
156991	4242	0
156991	4243	0
156991	4244	0
156992	4239	0
156992	4240	0
156992	4241	0
156992	4242	0
156992	4243	0
156992	4244	0
156993	4239	0
156993	4240	0
156993	4241	0
156993	4242	0
156993	4243	0
156993	4244	0
156994	4239	0
156994	4240	0
156994	4241	0
156994	4242	0
156994	4243	0
156994	4244	0
157005	2761	0
157005	2762	0
157005	2763	0
157005	2764	0
157005	2765	0
157005	2766	0
157007	2761	0
157007	2762	0
157007	2763	0
157007	2764	0
157007	2765	0
157007	2766	0
157054	3897	0
157054	3898	0
157054	3899	0
157054	3900	2
157054	3901	0
157054	3902	0
157168	5683	0
157168	5684	0
157168	5685	0
157168	5686	0
157168	5687	0
157168	5688	0
157169	5683	0
157169	5684	0
157169	5685	0
157169	5686	0
157169	5687	0
157169	5688	0
157170	5683	0
157170	5684	0
157170	5685	1
157170	5686	0
157170	5687	0
157170	5688	0
157171	3328	1
157171	3329	0
157171	3330	0
157171	3331	0
157171	3332	0
157171	3333	0
157172	3328	0
157172	3329	0
157172	3330	0
157172	3331	0
157172	3332	0
157172	3333	0
157173	3328	0
157173	3329	0
157173	3330	0
157173	3331	0
157173	3332	0
157173	3333	0
157325	6036	0
157325	6037	0
157325	6038	0
157325	6039	1
157325	6040	0
157325	6041	0
157326	2636	0
157326	2637	0
157326	2638	2
157326	2639	0
157326	2640	0
157326	2641	0
157329	3819	0
157329	3820	0
157329	3821	0
157329	3822	0
157329	3823	0
157329	3824	0
157330	3819	0
157330	3820	0
157330	3821	0
157330	3822	0
157330	3823	0
157330	3824	2
157333	3998	0
157333	3999	0
157333	4000	0
157333	4001	0
157333	4002	1
157333	4003	0
157334	3998	0
157334	3999	0
157334	4000	0
157334	4001	0
157334	4002	2
157334	4003	0
157335	3998	0
157335	3999	2
157335	4000	2
157335	4001	1
157335	4002	2
157335	4003	2
157338	3021	0
157338	3022	1
157338	3023	0
157338	3024	0
157338	3025	2
157338	3026	0
157341	3723	0
157341	3724	0
157341	3725	0
157341	3726	0
157341	3727	1
157341	3728	1
157342	5495	0
157342	5496	0
157342	5497	0
157342	5498	0
157342	5499	2
157342	5500	2
157344	5100	2
157344	5101	2
157344	5102	1
157344	5103	3
157344	5104	0
157344	5105	0
157346	5249	0
157346	5250	3
157346	5251	0
157346	5252	3
157346	5253	2
157346	5254	0
157349	5471	0
157349	5472	0
157349	5473	0
157349	5474	0
157349	5475	0
157349	5476	1
157373	6773	0
157373	6775	0
157373	6777	0
157416	5471	0
157416	5472	0
157416	5473	0
157416	5474	0
157416	5475	0
157416	5476	0
157417	4368	0
157417	4369	0
157417	4370	2
157417	4371	0
157418	4368	0
157418	4369	0
157418	4370	0
157418	4371	2
157421	4701	0
157421	4702	0
157421	4703	0
157421	4704	1
157422	4701	0
157422	4702	0
157422	4703	0
157422	4704	0
157423	2636	1
157423	2637	0
157423	2638	0
157423	2639	0
157423	2640	0
157423	2641	0
157424	6036	0
157424	6037	0
157424	6038	0
157424	6039	0
157424	6040	0
157424	6041	0
157438	3021	0
157438	3022	0
157438	3023	0
157438	3024	0
157438	3025	1
157438	3026	0
157457	2937	0
157457	2938	0
157457	2939	0
157457	2940	0
157457	2941	0
157457	2942	1
157458	3045	0
157458	3046	0
157458	3047	1
157458	3048	1
157458	3049	0
157458	3050	0
157460	3045	0
157460	3046	0
157460	3047	0
157460	3048	0
157460	3049	0
157460	3050	0
157502	5471	0
157502	5472	0
157502	5473	1
157502	5474	0
157502	5475	0
157502	5476	0
157516	3387	0
157516	3388	1
157516	3389	0
157516	3390	0
157516	3391	0
157516	3392	0
157517	3387	0
157517	3388	0
157517	3389	0
157517	3390	0
157517	3391	0
157517	3392	0
157518	3387	0
157518	3388	0
157518	3389	0
157518	3390	0
157518	3391	0
157518	3392	0
157553	2877	0
157553	2878	0
157553	2879	0
157553	2880	0
157553	2881	0
157553	2882	0
157554	2877	0
157554	2878	0
157554	2879	0
157554	2880	0
157554	2881	0
157554	2882	0
157555	4527	0
157555	4528	0
157555	4529	0
157555	4530	0
157555	4531	0
157555	4532	0
157567	4527	0
157567	4528	0
157567	4529	0
157567	4530	0
157567	4531	0
157567	4532	2
157568	5411	0
157568	5412	0
157568	5413	1
157568	5414	0
157568	5415	0
157568	5416	0
157569	5411	0
157569	5412	0
157569	5413	0
157569	5414	0
157569	5415	0
157569	5416	0
157579	2937	0
157579	2938	0
157579	2939	0
157579	2940	0
157579	2941	0
157579	2942	0
157580	3045	0
157580	3046	0
157580	3047	0
157580	3048	0
157580	3049	0
157580	3050	0
157581	6036	0
157581	6037	0
157581	6038	0
157581	6039	1
157581	6040	1
157581	6041	2
157611	2636	0
157611	2637	0
157611	2638	0
157611	2639	0
157611	2640	0
157611	2641	0
157623	6773	1
157623	6775	0
157623	6777	1
157627	3021	2
157627	3022	0
157627	3023	0
157627	3024	1
157627	3025	1
157627	3026	1
157669	5154	0
157669	5155	0
157669	5156	0
157669	5157	0
157669	5158	0
157669	5159	1
157670	5154	0
157670	5155	4
157670	5156	0
157670	5157	0
157670	5158	0
157670	5159	0
157685	6408	0
157685	6409	0
157685	6410	1
157685	6411	1
157685	6412	1
157685	6413	0
157686	6408	0
157686	6409	0
157686	6410	0
157686	6411	0
157686	6412	0
157686	6413	1
157687	6408	0
157687	6409	0
157687	6410	0
157687	6411	0
157687	6412	0
157687	6413	0
157711	4788	2
157711	4789	4
157711	4790	0
157711	4791	2
157711	4792	0
157711	4793	0
157712	4788	0
157712	4789	0
157712	4790	0
157712	4791	0
157712	4792	0
157712	4793	0
157713	4788	5
157713	4789	0
157713	4790	21
157713	4791	0
157713	4792	0
157713	4793	0
157714	4456	0
157714	4457	0
157714	4458	0
157714	4459	0
157714	4460	1
157714	4461	0
157715	4456	0
157715	4457	0
157715	4458	0
157715	4459	0
157715	4460	0
157715	4461	0
157720	4456	0
157720	4457	0
157720	4458	0
157720	4459	0
157720	4460	1
157720	4461	0
157732	5579	0
157732	5580	0
157732	5581	0
157732	5582	0
157732	5583	0
157732	5584	0
157733	5579	0
157733	5580	4
157733	5581	0
157733	5582	0
157733	5583	0
157733	5584	0
157877	3998	0
157877	3999	0
157877	4000	1
157877	4001	1
157877	4002	3
157877	4003	0
157879	3998	1
157879	3999	0
157879	4000	7
157879	4001	0
157879	4002	2
157879	4003	2
157880	3998	0
157880	3999	0
157880	4000	0
157880	4001	0
157880	4002	1
157880	4003	0
157881	3998	0
157881	3999	0
157881	4000	0
157881	4001	0
157881	4002	2
157881	4003	0
157882	3998	0
157882	3999	2
157882	4000	2
157882	4001	1
157882	4002	2
157882	4003	2
157910	4974	0
157910	4975	1
157910	4976	0
157910	4977	0
157910	4978	0
157910	4979	0
157911	4974	0
157911	4975	1
157911	4976	0
157911	4977	0
157911	4978	0
157911	4979	0
157912	4974	0
157912	4975	1
157912	4976	0
157912	4977	0
157912	4978	0
157912	4979	0
158624	2901	0
158624	2902	2
158624	2903	2
158624	2904	0
158624	2905	2
158624	2906	0
158626	2901	0
158626	2902	2
158626	2903	2
158626	2904	2
158626	2905	4
158626	2906	0
158628	2901	2
158628	2902	0
158628	2903	2
158628	2904	0
158628	2905	0
158628	2906	0
159006	3357	0
159006	3358	0
159006	3359	0
159006	3360	0
159006	3361	0
159006	3362	0
159007	3357	0
159007	3358	1
159007	3359	0
159007	3360	0
159007	3361	1
159007	3362	1
159009	5579	0
159009	5580	0
159009	5581	0
159009	5582	0
159009	5583	0
159009	5584	0
159014	5579	0
159014	5580	4
159014	5581	0
159014	5582	0
159014	5583	0
159014	5584	0
159015	5154	0
159015	5155	0
159015	5156	0
159015	5157	0
159015	5158	0
159015	5159	1
159019	5154	0
159019	5155	4
159019	5156	0
159019	5157	0
159019	5158	0
159019	5159	0
159164	3741	0
159164	3742	0
159164	3743	0
159164	3744	0
159164	3745	0
159164	3746	0
159165	3741	0
159165	3742	0
159165	3743	0
159165	3744	1
159165	3745	0
159165	3746	0
159166	3741	0
159166	3742	0
159166	3743	0
159166	3744	0
159166	3745	0
159166	3746	0
159169	7383	0
159169	7384	0
159169	7385	1
159169	7386	0
159169	7387	0
159169	7388	0
159170	7383	0
159170	7384	0
159170	7385	0
159170	7386	0
159170	7387	0
159170	7388	0
159171	7520	0
159171	7521	0
159171	7522	0
159171	7523	0
159171	7524	0
159171	7525	0
159172	7520	0
159172	7521	1
159172	7522	0
159172	7523	1
159172	7524	8
159172	7525	0
159173	7383	0
159173	7384	0
159173	7385	0
159173	7386	0
159173	7387	0
159173	7388	2
159174	7520	0
159174	7521	0
159174	7522	0
159174	7523	0
159174	7524	0
159174	7525	0
159194	4992	0
159194	4993	0
159194	4994	0
159194	4995	0
159194	4996	0
159194	4997	0
159195	4992	3
159195	4993	0
159195	4994	0
159195	4995	0
159195	4996	0
159195	4997	0
159196	4992	0
159196	4993	0
159196	4994	1
159196	4995	0
159196	4996	0
159196	4997	0
159200	4992	0
159200	4993	0
159200	4994	1
159200	4995	0
159200	4996	0
159200	4997	0
159201	4992	3
159201	4993	0
159201	4994	0
159201	4995	0
159201	4996	0
159201	4997	0
159202	4992	0
159202	4993	0
159202	4994	0
159202	4995	0
159202	4996	0
159202	4997	0
159210	5495	0
159210	5496	0
159210	5497	0
159210	5498	0
159210	5499	1
159210	5500	0
159211	5495	0
159211	5496	0
159211	5497	1
159211	5498	2
159211	5499	3
159211	5500	0
159212	3723	0
159212	3724	0
159212	3725	0
159212	3726	0
159212	3727	0
159212	3728	0
159213	3723	0
159213	3724	0
159213	3725	0
159213	3726	0
159213	3727	0
159213	3728	0
159223	6234	0
159223	6235	0
159223	6236	0
159223	6237	0
159223	6238	0
159223	6239	0
159228	5778	0
159228	5779	0
159228	5780	0
159228	5781	0
159228	5782	0
159228	5783	0
159230	2618	0
159230	2619	0
159230	2620	0
159230	2621	0
159230	2622	0
159230	2623	0
159250	3165	1
159250	3166	2
159250	3167	0
159250	3168	0
159250	3169	0
159250	3170	0
159256	7287	0
159256	7288	4
159256	7289	1
159256	7290	0
159256	7291	0
159256	7292	2
159260	6102	0
159260	6103	0
159260	6104	0
159260	6105	0
159260	6106	0
159260	6107	0
159265	6282	1
159265	6283	0
159265	6284	0
159265	6285	2
159265	6286	0
159265	6287	0
159268	7007	0
159268	7008	0
159268	7009	0
159268	7010	0
159268	7011	0
159268	7012	0
159269	5850	0
159269	5851	0
159269	5852	0
159269	5853	0
159269	5854	1
159269	5855	0
159275	2684	0
159275	2685	0
159275	2686	0
159275	2687	0
159275	2688	0
159275	2689	0
159348	5537	0
159348	5538	1
159348	5539	0
159348	5540	0
159348	5541	0
159348	5542	0
159349	5537	0
159349	5538	0
159349	5539	0
159349	5540	0
159349	5541	0
159349	5542	0
159350	5537	0
159350	5538	0
159350	5539	0
159350	5540	0
159350	5541	0
159350	5542	0
159400	5802	0
159400	5803	0
159400	5804	0
159400	5805	0
159400	5806	0
159400	5807	0
159401	5802	0
159401	5803	0
159401	5804	0
159401	5805	0
159401	5806	0
159401	5807	0
159424	2744	1
159424	2745	1
159424	2746	0
159424	2747	0
159424	2748	0
159424	2749	0
159434	2618	1
159434	2619	0
159434	2620	0
159434	2621	0
159434	2622	0
159434	2623	0
159438	6282	0
159438	6283	0
159438	6284	0
159438	6285	0
159438	6286	0
159438	6287	0
159439	7287	2
159439	7288	0
159439	7289	2
159439	7290	2
159439	7291	0
159439	7292	0
159458	6234	5
159458	6235	0
159458	6236	0
159458	6237	0
159458	6238	0
159458	6239	0
159460	5778	0
159460	5779	0
159460	5780	1
159460	5781	1
159460	5782	1
159460	5783	0
159473	6102	1
159473	6103	0
159473	6104	0
159473	6105	0
159473	6106	0
159473	6107	0
159481	6282	0
159481	6283	0
159481	6284	0
159481	6285	0
159481	6286	0
159481	6287	0
159482	7287	0
159482	7288	0
159482	7289	1
159482	7290	0
159482	7291	0
159482	7292	0
159506	2618	0
159506	2619	0
159506	2620	0
159506	2621	0
159506	2622	0
159506	2623	0
159509	6234	0
159509	6235	0
159509	6236	0
159509	6237	0
159509	6238	0
159509	6239	0
159556	5802	0
159556	5803	0
159556	5804	0
159556	5805	0
159556	5806	0
159556	5807	5
159558	3165	0
159558	3166	0
159558	3167	0
159558	3168	0
159558	3169	0
159558	3170	0
159559	3165	0
159559	3166	0
159559	3167	0
159559	3168	0
159559	3169	0
159559	3170	0
159575	5778	0
159575	5779	0
159575	5780	0
159575	5781	0
159575	5782	0
159575	5783	0
159684	2877	0
159684	2878	0
159684	2879	0
159684	2880	0
159684	2881	1
159684	2882	0
159691	3633	0
159691	3634	0
159691	3635	0
159691	3636	0
159691	3637	0
159691	3638	0
159692	3633	0
159692	3634	0
159692	3635	0
159692	3636	0
159692	3637	0
159692	3638	0
159693	3633	0
159693	3634	0
159693	3635	0
159693	3636	1
159693	3637	8
159693	3638	0
159694	7341	0
159694	7342	0
159694	7343	2
159694	7344	0
159694	7345	0
159694	7346	0
159698	4356	0
159698	4357	0
159698	4358	2
159698	4359	0
159698	4360	0
159698	4361	0
159699	4356	0
159699	4357	0
159699	4358	2
159699	4359	0
159699	4360	0
159699	4361	0
159700	4356	0
159700	4357	0
159700	4358	0
159700	4359	0
159700	4360	0
159700	4361	0
159701	4356	0
159701	4357	0
159701	4358	0
159701	4359	0
159701	4360	0
159701	4361	0
159703	4356	0
159703	4357	0
159703	4358	0
159703	4359	0
159703	4360	0
159703	4361	1
159704	4356	0
159704	4357	0
159704	4358	0
159704	4359	0
159704	4360	0
159704	4361	1
159748	7007	0
159748	7008	2
159748	7009	0
159748	7010	0
159748	7011	0
159748	7012	0
159749	5850	0
159749	5851	0
159749	5852	0
159749	5853	0
159749	5854	0
159749	5855	0
159750	7007	0
159750	7008	0
159750	7009	0
159750	7010	0
159750	7011	0
159750	7012	0
159751	5850	0
159751	5851	0
159751	5852	0
159751	5853	0
159751	5854	0
159751	5855	0
159808	3147	0
159808	3148	0
159808	3149	1
159808	3150	0
159808	3151	1
159808	3152	1
159809	3147	0
159809	3148	0
159809	3149	0
159809	3150	0
159809	3151	0
159809	3152	0
159828	7341	0
159828	7342	0
159828	7343	0
159828	7344	0
159828	7345	0
159828	7346	0
159829	7341	0
159829	7342	0
159829	7343	0
159829	7344	0
159829	7345	0
159829	7346	0
159864	2744	0
159864	2745	0
159864	2746	0
159864	2747	0
159864	2748	0
159864	2749	0
159865	2744	0
159865	2745	0
159865	2746	0
159865	2747	0
159865	2748	0
159865	2749	0
159890	2901	0
159890	2902	2
159890	2903	2
159890	2904	0
159890	2905	2
159890	2906	0
159891	2901	0
159891	2902	2
159891	2903	2
159891	2904	2
159891	2905	4
159891	2906	0
159892	2901	2
159892	2902	0
159892	2903	2
159892	2904	0
159892	2905	0
159892	2906	0
159990	4157	0
159990	4158	1
159990	4159	0
159990	4160	1
159990	4161	2
159990	4162	0
159991	4157	2
159991	4158	0
159991	4159	0
159991	4160	0
159991	4161	0
159991	4162	0
160118	6911	0
160118	6912	0
160118	6913	0
160118	6914	0
160118	6915	2
160118	6916	0
160119	6911	1
160119	6912	0
160119	6913	0
160119	6914	0
160119	6915	0
160119	6916	1
160120	6911	1
160120	6912	0
160120	6913	0
160120	6914	0
160120	6915	0
160120	6916	1
160124	6911	0
160124	6912	0
160124	6913	0
160124	6914	0
160124	6915	0
160124	6916	0
160125	6911	0
160125	6912	0
160125	6913	0
160125	6914	0
160125	6915	0
160125	6916	0
160152	5088	0
160152	5089	0
160152	5090	0
160152	5091	0
160152	5092	0
160152	5093	0
160154	5940	0
160154	5941	0
160154	5942	0
160154	5943	0
160154	5944	0
160154	5945	0
160155	3093	0
160155	3094	0
160155	3095	0
160155	3096	0
160155	3097	0
160155	3098	0
160156	4004	0
160156	4005	0
160156	4006	0
160156	4007	0
160156	4008	0
160156	4009	0
160157	3687	0
160157	3688	0
160157	3689	0
160157	3690	0
160157	3691	0
160157	3692	0
160160	7670	0
160160	7671	0
160160	7672	0
160160	7673	0
160160	7674	0
160160	7675	0
160172	2829	0
160172	2830	0
160172	2831	0
160172	2832	0
160172	2833	0
160172	2834	0
160175	6983	0
160175	6984	0
160175	6985	0
160175	6986	0
160175	6987	0
160175	6988	0
160177	4629	2
160177	4630	0
160177	4631	0
160177	4632	0
160177	4633	0
160177	4634	0
160190	5976	0
160190	5977	0
160190	5978	0
160190	5979	1
160190	5980	9
160190	5981	1
160193	2895	0
160193	2896	0
160193	2897	0
160193	2898	0
160193	2899	0
160193	2900	2
160194	3328	0
160194	3329	0
160194	3330	1
160194	3331	0
160194	3332	1
160194	3333	0
160195	3328	0
160195	3329	0
160195	3330	0
160195	3331	0
160195	3332	0
160195	3333	0
160200	3328	0
160200	3329	0
160200	3330	0
160200	3331	0
160200	3332	0
160200	3333	0
160202	5683	0
160202	5684	0
160202	5685	0
160202	5686	0
160202	5687	0
160202	5688	0
160205	6959	0
160205	6960	1
160205	6961	0
160205	6962	0
160205	6963	0
160205	6964	0
160206	6959	0
160206	6960	0
160206	6961	0
160206	6962	0
160206	6963	0
160206	6964	0
160212	4004	0
160212	4005	0
160212	4006	1
160212	4007	0
160212	4008	0
160212	4009	0
160267	5088	0
160267	5089	1
160267	5090	0
160267	5091	1
160267	5092	0
160267	5093	0
160271	7120	0
160271	7121	0
160271	7122	2
160271	7123	0
160271	7124	0
160271	7125	0
160274	7120	0
160274	7121	1
160274	7122	0
160274	7123	0
160274	7124	0
160274	7125	0
160275	3093	0
160275	3094	2
160275	3095	0
160275	3096	0
160275	3097	0
160275	3098	0
160277	5940	0
160277	5941	0
160277	5942	0
160277	5943	0
160277	5944	0
160277	5945	2
160293	3687	0
160293	3688	0
160293	3689	0
160293	3690	0
160293	3691	0
160293	3692	0
160294	2829	2
160294	2830	0
160294	2831	1
160294	2832	1
160294	2833	0
160294	2834	0
160297	6461	0
160297	6462	0
160297	6463	0
160297	6464	0
160297	6465	0
160297	6466	0
160298	6461	0
160298	6462	0
160298	6463	0
160298	6464	0
160298	6465	0
160298	6466	0
160305	6252	0
160305	6253	0
160305	6254	1
160305	6255	0
160305	6256	0
160305	6257	0
160309	7670	0
160309	7671	0
160309	7672	0
160309	7673	0
160309	7674	0
160309	7675	0
160311	3819	0
160311	3820	0
160311	3821	0
160311	3822	0
160311	3823	0
160311	3824	0
160313	3819	0
160313	3820	0
160313	3821	0
160313	3822	0
160313	3823	0
160313	3824	0
160315	5297	0
160315	5298	0
160315	5299	0
160315	5300	0
160315	5301	0
160315	5302	0
160319	4450	0
160319	4451	1
160319	4452	0
160319	4453	0
160319	4454	0
160319	4455	0
160327	5411	0
160327	5412	0
160327	5413	1
160327	5414	0
160327	5415	0
160327	5416	0
160328	4527	0
160328	4528	0
160328	4529	0
160328	4530	0
160328	4531	0
160328	4532	0
160330	2720	0
160330	2721	0
160330	2722	0
160330	2723	0
160330	2724	0
160330	2725	0
160331	4629	0
160331	4630	0
160331	4631	0
160331	4632	0
160331	4633	0
160331	4634	0
160337	2931	0
160337	2932	1
160337	2933	1
160337	2934	1
160337	2935	0
160337	2936	0
160338	4527	0
160338	4528	0
160338	4529	0
160338	4530	0
160338	4531	0
160338	4532	0
160339	5411	0
160339	5412	0
160339	5413	0
160339	5414	25
160339	5415	0
160339	5416	0
160346	5088	0
160346	5089	0
160346	5090	0
160346	5091	0
160346	5092	0
160346	5093	0
160354	4004	0
160354	4005	0
160354	4006	0
160354	4007	0
160354	4008	0
160354	4009	0
160358	7670	2
160358	7671	3
160358	7672	4
160358	7673	0
160358	7674	0
160358	7675	0
160372	5976	0
160372	5977	2
160372	5978	2
160372	5979	0
160372	5980	1
160372	5981	2
160377	4521	0
160377	4522	0
160377	4523	0
160377	4524	0
160377	4525	0
160377	4526	0
160378	4521	0
160378	4522	0
160378	4523	0
160378	4524	1
160378	4525	0
160378	4526	0
160379	4521	0
160379	4522	0
160379	4523	0
160379	4524	0
160379	4525	0
160379	4526	0
160391	3093	1
160391	3094	1
160391	3095	3
160391	3096	0
160391	3097	1
160391	3098	0
160399	5411	0
160399	5412	0
160399	5413	1
160399	5414	0
160399	5415	0
160399	5416	0
160405	6252	0
160405	6253	0
160405	6254	0
160405	6255	0
160405	6256	0
160405	6257	0
160406	6252	0
160406	6253	0
160406	6254	3
160406	6255	0
160406	6256	0
160406	6257	0
160407	5297	0
160407	5298	0
160407	5299	0
160407	5300	0
160407	5301	0
160407	5302	0
160409	3357	0
160409	3358	0
160409	3359	0
160409	3360	0
160409	3361	0
160409	3362	0
160410	3357	0
160410	3358	1
160410	3359	1
160410	3360	0
160410	3361	0
160410	3362	1
160418	3819	0
160418	3820	0
160418	3821	0
160418	3822	0
160418	3823	0
160418	3824	0
160424	7120	0
160424	7121	0
160424	7122	0
160424	7123	0
160424	7124	0
160424	7125	0
160437	5940	0
160437	5941	1
160437	5942	0
160437	5943	0
160437	5944	0
160437	5945	0
160438	3687	0
160438	3688	0
160438	3689	0
160438	3690	0
160438	3691	0
160438	3692	0
160439	2829	1
160439	2830	1
160439	2831	0
160439	2832	0
160439	2833	0
160439	2834	0
160447	6042	0
160447	6043	0
160447	6044	0
160447	6045	0
160447	6046	1
160447	6047	0
160448	6042	0
160448	6043	0
160448	6044	0
160448	6045	0
160448	6046	0
160448	6047	0
160449	6042	0
160449	6043	0
160449	6044	0
160449	6045	0
160449	6046	0
160449	6047	0
160459	6150	0
160459	6151	0
160459	6152	0
160459	6153	0
160459	6154	0
160459	6155	0
160460	3837	3
160460	3838	0
160460	3839	0
160460	3840	0
160460	3841	0
160460	3842	0
160461	6150	1
160461	6151	0
160461	6152	0
160461	6153	3
160461	6154	3
160461	6155	0
160462	3837	0
160462	3838	0
160462	3839	0
160462	3840	0
160462	3841	0
160462	3842	1
160463	6150	1
160463	6151	2
160463	6152	0
160463	6153	1
160463	6154	0
160463	6155	0
160464	3837	0
160464	3838	0
160464	3839	0
160464	3840	0
160464	3841	0
160464	3842	0
160467	4629	0
160467	4630	0
160467	4631	0
160467	4632	0
160467	4633	1
160467	4634	0
160469	6461	0
160469	6462	0
160469	6463	0
160469	6464	0
160469	6465	8
160469	6466	0
160471	2931	0
160471	2932	0
160471	2933	0
160471	2934	0
160471	2935	0
160471	2936	0
160494	6066	0
160494	6067	0
160494	6068	0
160494	6069	0
160494	6070	0
160494	6071	0
160496	6066	0
160496	6067	0
160496	6068	1
160496	6069	1
160496	6070	0
160496	6071	0
160498	6066	0
160498	6067	0
160498	6068	2
160498	6069	0
160498	6070	0
160498	6071	0
160529	6983	0
160529	6984	0
160529	6985	0
160529	6986	0
160529	6987	0
160529	6988	0
160531	6983	0
160531	6984	0
160531	6985	0
160531	6986	0
160531	6987	0
160531	6988	0
160551	5321	0
160551	5322	0
160551	5323	0
160551	5324	0
160551	5325	1
160551	5326	0
160552	5321	0
160552	5322	0
160552	5323	0
160552	5324	0
160552	5325	0
160552	5326	0
160553	5321	0
160553	5322	0
160553	5323	0
160553	5324	0
160553	5325	0
160553	5326	0
160566	4245	0
160566	4246	0
160566	4247	0
160566	4248	2
160566	4249	0
160566	4250	0
160568	4245	0
160568	4246	0
160568	4247	0
160568	4248	0
160568	4249	0
160568	4250	0
160570	4245	1
160570	4246	0
160570	4247	0
160570	4248	0
160570	4249	0
160570	4250	0
160574	4605	0
160574	4606	0
160574	4607	0
160574	4608	0
160574	4609	0
160574	4610	0
160577	4605	0
160577	4606	0
160577	4607	0
160577	4608	0
160577	4609	0
160577	4610	0
160599	2761	0
160599	2762	0
160599	2763	0
160599	2764	0
160599	2765	0
160599	2766	0
160601	2761	0
160601	2762	0
160601	2763	0
160601	2764	0
160601	2765	1
160601	2766	0
160603	2761	0
160603	2762	0
160603	2763	0
160603	2764	0
160603	2765	0
160603	2766	0
160604	5166	0
160604	5167	0
160604	5168	0
160604	5169	0
160604	5170	0
160604	5171	0
160605	5166	0
160605	5167	0
160605	5168	0
160605	5169	0
160605	5170	0
160605	5171	0
160606	5166	0
160606	5167	0
160606	5168	0
160606	5169	0
160606	5170	0
160606	5171	0
160629	4974	0
160629	4975	0
160629	4976	0
160629	4977	0
160629	4978	0
160629	4979	0
160630	4974	0
160630	4975	0
160630	4976	0
160630	4977	0
160630	4978	0
160630	4979	0
160631	4974	0
160631	4975	0
160631	4976	0
160631	4977	0
160631	4978	0
160631	4979	0
160666	3998	1
160666	3999	0
160666	4000	2
160666	4001	0
160666	4002	6
160666	4003	0
160667	3998	1
160667	3999	0
160667	4000	2
160667	4001	0
160667	4002	6
160667	4003	0
160668	3998	0
160668	3999	1
160668	4000	2
160668	4001	0
160668	4002	3
160668	4003	1
160669	3998	0
160669	3999	1
160669	4000	2
160669	4001	0
160669	4002	3
160669	4003	1
160670	3998	0
160670	3999	0
160670	4000	0
160670	4001	0
160670	4002	2
160670	4003	0
160671	3998	0
160671	3999	0
160671	4000	0
160671	4001	0
160671	4002	2
160671	4003	0
160694	5297	0
160694	5298	1
160694	5299	0
160694	5300	0
160694	5301	0
160694	5302	0
160727	7013	0
160727	7014	0
160727	7015	0
160727	7016	0
160727	7017	0
160727	7018	0
160822	6006	2
160822	6007	0
160822	6008	0
160822	6009	0
160822	6010	0
160822	6011	0
160823	6006	0
160823	6007	0
160823	6008	0
160823	6009	0
160823	6010	0
160823	6011	1
160824	6006	1
160824	6007	0
160824	6008	0
160824	6009	0
160824	6010	0
160824	6011	0
160866	5495	0
160866	5496	0
160866	5497	0
160866	5498	1
160866	5499	0
160866	5500	0
160867	3741	0
160867	3742	0
160867	3743	0
160867	3744	0
160867	3745	0
160867	3746	0
160887	6959	0
160887	6960	0
160887	6961	0
160887	6962	0
160887	6963	0
160887	6964	0
160920	5471	0
160920	5472	0
160920	5473	0
160920	5474	0
160920	5475	0
160920	5476	0
160942	3021	0
160942	3022	0
160942	3023	0
160942	3024	1
160942	3025	0
160942	3026	0
160953	6773	0
160953	6775	0
160953	6777	0
160955	6851	0
160955	6852	0
160955	6853	0
160955	6854	0
160955	6855	0
160955	6856	0
160962	2636	0
160962	2637	0
160962	2638	0
160962	2639	1
160962	2640	0
160962	2641	0
160969	3741	0
160969	3742	0
160969	3743	0
160969	3744	0
160969	3745	0
160969	3746	0
160976	5730	0
160976	5731	0
160976	5732	0
160976	5733	0
160976	5734	0
160976	5735	0
160990	5471	0
160990	5472	0
160990	5473	0
160990	5474	0
160990	5475	0
160990	5476	0
160993	7311	6
160993	7312	0
160993	7313	0
160993	7314	0
160993	7315	0
160993	7316	0
160998	6959	0
160998	6960	0
160998	6961	0
160998	6962	0
160998	6963	0
160998	6964	0
161017	3021	0
161017	3022	0
161017	3023	3
161017	3024	0
161017	3025	0
161017	3026	0
161028	7311	2
161028	7312	0
161028	7313	0
161028	7314	0
161028	7315	0
161028	7316	0
161031	4163	0
161031	4164	0
161031	4165	0
161031	4166	0
161031	4167	0
161031	4168	0
161035	6851	0
161035	6852	0
161035	6853	0
161035	6854	0
161035	6855	0
161035	6856	0
161037	6773	0
161037	6774	0
161037	6775	0
161037	6776	0
161037	6777	0
161037	6778	0
161038	4163	0
161038	4164	0
161038	4165	2
161038	4166	0
161038	4167	0
161038	4168	0
161044	5495	0
161044	5496	0
161044	5497	0
161044	5498	0
161044	5499	0
161044	5500	2
161045	2636	0
161045	2637	0
161045	2638	0
161045	2639	0
161045	2640	0
161045	2641	0
161048	3741	0
161048	3742	0
161048	3743	0
161048	3744	0
161048	3745	0
161048	3746	0
161118	2877	0
161118	2878	0
161118	2879	0
161118	2880	0
161118	2881	0
161118	2882	0
161119	2877	0
161119	2878	0
161119	2879	0
161119	2880	0
161119	2881	0
161119	2882	0
161120	2877	0
161120	2878	0
161120	2879	0
161120	2880	0
161120	2881	0
161120	2882	0
161127	5537	0
161127	5538	0
161127	5539	0
161127	5540	0
161127	5541	0
161127	5542	0
161128	5537	0
161128	5538	0
161128	5539	0
161128	5540	0
161128	5541	0
161128	5542	0
161129	5537	0
161129	5538	0
161129	5539	0
161129	5540	0
161129	5541	0
161129	5542	0
161132	5579	0
161132	5580	1
161132	5581	0
161132	5582	0
161132	5583	0
161132	5584	0
161133	5579	0
161133	5580	0
161133	5581	0
161133	5582	0
161133	5583	0
161133	5584	0
161134	5579	0
161134	5580	0
161134	5581	0
161134	5582	0
161134	5583	1
161134	5584	0
161157	5154	0
161157	5155	0
161157	5156	0
161157	5157	0
161157	5158	0
161157	5159	0
161158	5154	0
161158	5155	0
161158	5156	1
161158	5157	0
161158	5158	0
161158	5159	0
161161	6851	0
161161	6852	0
161161	6853	0
161161	6854	0
161161	6855	0
161161	6856	0
161168	5154	0
161168	5155	0
161168	5156	0
161168	5157	0
161168	5158	2
161168	5159	0
161169	5154	0
161169	5155	0
161169	5156	2
161169	5157	0
161169	5158	2
161169	5159	0
161170	2636	0
161170	2637	0
161170	2638	0
161170	2639	0
161170	2640	0
161170	2641	0
161171	5495	0
161171	5496	1
161171	5497	0
161171	5498	0
161171	5499	0
161171	5500	4
161175	4163	0
161175	4164	0
161175	4165	0
161175	4166	0
161175	4167	0
161175	4168	0
161180	7311	0
161180	7312	0
161180	7313	0
161180	7314	0
161180	7315	0
161180	7316	0
161188	3021	0
161188	3022	0
161188	3023	0
161188	3024	0
161188	3025	0
161188	3026	0
161197	7520	0
161197	7521	0
161197	7522	0
161197	7523	0
161197	7524	0
161197	7525	0
161198	7383	0
161198	7384	0
161198	7385	0
161198	7386	0
161198	7387	0
161198	7388	0
161199	7383	0
161199	7384	0
161199	7385	0
161199	7386	0
161199	7387	0
161199	7388	0
161200	7520	0
161200	7521	0
161200	7522	1
161200	7523	0
161200	7524	0
161200	7525	0
161209	4456	0
161209	4457	0
161209	4458	0
161209	4459	0
161209	4460	0
161209	4461	1
161217	6701	0
161217	6702	0
161217	6703	0
161217	6704	0
161217	6705	0
161217	6706	0
161218	6701	0
161218	6702	0
161218	6703	0
161218	6704	0
161218	6705	0
161218	6706	0
161219	6701	1
161219	6702	0
161219	6703	0
161219	6704	0
161219	6705	0
161219	6706	5
161220	5496	0
161220	5497	1
161220	5498	0
161220	5499	2
161220	5500	0
161221	5496	0
161221	5497	1
161221	5498	0
161221	5499	2
161221	5500	0
161222	5495	0
161222	5496	0
161222	5497	0
161222	5498	0
161222	5499	0
161222	5500	1
161223	5495	0
161223	5496	0
161223	5497	0
161223	5498	0
161223	5499	0
161223	5500	1
161224	5495	0
161224	5496	1
161224	5497	2
161224	5498	0
161224	5499	2
161224	5500	0
161225	5495	0
161225	5496	1
161225	5497	2
161225	5498	0
161225	5499	2
161225	5500	0
161226	3723	0
161226	3724	0
161226	3725	0
161226	3726	0
161226	3727	0
161226	3728	1
161227	3723	0
161227	3724	0
161227	3725	0
161227	3726	0
161227	3727	0
161227	3728	1
161228	3723	1
161228	3724	0
161228	3725	0
161228	3726	1
161228	3727	0
161228	3728	0
161229	3723	1
161229	3724	0
161229	3725	0
161229	3726	1
161229	3727	0
161229	3728	0
161230	3723	0
161230	3724	0
161230	3725	0
161230	3726	0
161230	3727	0
161230	3728	0
161231	3723	0
161231	3724	0
161231	3725	0
161231	3726	0
161231	3727	0
161231	3728	0
161269	3147	2
161269	3148	0
161269	3149	0
161269	3150	3
161269	3151	0
161269	3152	0
161279	3147	2
161279	3148	0
161279	3149	0
161279	3150	3
161279	3151	0
161279	3152	0
161320	3387	0
161320	3388	1
161320	3389	0
161320	3390	0
161320	3391	0
161320	3392	0
161321	3387	0
161321	3388	0
161321	3389	0
161321	3390	0
161321	3391	0
161321	3392	0
161322	3387	0
161322	3388	0
161322	3389	0
161322	3390	0
161322	3391	0
161322	3392	0
161777	2618	2
161777	2619	0
161777	2620	0
161777	2621	0
161777	2622	0
161777	2623	2
161923	2684	0
161923	2685	0
161923	2686	1
161923	2687	0
161923	2688	0
161923	2689	0
161924	4356	0
161924	4357	0
161924	4358	0
161924	4359	0
161924	4360	0
161924	4361	0
161933	5273	0
161933	5274	1
161933	5276	0
161933	5277	0
161933	5278	0
161934	5802	1
161934	5803	0
161934	5804	0
161934	5805	0
161934	5806	0
161934	5807	0
161941	4239	0
161941	4240	0
161941	4241	0
161941	4242	0
161941	4243	0
161941	4244	0
161942	4239	0
161942	4240	0
161942	4241	0
161942	4242	0
161942	4243	0
161942	4244	0
161943	4239	0
161943	4240	1
161943	4241	0
161943	4242	0
161943	4243	0
161943	4244	0
161945	5730	0
161945	5731	0
161945	5732	0
161945	5733	6
161945	5734	0
161945	5735	0
161961	5778	0
161961	5779	0
161961	5780	0
161961	5781	0
161961	5782	2
161961	5783	0
161966	6282	0
161966	6283	0
161966	6284	0
161966	6285	0
161966	6286	2
161966	6287	0
161967	7287	2
161967	7288	0
161967	7289	0
161967	7290	0
161967	7291	1
161967	7292	0
