ObservationID	Count
67	0
68	0
69	0
70	0
71	0
72	0
127	0
128	0
129	1
130	0
131	1
132	2
133	0
134	0
135	0
136	0
137	0
138	0
139	0
140	0
141	0
142	0
143	0
144	0
169	0
170	0
171	0
172	0
173	0
174	0
175	0
176	0
177	0
178	0
179	0
180	0
230	1
232	1
233	0
234	0
236	0
238	0
239	0
240	0
253	0
254	0
255	0
256	0
257	0
258	0
259	0
260	0
261	0
262	0
263	0
264	0
313	0
314	0
315	0
316	0
317	0
318	0
331	0
332	0
333	0
334	0
335	0
336	0
427	0
428	2
429	1
430	1
431	0
432	0
439	0
440	0
441	0
442	0
443	0
444	0
463	1
464	0
465	0
466	0
467	0
468	1
469	0
470	0
471	0
472	0
473	0
474	0
475	0
476	0
477	0
478	0
479	0
480	0
481	0
482	0
483	0
484	0
485	0
486	0
511	0
512	0
513	0
514	0
515	0
516	0
517	0
518	0
519	0
520	0
521	0
522	0
523	0
524	0
525	0
526	0
527	0
528	0
529	0
530	1
531	0
532	0
533	0
534	0
585	0
586	0
588	0
597	0
598	0
600	0
667	0
668	0
669	0
670	0
671	0
672	0
697	0
698	0
699	0
700	0
701	0
702	0
805	0
806	0
807	0
808	0
809	0
810	0
811	0
812	0
813	0
814	0
815	0
816	0
865	0
866	0
867	0
868	0
869	1
870	0
871	0
872	0
873	0
874	0
875	3
876	0
943	0
944	0
945	0
946	0
947	0
948	0
949	0
950	0
951	0
952	0
953	1
954	0
973	0
974	0
975	0
976	0
977	0
978	0
997	0
998	0
999	0
1000	0
1001	1
1002	1
1051	1
1052	0
1053	0
1054	0
1055	0
1056	0
1063	0
1064	0
1065	0
1066	0
1067	0
1068	0
1123	1
1124	0
1125	0
1126	0
1127	0
1128	0
1129	0
1130	0
1131	0
1132	0
1133	0
1134	0
1219	0
1220	0
1221	0
1222	0
1223	0
1224	0
1225	0
1226	0
1227	0
1228	0
1229	0
1230	0
1231	0
1232	0
1233	0
1234	0
1235	1
1236	0
1237	0
1238	0
1239	0
1240	0
1241	0
1242	0
1267	0
1268	0
1269	0
1270	0
1271	0
1272	0
1279	0
1280	0
1281	0
1282	0
1283	0
1284	0
1285	1
1286	0
1287	0
1288	0
1289	0
1290	0
1309	0
1310	0
1311	0
1312	0
1313	0
1314	0
1315	0
1316	0
1317	1
1318	0
1319	0
1320	0
1381	0
1382	0
1383	1
1384	0
1385	0
1386	0
1423	0
1424	0
1425	0
1426	0
1427	0
1428	0
1429	0
1430	0
1431	0
1432	0
1433	0
1434	0
1441	0
1442	0
1443	0
1444	0
1445	1
1446	0
1459	0
1460	0
1461	0
1462	0
1463	0
1464	0
1495	0
1496	0
1497	0
1498	0
1499	0
1500	0
1501	0
1502	0
1503	0
1504	0
1505	0
1506	0
1507	0
1508	0
1509	0
1510	0
1511	0
1512	0
1525	0
1526	0
1527	0
1528	0
1529	0
1530	0
1531	1
1532	0
1533	0
1534	0
1535	2
1536	0
1537	0
1538	0
1539	0
1540	0
1541	0
1542	0
1543	0
1544	0
1545	0
1546	0
1547	0
1548	0
1567	0
1568	0
1569	0
1570	0
1571	0
1572	0
1579	0
1580	0
1581	1
1582	1
1583	1
1584	0
1585	0
1586	0
1587	0
1588	0
1589	0
1590	0
1681	0
1682	1
1683	0
1684	1
1685	0
1686	1
1687	0
1688	0
1689	0
1690	0
1691	0
1692	0
1717	1
1718	0
1719	0
1720	0
1721	0
1722	0
1729	0
1730	0
1731	0
1732	0
1733	0
1734	0
1753	0
1754	0
1755	0
1756	0
1757	0
1758	0
1771	0
1772	0
1773	0
1774	0
1775	0
1776	0
1777	1
1778	1
1779	1
1780	0
1781	1
1782	0
1783	0
1784	0
1785	1
1786	0
1787	1
1788	0
1837	0
1838	0
1839	0
1840	0
1841	0
1842	0
1843	0
1844	0
1845	0
1846	0
1847	0
1848	0
1873	0
1874	0
1875	0
1876	0
1877	0
1878	0
1879	0
1880	0
1881	0
1882	0
1883	0
1884	0
1921	0
1922	0
1923	0
1924	0
1925	0
1926	1
1927	0
1928	0
1929	0
1930	0
1931	0
1932	0
1939	0
1940	1
1941	0
1942	0
1943	0
1944	0
1945	0
1946	0
1947	0
1948	0
1949	0
1950	0
1975	0
1976	1
1977	0
1978	0
1979	1
1980	1
1981	1
1982	0
1983	1
1984	0
1985	0
1986	1
1993	0
1994	0
1995	0
1996	0
1997	0
1998	0
2005	0
2006	0
2007	0
2008	0
2009	0
2010	0
2047	0
2048	0
2050	0
2051	0
2052	0
2053	0
2054	0
2056	0
2057	1
2058	0
2083	0
2084	0
2085	0
2086	0
2087	0
2088	0
2089	0
2090	0
2091	0
2092	0
2093	0
2094	0
2101	0
2102	0
2103	0
2104	0
2105	0
2106	0
2107	0
2108	0
2109	0
2110	0
2111	0
2112	0
2197	0
2198	0
2199	0
2200	1
2201	0
2202	0
2215	0
2216	0
2217	0
2218	0
2219	0
2220	0
2221	1
2222	0
2223	0
2224	0
2225	0
2226	0
2245	0
2246	0
2247	0
2248	0
2249	0
2250	0
2275	0
2276	1
2277	0
2278	1
2279	1
2280	1
2281	0
2282	0
2283	0
2284	0
2285	0
2286	0
2353	0
2354	0
2355	0
2356	0
2357	0
2358	0
2359	0
2360	1
2361	1
2362	0
2363	0
2364	0
2377	1
2378	0
2379	0
2380	1
2381	0
2382	0
2383	0
2384	0
2385	0
2386	0
2387	0
2388	0
2413	0
2414	0
2415	0
2416	0
2417	0
2418	0
2437	0
2438	0
2439	0
2440	0
2441	0
2442	0
2581	0
2582	0
2583	0
2584	0
2585	0
2586	0
2653	0
2654	0
2655	0
2656	0
2657	0
2658	0
2749	0
2750	0
2751	0
2752	0
2753	0
2754	0
2761	0
2762	0
2763	0
2764	0
2765	0
2766	0
2785	1
2786	0
2787	1
2788	0
2789	1
2790	0
2803	0
2804	0
2805	0
2806	0
2807	0
2808	0
2815	0
2816	0
2817	0
2818	1
2819	0
2820	0
2947	1
2948	0
2949	0
2950	0
2951	0
2952	0
2959	0
2960	0
2961	0
2962	0
2963	0
2964	0
3001	0
3002	0
3003	0
3004	0
3005	0
3006	0
3091	0
3092	0
3093	0
3094	0
3095	0
3096	0
3097	0
3098	0
3099	0
3100	0
3101	0
3102	0
3115	0
3116	0
3117	0
3118	0
3119	0
3120	0
3121	0
3122	0
3123	0
3124	0
3125	1
3126	0
3145	0
3146	0
3147	0
3148	0
3149	0
3150	0
3151	0
3152	0
3153	1
3154	0
3155	0
3156	0
3193	0
3194	0
3196	0
3197	0
3198	0
3199	0
3200	0
3202	0
3203	0
3204	0
3205	0
3206	0
3207	0
3208	0
3209	0
3210	0
3211	0
3212	0
3213	0
3214	0
3215	0
3216	0
3403	1
3404	1
3405	1
3406	1
3407	1
3408	0
3409	1
3410	1
3411	0
3412	0
3413	0
3414	0
3439	0
3440	0
3441	0
3442	0
3443	0
3444	0
3445	0
3446	0
3447	0
3448	0
3449	0
3450	0
3487	1
3488	0
3490	0
3491	0
3493	0
3494	0
3496	0
3497	0
3559	0
3560	0
3561	0
3562	0
3563	1
3564	0
3565	1
3566	1
3567	1
3568	2
3569	0
3570	1
3571	0
3572	0
3573	0
3574	0
3575	0
3576	0
3583	0
3584	0
3585	0
3586	0
3587	0
3588	0
3715	0
3716	0
3717	0
3718	0
3719	0
3720	0
3721	0
3722	0
3723	0
3724	0
3725	0
3726	0
3727	0
3728	1
3729	0
3730	1
3731	0
3732	0
3733	0
3734	0
3735	0
3736	0
3737	0
3738	0
3739	0
3740	0
3741	0
3742	0
3743	0
3744	0
3751	0
3752	1
3753	0
3754	1
3755	1
3756	1
3769	0
3770	0
3771	0
3772	0
3773	0
3774	0
3775	0
3776	0
3777	0
3778	0
3779	0
3780	0
3781	0
3782	0
3783	0
3784	0
3785	0
3786	0
3793	0
3794	0
3795	0
3796	0
3797	0
3798	0
3799	0
3800	0
3801	1
3802	0
3803	0
3804	0
3805	0
3806	0
3807	0
3808	0
3809	0
3810	1
3847	1
3848	0
3849	0
3850	0
3851	0
3852	1
3853	0
3854	0
3855	0
3856	0
3857	0
3858	0
3937	0
3938	0
3939	0
3940	0
3941	0
3942	0
3943	0
3944	0
3945	0
3946	0
3947	0
3948	0
4027	0
4028	1
4029	0
4030	0
4031	0
4032	1
4033	0
4034	0
4035	0
4036	0
4037	0
4038	0
4045	0
4046	1
4047	0
4048	1
4049	0
4050	0
4051	0
4052	0
4053	0
4054	0
4055	0
4056	0
4177	0
4178	0
4179	0
4180	0
4181	0
4182	0
4183	0
4184	0
4185	0
4186	1
4187	0
4188	0
4189	0
4190	0
4191	0
4192	0
4193	0
4194	0
4219	0
4220	0
4221	0
4222	0
4223	0
4224	0
4267	0
4268	0
4269	0
4271	0
4272	0
4315	0
4316	1
4317	0
4318	0
4319	0
4320	0
4375	0
4376	0
4377	0
4378	0
4379	0
4380	0
4387	0
4388	0
4389	0
4390	0
4391	0
4392	0
4519	0
4520	0
4521	0
4522	0
4523	0
4524	0
4729	0
4730	0
4731	0
4732	0
4733	0
4734	0
4741	0
4742	0
4743	0
4744	0
4745	0
4746	0
4777	0
4778	0
4779	0
4780	1
4781	0
4782	0
4783	0
4784	0
4785	0
4786	0
4787	0
4788	0
4891	0
4892	0
4893	0
4894	0
4895	0
4896	0
4897	0
4898	0
4899	0
4900	0
4901	0
4902	0
5125	0
5126	0
5127	0
5128	0
5129	0
5130	0
5131	0
5132	0
5133	0
5134	0
5135	0
5136	0
5143	0
5144	0
5145	0
5146	0
5147	0
5148	0
5149	0
5150	0
5151	0
5152	0
5153	1
5154	0
5359	0
5360	0
5361	0
5362	0
5365	0
5366	0
5367	0
5368	1
5893	0
5894	0
5895	0
5896	0
5897	0
5898	0
6097	0
6098	0
6099	1
6100	0
6101	1
6102	0
6103	0
6104	0
6105	0
6106	0
6107	0
6108	0
6205	0
6206	0
6207	1
6208	0
6209	0
6210	0
6211	0
6212	0
6213	1
6214	0
6215	0
6216	0
6223	1
6224	0
6225	1
6226	1
6227	0
6228	1
6229	0
6230	1
6231	1
6232	2
6233	2
6234	1
6241	0
6242	0
6243	0
6244	0
6245	0
6246	0
6247	0
6248	0
6249	0
6250	0
6251	0
6252	0
6277	0
6278	0
6279	0
6280	0
6281	0
6282	0
6283	0
6284	0
6285	0
6286	0
6287	0
6288	0
6295	0
6296	1
6297	0
6298	0
6299	1
6300	0
6307	0
6308	0
6309	0
6310	0
6311	0
6312	0
6313	0
6314	0
6315	0
6316	0
6317	0
6318	0
6607	0
6608	0
6609	0
6610	0
6611	0
6612	0
6877	0
6878	0
6879	0
6880	0
6881	0
6882	1
6883	0
6884	0
6885	0
6886	0
6887	0
6888	0
7081	0
7082	0
7083	0
7084	1
7085	0
7086	0
7099	0
7100	0
7101	0
7102	0
7103	0
7104	0
7105	0
7106	0
7107	0
7108	0
7109	0
7110	0
7117	0
7118	0
7119	0
7120	0
7121	0
7122	0
7237	0
7238	0
7239	0
7240	0
7241	0
7242	0
7255	0
7256	0
7257	0
7258	0
7259	0
7260	0
8449	0
8450	0
8451	0
8452	0
8453	0
8454	0
8551	0
8553	0
8554	0
8555	0
8556	0
8563	0
8565	1
8566	0
8567	0
8568	0
8671	1
8672	0
8673	0
8674	0
8675	1
8676	0
8677	0
8678	0
8679	0
8680	0
8681	0
8682	0
8713	0
8714	0
8715	0
8716	0
8717	0
8718	0
8719	2
8720	1
8721	0
8722	1
8723	0
8724	1
8911	0
8912	0
8913	0
8914	0
8915	0
8916	0
9505	0
9506	0
9507	0
9508	1
9509	1
9510	2
9517	1
9518	0
9519	0
9520	0
9521	0
9522	0
9541	0
9542	0
9543	0
9544	0
9545	0
9546	0
9553	0
9554	0
9555	0
9556	0
9557	0
9558	0
9571	0
9572	0
9573	0
9574	0
9575	0
9576	0
9631	0
9632	0
9633	1
9634	0
9635	0
9636	1
9637	0
9638	0
9639	0
9640	0
9641	0
9642	0
9703	0
9704	0
9705	0
9706	0
9707	0
9708	0
9709	0
9710	0
9711	0
9712	0
9713	0
9714	0
9715	0
9716	0
9717	0
9718	0
9719	0
9720	1
9721	0
9722	0
9723	0
9724	0
9725	0
9726	0
10069	0
10070	0
10071	0
10072	0
10073	0
10074	0
10357	0
10358	0
10359	0
10360	0
10361	1
10362	0
10567	0
10568	0
10569	0
10570	0
10571	1
10572	0
10579	0
10580	0
10581	0
10582	0
10583	0
10584	0
10585	0
10586	0
10587	0
10588	0
10589	0
10590	0
10591	0
10592	0
10593	0
10594	0
10595	0
10596	0
10633	0
10634	0
10635	0
10636	0
10637	0
10638	0
10651	0
10652	0
10653	0
10654	0
10655	0
10656	0
11095	0
11096	0
11097	0
11098	0
11099	1
11100	0
11101	0
11102	0
11103	0
11104	0
11105	0
11106	0
11131	0
11132	0
11133	1
11134	1
11135	1
11136	1
11137	0
11138	0
11139	0
11140	0
11141	0
11142	0
11161	0
11162	0
11163	0
11164	0
11165	0
11166	2
11197	1
11198	2
11199	0
11200	1
11201	0
11202	0
11209	0
11210	0
11211	0
11212	0
11213	0
11214	0
14119	0
14120	0
14121	0
14122	0
14123	0
14124	1
14365	0
14366	0
14367	1
14368	0
14369	0
14370	0
14383	0
14384	0
14385	0
14386	0
14387	0
14388	0
14407	0
14408	0
14409	0
14410	0
14411	0
14412	0
14425	1
14426	0
14427	0
14428	0
14429	0
14430	0
14527	0
14528	0
14529	1
14530	0
14531	0
14532	0
14533	0
14534	1
14535	0
14536	0
14537	0
14538	0
14809	1
14810	0
14811	0
14812	0
14813	0
14814	0
14815	1
14816	0
14817	0
14818	1
14819	0
14820	0
14851	0
14852	0
14853	0
14854	0
14855	0
14856	1
14857	0
14858	0
14859	0
14860	0
14861	0
14862	0
14887	0
14888	0
14889	0
14890	0
14891	0
14892	0
14893	0
14894	0
14895	0
14896	0
14897	1
14898	0
14941	1
14942	0
14943	0
14944	0
14945	0
14946	0
14947	0
14948	0
14949	0
14950	0
14951	0
14952	0
14983	0
14984	0
14985	0
14986	0
14987	0
14988	0
14995	0
14996	0
14997	0
14998	0
14999	0
15000	0
15001	0
15002	0
15003	0
15004	0
15005	0
15006	0
15007	0
15008	0
15009	0
15010	0
15011	0
15012	0
15019	0
15020	1
15021	0
15022	0
15023	0
15024	0
15025	0
15026	0
15027	0
15028	0
15029	0
15030	0
15067	0
15068	0
15069	0
15070	0
15071	0
15072	0
15073	0
15074	0
15075	0
15076	0
15077	0
15078	0
15085	0
15086	0
15087	0
15088	0
15089	1
15090	1
15091	0
15092	0
15093	0
15094	0
15095	0
15096	0
15103	0
15104	0
15105	0
15106	0
15107	0
15108	0
15109	0
15110	0
15111	0
15112	0
15113	0
15114	1
15157	0
15158	0
15159	0
15160	0
15161	0
15162	0
15163	0
15164	1
15165	0
15166	0
15167	0
15168	1
15445	0
15446	0
15447	0
15448	0
15449	0
15450	0
15451	0
15452	0
15453	0
15454	0
15455	0
15456	0
15571	0
15572	0
15573	1
15574	0
15575	1
15576	1
15577	0
15578	0
15579	1
15580	0
15581	0
15582	0
15751	0
15752	1
15753	0
15754	1
15755	0
15756	0
15757	0
15758	0
15759	0
15760	0
15761	0
15762	0
15769	0
15770	0
15771	0
15772	0
15773	0
15774	0
15775	0
15776	0
15777	1
15778	0
15779	0
15780	0
15793	0
15794	0
15795	0
15796	0
15797	0
15798	0
15799	0
15800	1
15801	0
15802	0
15803	0
15804	0
15805	0
15806	0
15807	0
15808	0
15809	1
15810	0
15811	0
15812	0
15813	0
15814	0
15815	0
15816	0
15829	0
15830	0
15831	0
15832	0
15833	1
15834	1
15841	0
15842	1
15843	0
15844	0
15845	0
15846	0
15919	0
15920	0
15921	0
15922	0
15923	0
15924	1
15925	0
15926	0
15927	0
15928	0
15929	0
15930	0
15985	0
15986	0
15987	0
15988	0
15989	0
15990	0
15991	0
15992	0
15993	0
15994	1
15995	0
15996	0
16369	0
16370	2
16371	1
16372	1
16373	0
16374	0
16375	0
16376	1
16377	0
16378	0
16379	1
16380	0
16531	0
16532	0
16533	0
16534	0
16535	0
16536	0
16549	0
16550	0
16551	0
16552	0
16553	0
16554	0
16561	0
16562	0
16563	0
16564	0
16565	0
16566	0
16573	0
16574	0
16575	0
16576	1
16577	0
16578	0
16579	0
16580	0
16581	0
16582	0
16583	0
16584	0
16591	0
16592	0
16593	0
16594	0
16595	0
16596	0
16597	0
16598	0
16599	0
16600	0
16601	0
16602	0
16609	1
16610	0
16611	1
16612	1
16613	1
16614	1
16615	0
16616	0
16617	0
16618	0
16619	0
16620	0
16627	1
16628	2
16629	1
16630	1
16631	0
16632	2
16633	0
16634	0
16635	0
16636	0
16637	0
16638	0
16723	0
16724	0
16725	0
16726	0
16727	0
16728	0
16759	0
16760	0
16761	0
16762	0
16763	0
16764	0
16855	0
16856	0
16857	0
16858	0
16859	0
16860	0
16861	0
16862	0
16863	0
16864	0
16865	0
16866	0
16885	0
16886	0
16887	0
16888	0
16889	0
16890	0
16891	0
16892	0
16893	0
16894	0
16895	0
16896	0
16897	0
16898	0
16899	0
16900	0
16901	0
16902	0
16903	0
16904	0
16905	0
16906	0
16907	0
16908	0
16951	0
16952	1
16953	0
16954	0
16955	0
16956	1
16957	0
16959	0
16960	0
16961	0
16962	1
16963	0
16965	0
16966	0
16967	0
16969	0
16970	0
16971	0
16972	0
16973	0
16974	0
17011	0
17012	0
17013	0
17014	0
17015	0
17016	0
17023	0
17024	0
17025	0
17026	0
17027	0
17028	0
17029	1
17030	1
17031	2
17032	1
17033	1
17034	1
17035	3
17036	1
17037	2
17038	1
17039	1
17040	1
17047	0
17048	0
17049	0
17050	0
17051	0
17052	0
17059	0
17060	0
17061	0
17062	0
17063	0
17064	0
17065	0
17066	0
17067	0
17068	0
17069	0
17070	0
17071	0
17072	0
17073	0
17074	0
17075	0
17076	0
17137	0
17138	0
17139	0
17140	0
17141	0
17142	0
17155	0
17156	0
17157	0
17158	0
17159	0
17160	2
17197	0
17198	0
17199	0
17200	0
17201	0
17202	0
17203	0
17204	0
17205	0
17206	0
17207	0
17208	0
17233	0
17234	0
17235	0
17236	0
17237	0
17238	1
17245	0
17246	0
17247	1
17248	1
17249	0
17250	0
17251	0
17252	0
17253	0
17254	0
17255	0
17256	0
17257	3
17258	0
17259	1
17260	1
17261	0
17262	1
17335	0
17336	0
17337	0
17338	0
17339	0
17340	0
17341	0
17342	0
17343	0
17344	0
17345	0
17346	0
17359	0
17360	0
17361	0
17362	0
17363	0
17364	0
17371	0
17372	0
17373	0
17374	0
17375	0
17376	0
17461	0
17462	0
17463	0
17464	0
17465	0
17466	0
17467	0
17468	0
17469	0
17470	0
17471	0
17472	1
17473	0
17474	0
17475	0
17476	0
17477	0
17478	0
17485	1
17486	0
17487	0
17488	0
17489	0
17490	0
17491	0
17492	0
17493	0
17494	0
17495	0
17496	0
17503	1
17504	1
17505	0
17506	0
17507	0
17508	0
17509	0
17510	0
17511	0
17512	0
17513	0
17514	0
17521	1
17522	0
17523	0
17524	0
17525	1
17526	1
17533	0
17534	1
17535	0
17536	1
17537	0
17538	0
17539	0
17540	0
17541	0
17542	0
17543	0
17544	0
17605	1
17606	1
17607	1
17608	2
17609	1
17610	1
17611	0
17612	0
17613	0
17614	0
17615	0
17616	0
17623	0
17624	0
17625	1
17626	0
17627	1
17628	0
17629	0
17630	0
17631	0
17632	0
17633	0
17634	0
17671	0
17672	0
17673	0
17674	1
17675	0
17676	1
17689	0
17690	0
17691	0
17692	0
17693	0
17694	0
17695	0
17696	0
17697	0
17698	0
17699	0
17700	0
17713	0
17714	0
17715	0
17716	0
17717	0
17718	0
17719	0
17720	0
17721	0
17722	0
17723	0
17724	0
17773	0
17774	0
17775	0
17776	0
17777	0
17778	0
17779	0
17780	0
17781	1
17782	0
17783	0
17784	0
17791	0
17792	0
17793	0
17794	0
17795	0
17796	0
17803	0
17804	0
17805	0
17806	0
17807	0
17808	0
17893	0
17894	0
17895	0
17896	0
17897	0
17898	0
17899	0
17900	0
17901	0
17902	0
17903	0
17904	0
18007	0
18008	0
18009	0
18010	0
18011	0
18012	0
18013	0
18014	0
18015	0
18016	1
18017	0
18018	0
18073	1
18074	0
18075	1
18076	0
18077	0
18078	0
18079	1
18080	1
18081	0
18082	1
18083	0
18084	0
18085	0
18086	0
18087	0
18088	0
18089	0
18090	0
18097	0
18098	0
18099	0
18100	0
18101	0
18102	0
18133	0
18134	1
18135	1
18136	1
18137	0
18138	0
18139	0
18140	0
18141	0
18142	0
18143	0
18144	0
18145	0
18146	0
18147	0
18148	1
18149	0
18150	0
18151	0
18152	0
18153	0
18154	0
18155	0
18156	0
18211	0
18212	0
18214	0
18215	1
18216	0
18223	0
18224	0
18225	0
18226	0
18227	0
18228	0
18307	0
18308	0
18309	0
18310	0
18311	0
18312	0
18313	0
18314	0
18315	0
18316	0
18317	0
18318	0
18337	0
18338	0
18339	0
18340	0
18341	0
18342	0
18343	0
18344	0
18345	0
18346	0
18347	0
18348	0
18379	0
18380	0
18381	0
18382	0
18383	0
18384	0
18385	0
18386	0
18387	0
18388	0
18389	0
18390	0
18427	0
18428	0
18429	0
18430	0
18431	0
18432	0
18433	0
18434	1
18435	0
18436	1
18437	0
18438	0
18445	0
18446	0
18447	0
18448	0
18449	0
18450	0
18451	0
18452	0
18453	0
18454	0
18455	0
18456	0
18463	0
18464	0
18465	0
18466	1
18467	1
18468	0
18475	0
18476	0
18477	0
18478	0
18479	0
18480	0
18481	0
18482	0
18483	0
18484	0
18485	0
18486	0
18487	0
18488	0
18489	0
18490	0
18491	0
18492	0
18535	0
18536	0
18537	0
18538	0
18539	0
18540	0
18541	0
18542	0
18543	0
18544	0
18545	0
18546	0
18553	0
18554	0
18555	0
18556	0
18557	0
18558	0
18559	0
18560	0
18561	0
18562	0
18563	0
18564	0
18565	0
18566	0
18567	1
18568	0
18569	0
18570	0
18571	0
18572	0
18573	0
18574	0
18575	0
18576	0
18583	1
18584	0
18585	0
18586	0
18587	1
18588	0
18595	0
18596	0
18597	0
18598	0
18599	0
18600	0
18631	0
18632	0
18633	0
18634	0
18635	0
18636	0
18649	0
18650	0
18651	0
18652	0
18653	0
18654	0
18661	0
18662	0
18663	0
18664	0
18665	0
18666	0
18667	0
18668	0
18669	0
18670	0
18671	0
18672	0
18727	0
18728	0
18729	1
18730	0
18731	1
18732	1
18739	0
18740	0
18741	0
18742	0
18743	0
18744	0
18751	0
18752	0
18753	0
18754	0
18755	0
18756	0
18769	0
18770	0
18771	0
18772	0
18773	0
18774	0
18775	1
18776	0
18777	0
18778	0
18779	0
18780	0
18799	0
18800	0
18801	0
18802	0
18803	0
18804	0
18811	0
18812	0
18813	0
18814	0
18815	0
18816	0
18817	0
18818	0
18819	0
18820	0
18821	0
18822	0
18829	0
18830	0
18831	1
18832	0
18833	0
18834	1
18841	0
18842	0
18843	1
18844	0
18845	0
18846	0
18859	0
18860	0
18861	0
18862	0
18863	0
18864	0
18871	0
18872	0
18873	0
18874	0
18875	0
18876	0
18889	0
18890	0
18891	1
18892	1
18893	1
18894	1
18895	0
18896	0
18897	0
18898	0
18899	0
18900	0
18961	0
18962	1
18963	0
18964	0
18965	0
18966	0
18973	0
18974	0
18975	0
18976	0
18977	0
18978	0
18985	1
18986	0
18987	0
18988	0
18989	0
18990	0
18991	1
18992	0
18993	0
18994	0
18995	0
18996	0
19003	0
19004	0
19005	0
19006	0
19007	0
19008	0
19009	0
19010	0
19011	0
19012	0
19013	0
19014	0
19015	0
19016	0
19017	0
19018	1
19019	0
19020	0
19045	0
19046	0
19047	0
19048	0
19049	0
19050	0
19051	0
19052	0
19053	0
19054	0
19055	0
19056	0
19063	0
19064	0
19065	0
19066	0
19067	0
19068	0
19069	0
19070	0
19071	0
19072	0
19073	0
19074	0
19093	0
19095	0
19096	0
19097	0
19098	0
19099	0
19100	0
19101	0
19102	0
19103	1
19104	0
19111	1
19112	0
19113	0
19114	0
19115	1
19116	0
19117	0
19118	0
19119	0
19120	0
19121	0
19122	0
19219	0
19220	0
19221	0
19222	0
19223	0
19224	0
19225	0
19226	0
19227	0
19228	0
19229	0
19230	0
19231	0
19232	0
19233	0
19234	0
19235	0
19236	0
19237	0
19238	1
19239	0
19240	0
19241	0
19242	0
19249	0
19250	0
19251	0
19252	0
19253	0
19254	0
19255	0
19256	0
19257	0
19258	0
19259	0
19260	0
19279	0
19280	0
19281	0
19282	0
19283	0
19284	0
19285	0
19286	0
19287	0
19288	0
19289	0
19290	0
19363	0
19364	0
19365	1
19366	0
19367	0
19368	0
19369	0
19370	0
19371	0
19372	0
19373	0
19374	0
19381	0
19382	0
19383	0
19384	0
19385	0
19386	0
19387	0
19388	0
19389	0
19390	0
19391	0
19392	0
19417	0
19418	0
19419	0
19420	0
19421	0
19422	0
19423	1
19424	0
19425	0
19426	0
19427	0
19428	0
19483	0
19484	0
19485	0
19486	0
19487	1
19488	0
19489	0
19490	0
19491	0
19492	0
19493	0
19494	0
19597	0
19598	1
19599	0
19600	2
19601	0
19602	0
19603	1
19604	0
19605	1
19606	0
19607	0
19608	0
19633	1
19634	0
19635	0
19636	2
19637	1
19638	0
19639	1
19640	1
19641	1
19642	1
19643	0
19644	0
19681	1
19682	0
19683	0
19684	1
19685	0
19686	0
20161	1
20162	0
20163	0
20164	0
20165	0
20166	0
20179	1
20180	1
20181	0
20182	0
20183	1
20184	0
20299	0
20300	0
20301	0
20302	0
20303	0
20304	0
20317	0
20318	0
20319	0
20320	0
20321	0
20322	0
20329	0
20330	0
20331	0
20332	0
20333	1
20334	0
20341	0
20342	0
20343	0
20344	0
20345	0
20346	0
20359	0
20360	0
20361	0
20362	0
20363	0
20364	0
20365	0
20366	0
20367	0
20368	0
20369	0
20370	0
20383	0
20384	1
20385	0
20386	1
20387	1
20388	0
20407	0
20408	0
20409	0
20410	0
20411	0
20412	0
20539	0
20540	0
20541	0
20542	0
20543	0
20544	0
20551	0
20552	0
20553	0
20554	0
20555	0
20556	0
20617	0
20618	0
20619	0
20620	0
20621	0
20622	0
20623	0
20624	0
20625	0
20626	0
20627	0
20628	0
20737	0
20738	0
20739	0
20740	0
20741	0
20742	0
20743	0
20744	0
20745	0
20746	0
20747	0
20748	0
20839	0
20840	0
20841	0
20842	0
20843	0
20844	0
20869	0
20870	0
20871	0
20872	0
20873	0
20874	0
20887	0
20888	0
20889	0
20890	0
20891	1
20892	0
20905	0
20906	0
20907	1
20908	1
20909	0
20910	0
20923	0
20924	0
20925	0
20926	0
20927	1
20928	0
20977	0
20978	0
20979	0
20980	0
20981	1
20982	0
20983	0
20984	0
20985	0
20986	0
20987	0
20988	0
21037	0
21038	0
21039	0
21040	0
21041	0
21042	0
21043	0
21044	0
21045	1
21046	0
21047	1
21048	1
21049	0
21050	0
21051	0
21052	0
21053	0
21054	0
21079	0
21080	1
21081	1
21082	1
21083	1
21084	1
21091	0
21092	0
21093	0
21094	0
21095	1
21096	1
21163	0
21164	0
21165	0
21166	0
21167	0
21168	0
21169	0
21170	0
21171	0
21172	0
21173	0
21174	0
21193	0
21194	0
21195	0
21196	0
21197	0
21198	0
21199	0
21200	0
21201	0
21202	0
21203	0
21204	0
21205	1
21206	1
21207	0
21208	1
21209	0
21210	1
21241	0
21242	0
21243	0
21244	0
21245	0
21246	0
21247	0
21248	0
21249	0
21250	0
21251	0
21252	0
21253	0
21254	0
21255	1
21256	0
21257	0
21258	0
21259	0
21260	0
21261	0
21262	0
21263	0
21264	0
21277	0
21278	0
21279	0
21280	0
21281	0
21282	0
21283	0
21284	0
21285	0
21286	0
21287	0
21288	0
21307	0
21308	1
21309	0
21310	1
21311	0
21312	0
21313	0
21314	0
21315	0
21316	0
21317	0
21318	0
21386	0
21388	1
21390	1
21410	1
21412	0
21414	0
21535	0
21536	1
21537	0
21538	0
21539	0
21540	0
21565	0
21566	0
21567	0
21568	0
21569	0
21570	0
21613	0
21614	0
21615	0
21616	0
21617	0
21618	0
21619	0
21620	0
21621	0
21622	0
21623	0
21624	0
21721	0
21722	1
21723	1
21724	1
21725	1
21726	1
21727	1
21728	1
21729	2
21730	1
21731	2
21732	3
21739	0
21740	1
21741	0
21742	0
21743	0
21744	0
21745	0
21746	0
21747	0
21748	0
21749	0
21750	0
21787	0
21788	0
21789	0
21790	1
21791	0
21792	0
21841	0
21842	0
21843	0
21844	0
21845	0
21846	0
21991	0
21992	0
21993	0
21994	0
21995	1
21996	1
22363	0
22364	0
22365	0
22366	0
22367	0
22549	0
22550	0
22551	0
22552	0
22553	0
22554	0
22561	0
22562	0
22563	0
22564	0
22565	0
22566	0
22567	0
22568	0
22569	0
22570	0
22571	0
22572	0
22579	0
22580	0
22581	0
22582	0
22583	0
22584	0
22663	0
22664	2
22665	0
22666	0
22667	0
22668	1
22669	0
22670	0
22671	0
22672	0
22673	0
22674	0
22849	0
22850	0
22851	0
22852	1
22853	1
22854	0
23005	0
23006	0
23007	0
23008	0
23009	0
23010	0
23041	1
23042	0
23043	0
23044	0
23045	0
23046	0
23047	0
23048	0
23049	0
23050	1
23051	0
23052	0
23179	0
23180	0
23181	0
23182	0
23183	0
23184	0
23431	0
23432	1
23433	1
23434	0
23435	0
23436	0
23875	0
23876	0
23877	0
23878	0
23879	0
23880	0
24067	0
24068	0
24070	0
24071	0
24072	0
24325	0
24326	0
24327	0
24328	0
24329	0
24330	0
24391	0
24392	0
24393	0
24394	0
24395	1
24396	0
24433	0
24434	0
24435	0
24436	0
24437	0
24438	0
24811	0
24812	0
24813	0
24814	0
24815	0
24816	0
25357	0
25358	0
25359	0
25360	0
25361	0
25362	0
25387	0
25388	0
25389	0
25390	0
25391	0
25392	0
25393	0
25394	0
25395	0
25396	0
25397	0
25398	0
25417	0
25418	1
25419	0
25420	0
25421	0
25422	1
25429	0
25430	0
25431	1
25432	0
25433	1
25434	0
25435	0
25436	1
25437	1
25438	1
25439	0
25440	0
25447	0
25448	0
25449	0
25450	0
25451	0
25452	0
25453	0
25454	0
25455	1
25456	0
25457	2
25458	0
25501	0
25502	1
25503	0
25504	0
25505	1
25506	1
25519	0
25520	0
25521	1
25522	0
25523	0
25524	0
25525	0
25526	0
25527	0
25528	0
25529	0
25530	0
25531	0
25532	0
25533	0
25534	0
25535	0
25536	0
25615	1
25616	0
25617	0
25618	0
25619	0
25620	0
25729	0
25730	0
25731	0
25732	0
25733	0
25734	0
25735	1
25736	1
25737	1
25738	1
25739	0
25740	1
25807	1
25808	0
25809	0
25810	0
25811	0
25812	0
25969	0
25970	0
25971	0
25972	1
25973	0
25974	0
25975	0
25976	0
25977	0
25978	0
25979	1
25980	0
26023	1
26024	1
26025	0
26026	0
26027	0
26028	0
26029	0
26030	0
26031	0
26032	0
26033	0
26034	0
26113	0
26114	1
26115	0
26116	2
26117	0
26118	1
26119	0
26120	0
26121	0
26122	0
26123	0
26124	0
26191	1
26192	0
26193	0
26194	0
26195	0
26196	0
26197	0
26198	0
26199	0
26200	0
26201	0
26202	0
26239	0
26240	0
26241	0
26242	0
26243	0
26244	0
26287	0
26288	0
26289	0
26290	0
26291	1
26292	0
26293	0
26294	0
26295	0
26296	0
26297	0
26298	0
26305	0
26306	0
26307	0
26308	1
26309	1
26310	1
26311	0
26312	0
26313	0
26314	0
26315	0
26316	0
26377	0
26378	1
26379	0
26380	0
26381	1
26382	0
26383	1
26384	1
26385	0
26386	1
26387	1
26388	1
26419	0
26420	0
26421	0
26422	0
26423	0
26424	0
26431	0
26432	0
26433	0
26434	0
26435	0
26436	1
26569	1
26570	1
26571	0
26572	1
26573	1
26574	0
26581	0
26582	0
26583	0
26584	0
26585	0
26586	0
26623	0
26624	0
26625	0
26626	0
26627	0
26628	0
26629	0
26630	0
26631	0
26632	0
26633	0
26634	0
26635	0
26636	0
26637	0
26638	0
26639	0
26640	0
26641	0
26642	0
26643	0
26644	0
26645	0
26646	0
26671	0
26672	0
26673	0
26674	0
26675	0
26676	1
26677	0
26678	0
26679	0
26680	0
26681	0
26682	0
26707	1
26708	1
26709	1
26710	0
26711	0
26712	0
26713	0
26714	1
26715	0
26716	1
26717	0
26718	0
26845	1
26846	0
26847	1
26848	0
26849	0
26850	0
26851	0
26852	0
26853	0
26854	0
26855	0
26856	0
26875	0
26876	0
26877	1
26878	0
26879	0
26880	0
26887	0
26888	0
26889	0
26890	0
26891	0
26892	1
26935	1
26936	0
26937	0
26938	0
26939	0
26940	0
26941	0
26942	0
26943	0
26944	0
26945	0
26946	0
27007	1
27008	1
27009	0
27010	0
27011	0
27012	1
27013	0
27014	0
27015	0
27016	0
27017	1
27018	0
27025	0
27026	0
27027	0
27028	0
27029	0
27030	0
27031	0
27032	0
27033	0
27034	0
27035	0
27036	0
27115	0
27116	0
27117	0
27118	0
27119	0
27120	0
27121	0
27122	0
27123	0
27124	0
27125	0
27126	0
27133	0
27134	0
27136	0
27137	0
27139	0
27140	0
27142	0
27143	0
27163	0
27164	1
27165	0
27166	0
27167	0
27168	0
27193	0
27194	0
27195	1
27196	1
27197	0
27198	1
27199	0
27200	0
27201	0
27202	0
27203	1
27204	0
27211	0
27212	0
27213	0
27214	0
27215	0
27216	1
27217	0
27218	0
27219	0
27220	0
27221	0
27222	0
27229	0
27230	1
27231	0
27232	0
27233	0
27234	0
27235	0
27236	0
27237	0
27238	0
27239	0
27240	0
27247	0
27248	0
27249	0
27250	0
27251	0
27252	0
27253	0
27254	0
27255	0
27256	0
27257	0
27258	1
27259	0
27260	0
27261	0
27262	0
27263	0
27264	0
27265	0
27266	0
27267	0
27268	0
27269	0
27270	0
27277	0
27278	0
27279	0
27280	0
27281	0
27282	0
27283	0
27284	0
27285	0
27286	1
27287	0
27288	0
27295	0
27296	0
27297	0
27298	0
27299	0
27300	0
27301	0
27302	0
27303	0
27304	0
27305	0
27306	0
27331	0
27332	0
27333	0
27334	0
27335	0
27336	0
27337	0
27338	0
27339	0
27340	0
27341	0
27342	0
27379	0
27380	0
27381	0
27382	0
27383	0
27384	0
27385	0
27386	0
27387	0
27388	0
27389	0
27390	0
27391	0
27392	0
27393	0
27394	0
27395	0
27396	0
27403	0
27404	0
27405	0
27406	0
27407	0
27408	0
27415	0
27416	0
27417	0
27418	0
27419	0
27420	1
27421	1
27422	0
27423	1
27424	0
27425	1
27426	0
27433	1
27434	0
27435	0
27436	1
27437	1
27438	0
27439	0
27440	0
27441	0
27442	0
27443	0
27444	1
27535	1
27536	0
27537	0
27538	0
27539	0
27540	0
27541	0
27542	0
27543	0
27544	0
27545	0
27546	0
27547	0
27548	0
27549	0
27550	0
27551	0
27552	0
27553	0
27554	0
27555	0
27556	0
27557	0
27558	0
27643	0
27644	0
27645	0
27646	0
27647	0
27648	0
27655	0
27656	0
27657	0
27658	0
27659	0
27660	0
27667	1
27668	1
27669	1
27670	1
27671	0
27672	1
27673	0
27674	0
27675	0
27676	0
27677	0
27678	0
27685	0
27686	0
27687	0
27688	1
27689	0
27690	0
27691	0
27692	0
27693	0
27694	0
27695	0
27696	0
27703	0
27704	0
27705	1
27706	0
27707	0
27708	0
27709	0
27710	0
27711	0
27712	0
27713	0
27714	0
27727	0
27728	1
27729	0
27730	0
27731	0
27732	1
27733	0
27734	0
27735	1
27736	0
27737	0
27738	0
27739	0
27740	0
27741	0
27742	0
27743	0
27744	0
27745	0
27746	0
27747	0
27748	0
27749	0
27750	0
27775	1
27776	0
27777	0
27778	0
27779	0
27780	0
27781	0
27782	0
27783	0
27784	0
27785	0
27786	0
27787	0
27788	0
27789	0
27790	0
27791	0
27792	0
27799	0
27800	0
27801	0
27802	0
27803	0
27804	0
27805	0
27806	0
27807	0
27808	0
27809	1
27810	0
27811	0
27812	0
27813	0
27814	0
27815	0
27816	0
27841	0
27842	0
27843	0
27844	0
27845	0
27846	0
27847	0
27848	0
27849	0
27850	0
27851	0
27852	0
27883	0
27884	0
27885	0
27886	0
27887	0
27888	0
27895	0
27896	0
27897	0
27898	0
27899	0
27900	0
27914	1
27916	0
27917	0
27918	0
27920	0
27922	0
27923	0
27924	0
27931	0
27932	0
27933	1
27934	1
27935	0
27936	0
27937	0
27938	0
27939	0
27940	0
27941	0
27942	0
28015	0
28016	0
28017	0
28018	1
28019	0
28020	1
28027	0
28028	0
28029	0
28030	0
28031	0
28032	1
28039	0
28040	0
28041	0
28042	0
28043	1
28044	0
28045	0
28046	0
28047	0
28048	0
28049	0
28050	0
28057	0
28058	0
28059	0
28060	0
28061	1
28062	1
28063	0
28064	0
28065	0
28066	0
28067	0
28068	0
28075	0
28076	0
28077	0
28078	0
28079	0
28080	0
28087	0
28088	0
28089	0
28090	0
28091	0
28092	0
28105	0
28106	0
28107	0
28108	0
28109	1
28110	0
28111	0
28112	0
28113	0
28114	0
28115	0
28116	0
28177	0
28178	0
28179	0
28180	0
28181	0
28182	0
28183	0
28184	0
28185	0
28186	0
28187	0
28188	0
28213	0
28214	0
28215	0
28216	0
28217	0
28218	0
28219	0
28220	0
28221	0
28222	0
28223	0
28224	0
28231	0
28232	0
28233	0
28234	0
28235	0
28236	0
28237	0
28238	0
28239	0
28240	0
28241	0
28242	0
28387	1
28388	0
28389	0
28390	1
28391	1
28392	0
28663	0
28664	0
28665	0
28666	0
28667	0
28668	0
28669	0
28670	0
28671	0
28672	0
28673	0
28674	1
28675	0
28676	1
28677	0
28678	1
28679	0
28680	1
28681	0
28682	0
28683	0
28684	0
28685	0
28686	0
28753	0
28754	0
28755	0
28756	0
28757	0
28758	0
28759	0
28760	0
28761	1
28762	0
28763	0
28764	0
28771	0
28772	0
28773	0
28774	0
28775	0
28776	0
28777	0
28778	0
28779	0
28780	0
28781	0
28782	0
28795	0
28796	0
28797	0
28798	0
28799	0
28800	0
28807	0
28808	0
28809	0
28810	0
28811	0
28812	0
28825	1
28826	1
28827	0
28828	0
28829	1
28830	0
28831	1
28832	0
28833	0
28834	1
28835	1
28836	0
28891	0
28892	0
28893	0
28894	0
28895	0
28896	0
28897	0
28898	0
28899	0
28900	0
28901	0
28902	0
28921	0
28922	0
28923	0
28924	0
28925	0
28926	0
28951	0
28952	0
28953	0
28954	0
28955	0
28956	0
28957	0
28958	0
28959	0
28960	0
28961	0
28962	0
29005	1
29006	0
29007	0
29009	0
29023	0
29024	0
29025	0
29027	0
29041	0
29042	0
29043	0
29044	0
29045	0
29046	0
29047	0
29048	0
29049	0
29050	0
29051	0
29052	0
29095	0
29096	0
29097	0
29098	0
29099	0
29100	1
29101	0
29102	0
29103	0
29104	0
29105	0
29106	0
29143	0
29144	0
29145	0
29146	2
29147	0
29148	0
29149	0
29150	0
29151	0
29152	1
29153	0
29154	0
29155	1
29156	1
29157	0
29158	0
29159	2
29160	0
29197	0
29198	0
29199	0
29200	0
29201	0
29202	0
29203	0
29204	0
29205	0
29206	0
29207	0
29208	0
29269	0
29270	0
29271	0
29272	0
29273	0
29274	0
29275	0
29276	0
29277	0
29278	0
29279	0
29280	0
29305	0
29306	0
29307	0
29308	0
29309	0
29310	1
29377	1
29378	0
29379	1
29380	0
29381	1
29382	0
29383	0
29384	0
29385	0
29386	0
29387	0
29388	0
29431	0
29432	0
29433	0
29434	0
29435	1
29436	0
29437	0
29438	0
29439	0
29440	0
29441	0
29442	0
29473	0
29474	0
29475	0
29476	0
29477	0
29478	0
29479	0
29480	0
29481	0
29482	0
29483	0
29484	0
29485	0
29486	0
29487	0
29488	0
29489	0
29490	0
29491	0
29492	0
29493	0
29494	0
29495	0
29496	0
29497	0
29498	0
29499	0
29500	0
29501	0
29502	0
29503	0
29504	0
29505	0
29506	0
29507	0
29508	0
29521	0
29522	0
29523	0
29524	0
29525	0
29526	1
29569	0
29570	0
29571	0
29572	0
29573	0
29574	0
29575	0
29576	0
29577	0
29578	1
29579	1
29580	0
29587	0
29588	0
29589	0
29590	0
29591	1
29592	0
29593	0
29594	0
29595	0
29596	0
29597	0
29598	0
29647	0
29648	0
29649	0
29650	0
29651	0
29652	0
29653	0
29654	0
29655	0
29656	0
29657	0
29658	0
29659	0
29660	0
29661	0
29662	0
29663	0
29664	0
29809	1
29810	0
29811	0
29812	0
29813	1
29814	0
29815	0
29816	0
29817	0
29818	0
29819	0
29820	0
29845	0
29846	0
29847	0
29848	0
29849	0
29850	0
29851	0
29852	0
29853	0
29854	0
29855	0
29856	0
29887	0
29888	0
29889	0
29890	0
29891	0
29892	0
29941	0
29942	0
29943	0
29944	0
29945	0
29946	0
29947	0
29948	0
29949	0
29950	0
29951	0
29952	0
30271	0
30272	0
30273	0
30274	0
30275	0
30276	0
30283	0
30284	0
30285	0
30286	0
30287	0
30288	0
30373	0
30374	0
30375	0
30376	0
30377	0
30378	0
30379	0
30380	1
30381	0
30382	1
30383	0
30384	0
30391	0
30392	0
30393	0
30394	0
30395	0
30396	0
30403	0
30404	0
30405	0
30406	0
30407	0
30408	0
30445	0
30446	0
30447	0
30448	0
30449	0
30450	0
30451	0
30452	0
30453	0
30454	0
30455	0
30456	0
30457	0
30458	0
30459	0
30460	0
30461	0
30462	0
30463	0
30464	0
30465	0
30466	1
30467	0
30468	0
30505	0
30506	0
30507	0
30508	0
30509	0
30510	0
30511	0
30512	0
30513	0
30514	0
30515	0
30516	0
30547	0
30548	0
30549	0
30550	1
30551	0
30552	1
30553	0
30554	0
30555	0
30556	0
30557	0
30558	0
30589	0
30590	0
30591	0
30592	0
30593	1
30594	2
30625	0
30626	0
30627	0
30628	0
30629	0
30630	0
30643	0
30644	0
30645	0
30646	0
30647	1
30648	0
30649	0
30650	1
30651	0
30652	0
30653	0
30654	0
30655	0
30656	0
30657	0
30658	0
30659	0
30660	0
30691	0
30692	0
30693	0
30694	0
30695	0
30696	0
30727	1
30728	0
30729	0
30730	1
30731	0
30732	0
30733	0
30734	1
30735	0
30736	0
30737	1
30738	0
30745	0
30746	0
30747	0
30748	0
30749	0
30750	0
30751	0
30752	0
30753	0
30754	0
30755	0
30756	0
30757	0
30758	0
30759	0
30760	0
30761	0
30762	0
30811	1
30812	0
30813	0
30814	0
30815	0
30816	1
30817	0
30818	0
30819	0
30820	1
30821	0
30822	0
30829	0
30830	0
30831	1
30832	1
30833	0
30834	1
30853	0
30854	0
30855	0
30856	0
30857	0
30858	0
30859	0
30860	0
30861	0
30862	0
30863	0
30864	0
30895	0
30896	0
30897	0
30898	0
30899	0
30900	0
30901	0
30902	0
30903	0
30904	0
30905	0
30906	0
30919	0
30920	0
30921	1
30922	0
30923	1
30924	0
30925	0
30926	0
30927	1
30928	0
30929	0
30930	0
30931	0
30932	0
30933	0
30934	0
30935	0
30936	0
30937	0
30938	0
30939	0
30940	0
30941	0
30942	0
30943	0
30944	0
30945	0
30946	0
30947	0
30948	0
30949	0
30950	0
30951	0
30952	0
30953	0
30954	0
30967	1
30968	2
30969	0
30970	1
30971	0
30972	0
30991	0
30992	0
30993	0
30994	0
30995	1
30996	0
30997	0
30998	0
30999	0
31000	0
31001	0
31002	0
31027	0
31028	0
31029	0
31030	0
31031	0
31032	1
31039	0
31040	0
31041	0
31042	0
31043	0
31044	0
31045	0
31046	0
31047	0
31048	0
31049	0
31050	0
31069	0
31070	0
31071	1
31072	0
31073	1
31074	0
31093	1
31094	3
31095	1
31096	3
31097	0
31098	1
31111	0
31112	0
31113	0
31114	0
31115	0
31116	0
31123	0
31124	0
31125	1
31126	0
31127	0
31128	0
31129	0
31130	0
31131	0
31132	0
31133	0
31134	0
31135	1
31136	0
31137	0
31138	0
31139	0
31140	0
31147	0
31148	0
31149	0
31150	0
31151	0
31152	0
31153	0
31154	0
31155	0
31156	1
31157	0
31158	0
31183	0
31184	0
31185	0
31186	1
31187	0
31195	0
31196	0
31197	0
31198	1
31199	0
31201	0
31202	0
31203	0
31204	0
31205	0
31206	0
31207	0
31208	0
31209	0
31210	0
31211	0
31212	0
31225	0
31226	0
31227	1
31228	0
31229	1
31230	0
31237	0
31238	0
31239	0
31240	0
31241	0
31242	0
31243	1
31244	0
31245	0
31246	0
31247	0
31248	0
31303	0
31304	0
31305	0
31306	0
31307	0
31308	0
31309	0
31310	0
31311	0
31312	0
31313	1
31314	0
31321	0
31322	0
31323	0
31324	0
31325	0
31326	0
31357	0
31358	0
31359	0
31360	0
31361	0
31362	0
31393	0
31394	1
31395	0
31396	1
31397	0
31398	0
31423	0
31424	0
31425	0
31426	0
31427	0
31428	0
31459	0
31460	0
31461	0
31462	0
31463	0
31464	0
31465	0
31466	0
31467	0
31468	0
31469	0
31470	0
31483	0
31484	0
31485	0
31486	0
31487	0
31488	0
31513	0
31514	0
31515	0
31516	0
31517	0
31518	0
31519	0
31520	0
31521	0
31522	0
31523	0
31524	0
31525	0
31526	0
31527	0
31528	0
31529	0
31530	0
31531	0
31532	0
31533	0
31534	0
31535	0
31536	0
31543	0
31544	0
31545	0
31546	0
31547	0
31548	0
31549	0
31550	0
31551	0
31552	0
31553	0
31554	0
31555	0
31556	1
31557	1
31558	1
31559	0
31560	0
31567	0
31568	0
31569	0
31570	0
31571	0
31572	0
31603	0
31604	0
31605	0
31606	0
31607	0
31608	0
31621	0
31622	0
31623	0
31624	1
31625	0
31626	0
31627	0
31628	0
31629	0
31630	0
31631	0
31632	0
31639	0
31640	0
31641	0
31642	0
31643	1
31644	0
31645	0
31646	0
31647	1
31648	0
31649	0
31650	0
31651	0
31652	0
31653	0
31654	0
31655	0
31656	0
31657	0
31658	0
31659	0
31660	0
31661	0
31662	0
31687	0
31688	0
31689	0
31690	0
31691	0
31692	0
31711	0
31712	0
31713	0
31714	0
31715	0
31716	1
31717	1
31718	0
31719	0
31720	1
31721	1
31722	0
31747	0
31748	0
31749	0
31750	0
31751	0
31752	0
31753	0
31754	0
31755	0
31756	0
31757	0
31758	0
31801	0
31802	0
31803	0
31804	1
31805	0
31806	0
31891	0
31892	0
31893	0
31894	0
31895	0
31896	0
31903	0
31904	0
31905	1
31906	0
31907	0
31908	0
31909	0
31910	0
31911	0
31912	0
31913	1
31914	0
31915	0
31916	0
31917	0
31918	0
31919	0
31920	0
31969	0
31970	1
31971	0
31972	0
31973	1
31974	1
31975	0
31976	0
31977	0
31978	0
31979	0
31980	0
31981	1
31982	1
31983	0
31984	0
31985	0
31986	0
31987	0
31988	1
31989	0
31990	0
31991	0
31992	0
31993	0
31994	0
31995	0
31996	0
31997	0
31998	0
32005	1
32006	0
32007	0
32008	0
32009	1
32010	0
32011	2
32012	1
32013	1
32014	1
32015	1
32016	1
32017	0
32018	0
32019	0
32020	0
32021	0
32022	0
32035	0
32036	0
32037	0
32039	1
32040	0
32041	0
32042	0
32043	0
32044	0
32045	0
32046	0
32089	0
32090	0
32091	0
32092	0
32093	0
32094	0
32107	0
32108	0
32109	1
32110	0
32111	0
32112	0
32113	1
32114	1
32115	1
32116	1
32117	1
32118	1
32119	0
32120	0
32121	0
32122	0
32123	0
32124	0
32125	0
32126	0
32127	0
32128	0
32129	0
32130	0
32227	0
32228	0
32229	0
32230	0
32231	0
32232	0
32257	0
32258	0
32259	0
32260	0
32261	0
32262	0
32305	0
32306	1
32307	0
32308	0
32309	0
32310	0
32311	0
32312	0
32313	0
32314	0
32315	0
32316	0
32323	0
32324	0
32325	0
32326	0
32327	0
32328	0
32497	0
32498	0
32499	0
32500	0
32501	0
32502	0
32515	0
32516	0
32517	0
32518	0
32519	1
32520	0
32563	0
32564	0
32565	0
32566	0
32567	0
32568	0
32569	0
32570	0
32571	0
32572	0
32573	0
32574	0
32582	0
32587	0
32588	0
32589	0
32590	0
32591	1
32592	0
32617	0
32618	0
32619	1
32620	0
32621	0
32622	0
32623	0
32624	0
32625	0
32626	0
32627	0
32628	0
32635	0
32636	0
32637	0
32638	1
32639	0
32640	0
32641	0
32642	0
32643	0
32644	0
32645	0
32646	0
32647	0
32648	0
32649	0
32650	0
32651	0
32652	0
32659	0
32660	0
32661	0
32662	0
32663	0
32664	0
32689	0
32690	0
32691	0
32692	0
32693	0
32694	0
32695	0
32696	0
32697	0
32698	0
32699	0
32700	0
32725	0
32726	0
32727	0
32728	0
32729	0
32730	1
32731	0
32732	0
32733	0
32734	0
32735	0
32736	0
32779	0
32780	0
32781	0
32782	0
32783	0
32784	0
32785	0
32786	0
32787	1
32788	0
32789	0
32790	0
32797	0
32798	0
32799	0
32800	0
32801	0
32802	0
32803	0
32804	0
32805	0
32806	0
32807	0
32808	0
32815	0
32816	0
32817	0
32818	0
32819	0
32820	0
32821	0
32822	0
32823	0
32824	0
32825	0
32826	0
32833	0
32834	0
32835	0
32836	0
32837	0
32838	0
32839	0
32840	0
32841	0
32842	0
32843	0
32844	0
32863	0
32864	0
32865	0
32866	0
32867	0
32868	0
32875	0
32876	0
32877	0
32878	0
32879	0
32880	0
32881	0
32882	1
32883	0
32884	1
32885	0
32886	0
32887	0
32888	0
32889	0
32890	0
32891	0
32892	1
33109	0
33110	0
33111	0
33112	0
33113	0
33114	0
33115	0
33116	0
33117	0
33118	0
33119	0
33120	0
33133	0
33134	1
33135	0
33136	0
33137	1
33138	0
33241	0
33242	0
33243	0
33244	0
33245	0
33246	0
33247	0
33248	0
33249	0
33250	0
33251	0
33252	0
33265	0
33266	0
33267	0
33268	0
33269	0
33270	0
33271	0
33272	0
33273	0
33274	0
33275	0
33276	1
33337	1
33338	1
33339	1
33340	1
33341	1
33342	2
33343	0
33344	0
33345	2
33346	1
33347	0
33348	1
33475	0
33476	0
33477	0
33478	0
33479	0
33480	1
33481	0
33482	1
33483	0
33484	0
33485	0
33486	1
33571	0
33572	0
33573	0
33574	0
33575	1
33576	1
33577	0
33578	0
33579	0
33580	0
33581	0
33582	0
33589	0
33590	0
33591	0
33592	0
33593	0
33594	0
33703	0
33704	0
33705	0
33706	0
33707	0
33708	0
33709	0
33710	0
33711	0
33712	0
33713	0
33714	1
33739	0
33740	0
33741	0
33742	0
33743	0
33744	0
33775	0
33776	0
33777	0
33778	0
33779	0
33780	0
33793	0
33794	0
33795	0
33796	0
33797	0
33798	0
33901	0
33902	0
33903	0
33904	0
33905	1
33906	0
33907	0
33908	0
33909	0
33910	0
33911	0
33912	0
33919	0
33920	0
33921	0
33922	0
33923	0
33924	0
33925	0
33926	0
33927	0
33928	0
33929	1
33930	0
33931	0
33932	0
33933	0
33934	0
33935	0
33936	0
34033	0
34034	0
34035	0
34036	1
34037	0
34038	0
34057	1
34058	1
34059	0
34060	0
34061	0
34062	0
34063	0
34064	0
34065	0
34066	0
34067	0
34068	0
34069	0
34070	0
34071	0
34072	0
34073	0
34074	0
34075	0
34076	0
34077	0
34078	0
34079	0
34080	0
34249	0
34250	0
34251	0
34252	1
34253	0
34254	0
34255	0
34256	0
34257	0
34258	0
34259	0
34260	0
34471	0
34472	0
34473	0
34474	0
34475	0
34476	0
34531	0
34532	0
34533	0
34534	0
34535	0
34536	0
34585	0
34586	0
34587	0
34588	0
34589	0
34590	0
34645	1
34646	1
34647	0
34648	0
34649	1
34650	1
34675	0
34676	0
34677	0
34678	0
34679	0
34680	0
34705	0
34706	1
34707	0
34708	0
34709	0
34710	0
34759	0
34760	0
34761	0
34762	1
34763	0
34764	0
34783	0
34784	0
34785	0
34786	0
34787	1
34788	0
34789	0
34790	0
34791	0
34792	0
34793	0
34794	0
34825	0
34826	0
34827	0
34828	0
34829	0
34830	0
34831	1
34832	0
34833	0
34834	0
34835	0
34836	0
34849	0
34850	0
34851	0
34852	1
34853	0
34854	1
34867	1
34868	0
34869	0
34870	0
34871	1
34872	0
34873	1
34874	0
34875	0
34876	0
34877	0
34878	0
34885	0
34886	0
34887	0
34888	1
34889	0
34890	0
34891	0
34892	0
34893	0
34894	0
34895	0
34896	1
34897	0
34898	0
34899	0
34900	0
34901	0
34902	0
34903	0
34904	0
34905	0
34906	0
34907	0
34908	0
34909	1
34910	0
34911	0
34912	0
34913	0
34914	0
34993	0
34994	0
34995	0
34996	0
34997	0
34998	0
34999	2
35000	1
35001	0
35002	2
35003	0
35004	0
35005	0
35006	0
35007	0
35008	0
35009	0
35010	0
35011	0
35012	0
35013	0
35014	0
35015	0
35016	0
35047	0
35048	0
35049	0
35050	0
35051	0
35052	0
35053	1
35054	0
35055	0
35056	0
35057	0
35058	1
35083	0
35084	0
35085	0
35086	0
35087	0
35088	0
35107	0
35108	0
35109	0
35110	0
35111	0
35112	0
35125	1
35126	1
35127	0
35128	0
35129	1
35130	0
35131	0
35132	0
35133	0
35134	0
35135	0
35136	0
35143	0
35144	0
35145	0
35146	0
35147	0
35148	0
35149	0
35150	0
35151	0
35152	0
35153	0
35154	0
35167	0
35168	0
35169	0
35170	0
35171	0
35172	0
35197	0
35198	1
35199	0
35200	0
35201	0
35202	0
35209	0
35210	0
35211	0
35212	0
35213	0
35214	0
35227	0
35228	0
35229	1
35230	0
35231	0
35232	0
35245	1
35246	0
35247	0
35248	0
35249	2
35250	0
35251	0
35252	0
35253	0
35254	0
35255	0
35256	0
35269	0
35270	0
35271	0
35272	0
35273	1
35274	0
35287	0
35288	0
35289	1
35290	0
35291	0
35292	0
35323	0
35324	0
35325	0
35326	0
35327	0
35328	0
35335	0
35336	0
35337	0
35338	0
35339	0
35340	0
35341	0
35342	0
35343	0
35344	0
35345	0
35346	0
35347	0
35348	1
35349	0
35350	1
35351	0
35352	0
35353	0
35354	0
35355	1
35356	0
35357	0
35358	0
35359	0
35360	1
35361	0
35362	1
35363	0
35364	0
35365	0
35366	0
35367	0
35368	0
35369	1
35370	1
35371	0
35372	0
35373	0
35374	0
35375	0
35376	0
35389	0
35390	0
35391	0
35392	0
35393	0
35394	0
35425	0
35426	0
35427	0
35428	0
35429	0
35430	0
35461	0
35462	0
35463	1
35464	0
35465	1
35466	0
35473	1
35474	0
35475	0
35476	0
35477	0
35478	0
35491	2
35492	0
35493	1
35494	0
35495	0
35496	0
35497	0
35498	1
35499	0
35500	0
35501	0
35502	0
35521	0
35522	0
35523	1
35524	0
35525	0
35526	0
35527	1
35528	0
35529	0
35531	1
35532	0
35539	0
35540	0
35541	0
35542	0
35543	0
35544	0
35551	0
35552	0
35553	0
35554	0
35555	0
35556	0
35587	0
35588	0
35589	0
35590	0
35591	0
35592	0
35593	0
35594	0
35595	0
35596	0
35597	0
35598	0
35617	0
35618	0
35619	0
35620	0
35621	0
35622	0
35623	0
35624	0
35625	0
35626	0
35627	0
35628	0
35671	0
35672	0
35673	0
35674	0
35675	0
35676	0
35677	0
35678	0
35679	0
35680	0
35681	0
35682	0
35683	0
35684	0
35685	0
35686	1
35687	0
35688	1
35695	0
35696	0
35697	0
35698	0
35699	0
35700	0
35773	0
35774	0
35775	1
35776	0
35777	0
35778	1
35779	0
35780	0
35781	0
35782	0
35783	0
35784	0
35785	0
35786	0
35787	0
35788	0
35789	0
35790	0
35791	0
35792	0
35793	1
35794	0
35795	0
35796	3
35821	0
35822	0
35823	1
35824	0
35825	0
35826	1
35827	0
35828	0
35829	0
35830	0
35831	0
35832	0
35857	0
35858	0
35859	0
35860	0
35861	0
35862	0
35863	0
35864	0
35865	0
35866	0
35867	0
35868	0
35869	0
35870	0
35871	0
35872	0
35873	0
35874	0
35881	0
35882	0
35883	0
35884	0
35885	0
35886	0
35887	0
35888	0
35889	0
35890	0
35891	0
35892	0
35893	0
35894	0
35895	0
35896	0
35897	0
35898	0
35965	0
35966	0
35967	0
35968	0
35969	0
35970	0
36001	0
36002	1
36003	0
36004	0
36005	0
36006	0
36013	0
36014	0
36015	0
36016	0
36017	0
36018	0
36031	0
36032	0
36033	0
36034	0
36035	0
36036	0
36037	0
36038	0
36039	0
36040	0
36041	0
36042	0
36067	0
36068	0
36069	1
36070	0
36071	0
36072	0
36097	0
36098	0
36099	0
36100	0
36101	0
36102	0
36103	0
36104	0
36105	0
36106	0
36107	0
36108	0
36109	0
36110	0
36111	0
36112	1
36113	0
36115	0
36116	0
36117	0
36118	0
36119	0
36145	1
36146	0
36147	0
36148	0
36149	0
36150	0
36151	0
36152	0
36153	0
36154	0
36155	0
36156	0
36163	0
36164	0
36165	0
36166	0
36167	0
36168	0
36175	0
36176	0
36177	0
36178	0
36179	0
36180	0
36199	1
36200	1
36201	1
36202	1
36203	0
36204	0
36205	0
36206	1
36207	0
36208	0
36209	1
36210	0
36229	1
36230	0
36231	0
36232	0
36233	0
36234	0
36235	0
36236	0
36237	0
36238	0
36239	0
36240	0
36295	0
36296	0
36297	0
36298	0
36299	1
36300	0
36325	0
36326	0
36327	0
36328	0
36329	0
36330	0
36331	0
36332	0
36333	0
36334	0
36335	0
36336	0
36349	0
36350	0
36351	0
36352	1
36353	0
36354	0
36355	0
36356	0
36357	0
36358	0
36359	0
36360	0
36361	0
36362	0
36363	0
36364	0
36365	0
36366	0
36391	0
36392	0
36393	0
36394	0
36395	0
36396	0
36397	0
36398	0
36399	0
36400	0
36401	0
36402	0
36433	0
36434	0
36435	0
36436	0
36437	0
36438	0
36469	0
36470	0
36471	0
36472	0
36473	0
36474	0
36487	0
36488	0
36489	0
36490	0
36491	0
36492	0
36517	0
36518	0
36519	1
36520	0
36521	1
36522	0
36535	0
36536	0
36537	0
36538	0
36539	0
36540	0
36595	0
36596	0
36597	0
36598	0
36599	0
36600	0
36643	0
36644	0
36645	0
36646	0
36647	0
36648	0
36649	0
36650	0
36651	0
36652	0
36653	0
36654	0
36661	0
36662	1
36663	1
36664	1
36665	2
36666	1
36667	1
36668	1
36669	1
36670	2
36671	1
36672	0
36679	1
36680	0
36681	0
36682	1
36683	0
36684	0
36685	0
36686	0
36687	0
36688	0
36689	0
36690	0
36733	0
36734	0
36735	0
36736	0
36737	0
36738	0
36739	0
36740	0
36741	0
36742	0
36743	0
36744	0
36751	0
36752	0
36753	1
36754	0
36755	0
36756	1
36757	1
36758	0
36759	0
36760	1
36761	0
36762	1
36763	0
36764	0
36765	0
36766	0
36767	0
36768	0
36769	0
36770	0
36771	0
36772	0
36773	0
36774	0
36781	0
36782	0
36783	0
36784	0
36785	0
36786	0
36793	0
36794	1
36795	0
36796	0
36797	0
36798	0
36823	0
36824	0
36825	0
36826	0
36827	0
36828	0
36895	0
36896	0
36897	0
36898	0
36899	0
36900	1
36901	0
36902	0
36903	0
36904	0
36905	0
36906	0
37081	0
37082	0
37083	1
37084	1
37085	1
37086	1
37087	0
37088	1
37089	1
37090	0
37091	0
37092	0
37099	0
37100	0
37101	0
37102	0
37103	0
37104	0
37123	0
37124	0
37125	0
37126	0
37127	0
37128	0
37135	0
37136	0
37137	0
37138	0
37139	0
37140	0
37141	0
37142	0
37143	0
37144	0
37145	0
37146	0
37165	0
37166	0
37167	0
37168	0
37169	0
37170	0
37171	0
37172	1
37173	0
37174	0
37175	0
37176	0
37177	1
37178	0
37179	0
37180	0
37181	0
37182	0
37195	0
37196	0
37197	0
37198	0
37199	0
37200	0
37201	0
37202	0
37203	0
37204	0
37205	0
37206	1
37231	0
37232	0
37233	0
37234	0
37235	0
37236	0
37237	0
37238	0
37239	0
37240	0
37241	0
37242	0
37279	0
37280	1
37281	0
37282	0
37283	0
37284	0
37291	2
37292	2
37293	2
37294	1
37295	1
37296	1
37297	1
37298	1
37299	0
37300	1
37301	0
37302	0
37339	0
37340	0
37341	0
37342	0
37343	0
37344	0
37369	0
37370	0
37371	0
37372	0
37373	0
37374	0
37375	0
37376	0
37377	0
37378	0
37379	0
37380	0
37399	0
37400	0
37401	0
37402	0
37403	1
37405	0
37406	0
37407	0
37408	0
37409	0
37471	0
37472	0
37473	0
37474	0
37475	0
37476	0
37477	1
37478	0
37479	1
37480	1
37481	1
37482	0
37531	0
37532	0
37533	0
37534	0
37535	0
37536	0
37537	0
37538	0
37539	0
37540	0
37541	0
37542	0
37549	0
37550	0
37551	0
37552	0
37553	0
37554	0
37561	0
37562	0
37563	0
37564	0
37565	0
37566	0
37609	0
37610	0
37611	0
37612	0
37613	0
37614	1
37615	0
37616	0
37617	0
37618	0
37619	0
37620	0
37981	0
37982	0
37983	0
37984	0
37985	0
37986	0
38011	0
38012	0
38013	0
38014	0
38015	0
38016	0
38047	0
38048	0
38049	0
38050	1
38051	0
38052	0
38059	0
38060	0
38061	0
38062	0
38063	0
38064	0
38077	0
38078	0
38079	0
38080	0
38081	0
38082	0
38083	0
38084	0
38085	0
38086	0
38087	0
38088	0
38137	0
38138	0
38139	0
38140	0
38141	0
38142	0
38161	0
38162	0
38163	0
38164	0
38165	0
38166	0
38173	0
38174	0
38175	0
38176	0
38177	0
38178	0
38191	0
38192	0
38193	0
38194	0
38195	0
38196	0
38221	0
38222	0
38223	0
38224	0
38225	0
38226	0
38227	0
38228	0
38229	0
38230	0
38231	0
38232	0
38233	0
38234	0
38235	0
38236	0
38237	0
38238	0
38239	0
38240	0
38242	0
38243	1
38244	0
38293	0
38294	0
38295	0
38296	0
38297	0
38298	0
38299	0
38300	0
38301	0
38302	0
38303	0
38304	0
38305	0
38306	0
38307	0
38308	0
38309	0
38310	0
38329	0
38330	1
38331	0
38332	0
38333	0
38334	0
38335	0
38336	0
38337	0
38338	1
38339	0
38340	1
38347	0
38348	0
38349	1
38350	0
38351	0
38352	0
38359	0
38360	0
38361	0
38362	1
38363	1
38364	1
38371	0
38372	0
38373	2
38374	0
38375	0
38376	1
38383	0
38384	0
38385	0
38386	0
38387	0
38388	0
38401	0
38402	0
38403	0
38404	1
38405	0
38406	1
38425	0
38426	0
38427	0
38428	0
38429	0
38430	0
38449	0
38450	0
38451	1
38452	0
38453	0
38454	0
38455	0
38456	0
38457	0
38458	0
38459	0
38460	0
38461	0
38462	0
38463	0
38464	0
38465	0
38466	0
38467	0
38468	0
38469	0
38470	0
38471	1
38472	0
38473	1
38474	0
38475	1
38476	0
38477	0
38478	0
38480	1
38482	0
38483	0
38484	0
38485	0
38486	0
38487	0
38488	0
38489	0
38490	0
38497	0
38498	0
38499	0
38500	0
38501	0
38502	0
38509	1
38510	0
38511	0
38512	0
38513	0
38514	0
38545	0
38546	1
38547	0
38548	0
38549	0
38550	0
38551	0
38552	0
38553	0
38554	1
38555	0
38556	0
38569	0
38570	0
38571	1
38572	0
38573	0
38574	0
38581	0
38582	1
38583	0
38584	0
38585	0
38586	0
38617	0
38618	0
38619	1
38620	0
38621	1
38622	1
38629	0
38630	0
38631	0
38632	0
38633	0
38634	0
38641	0
38642	0
38643	0
38644	0
38645	0
38646	0
38647	0
38648	0
38649	0
38650	0
38651	0
38652	0
38653	0
38654	0
38655	0
38656	0
38657	0
38658	0
38665	0
38666	1
38667	0
38668	0
38669	0
38670	0
38671	0
38672	0
38673	1
38674	0
38675	0
38676	1
38677	0
38678	0
38679	0
38680	0
38681	1
38682	0
38689	0
38690	0
38691	0
38692	0
38693	0
38694	0
38695	0
38696	0
38697	0
38698	0
38699	0
38700	0
38719	0
38720	0
38721	0
38722	0
38723	0
38724	0
38731	0
38732	0
38733	0
38734	0
38735	0
38736	0
38737	0
38738	0
38739	0
38740	0
38741	0
38742	0
38743	0
38744	0
38745	0
38746	0
38747	1
38748	1
38761	0
38762	0
38763	0
38764	0
38765	0
38766	0
38779	0
38780	0
38781	0
38782	0
38783	0
38784	0
38791	0
38792	0
38793	0
38794	0
38795	0
38796	0
38839	0
38840	0
38841	0
38842	0
38843	0
38844	0
38845	0
38846	0
38847	0
38848	1
38849	0
38850	0
38851	0
38852	0
38853	0
38854	0
38855	0
38856	0
38857	0
38858	0
38859	0
38860	0
38861	0
38862	0
38893	0
38894	0
38895	0
38896	0
38897	0
38898	0
38905	0
38906	0
38907	0
38908	0
38909	0
38910	0
38911	0
38912	0
38913	0
38914	0
38915	0
38916	0
38917	0
38918	0
38919	0
38920	0
38921	0
38922	0
38923	0
38924	0
38925	0
38926	0
38927	0
38928	0
38977	1
38978	0
38979	0
38980	0
38981	0
38982	0
38989	0
38990	0
38991	0
38992	0
38993	0
38994	0
39007	0
39008	0
39009	0
39010	0
39011	0
39012	0
39013	0
39014	1
39015	0
39016	0
39017	0
39018	0
39031	0
39032	0
39033	0
39034	0
39035	0
39036	0
39037	0
39038	0
39039	0
39040	0
39041	0
39042	0
39079	0
39080	0
39081	0
39082	0
39083	0
39084	0
39151	0
39152	0
39153	0
39154	0
39155	0
39156	0
39157	0
39158	0
39159	0
39160	0
39161	0
39162	0
39163	0
39164	0
39165	0
39166	0
39167	0
39168	0
39169	0
39170	0
39171	0
39172	0
39173	0
39174	0
39175	0
39176	0
39177	0
39178	0
39179	0
39180	0
39193	0
39194	0
39195	0
39196	0
39197	0
39198	0
39199	0
39200	1
39201	0
39202	0
39203	0
39204	0
39205	0
39206	0
39207	0
39208	0
39209	0
39210	0
39241	0
39242	0
39243	0
39244	0
39245	0
39246	0
39247	0
39248	0
39249	0
39250	0
39251	0
39252	0
39259	0
39260	1
39261	0
39262	0
39263	0
39264	1
39265	1
39266	0
39267	1
39268	0
39269	0
39270	0
39271	0
39272	0
39273	0
39274	0
39275	0
39276	0
39283	0
39284	0
39285	0
39286	0
39287	0
39288	0
39295	0
39296	0
39297	0
39298	0
39299	0
39300	0
39301	0
39302	0
39303	0
39304	0
39305	0
39306	0
39325	0
39326	0
39327	0
39328	0
39329	0
39330	0
39337	0
39338	0
39339	0
39340	0
39341	0
39342	0
39361	0
39362	0
39363	0
39364	0
39365	0
39366	0
39367	0
39368	0
39369	1
39370	0
39371	0
39372	0
39397	0
39398	0
39399	0
39400	0
39401	1
39402	0
39409	0
39410	0
39411	0
39412	0
39413	0
39414	0
39421	0
39422	0
39423	0
39424	0
39425	0
39426	1
39427	0
39428	0
39429	0
39430	0
39431	1
39432	0
39433	0
39434	0
39435	0
39436	0
39437	0
39438	0
39463	0
39464	0
39465	0
39466	0
39467	0
39468	0
39475	1
39476	0
39477	1
39478	0
39479	1
39480	0
39481	0
39482	0
39483	0
39484	0
39485	0
39486	0
39487	0
39488	0
39489	0
39490	0
39491	0
39492	0
39493	0
39494	0
39495	0
39496	0
39497	0
39498	0
39571	0
39572	1
39573	0
39574	0
39575	0
39576	1
39577	1
39578	0
39579	0
39580	0
39581	0
39582	0
39691	0
39692	0
39693	0
39694	0
39695	0
39696	0
39703	0
39704	0
39705	0
39706	0
39707	0
39708	0
39715	0
39716	0
39717	0
39718	0
39719	0
39720	0
39721	0
39722	0
39723	0
39724	0
39725	0
39726	0
39733	0
39734	0
39735	0
39736	0
39737	0
39738	0
39775	0
39776	0
39777	0
39778	0
39779	0
39780	0
39781	0
39782	0
39783	0
39784	0
39785	0
39786	0
39799	0
39800	0
39801	0
39802	0
39803	0
39805	0
39806	0
39807	0
39808	0
39809	0
39811	0
39812	1
39813	0
39814	0
39815	0
39816	0
39817	0
39818	0
39819	1
39820	0
39821	0
39822	0
39847	0
39848	0
39849	0
39850	0
39851	0
39852	0
39853	0
39854	0
39855	0
39856	0
39857	0
39858	0
39877	0
39878	0
39879	0
39880	0
39881	0
39882	0
39987	0
39989	0
39993	0
39995	0
40022	0
40024	0
40025	0
40026	0
40033	1
40034	0
40035	0
40036	0
40037	0
40038	0
40087	0
40088	1
40089	0
40090	0
40091	1
40092	1
40093	0
40094	0
40095	0
40096	0
40097	1
40098	0
40105	0
40106	0
40107	0
40108	0
40110	0
40111	0
40112	0
40113	0
40114	0
40115	0
40116	0
40117	0
40118	0
40119	0
40120	0
40121	0
40122	0
40123	0
40124	0
40125	0
40126	0
40127	0
40128	0
40153	0
40154	0
40155	1
40156	0
40157	1
40158	1
40159	0
40160	0
40161	0
40162	0
40163	0
40164	1
40165	0
40166	0
40167	0
40168	0
40169	0
40170	0
40171	0
40172	0
40173	0
40174	0
40175	0
40176	0
40237	0
40238	0
40239	0
40240	0
40241	0
40242	0
40249	0
40250	0
40251	0
40252	0
40253	1
40254	0
40267	0
40268	1
40269	0
40270	0
40271	0
40272	0
40327	0
40328	0
40329	0
40330	0
40331	0
40332	0
40339	0
40340	0
40341	0
40342	0
40343	0
40344	0
40351	0
40352	0
40353	0
40354	0
40355	0
40356	0
40417	0
40418	0
40419	0
40420	0
40421	0
40422	0
40423	0
40424	0
40425	0
40426	0
40427	0
40428	0
40435	0
40436	0
40437	0
40438	0
40439	0
40440	0
40441	0
40442	0
40443	0
40444	0
40445	0
40446	0
40453	0
40454	0
40455	0
40456	0
40457	0
40458	0
40459	0
40460	0
40461	0
40462	0
40463	0
40464	0
40483	0
40484	1
40485	1
40486	0
40487	1
40488	0
40495	0
40496	0
40497	0
40498	0
40499	0
40500	0
40519	0
40520	0
40521	1
40522	0
40523	0
40524	1
40537	0
40538	0
40539	0
40540	0
40541	0
40542	0
40669	0
40670	0
40671	1
40672	0
40673	0
40674	0
40675	0
40676	0
40677	0
40678	0
40679	0
40680	0
40705	0
40706	0
40707	0
40708	0
40709	0
40710	0
40711	0
40712	0
40713	0
40714	0
40715	0
40716	0
40729	0
40730	0
40731	0
40732	0
40733	0
40734	0
40735	0
40736	0
40737	0
40738	0
40739	0
40740	0
40783	0
40784	0
40785	0
40786	0
40787	0
40788	0
40789	0
40790	1
40791	0
40792	0
40793	0
40794	0
40813	0
40814	1
40815	0
40816	0
40817	0
40818	0
40843	0
40844	0
40845	0
40846	0
40847	1
40848	0
40861	0
40862	0
40863	0
40864	1
40865	0
40866	1
40909	0
40910	0
40911	0
40912	0
40913	0
40914	0
40933	1
40934	1
40935	0
40936	0
40937	0
40938	0
40945	0
40946	0
40947	0
40948	0
40949	0
40950	0
40993	0
40994	0
40995	0
40996	0
40997	1
40998	0
40999	0
41000	0
41001	0
41002	0
41003	0
41004	0
41011	0
41012	0
41013	1
41014	0
41015	0
41016	1
41017	0
41018	0
41019	1
41020	0
41021	0
41022	0
41029	0
41030	0
41031	0
41032	0
41033	0
41034	0
41161	1
41162	1
41163	1
41164	1
41165	1
41166	1
41167	1
41168	0
41169	0
41170	1
41171	2
41172	0
41642	0
41643	0
41644	0
41645	0
41646	0
41671	0
41672	0
41673	0
41674	0
41675	0
41676	0
41683	0
41684	0
41685	0
41686	0
41687	0
41688	0
41689	0
41690	0
41691	0
41692	0
41693	0
41694	0
41695	0
41696	0
41697	0
41698	0
41699	0
41700	1
41701	0
41702	0
41703	0
41704	0
41705	0
41706	0
41713	0
41714	0
41715	0
41716	0
41717	0
41718	0
41731	0
41732	0
41733	0
41734	0
41735	0
41736	0
41749	0
41750	0
41751	0
41752	0
41753	0
41754	0
41755	0
41757	0
41758	1
41759	1
41760	0
41773	0
41774	0
41775	0
41776	0
41777	0
41778	0
41779	0
41780	0
41781	0
41782	0
41783	0
41784	0
41797	0
41798	0
41799	0
41800	0
41801	1
41802	0
41821	0
41822	0
41823	0
41824	0
41825	0
41826	0
41827	0
41828	0
41829	1
41830	0
41831	0
41832	0
41839	1
41840	1
41841	1
41842	1
41843	1
41844	1
41845	0
41846	0
41847	0
41848	0
41849	0
41850	0
41851	0
41852	0
41853	0
41854	0
41855	1
41856	0
41912	0
41914	0
41915	0
41916	0
41917	0
41918	0
41919	0
41920	0
41921	0
41922	0
41953	0
41954	0
41955	0
41956	0
41957	0
41958	0
41965	1
41966	0
41967	0
41968	0
41969	0
41970	0
41971	0
41972	0
41973	0
41974	0
41975	0
41976	0
41983	1
41984	0
41985	1
41986	0
41987	0
41988	0
41995	0
41996	0
41997	0
41998	0
41999	1
42000	0
42001	0
42002	0
42003	1
42004	0
42005	1
42006	0
42025	1
42026	0
42027	0
42028	0
42029	0
42030	0
42037	0
42038	0
42039	0
42040	0
42041	0
42042	0
42061	1
42062	0
42063	0
42064	0
42065	1
42066	0
42067	0
42068	1
42069	1
42070	0
42071	0
42072	0
42073	0
42074	0
42075	2
42076	0
42077	0
42078	0
42085	1
42086	1
42087	2
42088	2
42089	1
42090	1
42103	0
42104	0
42105	0
42106	1
42107	0
42108	0
42115	0
42116	0
42117	0
42118	0
42119	0
42120	0
42121	0
42122	0
42123	0
42124	1
42125	0
42126	0
42127	0
42128	1
42129	0
42130	0
42131	0
42132	0
42133	1
42134	1
42135	0
42136	0
42137	0
42138	0
42139	0
42140	0
42141	1
42142	0
42143	1
42144	0
42145	0
42146	0
42147	0
42148	0
42149	0
42150	0
42151	0
42152	0
42153	0
42154	1
42155	0
42156	0
42181	0
42182	0
42183	0
42184	0
42185	0
42186	0
42187	0
42188	0
42189	0
42190	0
42191	0
42192	0
42199	0
42200	1
42201	1
42202	1
42203	0
42204	0
42205	0
42206	0
42207	0
42208	0
42209	0
42210	0
42211	0
42212	0
42213	0
42214	0
42215	0
42216	0
42241	0
42242	0
42243	1
42244	1
42245	0
42246	0
42247	0
42248	0
42249	0
42250	0
42251	0
42252	0
42253	0
42254	0
42255	2
42256	0
42257	0
42258	0
42259	1
42260	0
42261	0
42262	0
42263	0
42264	1
42278	0
42279	0
42280	0
42281	0
42282	1
42295	0
42296	0
42297	0
42298	0
42299	0
42300	0
42301	0
42302	0
42303	0
42304	0
42305	0
42306	0
42319	0
42320	0
42321	0
42322	0
42323	1
42324	0
42337	0
42338	0
42339	0
42340	0
42341	0
42342	0
42343	0
42344	0
42345	0
42346	78
42347	0
42348	1
42349	0
42350	0
42351	0
42352	0
42353	0
42354	0
42355	0
42356	0
42357	0
42358	0
42359	0
42360	0
42391	0
42392	0
42393	1
42394	0
42395	0
42396	0
42469	0
42470	0
42471	0
42472	0
42473	0
42474	0
42487	0
42488	0
42489	0
42490	0
42491	0
42492	0
42493	2
42494	1
42495	1
42496	2
42497	0
42498	1
42535	0
42537	0
42538	0
42539	1
42540	0
42541	0
42543	0
42544	0
42545	1
42546	0
42547	0
42549	0
42550	0
42551	1
42552	0
42553	0
42554	0
42555	0
42556	0
42557	0
42558	0
42583	0
42584	0
42585	1
42586	0
42587	0
42588	0
42589	0
42590	0
42591	0
42592	0
42593	0
42594	0
42595	0
42596	0
42597	0
42598	0
42599	0
42600	0
42601	0
42602	0
42603	0
42604	0
42605	0
42606	0
42649	0
42650	0
42651	0
42652	0
42653	0
42654	0
42655	0
42656	2
42657	1
42658	0
42659	2
42660	0
42691	0
42692	0
42693	0
42694	0
42695	0
42696	0
42703	0
42704	0
42705	0
42706	0
42707	0
42708	0
42709	0
42710	0
42711	0
42712	0
42713	0
42714	0
42715	0
42716	0
42717	0
42718	0
42719	1
42720	0
42733	2
42734	1
42735	1
42736	2
42737	0
42738	0
42751	0
42752	2
42753	1
42754	0
42755	0
42756	0
42757	0
42758	0
42759	0
42760	0
42761	0
42762	0
42781	0
42782	0
42783	0
42784	0
42785	0
42786	0
42787	0
42788	0
42789	0
42790	0
42791	0
42792	0
42817	0
42818	0
42819	0
42820	0
42821	0
42822	0
42823	0
42824	0
42825	0
42826	0
42827	0
42828	0
42835	0
42836	0
42837	0
42838	0
42839	0
42840	1
42841	0
42842	0
42843	0
42844	0
42845	0
42846	0
42871	0
42872	0
42873	1
42874	0
42875	0
42876	0
42877	0
42878	0
42879	0
42880	0
42881	0
42882	0
42883	0
42885	0
42886	0
42887	0
42888	0
42889	1
42891	0
42892	0
42893	1
42894	0
42901	0
42902	0
42903	0
42904	0
42905	0
42906	0
42919	0
42920	0
42921	0
42922	0
42923	0
42924	0
42931	0
42932	0
42933	0
42934	0
42935	0
42936	0
42937	0
42938	0
42939	0
42940	0
42941	0
42942	0
42985	0
42986	0
42987	0
42988	0
42989	0
42990	0
43015	0
43016	0
43017	0
43018	0
43019	0
43020	0
43021	0
43022	0
43023	0
43024	1
43025	0
43026	0
43029	0
43031	0
43063	0
43064	1
43065	0
43066	0
43067	0
43068	0
43069	0
43070	0
43071	0
43072	0
43073	1
43074	0
43093	0
43094	0
43095	0
43096	0
43097	0
43098	0
43099	0
43100	0
43101	0
43102	0
43103	0
43104	0
43159	1
43160	0
43161	0
43162	0
43163	0
43164	0
43165	0
43166	0
43167	0
43168	0
43169	0
43170	0
43213	0
43214	0
43215	0
43216	0
43217	0
43218	0
43237	1
43238	0
43239	0
43240	0
43241	0
43242	0
43243	0
43244	0
43245	0
43246	0
43247	0
43248	0
43249	0
43250	0
43251	0
43252	0
43253	0
43254	0
43273	0
43274	0
43275	0
43276	0
43277	0
43278	0
43285	0
43286	0
43287	0
43288	1
43289	0
43290	1
43291	0
43292	0
43293	0
43294	0
43295	0
43296	0
43303	1
43304	0
43305	0
43306	0
43307	0
43308	0
43309	0
43310	0
43311	0
43312	0
43313	0
43314	0
43339	0
43340	0
43341	0
43342	0
43343	0
43344	0
43345	0
43346	0
43347	0
43348	0
43349	0
43350	0
43381	0
43382	0
43383	0
43384	0
43385	0
43386	0
43393	0
43394	0
43395	0
43396	0
43397	1
43398	0
43399	0
43400	0
43401	0
43402	0
43403	0
43404	0
43447	0
43448	0
43449	0
43450	0
43451	0
43452	1
43453	0
43454	0
43455	0
43456	0
43457	0
43458	0
43459	0
43460	0
43461	0
43462	0
43463	0
43464	0
43477	0
43478	0
43479	0
43480	0
43481	0
43482	0
43483	0
43484	0
43485	0
43486	0
43487	0
43488	0
43495	0
43496	0
43497	0
43498	0
43499	0
43500	0
43501	0
43502	0
43503	0
43504	0
43505	0
43506	0
43513	1
43514	0
43515	0
43516	1
43517	0
43518	0
43519	0
43520	0
43521	0
43522	0
43523	0
43524	0
43573	0
43574	0
43575	1
43576	0
43577	1
43578	0
43579	0
43580	0
43581	0
43582	0
43583	0
43584	0
43609	0
43610	0
43611	0
43612	0
43613	0
43614	0
43615	0
43616	0
43617	0
43618	0
43619	0
43620	0
43621	0
43622	0
43623	0
43624	0
43625	0
43626	0
43633	0
43634	0
43635	0
43636	1
43637	0
43638	0
43639	0
43640	0
43641	0
43642	0
43643	0
43644	0
43675	0
43676	0
43677	0
43678	0
43679	0
43680	0
43687	0
43688	0
43689	0
43690	1
43691	0
43692	0
43735	0
43736	0
43737	0
43738	0
43739	0
43740	0
43753	0
43754	1
43755	1
43756	2
43757	0
43758	1
43759	2
43760	1
43761	1
43762	2
43763	1
43764	2
43777	1
43778	0
43779	0
43780	0
43781	0
43782	0
43783	1
43784	1
43785	0
43786	0
43787	0
43788	1
43879	0
43880	0
43881	0
43882	0
43883	0
43884	0
43891	0
43892	0
43893	1
43894	0
43895	0
43896	0
43903	0
43904	0
43905	0
43906	0
43907	1
43908	0
43909	0
43910	0
43911	0
43912	0
43913	0
43914	0
44035	0
44036	0
44037	0
44038	0
44039	0
44040	0
44053	1
44054	1
44055	1
44056	1
44057	0
44058	0
44059	0
44060	0
44061	0
44062	0
44063	0
44064	0
44077	0
44078	1
44079	0
44080	0
44081	0
44082	0
44107	0
44108	0
44109	0
44110	0
44111	0
44112	0
44173	0
44174	0
44175	0
44176	0
44177	0
44178	0
45367	0
45368	0
45369	0
45370	0
45371	1
45372	0
45397	0
45398	0
45399	0
45400	0
45401	0
45402	0
45403	0
45404	1
45405	0
45406	0
45407	1
45408	0
45553	0
45554	0
45555	0
45556	0
45557	0
45558	0
45559	0
45560	0
45561	0
45562	0
45563	0
45564	1
45571	0
45572	0
45573	0
45574	0
45575	0
45576	0
45577	0
45578	0
45579	0
45580	0
45581	1
45582	1
