ObservationID	Count
667	0
668	0
669	2
670	2
671	0
672	2
697	0
698	0
699	2
700	2
701	0
702	2
1687	0
1688	2
1689	0
1690	0
1691	0
1692	0
1717	0
1718	0
1719	0
1720	0
1721	0
1722	0
2437	0
2438	0
2439	0
2440	1
2441	0
2442	5
3751	0
3752	1
3753	0
3754	2
3755	0
3756	1
3847	0
3848	0
3849	0
3850	0
3851	0
3852	0
3853	0
3854	0
3855	0
3856	0
3857	0
3858	0
5359	0
5360	0
5361	2
5362	1
5365	0
5366	1
5367	0
5368	0
8581	0
8582	0
8583	0
8584	0
8585	1
8586	0
8587	0
8588	0
8589	0
8590	0
8591	0
8592	0
8911	0
8912	0
8913	0
8914	0
8915	0
8916	0
9631	0
9632	0
9633	1
9634	0
9635	0
9636	0
9637	0
9638	0
9639	1
9640	0
9641	1
9642	1
14773	0
14774	0
14775	0
14776	0
14777	0
14778	0
14785	0
14786	0
14787	0
14788	0
14789	0
14790	0
15259	0
15260	0
15261	0
15262	0
15263	0
15264	0
15265	0
15266	0
15267	0
15268	0
15269	0
15270	0
17605	1
17606	1
17607	0
17608	0
17609	0
17610	0
17611	0
17612	0
17613	0
17614	0
17615	0
17616	0
17623	0
17624	0
17625	1
17626	0
17627	0
17628	0
17629	0
17630	0
17631	0
17632	0
17633	0
17634	0
17893	0
17894	0
17895	0
17896	0
17897	1
17898	1
17899	0
17900	0
17901	0
17902	0
17903	0
17904	0
19633	0
19634	0
19635	0
19636	0
19637	0
19638	0
19639	0
19640	0
19641	0
19642	0
19643	0
19644	0
20299	0
20300	0
20301	0
20302	0
20303	0
20304	3
20317	0
20318	0
20319	0
20320	0
20321	0
20322	2
20329	0
20330	0
20331	0
20332	1
20333	0
20334	3
20341	0
20342	0
20343	0
20344	0
20345	0
20346	2
21386	1
21388	1
21390	1
21410	0
21412	1
21414	0
21721	0
21722	1
21723	0
21724	1
21725	0
21726	0
21727	0
21728	0
21729	0
21730	0
21731	0
21732	0
25969	0
25970	0
25971	1
25972	2
25973	0
25974	1
25975	0
25976	0
25977	0
25978	1
25979	0
25980	1
27277	0
27278	0
27279	0
27280	0
27281	0
27282	0
27283	0
27284	0
27285	0
27286	0
27287	0
27288	0
28015	0
28016	0
28017	0
28018	0
28019	0
28020	4
28027	0
28028	0
28029	0
28030	0
28031	0
28032	2
29473	0
29474	0
29475	0
29476	0
29477	0
29478	0
29479	0
29480	0
29481	0
29482	0
29483	0
29484	0
30385	0
30386	0
30387	0
30388	0
30389	1
30390	1
30547	0
30548	0
30549	0
30550	0
30551	0
30552	0
30589	0
30590	0
30591	0
30592	0
30593	0
30594	0
30829	0
30830	0
30831	0
30832	0
30833	0
30834	2
30967	0
30968	0
30969	0
30970	0
30971	0
30972	0
31225	0
31226	0
31227	0
31228	0
31229	0
31230	1
31393	0
31394	0
31395	0
31396	0
31397	0
31398	0
31555	1
31556	0
31557	0
31558	0
31559	0
31560	0
32521	0
32522	0
32523	0
32524	0
32525	0
32526	0
32533	0
32534	0
32535	0
32536	0
32537	0
32538	0
32545	0
32546	0
32547	1
32548	0
32549	0
32550	0
32551	0
32552	0
32553	0
32554	0
32555	0
32556	0
33337	0
33338	0
33339	0
33340	0
33341	0
33342	0
33343	1
33344	1
33345	0
33346	0
33347	0
33348	1
34447	0
34448	0
34449	0
34450	0
34451	0
34452	0
34459	0
34460	0
34461	0
34462	0
34463	0
34464	0
35101	0
35102	1
35103	0
35104	0
35105	0
35106	0
35125	0
35126	0
35127	0
35128	0
35129	0
35130	0
35413	0
35414	0
35415	0
35416	0
35417	0
35418	0
35461	0
35462	0
35463	0
35464	0
35465	0
35466	2
35623	0
35624	0
35625	0
35626	0
35627	0
35628	0
36433	0
36434	0
36435	0
36436	0
36437	0
36438	0
36661	2
36662	2
36663	1
36664	1
36665	3
36666	1
36667	0
36668	1
36669	0
36670	1
36671	0
36672	0
37291	0
37292	0
37293	0
37294	0
37295	0
37296	0
37297	0
37298	0
37299	0
37300	0
37301	0
37302	0
38335	0
38336	0
38337	0
38338	0
38339	0
38340	0
38407	0
38408	0
38409	1
38410	0
38411	1
38412	0
38425	1
38426	2
38427	1
38428	1
38429	0
38430	0
38455	0
38456	0
38457	0
38458	1
38459	0
38460	0
38545	0
38546	0
38547	0
38548	0
38549	0
38550	0
38719	2
38720	1
38721	2
38722	1
38723	0
38724	0
38911	0
38912	0
38913	0
38914	0
38915	0
38916	0
39019	0
39020	0
39021	0
39022	0
39023	0
39024	0
39169	0
39170	0
39171	0
39172	0
39173	0
39174	0
39205	0
39206	0
39207	0
39208	0
39209	0
39210	0
40123	0
40124	0
40125	0
40126	0
40127	0
40128	0
40567	1
40568	0
40569	0
40570	0
40571	0
40572	0
40579	0
40580	0
40581	0
40582	0
40583	0
40584	0
40669	0
40670	0
40671	1
40672	0
40673	2
40674	0
40675	0
40676	0
40677	0
40678	0
40679	0
40680	0
40813	0
40814	0
40815	0
40816	0
40817	0
40818	0
41161	2
41162	1
41163	1
41164	1
41165	0
41166	1
41167	1
41168	0
41169	0
41170	0
41171	0
41172	1
41653	0
41654	0
41655	0
41656	0
41657	1
41658	1
41839	1
41840	1
41841	0
41842	0
41843	0
41844	0
41851	0
41852	0
41853	0
41854	0
41855	0
41856	0
42037	0
42038	0
42039	0
42040	0
42041	0
42042	0
42211	0
42212	0
42213	0
42214	0
42215	0
42216	0
42493	0
42494	0
42495	0
42496	0
42497	0
42498	0
42733	0
42734	0
42735	0
42736	0
42737	0
42738	0
42751	0
42752	0
42753	1
42754	0
42755	0
42756	0
43369	0
43370	0
43371	1
43372	0
43373	0
43374	1
43375	0
43376	0
43377	0
43378	0
43379	0
43380	0
43753	2
43754	3
43755	0
43756	2
43757	3
43758	1
43759	1
43760	0
43761	0
43762	1
43763	1
43764	0
