ObservationID	Count
265	0
266	0
267	0
268	0
269	0
270	0
409	0
410	0
411	0
412	1
413	0
414	0
421	0
422	0
423	0
424	0
425	0
426	0
433	0
434	0
435	0
436	0
437	0
438	0
715	0
716	0
717	0
718	0
719	0
720	0
727	0
728	0
729	0
730	0
731	0
732	0
973	0
974	0
975	0
976	0
977	0
978	0
1033	1
1034	0
1035	0
1036	0
1037	0
1038	0
1063	0
1064	0
1065	0
1066	0
1067	0
1068	0
1213	0
1214	1
1215	0
1216	0
1217	0
1218	0
1249	0
1250	0
1251	0
1252	0
1253	0
1254	0
1273	0
1274	1
1275	0
1276	0
1277	0
1278	0
1549	0
1550	0
1551	0
1552	0
1553	0
1681	0
1682	1
1683	0
1684	0
1685	0
1686	0
1975	0
1976	1
1977	0
1978	0
1979	0
1980	0
2413	0
2414	0
2415	0
2416	0
2417	0
2418	0
2737	0
2738	0
2739	0
2740	0
2741	0
2742	0
2749	0
2750	0
2751	0
2752	0
2753	0
2754	0
2761	0
2762	0
2763	0
2764	0
2765	0
2766	0
2803	0
2804	0
2805	1
2806	0
2807	0
2808	0
3685	0
3686	0
3687	0
3688	0
3689	0
3690	0
3691	0
3692	0
3693	0
3694	1
3695	0
3696	0
4729	0
4730	0
4731	0
4732	0
4733	0
4734	0
4735	1
4736	0
4737	0
4738	0
4739	0
4740	0
4741	0
4742	0
4743	0
4744	0
4745	0
4746	0
4891	0
4892	0
4893	0
4894	0
4895	0
4896	0
4897	0
4898	0
4899	0
4900	0
4901	0
4902	0
4909	0
4910	0
4911	1
4912	0
4913	0
4914	0
8713	0
8714	0
8715	0
8716	0
8717	0
8718	0
8953	0
8954	0
8955	0
8956	0
8957	0
8958	0
14401	0
14402	0
14403	0
14404	0
14405	0
14406	0
14419	0
14420	0
14421	0
14422	0
14423	0
14424	0
14431	0
14432	0
14433	0
14434	0
14435	0
14436	0
14905	0
14906	0
14907	0
14908	1
14909	0
14910	0
14917	0
14918	0
14919	0
14920	0
14921	0
14922	0
14977	0
14978	0
14979	0
14980	0
14981	0
14982	0
14995	0
14996	0
14997	0
14998	0
14999	0
15000	0
15001	0
15002	0
15003	0
15004	0
15005	0
15006	0
15349	0
15350	0
15352	0
15353	0
15354	0
15355	0
15356	0
15358	0
15359	0
15360	0
15565	0
15566	0
15567	0
15568	0
15569	0
15570	0
15571	0
15572	0
15573	0
15574	0
15575	0
15576	1
15577	0
15578	0
15579	0
15580	0
15581	0
15582	0
15979	0
15980	0
15981	0
15982	0
15983	0
15984	0
15985	0
15986	0
15987	0
15988	0
15989	0
15990	0
15991	0
15992	0
15993	0
15994	0
15995	0
15996	1
16159	0
16160	0
16161	0
16162	0
16163	0
16164	2
16171	0
16172	0
16173	0
16174	0
16175	0
16176	2
16183	0
16184	0
16185	0
16186	0
16187	0
16188	0
16621	0
16622	0
16623	0
16624	0
16625	0
16626	0
16627	0
16628	0
16629	0
16630	0
16631	0
16632	0
16633	0
16634	0
16635	0
16636	0
16637	1
16638	0
20215	1
20216	0
20217	0
20218	0
20219	0
20220	0
20977	1
20978	0
20979	0
20980	0
20981	0
20982	0
21037	0
21038	0
21039	0
21040	0
21041	0
21042	0
21073	0
21074	0
21075	0
21076	0
21077	0
21078	0
21085	0
21086	0
21087	0
21088	0
21089	0
21090	0
21097	0
21098	0
21099	0
21100	0
21101	0
21102	0
21235	0
21236	0
21237	0
21238	0
21239	0
21240	0
21241	0
21242	0
21243	0
21244	0
21245	0
21246	0
21247	0
21248	0
21249	0
21250	0
21251	0
21252	0
25609	0
25610	0
25611	0
25612	0
25613	0
25614	0
25615	0
25616	1
25617	0
25618	0
25619	0
25620	0
26413	0
26414	0
26415	0
26416	0
26417	0
26418	0
26425	0
26426	0
26427	0
26428	0
26429	0
26430	0
26437	0
26438	0
26439	0
26440	0
26441	0
26442	0
26497	0
26498	0
26499	0
26500	0
26501	0
26502	2
26503	1
26504	0
26505	0
26506	0
26507	0
26508	0
26509	0
26510	0
26511	0
26512	0
26513	0
26514	0
26515	0
26516	0
26517	1
26518	3
26519	0
26520	0
26521	0
26522	0
26523	0
26524	0
26525	0
26526	2
26527	0
26528	0
26529	0
26530	0
26531	0
26532	0
27163	0
27164	0
27165	0
27166	0
27167	0
27168	0
27817	0
27818	0
27819	0
27820	0
27821	0
27822	0
27823	0
27824	0
27825	0
27826	0
27827	0
27828	0
27829	0
27830	0
27831	0
27832	0
27833	0
27834	0
27835	0
27836	0
27837	0
27838	0
27839	0
27840	0
27841	0
27842	0
27843	0
27844	0
27845	0
27846	0
27847	0
27848	0
27849	0
27850	0
27851	0
27852	0
27925	0
27926	0
27927	0
27928	0
27929	0
27930	0
27931	0
27932	0
27933	0
27934	0
27935	0
27936	0
27937	0
27938	0
27939	0
27940	0
27941	0
27942	0
28225	0
28226	0
28227	0
28228	0
28229	0
28230	0
28231	0
28232	0
28233	0
28234	0
28235	0
28236	0
28237	0
28238	0
28239	0
28240	0
28241	0
28242	0
29053	0
29054	0
29055	0
29056	0
29057	1
29058	0
29107	0
29108	0
29109	0
29110	0
29111	0
29112	0
29515	0
29516	0
29517	0
29518	0
29519	0
29520	1
29521	0
29522	0
29523	0
29524	0
29525	0
29526	0
29653	0
29654	0
29655	0
29656	0
29657	0
29658	0
29659	0
29660	0
29661	0
29662	0
29663	0
29664	0
29665	0
29666	0
29667	0
29668	0
29669	0
29670	0
29671	0
29672	0
29673	1
29674	0
29675	0
29676	0
29701	0
29702	0
29703	0
29704	0
29705	0
29706	0
29707	0
29708	0
29709	0
29710	0
29711	0
29712	0
29719	0
29720	0
29721	0
29722	0
29723	0
29724	0
29737	0
29738	0
29739	0
29740	0
29741	0
29742	0
29749	0
29750	0
29751	0
29752	0
29753	0
29754	0
29761	0
29762	0
29763	0
29764	0
29765	0
29766	0
29803	0
29804	0
29805	0
29806	0
29807	0
29808	0
29809	0
29810	0
29811	0
29812	0
29813	0
29814	0
29815	0
29816	0
29817	0
29818	0
29819	0
29820	0
30691	0
30692	0
30693	0
30694	0
30695	0
30696	0
31231	0
31232	0
31233	0
31234	0
31235	0
31236	1
31237	0
31238	0
31239	0
31240	0
31241	0
31242	0
31243	0
31244	0
31245	0
31246	0
31247	0
31248	0
32095	0
32096	0
32097	0
32098	0
32099	0
32100	0
32113	0
32114	0
32115	0
32116	0
32117	0
32118	0
32125	0
32126	0
32127	0
32128	0
32129	0
32130	0
32137	0
32138	1
32139	0
32140	0
32141	0
32142	0
32629	0
32630	0
32631	1
32632	0
32633	0
32634	0
32635	0
32636	0
32637	0
32638	0
32639	0
32640	0
32641	0
32642	0
32643	0
32644	0
32645	0
32646	0
33103	0
33104	0
33105	0
33106	0
33107	0
33108	0
33109	0
33110	0
33111	0
33112	0
33113	0
33114	0
33115	0
33116	0
33117	0
33118	0
33119	0
33120	0
33277	0
33278	0
33279	0
33280	0
33281	0
33282	0
33283	0
33284	0
33285	0
33286	0
33287	0
33288	1
33289	0
33290	0
33291	0
33292	0
33293	0
33294	0
33427	0
33428	0
33429	0
33430	0
33431	0
33432	0
33925	0
33926	0
33927	0
33928	0
33929	0
33930	0
33931	0
33932	0
33933	0
33934	0
33935	0
33936	0
34309	0
34310	0
34311	0
34312	0
34313	0
34314	0
34405	0
34406	0
34407	0
34408	0
34409	0
34410	0
35503	0
35504	0
35505	0
35506	0
35507	0
35508	0
35509	0
35510	0
35511	0
35512	0
35513	0
35514	0
35515	0
35516	0
35517	0
35518	0
35519	0
35520	1
36241	0
36242	0
36243	0
36244	0
36245	0
36246	0
36247	0
36248	0
36249	0
36250	0
36251	0
36252	0
36692	0
36694	0
36695	0
36696	0
36697	0
36698	0
36699	1
36700	0
36701	0
36702	0
36703	0
36704	0
36705	0
36706	0
36707	0
36708	0
36709	0
36710	0
36711	0
36712	0
36713	0
36714	0
36715	0
36716	0
36717	0
36718	0
36719	0
36720	1
36721	0
36722	0
36723	0
36724	0
36725	0
36726	1
36757	0
36758	0
36759	0
36760	0
36761	0
36762	0
36769	0
36770	0
36771	0
36772	0
36773	0
36774	0
36985	0
36986	0
36987	0
36988	0
36989	0
36990	0
37513	0
37514	0
37515	0
37516	0
37517	0
37518	0
37537	0
37538	0
37539	0
37540	0
37541	0
37542	0
37549	0
37550	0
37551	0
37552	0
37553	0
37554	0
37573	0
37574	1
37575	0
37576	0
37577	0
37578	0
37579	0
37580	0
37581	0
37582	0
37583	0
37584	0
37603	0
37604	0
37605	0
37606	0
37607	0
37608	0
37609	0
37610	0
37611	0
37612	0
37613	0
37614	0
37615	0
37616	0
37617	0
37618	0
37619	0
37620	0
37801	0
37802	0
37803	0
37804	0
37805	0
37806	0
37861	0
37862	0
37863	0
37864	0
37865	0
37866	0
37873	0
37874	1
37875	0
37876	0
37877	0
37878	0
37885	0
37886	0
37887	0
37888	0
37889	0
37890	0
38305	0
38306	0
38307	0
38308	0
38309	0
38310	0
38491	0
38492	0
38493	0
38494	0
38495	0
38496	0
38497	0
38498	0
38499	0
38500	0
38501	0
38502	0
38521	0
38522	0
38523	0
38524	0
38525	1
38526	0
38557	0
38558	0
38559	0
38560	0
38561	0
38562	0
38563	0
38564	0
38565	0
38566	0
38567	0
38568	0
38569	0
38570	0
38571	0
38572	0
38573	1
38574	0
38677	0
38678	0
38679	1
38680	0
38681	0
38682	0
38977	0
38978	0
38979	0
38980	0
38981	0
38982	0
39229	0
39230	0
39231	0
39232	0
39233	0
39234	0
39355	0
39356	0
39357	0
39358	0
39359	0
39360	0
39409	0
39410	0
39411	0
39412	0
39413	0
39414	0
39433	0
39434	0
39435	0
39436	0
39437	0
39438	0
39463	0
39464	0
39465	0
39466	0
39467	0
39468	0
39727	0
39728	0
39729	0
39730	0
39731	0
39732	0
39739	0
39740	0
39741	0
39742	0
39743	0
39744	0
40345	0
40346	0
40347	0
40348	0
40349	0
40350	0
40351	0
40352	0
40353	0
40354	0
40355	0
40356	0
40357	0
40358	0
40359	0
40360	0
40361	0
40362	0
40369	0
40370	0
40371	0
40372	0
40373	0
40374	0
40381	0
40382	0
40383	0
40384	0
40385	0
40386	0
40471	0
40472	0
40473	0
40474	0
40475	0
40476	0
40483	0
40484	0
40485	0
40486	0
40487	0
40488	0
40495	0
40496	0
40497	0
40498	0
40499	0
40500	0
40843	0
40844	0
40845	0
40846	0
40847	0
40848	0
40969	0
40970	0
40971	0
40972	0
40973	0
40974	0
40975	0
40976	0
40977	0
40978	0
40979	0
40980	0
40981	0
40982	0
40983	0
40984	0
40985	0
40986	0
41239	0
41240	0
41241	0
41242	0
41243	0
41244	0
41743	0
41744	0
41745	0
41746	0
41747	0
41748	0
42055	0
42056	0
42057	0
42058	0
42059	0
42060	0
42061	0
42062	0
42063	0
42064	0
42065	0
42066	0
42193	0
42194	0
42195	0
42196	0
42197	0
42198	0
42199	0
42200	0
42201	0
42202	0
42203	0
42204	0
42205	0
42206	0
42207	0
42208	0
42209	0
42210	0
42463	0
42464	2
42465	0
42466	0
42467	0
42468	0
43015	0
43016	0
43017	0
43018	0
43019	0
43020	0
43279	0
43280	0
43281	0
43282	0
43283	0
43284	0
43285	0
43286	0
43287	0
43288	0
43289	0
43290	0
43291	0
43292	0
43293	1
43294	0
43295	0
43296	0
43453	0
43454	0
43455	0
43456	0
43457	0
43458	0
43459	0
43460	0
43461	0
43462	0
43463	0
43464	0
43621	0
43622	0
43623	0
43624	0
43625	0
43626	0
43729	0
43730	0
43731	0
43732	0
43733	0
43734	0
43735	0
43736	0
43737	0
43738	0
43739	0
43740	0
43933	0
43934	0
43935	0
43936	0
43937	0
43938	0
43939	0
43940	0
43941	0
43942	0
43943	0
43944	0
43945	0
43946	0
43947	0
43948	0
43949	0
43950	0
