ObservationID	Count
55	1
56	2
59	1
60	1
71	1
73	1
76	1
79	1
98	1
101	1
102	1
122	1
125	2
126	1
138	1
139	7
140	7
141	4
142	2
143	2
152	1
153	1
154	1
155	1
158	1
161	1
162	1
167	1
171	1
173	3
238	2
241	1
242	1
246	2
255	1
261	2
266	2
268	2
269	2
270	1
271	1
296	1
297	1
299	1
313	1
317	2
365	1
367	1
382	1
386	1
387	1
388	1
389	2
390	1
404	1
405	1
407	1
410	1
433	1
459	1
464	1
489	1
490	1
492	2
495	1
502	1
511	1
512	1
526	2
530	1
617	1
637	1
692	1
696	1
709	1
713	2
714	2
715	2
716	2
718	3
719	1
720	2
725	1
731	1
733	3
734	2
735	3
737	2
776	1
778	2
781	2
782	2
786	1
787	1
802	2
804	1
873	1
902	1
932	2
966	1
975	1
976	2
977	2
978	1
985	1
993	2
1004	1
1006	1
1008	1
1029	1
1030	1
1034	1
1036	1
1037	1
1038	2
1045	1
1046	1
1048	1
1055	2
1059	1
1060	1
1067	2
1071	1
1073	1
1079	1
1085	1
1086	1
1088	2
1089	1
1090	3
1091	1
1092	2
1095	2
1096	2
1097	1
1098	7
1104	1
1138	1
1143	2
1149	3
1154	2
1164	1
1204	2
1207	1
1208	1
1210	2
1211	1
1212	1
1214	2
1219	2
1222	2
1223	1
1225	1
1227	2
1229	2
1243	1
1247	1
1256	1
1274	3
1290	1
1295	1
1321	1
1322	2
1324	1
1347	1
1353	1
1356	1
1361	1
1362	1
1368	1
1382	1
1383	1
1385	1
1401	1
1407	1
1419	1
1433	2
1436	1
1444	2
1454	1
1469	2
1472	1
1480	1
1481	2
1482	1
1494	1
1496	1
1510	1
1569	4
1572	2
1606	2
1607	1
1608	1
1613	1
1621	2
1622	3
1623	1
1624	1
1634	1
1635	1
1637	1
1645	1
1646	1
1647	1
1648	1
1649	1
1650	3
1651	3
1653	1
1655	1
1656	2
1676	1
1693	1
1695	1
1697	1
1704	1
1705	1
1707	2
1711	2
1713	1
1714	1
1715	1
1720	1
1733	1
1734	1
1766	1
1770	2
1773	2
1780	1
1782	4
1798	1
1800	2
1804	1
1819	5
1824	1
1846	3
1883	3
1903	1
1905	1
1934	1
1957	2
1958	4
1959	2
1961	1
1962	3
1963	3
1964	5
1965	4
1966	1
1967	4
1968	2
1969	1
1970	2
1971	4
1973	2
1981	6
1982	2
1983	3
1984	4
1985	2
1986	4
1987	2
1988	2
1989	3
1990	2
1991	2
1993	2
1995	1
1998	1
2005	2
2006	2
2017	2
2020	1
2024	1
2030	1
2032	3
2059	1
2060	1
2061	1
2062	1
2063	1
2075	1
2119	1
2122	1
2128	1
2130	1
2131	1
2133	2
2135	1
2136	1
2139	1
2140	1
2144	1
2163	1
2173	1
2180	2
2181	1
2187	3
2188	1
2191	1
2192	2
2221	3
2222	3
2223	1
2225	1
2227	2
2228	1
2229	1
2230	2
2232	1
2233	2
2238	2
2242	1
2244	1
2248	1
2255	1
2270	1
2272	1
2274	1
2319	2
2330	2
2342	2
2346	1
2350	2
2358	1
2359	1
2360	1
2363	1
2364	1
2368	1
2389	1
2390	1
2391	1
2392	1
2393	1
2394	1
2397	2
2398	1
2399	1
2402	1
2419	2
2421	1
2422	1
2423	1
2424	1
2425	1
2427	1
2428	1
2430	2
2431	1
2433	2
2434	2
2435	1
2436	2
2437	2
2440	2
2442	3
2448	1
2473	1
2487	1
2523	1
2524	2
2525	1
2529	2
2535	2
2551	1
2552	1
2554	1
2557	1
2558	2
2560	1
2564	2
2566	1
2582	1
2641	1
2645	1
2663	2
2677	2
2678	1
2686	2
2692	1
2713	2
2717	1
2731	1
2737	3
2738	1
2739	2
2751	1
2763	2
2765	1
2787	2
2799	1
2811	1
2814	1
2817	1
2820	1
2839	2
2840	2
2842	1
2848	1
2900	1
2903	1
2904	1
2907	1
2908	1
2909	1
2924	1
2925	1
2926	1
2928	1
2936	1
2949	2
2953	1
2958	1
2959	1
2961	1
2962	1
3014	1
3016	2
3039	1
3049	1
3067	1
3092	1
3097	1
3131	2
3134	2
3138	1
3146	1
3147	1
3153	1
3155	2
3170	1
3175	1
3223	1
3225	2
3229	2
3231	1
3235	3
3238	1
3239	2
3323	2
3326	1
3327	1
3329	1
3330	1
3336	1
3358	1
3360	1
3361	1
3368	1
3374	2
3399	2
3400	2
3413	2
3415	2
3484	3
3554	1
3562	1
3572	1
3637	1
3639	1
3656	1
3663	1
3715	1
3717	1
3718	1
3720	1
3728	9
3732	4
3733	1
3737	1
3746	1
3781	2
3783	1
3785	5
3788	1
3789	3
3790	2
3798	2
3799	1
3802	3
3804	1
3805	2
3808	1
3809	2
3810	1
3811	2
3814	2
3815	2
3816	2
3817	1
3822	1
3823	1
3827	1
3837	1
3839	1
3855	1
3857	1
3861	1
3862	1
3863	1
3867	1
3954	1
4003	1
4023	1
4028	1
4044	2
4046	1
4100	1
4123	1
4172	2
4177	1
4182	1
4188	1
4189	1
4197	3
4199	2
4200	1
4203	1
4226	2
4228	1
4230	1
4232	2
4236	1
4238	1
4239	1
4242	1
4264	1
4267	4
4268	3
4269	2
4271	2
4273	1
4274	1
4291	1
4296	1
4301	1
4306	1
4308	1
4309	1
4311	1
4313	3
4325	1
4326	2
4343	4
4352	2
4354	2
4355	1
4356	2
4363	2
4364	1
4365	2
4366	1
4367	1
4368	1
4369	1
4371	2
4372	2
4373	1
4374	1
4383	1
4384	1
4385	1
4387	1
4391	1
4394	3
4397	2
4412	1
4426	2
4437	1
4487	1
4493	1
4520	1
4527	2
4535	1
4585	2
4586	1
4588	2
4592	2
4594	1
4599	1
4600	1
4601	2
4602	1
4603	1
4604	1
4606	1
4615	1
4616	1
4619	1
4628	2
4631	1
4632	1
4634	1
4638	1
4640	1
4643	1
4644	1
4662	1
4670	1
4681	1
4686	1
4687	2
4690	2
4692	2
4713	1
4715	1
4731	1
4733	3
4734	2
4735	1
4737	2
4739	2
4741	2
4744	2
4745	2
4795	2
4797	2
4798	2
4799	3
4800	5
4801	1
4802	1
4803	2
4804	2
4808	2
4809	1
4810	1
4811	2
4812	1
4873	1
4874	1
4875	1
4876	2
4877	2
4878	2
4879	2
4882	1
4884	1
4909	1
4911	1
4917	1
4919	2
4921	1
5035	2
5039	1
5040	1
5113	1
5115	1
5117	1
5118	1
5120	3
5125	1
5128	4
5134	2
5137	1
5139	2
5142	1
5153	5
5203	1
5204	1
5205	3
5207	2
5208	1
5230	2
5232	1
5241	1
5243	4
5244	1
5354	1
5357	2
5358	1
5389	1
5485	1
5516	1
5519	1
5520	1
5522	1
5525	1
5531	2
5546	1
5547	3
5548	2
5550	2
5553	1
5554	1
5559	6
5561	1
5565	1
5827	1
5844	1
5941	1
5942	1
5946	2
6033	2
6036	2
6092	1
6094	1
6099	1
6100	1
6106	1
6122	1
6123	1
6124	2
6125	2
6201	2
6202	1
6203	1
6204	2
6206	1
6209	2
6210	1
6221	1
6227	1
6253	2
6265	1
6272	1
6274	2
6289	1
6299	1
6303	1
6751	1
6754	2
6760	2
6762	1
6872	1
6874	1
6875	1
6879	1
6880	1
6883	3
7015	1
7018	1
7019	1
7068	1
7069	1
7071	1
7073	2
7075	2
7076	1
7077	1
7079	1
7080	1
7089	1
7092	1
7104	2
7106	1
7825	1
7827	1
7830	1
8545	1
8547	1
8575	6
8576	4
8577	8
8578	5
8580	3
8581	4
8582	2
8583	2
8584	4
8586	5
8587	2
8589	2
8590	2
8592	2
8596	1
8600	2
8607	3
8610	2
8617	1
8618	1
8631	1
8634	2
8635	1
8640	1
8665	1
8667	1
8669	1
8671	1
8675	1
8695	1
8741	1
8916	1
8917	2
8953	2
9167	1
9254	2
9301	1
9306	1
9308	1
9310	1
9315	2
9316	4
9319	2
9320	2
9324	1
9325	2
9329	1
9330	2
9343	1
9346	1
9421	2
9427	1
9441	3
9445	1
9447	1
9449	1
9451	1
9457	1
9482	2
9483	4
9486	1
9495	3
9497	2
9499	1
9505	1
9509	2
9518	2
9522	1
9531	1
9537	1
9546	1
9548	1
9550	3
9553	1
9555	2
9562	3
9564	2
9571	1
9575	2
9627	1
9632	4
9634	3
9638	1
9639	1
9643	1
9645	1
9714	1
9715	1
9718	1
9721	1
9729	1
9732	1
9736	1
9749	1
9853	2
9855	3
9860	2
9865	1
9867	3
9870	1
9871	1
9874	1
9876	1
9879	1
9880	2
9899	2
9907	2
9908	1
9909	2
9910	3
9913	3
9914	2
9920	1
9925	1
9929	2
9937	1
9938	3
9939	2
9940	2
9942	2
9961	1
9962	1
9963	3
9964	1
9965	3
9966	1
9969	1
9973	1
9975	2
9976	1
10033	1
10034	1
10037	2
10038	2
10069	1
10118	1
10120	1
10124	2
10125	1
10126	1
10127	1
10128	2
10129	2
10130	1
10131	1
10133	2
10134	2
10353	1
10354	2
10500	1
10505	2
10506	2
10508	2
10515	1
10524	1
10532	1
10621	2
10629	2
10747	1
10861	2
10863	1
10879	2
10915	1
10928	1
10940	1
10950	1
10953	1
10960	1
10966	1
10969	1
10971	1
10975	2
10976	2
10978	1
10979	3
10983	1
10984	1
10985	2
10988	2
10989	3
10990	2
10991	2
10993	1
11001	1
11002	1
11003	1
11007	1
11008	1
11009	2
11013	1
11023	3
11107	2
11130	1
11135	1
11174	2
11183	1
11185	2
11199	1
11202	1
12209	1
12227	1
12228	1
12722	1
13057	1
13059	2
13065	1
13071	2
13072	1
13150	1
13152	1
13153	1
13154	1
13158	1
13159	1
13163	2
13165	1
13166	1
13167	2
13168	1
13169	2
13170	1
13771	1
13773	1
14123	1
14326	1
14327	1
14337	1
14344	2
14360	1
14374	1
14397	2
14400	2
14410	1
14411	1
14412	1
14446	1
14448	1
14590	2
14623	1
14624	2
14625	2
14626	2
14629	2
14630	1
14633	2
14634	3
14635	1
14637	2
14638	4
14640	1
14644	1
14650	1
14661	1
14669	1
14701	2
14706	1
14743	1
14744	2
14745	1
14746	2
14769	1
14770	1
14783	2
14811	1
14852	1
14899	1
14900	1
14901	2
14906	3
14907	1
14908	1
14910	1
14911	2
14916	1
14917	2
14932	1
14938	2
14942	1
14948	8
14950	1
14953	1
14954	2
14960	1
14969	1
14979	1
14991	3
14993	2
15005	1
15017	1
15031	2
15032	1
15033	1
15035	1
15038	2
15040	1
15043	3
15044	1
15048	1
15060	1
15065	1
15067	2
15068	1
15072	1
15073	2
15080	1
15081	2
15084	2
15085	1
15086	1
15087	1
15092	1
15093	1
15094	1
15095	1
15097	1
15100	1
15118	1
15121	1
15129	2
15134	1
15145	2
15146	1
15148	2
15149	2
15150	3
15152	2
15156	2
15164	1
15168	1
15169	1
15172	2
15173	1
15177	2
15186	2
15187	1
15189	4
15191	1
15192	3
15194	1
15203	2
15204	2
15211	1
15212	2
15213	1
15215	2
15216	2
15217	4
15218	1
15219	2
15220	2
15221	1
15222	1
15223	2
15225	1
15226	2
15228	1
15230	1
15233	1
15234	1
15239	1
15262	1
15267	1
15272	1
15274	1
15275	2
15276	2
15281	1
15282	2
15301	2
15302	4
15303	3
15304	2
15305	2
15306	1
15307	2
15308	3
15309	1
15311	3
15312	1
15313	2
15314	2
15315	2
15317	4
15318	4
15321	4
15324	2
15325	1
15326	1
15327	1
15329	1
15332	2
15333	2
15335	2
15336	3
15337	2
15342	1
15356	2
15361	1
15364	1
15366	1
15382	1
15384	2
15390	1
15392	1
15396	1
15398	1
15412	1
15442	1
15446	1
15448	1
15492	1
15502	1
15507	1
15511	3
15517	2
15523	1
15529	1
15531	1
15543	1
15576	1
15579	2
15585	1
15587	1
15588	2
15593	2
15599	1
15602	1
15604	2
15610	1
15611	2
15619	1
15623	2
15652	2
15657	1
15658	2
15664	1
15669	2
15670	1
15673	2
15675	1
15690	1
15746	1
15759	1
15763	1
15768	1
15772	1
15778	1
15794	1
15806	1
15865	3
15868	1
15869	1
15870	1
15873	1
15874	2
15880	2
15881	1
15883	1
15885	1
15886	1
15887	1
15888	1
15889	1
15893	1
15897	1
15901	3
15905	1
15906	1
15912	2
15914	1
15916	1
15917	1
15918	1
15919	2
15920	3
15925	1
15926	2
15928	1
15929	1
15930	1
15931	3
15932	6
15935	1
15938	2
15946	1
15948	1
15954	1
15962	2
15963	1
15964	2
15965	1
15974	2
15975	1
15980	1
15985	1
15997	1
15998	1
15999	2
16000	3
16001	1
16003	1
16004	3
16007	1
16011	3
16015	1
16016	1
16017	1
16018	1
16019	1
16021	1
16023	3
16027	1
16029	1
16034	1
16036	1
16040	1
16043	1
16046	1
16047	1
16048	1
16051	1
16052	1
16053	1
16057	1
16058	1
16061	1
16063	1
16065	1
16069	1
16072	1
16076	1
16078	1
16095	2
16110	3
16115	2
16119	2
16130	1
16132	2
16134	2
16141	1
16142	1
16153	2
16155	3
16157	1
16158	2
16159	3
16161	3
16162	1
16163	4
16164	2
16167	1
16168	2
16169	1
16170	1
16173	2
16174	3
16180	1
16185	1
16187	1
16261	3
16265	4
16266	1
16269	1
16280	4
16281	1
16282	3
16283	3
16284	1
16303	2
16304	1
16305	1
16307	1
16308	2
16309	2
16310	1
16311	2
16312	2
16313	2
16314	1
16315	1
16316	1
16317	1
16318	1
16320	1
16322	1
16324	2
16330	2
16337	1
16338	1
16342	1
16348	3
16350	1
16353	1
16364	2
16366	1
16367	1
16376	1
16377	1
16378	2
16391	1
16397	1
16401	2
16438	2
16439	2
16442	1
16448	1
16452	1
16457	1
16458	1
16460	1
16463	2
16465	1
16466	1
16468	2
16475	2
16491	1
16506	3
16511	4
16517	1
16528	1
16529	1
16530	1
16537	2
16539	1
16540	1
16542	1
16564	1
16566	1
16585	3
16587	2
16588	2
16590	5
16597	1
16602	1
16606	1
16613	2
16619	1
16625	2
16626	2
16629	2
16634	1
16640	2
16641	3
16643	1
16655	1
16656	2
16659	3
16661	1
16669	1
16670	1
16671	5
16672	1
16674	2
16681	1
16686	1
16688	1
16690	2
16691	2
16699	2
16701	2
16705	1
16710	1
16717	1
16722	2
16728	1
16730	1
16733	1
16734	3
16735	1
16738	1
16747	2
16749	1
16752	4
16754	1
16760	2
16766	2
16768	1
16772	1
16776	2
16777	1
16778	1
16795	1
16796	1
16797	1
16799	1
16800	1
16807	3
16808	3
16809	3
16812	1
16814	1
16819	1
16823	1
16825	1
16835	1
16844	1
16845	1
16851	1
16853	1
16887	1
16939	1
16946	1
16976	2
16981	1
16990	1
16993	1
16994	2
16998	2
16999	1
17000	3
17003	1
17004	2
17005	1
17006	1
17007	2
17009	3
17010	1
17017	1
17019	2
17020	1
17021	1
17022	1
17029	1
17030	2
17031	1
17033	1
17038	1
17054	1
17057	1
17060	1
17061	1
17062	1
17066	1
17067	1
17069	1
17070	1
17071	1
17072	2
17074	1
17078	1
17079	1
17082	1
17092	1
17096	1
17097	1
17101	1
17104	1
17106	4
17111	1
17113	1
17114	1
17116	1
17139	1
17150	1
17151	1
17154	1
17165	1
17174	1
17180	3
17187	2
17189	2
17191	1
17194	1
17198	1
17202	1
17203	1
17204	2
17209	1
17210	2
17212	2
17213	1
17215	1
17274	1
17277	2
17281	2
17284	1
17289	1
17291	2
17292	1
17294	1
17359	2
17363	1
17383	2
17407	2
17409	2
17440	1
17455	1
17459	1
17461	1
17462	1
17475	1
17476	1
17482	1
17497	1
17500	1
17506	1
17507	2
17517	1
17519	1
17532	1
17543	1
17546	1
17584	1
17592	3
17595	1
17604	3
17606	1
17610	1
17611	1
17615	1
17618	1
17619	2
17620	1
17621	1
17624	2
17634	2
17636	1
17637	1
17638	1
17639	1
17640	1
17643	1
17645	1
17649	1
17654	3
17657	1
17659	1
17664	1
17665	1
17666	1
17667	4
17668	1
17670	2
17674	2
17675	1
17681	1
17686	1
17687	1
17688	2
17693	1
17694	4
17706	1
17711	2
17712	1
17714	1
17717	1
17724	1
17728	1
17731	1
17736	1
17742	2
17757	1
17761	1
17762	1
17765	2
17767	1
17768	1
17770	2
17771	2
17778	1
17780	2
17784	1
17792	1
17796	1
17798	1
17804	2
17806	1
17807	2
17810	1
17811	1
17816	1
17818	1
17820	1
17822	1
17824	1
17828	2
17830	1
17832	1
17873	1
17899	1
17904	2
17916	1
17918	1
17965	1
17967	2
17970	1
17971	1
17972	1
17974	2
17975	1
17978	1
17980	1
17981	1
18013	1
18017	2
18018	1
18033	3
18038	1
18041	1
18042	1
18043	1
18051	1
18059	1
18063	2
18064	1
18065	2
18070	1
18072	1
18079	1
18101	1
18106	2
18134	1
18140	1
18267	2
18269	1
18270	1
18271	2
18273	1
18274	1
18294	1
18302	2
18313	2
18314	1
18316	4
18319	2
18336	1
18352	1
18367	2
18368	1
18373	2
18376	1
18392	1
18396	2
18398	2
18400	2
18403	1
18405	2
18406	2
18409	1
18412	1
18415	2
18419	2
18421	1
18422	4
18423	1
18425	1
18426	1
18428	1
18430	2
18434	1
18435	1
18437	1
18442	2
18444	1
18455	1
18461	1
18465	2
18469	1
18471	2
18472	2
18477	1
18479	1
18482	1
18488	1
18494	1
18500	1
18505	2
18506	4
18509	1
18511	2
18514	1
18515	2
18521	3
18526	1
18530	1
18532	2
18533	1
18539	1
18544	1
18545	1
18548	1
18551	1
18559	1
18564	1
18565	2
18566	2
18570	1
18571	1
18577	1
18587	2
18590	1
18593	1
18599	1
18602	2
18603	4
18606	1
18649	2
18651	1
18653	1
18658	1
18660	2
18664	1
18666	1
18672	1
18678	2
18681	1
18682	1
18707	2
18721	1
18722	1
18723	2
18726	2
18735	1
18741	1
18750	1
18757	2
18780	1
18786	1
18795	3
18796	3
18802	1
18805	2
18806	2
18808	2
18818	2
18839	1
18844	1
18859	1
18862	1
18884	1
18886	1
18926	1
18942	1
18948	1
18955	1
18957	1
18962	1
18963	1
18964	1
18965	2
18966	2
18967	1
18969	1
18970	1
18987	1
18990	1
18993	2
19000	2
19012	4
19041	1
19043	2
19049	1
19053	1
19068	1
19074	2
19079	1
19102	1
19105	1
19106	1
19111	1
19112	2
19114	2
19129	3
19141	1
19145	1
19148	2
19157	1
19163	1
19174	1
19200	1
19207	2
19209	1
19211	1
19212	1
19216	2
19218	1
19232	1
19236	2
19249	1
19256	1
19261	1
19262	3
19268	1
19271	1
19273	2
19274	2
19276	1
19283	5
19285	1
19342	1
19343	1
19344	2
19347	1
19349	1
19350	1
19355	1
19360	2
19361	1
19364	1
19376	3
19378	2
19395	2
19399	1
19403	1
19407	1
19412	1
19417	1
19420	1
19423	3
19426	1
19428	1
19429	1
19435	1
19436	1
19439	1
19443	1
19453	1
19465	1
19466	2
19471	1
19483	1
19488	2
19494	4
19495	1
19499	7
19545	1
19559	2
19573	1
19575	2
19577	2
19579	1
19581	2
19584	1
19586	1
19590	3
19610	1
19611	2
19613	1
19614	4
19616	2
19627	1
19628	1
19629	1
19632	2
19635	1
19637	1
19639	1
19641	2
19642	2
19643	1
19644	1
19651	1
19662	1
19667	1
20029	1
20162	1
20170	2
20177	1
20180	2
20181	1
20184	1
20219	2
20282	2
20285	1
20287	3
20288	3
20289	3
20290	3
20291	3
20292	3
20293	1
20300	2
20301	2
20302	2
20303	2
20304	1
20305	1
20306	1
20317	2
20319	2
20320	2
20321	2
20322	3
20324	1
20327	2
20328	2
20329	3
20330	1
20331	2
20332	2
20334	2
20336	1
20339	1
20340	1
20341	3
20342	1
20344	2
20346	3
20353	1
20355	1
20357	1
20358	1
20364	1
20370	1
20373	1
20378	2
20383	1
20410	1
20421	1
20427	1
20444	1
20445	1
20447	1
20448	3
20459	1
20460	1
20467	1
20469	2
20473	1
20479	1
20497	1
20507	1
20508	1
20515	1
20519	1
20525	1
20532	1
20534	2
20535	1
20538	1
20539	2
20540	3
20541	3
20543	2
20544	1
20545	2
20546	3
20547	2
20550	3
20551	1
20553	1
20555	3
20556	1
20558	3
20560	2
20561	1
20565	1
20566	1
20576	1
20579	2
20580	1
20587	1
20588	1
20589	1
20592	2
20606	1
20607	1
20608	1
20614	1
20620	1
20624	1
20628	1
20635	2
20636	2
20639	1
20642	1
20644	1
20646	1
20648	1
20650	1
20651	1
20655	1
20659	1
20660	1
20663	2
20665	1
20667	1
20668	2
20673	1
20674	1
20675	1
20680	1
20683	1
20686	1
20688	1
20689	1
20691	1
20692	1
20693	1
20700	1
20736	1
20739	1
20749	2
20754	1
20783	1
20791	1
20801	1
20810	2
20811	1
20814	1
20821	1
20822	3
20824	2
20825	2
20828	1
20830	1
20833	2
20837	2
20838	2
20841	1
20846	2
20848	1
20852	2
20853	1
20859	2
20862	2
20867	3
20890	3
20905	1
20906	2
20908	2
20910	2
20917	1
20918	2
20919	1
20920	1
20922	1
20924	2
20926	1
20936	1
20939	2
20941	1
20947	1
20948	2
20949	2
20951	2
20959	3
20975	1
20976	1
20987	2
21007	1
21026	1
21033	2
21034	3
21035	1
21044	1
21047	1
21048	1
21049	1
21050	1
21051	1
21069	2
21072	1
21076	1
21082	1
21083	1
21085	1
21086	2
21087	2
21090	2
21091	2
21103	2
21104	2
21105	1
21116	1
21119	1
21120	1
21124	1
21152	1
21156	3
21161	1
21162	1
21164	1
21170	1
21171	2
21175	1
21177	1
21178	1
21179	1
21183	1
21192	1
21211	1
21213	1
21214	1
21215	2
21217	1
21219	1
21230	1
21237	2
21254	2
21256	2
21268	2
21275	1
21289	1
21301	2
21302	2
21303	3
21304	3
21305	1
21308	2
21309	2
21311	3
21312	1
21313	1
21314	3
21316	2
21317	1
21318	1
21319	1
21321	3
21324	2
21325	1
21327	1
21337	1
21340	1
21341	1
21343	2
21345	2
21346	2
21347	2
21348	2
21351	1
21352	2
21353	1
21357	1
21362	1
21392	1
21406	1
21416	1
21423	1
21433	1
21434	2
21436	2
21440	1
21441	1
21442	1
21444	1
21451	2
21468	1
21494	1
21498	1
21515	1
21520	1
21527	1
21528	1
21536	1
21587	3
21588	1
21594	2
21599	1
21670	2
21686	2
21715	1
21717	2
21719	1
21720	2
21726	1
21729	2
21731	3
21732	2
21733	2
21734	2
21737	1
21740	1
21786	1
21796	1
21798	1
21816	1
21819	1
21826	1
21827	1
21845	1
21847	1
21866	1
21867	1
21869	2
21871	1
21872	1
21873	1
21886	2
21897	1
21898	1
21914	1
21961	1
21973	1
21975	1
21976	1
21979	1
21998	2
22003	1
22004	2
22005	1
22006	1
22008	1
22013	2
22015	4
22016	2
22025	1
22045	1
22047	1
22048	2
22050	2
22053	2
22054	2
22055	1
22057	2
22058	2
22059	1
22060	1
22062	1
22065	1
22073	1
22078	1
22079	1
22086	1
22087	1
22088	1
22089	1
22091	1
22095	1
22116	1
22126	1
22156	1
22159	2
22160	1
22165	2
22167	1
22168	1
22169	1
22170	1
22171	1
22173	1
22174	1
22175	2
22177	1
22180	1
22182	1
22186	1
22191	1
22210	1
22211	1
22212	1
22215	2
22225	1
22227	1
22240	1
22254	1
22255	1
22261	1
22269	1
22270	3
22271	1
22272	1
22275	1
22276	1
22282	1
22322	1
22323	1
22324	2
22325	1
22335	1
22340	2
22342	3
22353	1
22355	1
22385	1
22471	1
22472	2
22475	2
22476	2
22561	1
22563	2
22565	1
22566	2
22567	1
22571	1
22572	1
22616	1
22617	1
22619	1
22621	1
22631	1
22633	1
22634	2
22636	1
22637	1
22659	1
22695	1
22735	3
22736	1
22740	1
22742	2
22768	2
22771	1
22774	1
22775	1
22776	1
22855	1
23006	1
23007	1
23035	3
23036	5
23037	1
23038	3
23039	1
23040	5
23041	3
23042	2
23043	3
23044	3
23045	3
23046	2
23049	2
23050	2
23176	2
23177	2
23184	2
23287	2
23359	1
23361	1
23363	1
23402	1
23403	1
23404	1
23405	1
23415	1
23435	1
23493	2
23533	1
23536	1
23537	1
23543	1
23544	1
23552	1
23553	3
23555	1
23556	3
23588	1
23595	1
23596	1
23672	1
23679	1
23682	1
23728	1
23803	1
23806	1
23857	1
23859	1
23861	1
24176	1
24179	1
24181	2
24185	1
24186	1
24248	1
24256	1
24257	1
24284	2
24289	3
24292	5
24294	1
24297	1
24298	1
24300	2
24301	2
24302	3
24304	2
24331	1
24332	1
24392	1
24395	1
24397	1
24411	1
24473	1
24487	1
24488	1
24489	1
24490	3
24492	1
24495	1
24496	1
24591	1
24593	1
24823	1
24825	1
24826	2
24827	1
24833	1
24834	4
25333	1
25335	1
25357	1
25358	2
25361	1
25362	1
25383	1
25406	1
25412	1
25416	1
25435	2
25436	2
25438	3
25440	1
25448	1
25449	1
25505	1
25507	1
25513	2
25516	2
25518	1
25519	1
25520	2
25524	1
25525	2
25527	1
25528	1
25534	1
25535	1
25536	1
25537	1
25539	1
25540	1
25621	1
25626	1
25715	1
25729	2
25730	3
25733	1
25734	2
25740	2
25813	1
25814	2
25815	1
25819	1
25820	1
25821	1
25824	2
25885	1
25887	1
25889	1
25890	1
25891	1
25892	1
25894	1
25895	1
25896	1
25897	1
25900	1
25901	1
25902	1
25904	1
25911	1
25912	1
25915	3
25917	1
25918	2
25919	3
25920	3
25923	1
25924	2
25925	1
25926	1
25931	2
25932	2
25936	3
25937	6
25938	2
25943	2
25945	2
25954	2
25965	1
25966	1
25967	1
25977	7
25980	10
25990	1
26013	1
26071	1
26082	2
26089	1
26090	2
26091	1
26092	4
26093	3
26094	3
26095	1
26096	3
26098	1
26099	1
26100	2
26102	1
26103	1
26104	2
26105	2
26106	1
26111	1
26124	2
26126	1
26132	4
26138	7
26149	1
26151	1
26152	1
26156	1
26170	1
26182	1
26186	1
26190	1
26192	2
26197	1
26198	1
26202	1
26222	2
26227	2
26229	1
26230	2
26231	4
26233	3
26234	3
26235	4
26236	1
26238	2
26239	4
26240	2
26241	2
26242	1
26243	2
26244	3
26254	1
26273	2
26274	1
26279	1
26280	2
26317	2
26320	2
26321	1
26328	1
26334	2
26357	1
26363	2
26370	2
26371	2
26373	2
26374	1
26388	1
26389	1
26391	1
26409	1
26443	3
26444	1
26445	1
26447	2
26448	1
26449	4
26451	1
26452	2
26453	1
26454	3
26455	1
26456	2
26459	1
26461	2
26463	2
26464	2
26466	1
26476	1
26479	2
26480	1
26481	1
26483	1
26484	1
26485	2
26495	1
26497	1
26498	2
26499	2
26500	2
26501	2
26502	4
26503	1
26504	4
26507	2
26508	2
26509	1
26511	3
26512	1
26513	3
26514	2
26517	1
26518	1
26519	1
26520	1
26521	1
26522	1
26523	1
26524	1
26525	1
26527	1
26528	2
26531	1
26545	1
26546	2
26557	3
26571	1
26576	1
26578	2
26583	5
26584	11
26591	3
26594	2
26599	1
26600	2
26601	1
26609	1
26623	1
26634	1
26652	1
26665	1
26666	1
26764	2
26766	1
26812	1
26846	2
26877	1
26884	2
26894	2
26905	1
26911	1
26912	1
26913	1
26916	1
26929	1
26931	1
26937	1
26945	1
26946	1
26947	1
26965	1
26966	1
26968	2
26970	1
26973	1
26974	1
26976	1
26977	1
26979	1
26980	1
26983	2
26985	1
26986	1
26989	1
26991	1
26993	1
26998	1
27002	1
27006	1
27010	1
27011	1
27017	1
27038	2
27040	1
27041	1
27049	1
27050	3
27052	1
27053	2
27054	1
27091	2
27097	2
27106	3
27109	4
27110	4
27111	8
27112	2
27113	6
27114	3
27115	4
27116	3
27117	5
27118	5
27119	4
27120	2
27121	2
27122	4
27123	3
27124	1
27125	2
27126	2
27146	1
27147	2
27148	1
27149	1
27150	2
27151	1
27154	1
27187	1
27188	1
27189	1
27191	1
27270	1
27275	1
27282	1
27284	2
27298	1
27310	1
27312	1
27314	1
27316	1
27320	2
27321	2
27323	2
27324	1
27326	1
27329	1
27330	2
27333	1
27344	1
27349	2
27350	1
27352	1
27355	2
27356	2
27358	2
27362	1
27364	2
27366	1
27367	1
27368	1
27371	2
27379	1
27382	1
27383	1
27385	1
27388	1
27391	3
27397	1
27398	2
27399	1
27402	1
27403	1
27405	1
27410	2
27412	1
27430	1
27445	1
27448	1
27449	1
27463	2
27464	2
27466	2
27467	1
27468	2
27485	1
27486	2
27487	2
27491	1
27492	1
27494	2
27495	1
27498	3
27501	1
27502	1
27503	1
27520	1
27523	1
27531	1
27533	1
27552	2
27554	6
27567	1
27601	2
27602	2
27615	1
27627	1
27649	1
27654	1
27655	1
27669	1
27699	1
27704	1
27717	1
27721	1
27726	1
27733	1
27747	6
27756	1
27768	1
27789	1
27791	1
27795	1
27796	1
27797	1
27798	2
27802	1
27803	1
27816	1
27820	2
27826	1
27827	1
27828	1
27835	1
27836	1
27838	1
27839	1
27840	1
27841	1
27844	1
27845	1
27847	1
27848	1
27851	1
27858	2
27860	2
27861	1
27862	2
27864	1
27867	3
27869	2
27870	4
27872	1
27892	2
27901	1
27902	1
27903	1
27905	3
27906	2
27944	1
27945	1
27946	2
27947	1
27948	2
27951	1
27952	1
27953	1
27954	2
27964	1
27986	1
27992	2
27998	3
27999	2
28000	3
28001	2
28002	2
28003	2
28004	5
28005	3
28006	4
28007	5
28008	3
28010	4
28013	2
28014	2
28015	2
28016	2
28017	2
28020	2
28022	4
28023	4
28024	2
28025	2
28026	3
28027	3
28028	3
28029	3
28030	3
28031	4
28032	1
28034	1
28035	1
28038	1
28043	1
28052	2
28053	2
28054	2
28056	2
28057	1
28059	1
28060	2
28061	2
28062	2
28063	2
28064	2
28065	2
28066	3
28068	2
28070	1
28072	1
28076	1
28081	1
28082	1
28083	1
28088	1
28090	1
28092	1
28094	2
28096	1
28097	1
28098	1
28125	1
28139	2
28153	3
28157	1
28160	2
28161	1
28165	1
28169	1
28171	1
28172	3
28173	1
28175	1
28176	1
28177	2
28178	1
28183	2
28184	2
28187	1
28188	1
28191	1
28194	2
28213	1
28236	2
28239	1
28240	1
28297	2
28298	2
28299	2
28301	2
28302	1
28303	1
28304	2
28305	2
28306	2
28307	2
28308	1
28309	1
28310	4
28311	8
28321	1
28322	1
28346	1
28372	1
28373	1
28389	1
28525	2
28529	1
28531	3
28532	1
28533	1
28536	3
28537	2
28538	3
28539	2
28540	1
28541	1
28542	2
28586	2
28587	1
28588	1
28590	1
28612	1
28613	1
28637	2
28657	2
28661	2
28663	2
28666	1
28672	1
28683	2
28685	3
28716	1
28729	1
28730	1
28731	1
28732	2
28733	2
28736	2
28741	2
28743	1
28744	1
28745	1
28746	2
28783	2
28787	1
28807	1
28810	2
28823	1
28826	1
28829	1
28834	2
28837	1
28839	1
28847	1
28850	2
28851	1
28863	2
28864	1
28867	1
28869	2
28880	1
28889	1
28892	1
28935	1
28937	1
28955	1
28956	2
28961	2
28962	1
29038	1
29054	3
29056	2
29057	2
29061	1
29062	1
29077	4
29078	2
29080	2
29090	3
29094	4
29095	2
29096	2
29099	2
29101	1
29102	2
29106	2
29107	1
29129	1
29149	1
29155	1
29179	2
29181	1
29183	3
29184	1
29193	1
29195	2
29196	1
29207	1
29236	1
29238	1
29249	2
29250	2
29251	1
29253	2
29255	2
29256	1
29259	1
29262	1
29263	1
29264	2
29268	2
29269	1
29272	1
29274	1
29278	1
29291	1
29292	2
29293	1
29294	2
29299	2
29302	1
29305	2
29309	3
29338	1
29360	2
29366	1
29371	1
29376	1
29378	1
29380	1
29382	1
29383	1
29384	1
29385	2
29388	1
29427	2
29429	1
29430	1
29431	1
29433	1
29438	3
29442	1
29458	1
29473	1
29475	1
29480	6
29485	1
29510	2
29511	2
29514	2
29520	2
29524	1
29525	1
29545	3
29551	1
29554	1
29558	3
29559	1
29565	1
29566	1
29567	1
29568	1
29570	1
29572	3
29573	1
29577	1
29578	4
29579	1
29583	2
29584	1
29585	1
29586	2
29588	3
29589	1
29591	1
29594	1
29596	2
29597	2
29619	1
29621	1
29622	1
29627	1
29632	1
29633	1
29634	1
29647	1
29655	1
29665	2
29667	1
29672	2
29673	1
29674	1
29675	1
29677	3
29678	2
29679	2
29680	1
29681	3
29682	2
29683	1
29684	1
29685	2
29686	1
29688	1
29689	3
29690	1
29691	1
29696	1
29697	2
29700	1
29701	1
29702	1
29706	1
29707	1
29708	2
29709	2
29710	2
29711	2
29712	4
29713	2
29715	3
29718	2
29727	1
29733	1
29734	1
29735	3
29737	2
29738	2
29742	3
29749	3
29750	2
29752	1
29754	2
29761	2
29762	4
29774	2
29775	2
29787	2
29788	1
29799	1
29804	1
29805	1
29807	2
29809	1
29810	2
29811	1
29815	2
29816	1
29817	2
29818	1
29819	1
29822	1
29823	1
29824	3
29825	2
29826	3
29827	1
29828	2
29829	1
29830	2
29866	2
29869	1
29870	1
29872	1
29873	1
29874	1
29875	1
29877	1
29884	1
29890	2
29908	1
29923	1
29926	1
29929	1
29933	1
29937	1
29939	2
29956	1
29983	1
29994	1
30012	2
30024	2
30026	2
30027	2
30028	3
30029	1
30030	3
30037	1
30039	1
30049	1
30054	1
30060	2
30063	1
30068	2
30080	2
30081	1
30082	2
30086	1
30089	1
30090	2
30091	1
30092	1
30095	1
30096	2
30104	1
30109	1
30111	1
30112	2
30113	1
30114	1
30116	2
30118	2
30132	1
30137	1
30145	1
30146	1
30147	1
30149	1
30150	1
30161	1
30175	2
30177	1
30178	2
30179	1
30180	1
30186	1
30195	1
30196	1
30209	1
30216	1
30217	2
30219	1
30220	2
30221	3
30224	1
30225	2
30247	1
30248	1
30250	1
30251	2
30252	1
30253	1
30254	1
30255	1
30256	1
30258	1
30269	2
30271	1
30276	1
30285	1
30290	1
30294	1
30308	1
30310	2
30312	1
30322	1
30325	1
30329	1
30334	2
30335	1
30337	1
30338	1
30341	1
30342	1
30343	1
30344	2
30346	1
30347	1
30348	1
30349	3
30350	2
30352	2
30354	3
30376	1
30377	1
30381	1
30384	1
30385	2
30386	1
30387	2
30388	2
30389	2
30394	1
30400	1
30428	1
30429	2
30430	2
30431	2
30432	2
30434	1
30435	1
30444	1
30453	1
30455	1
30458	1
30462	1
30506	1
30535	1
30536	1
30538	1
30542	1
30545	1
30561	1
30589	1
30594	1
30607	2
30612	2
30619	1
30622	1
30627	1
30629	1
30630	1
30632	1
30633	1
30645	1
30661	1
30663	1
30668	1
30670	1
30672	1
30679	1
30682	1
30683	1
30686	2
30691	1
30697	1
30711	2
30712	1
30733	1
30746	2
30748	1
30749	1
30762	1
30772	1
30787	2
30788	4
30789	2
30790	3
30791	3
30792	2
30793	7
30794	5
30795	2
30796	5
30797	2
30798	4
30809	2
30812	1
30822	1
30823	2
30824	2
30825	1
30826	2
30827	2
30828	1
30829	1
30830	1
30833	2
30835	2
30840	1
30841	1
30844	1
30853	1
30865	1
30867	1
30870	1
30890	1
30894	1
30897	4
30900	1
30901	1
30925	2
30930	2
30944	2
30949	1
30967	2
30969	1
30972	2
30975	1
30977	2
30991	1
30995	1
31021	1
31028	3
31033	1
31036	1
31037	1
31038	1
31039	1
31043	1
31044	1
31048	1
31049	1
31058	2
31062	1
31063	1
31064	2
31065	1
31074	1
31079	1
31095	4
31097	9
31117	1
31123	1
31124	1
31126	1
31131	1
31134	2
31138	1
31139	1
31185	2
31210	1
31211	1
31219	2
31220	6
31221	2
31222	1
31223	4
31224	2
31225	7
31227	6
31228	2
31231	1
31239	1
31242	1
31243	1
31249	1
31251	1
31253	1
31254	1
31262	2
31271	1
31272	1
31276	1
31277	1
31279	1
31309	1
31313	2
31321	2
31323	4
31325	1
31326	1
31333	1
31334	1
31336	1
31337	1
31357	1
31372	1
31384	2
31385	1
31390	5
31392	8
31401	1
31404	1
31411	1
31412	1
31415	2
31418	1
31429	2
31431	1
31434	1
31462	1
31464	1
31486	1
31488	1
31490	1
31493	1
31497	1
31499	2
31511	2
31523	2
31527	2
31529	1
31531	1
31541	2
31547	1
31548	1
31553	2
31557	1
31559	2
31564	1
31565	1
31614	1
31617	1
31619	1
31627	1
31638	1
31651	2
31652	1
31654	3
31656	1
31672	1
31693	1
31694	2
31696	2
31698	1
31706	1
31708	1
31742	2
31743	2
31744	1
31745	1
31746	2
31748	2
31749	1
31750	1
31751	1
31752	3
31753	3
31754	1
31756	3
31757	2
31758	3
31784	1
31788	1
31804	1
31825	7
31828	7
31838	1
31841	3
31842	1
31845	2
31847	3
31849	1
31850	1
31852	1
31857	2
31859	2
31860	2
31861	1
31864	1
31867	1
31868	1
31869	1
31870	1
31874	3
31875	1
31876	2
31877	2
31878	2
31879	2
31880	2
31881	1
31896	1
31899	1
31901	1
31907	1
31916	1
31919	1
31920	2
31964	1
31965	2
31966	1
31967	1
31970	1
31975	2
31976	1
31977	1
31978	1
31991	1
31997	1
31998	1
32000	1
32001	1
32005	1
32006	1
32007	1
32008	1
32010	1
32011	1
32015	3
32018	1
32019	1
32020	1
32022	1
32024	1
32049	1
32073	1
32088	1
32093	4
32097	1
32101	1
32103	1
32121	2
32131	1
32132	2
32144	1
32149	1
32150	1
32153	1
32155	2
32162	1
32164	1
32166	1
32204	2
32208	1
32213	1
32220	1
32222	1
32223	1
32225	2
32227	1
32228	1
32229	1
32231	1
32248	1
32251	1
32252	1
32258	2
32259	1
32261	1
32287	1
32292	1
32295	1
32303	1
32318	1
32319	1
32321	2
32323	2
32327	1
32328	1
32362	1
32365	1
32366	2
32378	1
32383	1
32385	1
32396	1
32400	1
32408	1
32411	4
32430	1
32438	1
32442	1
32456	1
32466	2
32467	2
32468	1
32473	1
32475	1
32478	1
32479	1
32480	4
32481	2
32482	3
32483	2
32484	5
32491	2
32546	1
32558	2
32559	1
32568	2
32570	5
32576	1
32579	1
32610	1
32617	1
32622	2
32623	3
32628	3
32634	1
32641	2
32643	1
32644	1
32646	1
32647	3
32650	1
32651	2
32653	7
32656	2
32657	1
32660	2
32661	1
32662	3
32663	5
32666	1
32667	2
32669	2
32670	2
32672	1
32675	1
32676	1
32679	1
32702	4
32709	2
32719	1
32739	1
32741	1
32753	2
32759	2
32764	1
32765	1
32775	1
32781	1
32792	1
32798	3
32802	1
32807	2
32829	1
32830	1
32832	1
32833	1
32842	1
32853	1
32854	1
32884	1
32895	1
32896	1
32897	1
32898	2
32899	1
32902	1
32903	1
32904	1
32905	1
32906	1
32907	1
32908	2
32910	1
32912	1
32913	1
32914	1
32915	1
32917	1
32919	3
32920	1
32921	1
32923	1
32928	2
32931	1
32933	1
32934	1
32936	1
32937	2
32938	1
32939	2
32940	1
32941	2
32942	1
32943	1
32944	1
32946	1
32948	1
32950	1
32952	1
32957	1
32958	1
32959	1
32960	1
32964	1
32969	1
32975	1
32976	1
32978	1
32983	1
32993	2
33000	1
33020	1
33025	1
33026	1
33031	1
33033	1
33035	1
33036	1
33038	1
33041	1
33043	1
33049	1
33052	1
33054	1
33056	3
33059	1
33061	2
33062	6
33064	2
33103	1
33106	1
33134	1
33137	1
33140	1
33141	2
33142	1
33145	1
33149	1
33159	1
33168	1
33169	1
33170	1
33175	2
33176	2
33177	1
33181	2
33184	1
33185	2
33205	1
33206	1
33207	1
33209	1
33217	4
33220	1
33223	2
33236	1
33237	1
33242	1
33243	4
33245	2
33246	1
33248	1
33250	2
33251	1
33252	1
33256	1
33258	1
33259	1
33261	3
33267	1
33273	1
33277	3
33279	1
33280	2
33281	3
33282	3
33285	1
33287	2
33288	1
33289	1
33290	1
33291	2
33292	1
33293	2
33295	1
33297	2
33298	1
33299	2
33300	1
33301	1
33302	2
33303	1
33304	1
33306	1
33310	1
33314	3
33315	1
33316	2
33318	2
33326	1
33327	2
33328	1
33329	1
33330	1
33331	1
33333	2
33334	1
33336	1
33339	4
33345	1
33349	2
33353	1
33354	2
33357	2
33358	4
33359	1
33364	2
33365	1
33366	2
33369	2
33374	1
33377	2
33380	1
33382	3
33383	2
33384	2
33396	1
33397	1
33399	1
33402	1
33408	1
33421	1
33424	2
33427	1
33428	1
33429	6
33432	1
33478	1
33482	1
33484	1
33488	1
33490	1
33492	1
33530	1
33531	1
33538	1
33540	1
33543	1
33558	1
33589	2
33613	1
33614	1
33631	1
33637	1
33705	1
33722	2
33728	2
33729	1
33736	1
33743	2
33747	1
33751	1
33754	2
33756	2
33760	1
33766	1
33786	1
33800	1
33802	2
33834	1
33849	2
33850	1
33851	1
33855	2
33856	1
33857	2
33858	2
33862	2
33863	2
33864	2
33874	2
33875	2
33877	2
33880	2
33888	2
33889	1
33891	1
33893	1
33897	3
33899	1
33903	4
33904	2
33905	2
33909	2
33910	1
33911	2
33914	1
33916	1
33917	1
33920	1
33924	1
33926	1
33935	1
33937	3
33938	1
33940	1
33985	1
33988	1
33992	1
33997	2
34009	2
34010	3
34021	1
34022	1
34024	1
34028	1
34029	2
34031	1
34033	2
34034	1
34036	1
34042	1
34044	1
34045	1
34051	2
34053	2
34054	1
34055	3
34071	2
34089	1
34091	1
34094	1
34098	2
34099	1
34100	1
34101	1
34102	1
34103	1
34104	1
34105	1
34106	3
34107	1
34108	1
34109	1
34110	2
34111	5
34115	2
34116	1
34117	2
34124	1
34127	1
34133	1
34134	1
34144	1
34145	1
34146	1
34156	1
34161	1
34164	1
34174	1
34177	1
34179	1
34180	1
34182	1
34183	1
34188	1
34199	1
34207	1
34208	1
34211	1
34213	1
34214	1
34215	1
34216	1
34217	1
34225	1
34226	2
34231	1
34234	2
34235	1
34246	3
34248	3
34261	1
34273	3
34274	1
34275	2
34277	2
34278	1
34285	4
34286	6
34297	2
34299	1
34300	1
34301	1
34303	1
34304	1
34308	1
34312	2
34320	1
34329	1
34333	3
34334	1
34335	1
34336	1
34337	1
34339	2
34340	1
34341	1
34342	2
34343	2
34344	1
34345	2
34347	1
34349	2
34350	1
34354	3
34358	2
34363	1
34364	2
34365	3
34366	2
34367	2
34368	1
34369	1
34371	2
34372	2
34374	5
34375	5
34377	2
34378	1
34380	1
34381	1
34384	1
34386	1
34388	2
34389	1
34395	2
34397	4
34399	1
34400	2
34402	1
34406	1
34409	1
34414	1
34427	1
34428	1
34443	1
34450	2
34453	1
34458	1
34460	1
34461	1
34462	1
34472	2
34493	1
34499	1
34505	1
34517	1
34521	1
34523	1
34524	1
34549	1
34657	1
34658	1
34661	1
34669	1
34681	1
34684	2
34686	2
34690	1
34694	1
34695	2
34698	1
34702	1
34704	1
34707	2
34708	2
34724	1
34735	1
34736	2
34737	3
34738	2
34739	2
34740	1
34741	2
34742	2
34749	1
34779	1
34790	1
34791	1
34808	2
34809	2
34811	2
34812	2
34817	1
34828	1
34831	4
34837	2
34838	1
34839	1
34840	2
34842	1
34846	1
34849	1
34850	1
34853	1
34854	1
34856	1
34861	1
34863	1
34864	2
34865	2
34867	2
34868	1
34870	1
34879	3
34881	3
34882	1
34883	1
34884	1
34886	2
34887	3
34888	2
34890	1
34898	1
34901	2
34902	1
34907	1
34909	2
34911	1
34937	1
34938	3
34939	1
34942	1
34947	1
34948	1
34949	1
34950	2
34960	1
34974	2
34981	2
34982	2
34983	4
34984	1
34985	1
34990	1
35006	2
35008	1
35010	1
35018	1
35039	1
35047	4
35048	2
35049	2
35050	5
35052	2
35058	1
35061	2
35063	1
35064	1
35075	1
35076	1
35081	2
35085	1
35110	1
35113	1
35123	3
35124	3
35129	1
35130	2
35137	1
35139	2
35140	1
35142	2
35145	1
35161	2
35164	1
35165	1
35171	1
35172	1
35179	1
35194	3
35195	1
35208	1
35226	1
35239	1
35242	1
35243	1
35244	1
35248	2
35250	1
35253	2
35264	2
35275	1
35276	2
35278	1
35279	2
35280	1
35285	1
35287	1
35288	2
35290	2
35291	1
35296	1
35304	1
35308	2
35311	2
35320	1
35330	1
35337	2
35342	2
35346	2
35348	2
35352	3
35355	1
35371	1
35377	2
35380	1
35381	2
35382	2
35397	1
35400	2
35406	1
35409	1
35410	1
35430	1
35431	1
35432	1
35433	1
35436	1
35439	2
35443	1
35445	1
35447	1
35448	11
35449	2
35450	3
35451	5
35452	6
35453	9
35454	4
35456	3
35457	2
35458	2
35459	2
35460	1
35461	2
35462	3
35463	2
35466	3
35468	4
35472	2
35486	1
35488	2
35490	2
35493	1
35494	2
35495	1
35498	1
35501	1
35505	1
35526	1
35531	2
35552	1
35555	6
35565	1
35599	1
35600	1
35601	1
35602	1
35613	2
35619	1
35622	1
35624	2
35627	5
35628	2
35635	2
35638	3
35639	1
35640	2
35642	1
35647	5
35651	1
35653	2
35654	7
35655	3
35656	1
35657	2
35664	2
35689	1
35691	1
35692	2
35694	1
35695	1
35699	1
35701	1
35702	3
35704	2
35705	1
35707	1
35709	1
35749	1
35753	2
35806	1
35807	2
35809	1
35817	1
35818	1
35819	1
35828	1
35832	3
35840	1
35846	2
35850	1
35851	1
35854	1
35857	2
35861	1
35866	2
35868	2
35869	1
35872	4
35900	1
35901	1
35909	1
35923	1
35930	2
35931	3
35932	1
35936	2
35937	1
35938	3
35939	1
35941	1
35946	2
35947	2
35948	1
35950	4
35951	1
35953	2
35956	1
35957	2
35963	2
35974	2
36001	4
36005	1
36006	2
36009	1
36018	1
36023	1
36045	1
36047	1
36053	1
36054	2
36108	1
36112	1
36123	1
36126	2
36129	1
36131	1
36168	2
36188	1
36191	1
36195	1
36197	1
36215	1
36223	1
36227	2
36228	1
36231	1
36233	1
36285	1
36289	1
36291	1
36294	2
36297	1
36307	1
36308	2
36313	2
36314	1
36315	1
36317	1
36321	2
36324	1
36327	2
36328	1
36329	1
36337	1
36339	1
36340	1
36342	2
36345	1
36358	1
36373	1
36379	1
36382	1
36385	1
36388	1
36392	1
36393	1
36402	2
36407	1
36408	3
36441	1
36475	1
36480	1
36491	1
36493	2
36495	1
36498	1
36508	1
36543	1
36562	2
36564	1
36578	1
36580	2
36582	1
36588	2
36591	1
36603	1
36607	2
36613	2
36615	2
36616	1
36619	2
36620	1
36622	2
36624	2
36656	2
36665	1
36666	1
36671	2
36680	1
36692	3
36700	1
36701	1
36702	2
36703	1
36704	1
36707	1
36709	2
36710	1
36711	1
36712	1
36713	3
36715	3
36717	3
36718	2
36719	3
36720	2
36721	1
36723	1
36725	1
36726	2
36727	2
36730	1
36733	1
36734	1
36739	2
36747	1
36753	1
36755	1
36764	1
36769	1
36771	1
36786	1
36794	1
36798	2
36799	1
36801	2
36807	1
36810	1
36827	1
36829	1
36830	1
36831	1
36832	1
36833	4
36835	1
36836	2
36838	1
36839	4
36843	2
36845	3
36880	2
36893	1
36907	1
36916	1
36919	1
36922	1
36925	1
36926	1
36928	1
36931	1
36934	1
36935	1
36962	1
36964	2
36965	1
36966	12
36967	2
36968	2
36969	1
36972	1
36973	2
36974	2
36975	1
36976	1
36977	1
36978	2
36984	1
36991	1
36992	1
36996	1
37005	1
37009	1
37012	2
37018	1
37030	1
37051	1
37052	2
37053	1
37054	4
37055	3
37056	2
37057	1
37058	1
37059	2
37060	3
37061	1
37062	1
37063	2
37064	2
37065	1
37066	2
37067	2
37068	2
37073	1
37091	2
37101	1
37111	2
37112	3
37113	3
37115	2
37116	2
37117	3
37118	2
37119	4
37120	2
37124	2
37126	3
37127	3
37128	3
37129	2
37130	5
37131	1
37132	3
37133	3
37134	1
37135	5
37136	3
37137	5
37138	2
37139	3
37140	3
37141	4
37143	2
37144	5
37145	6
37146	2
37147	2
37153	2
37157	1
37160	3
37165	1
37169	1
37187	1
37209	1
37211	1
37212	2
37214	2
37215	1
37216	1
37217	1
37218	1
37225	1
37229	1
37230	2
37235	1
37236	2
37237	1
37239	1
37242	3
37243	1
37246	1
37248	1
37251	1
37255	1
37257	1
37261	1
37262	2
37264	1
37265	1
37266	2
37279	1
37280	1
37284	1
37285	1
37286	1
37287	2
37289	1
37292	1
37293	2
37301	1
37354	2
37359	1
37363	1
37364	1
37367	2
37368	1
37374	3
37390	2
37466	1
37467	1
37469	1
37483	1
37485	1
37486	2
37487	1
37488	1
37491	1
37492	1
37493	1
37497	1
37498	2
37499	1
37503	1
37504	2
37505	1
37513	1
37515	1
37517	1
37520	1
37522	1
37535	1
37537	1
37540	2
37541	1
37565	1
37568	3
37570	2
37572	4
37576	1
37583	1
37585	1
37586	2
37589	3
37590	2
37591	2
37592	2
37595	1
37596	1
37597	1
37598	3
37599	1
37601	1
37604	1
37606	2
37607	1
37611	1
37613	2
37620	1
37621	1
37634	2
37650	2
37653	2
37655	1
37656	1
37669	1
37670	2
37674	2
37682	1
37684	2
37696	1
37703	2
37704	1
37711	2
37712	2
37713	2
37714	3
37716	1
37731	1
37740	2
37765	1
37788	2
37802	1
37804	1
37806	4
37812	1
37815	1
37816	2
37818	1
37834	1
37846	1
37847	2
37857	1
37870	2
37873	2
37878	2
37880	2
37883	1
37884	3
37885	2
37886	1
37888	1
37891	1
37893	2
37898	1
37899	1
37906	1
37926	1
37934	1
37942	2
37945	1
37946	1
37948	4
37950	2
37963	1
37964	2
37965	2
37966	2
37968	1
37977	2
37978	2
37979	2
37980	2
37982	1
37983	2
37984	1
37985	2
37986	1
37991	1
37993	2
37997	1
38012	3
38013	2
38014	1
38015	1
38023	1
38024	2
38028	1
38029	2
38030	2
38031	2
38032	2
38033	2
38041	2
38043	1
38044	1
38046	2
38047	3
38049	1
38050	1
38051	1
38052	3
38065	1
38071	2
38076	4
38078	1
38081	1
38090	1
38092	1
38094	3
38095	2
38096	3
38097	1
38098	3
38102	1
38106	2
38107	2
38109	1
38113	1
38114	1
38117	1
38131	1
38135	1
38139	1
38141	1
38144	2
38147	1
38148	2
38149	3
38150	2
38154	1
38156	1
38157	1
38158	1
38159	1
38160	1
38168	1
38169	1
38172	1
38185	1
38191	1
38194	1
38196	1
38207	1
38213	1
38250	3
38269	1
38278	1
38279	1
38293	1
38294	1
38296	1
38299	1
38306	1
38307	1
38310	1
38312	1
38313	1
38316	1
38323	1
38339	1
38343	1
38350	1
38353	2
38354	2
38359	2
38365	1
38366	2
38369	1
38370	1
38375	1
38396	1
38408	2
38411	1
38433	1
38437	1
38457	1
38460	1
38462	2
38476	1
38507	1
38510	1
38521	1
38523	1
38527	1
38531	1
38546	2
38547	1
38551	1
38552	1
38556	1
38558	2
38559	2
38563	1
38565	1
38566	1
38567	1
38573	1
38582	1
38583	1
38613	2
38614	1
38615	4
38626	1
38627	1
38628	1
38636	2
38638	3
38639	2
38641	1
38661	1
38662	1
38667	1
38670	1
38676	1
38678	1
38680	1
38681	4
38682	1
38703	1
38704	1
38705	1
38707	1
38708	1
38710	1
38711	2
38718	1
38737	1
38742	1
38748	2
38749	2
38764	4
38785	1
38787	1
38788	1
38809	1
38813	1
38815	1
38820	1
38821	1
38822	3
38823	1
38826	2
38829	2
38843	1
38844	1
38870	1
38871	1
38877	3
38885	4
38912	5
38986	2
38991	1
38993	1
38996	2
39022	1
39044	2
39061	1
39062	1
39063	2
39064	1
39067	2
39068	3
39069	2
39070	2
39071	1
39072	2
39073	2
39074	2
39075	1
39076	4
39078	2
39090	1
39120	11
39127	1
39128	2
39129	2
39130	1
39131	2
39132	2
39135	1
39136	2
39138	1
39139	2
39143	4
39144	2
39145	1
39146	1
39148	1
39152	1
39155	2
39157	2
39160	4
39161	3
39191	2
39198	1
39201	2
39223	1
39225	1
39236	1
39241	1
39248	1
39257	1
39279	1
39281	2
39283	1
39284	2
39285	15
39290	1
39296	1
39299	1
39324	1
39352	8
39354	5
39355	2
39356	6
39361	2
39363	1
39367	4
39373	1
39374	1
39375	1
39376	2
39377	1
39398	2
39399	2
39400	1
39407	1
39408	2
39410	1
39449	1
39451	1
39455	2
39461	1
39472	1
39473	1
39475	2
39476	1
39477	1
39481	2
39516	1
39524	1
39556	1
39559	1
39568	1
39572	1
39574	1
39578	1
39580	1
39601	1
39603	3
39605	3
39609	4
39611	4
39612	1
39618	1
39628	2
39630	1
39638	3
39639	2
39641	1
39643	1
39646	1
39647	2
39649	2
39650	2
39655	1
39656	1
39662	1
39664	1
39683	9
39687	5
39688	4
39691	1
39697	2
39698	1
39700	1
39702	1
39715	1
39717	3
39724	1
39736	1
39738	1
39750	2
39770	1
39771	1
39775	1
39779	1
39780	1
39787	1
39791	2
39792	1
39811	2
39813	1
39814	1
39820	2
39823	1
39827	2
39869	1
39879	1
39882	1
39883	5
39885	3
39886	2
39889	1
39896	1
39909	1
39912	1
39925	2
39926	1
39927	1
39938	2
39939	1
39948	2
39951	2
39959	1
39960	2
39970	1
39999	1
40006	1
40039	1
40041	1
40042	1
40074	1
40098	1
40099	2
40100	1
40108	1
40116	1
40120	3
40125	1
40126	1
40138	1
40195	1
40196	1
40198	1
40199	1
40200	1
40202	2
40206	1
40214	1
40215	1
40224	1
40228	1
40236	1
40247	1
40249	1
40251	1
40253	2
40255	2
40261	1
40262	1
40267	1
40268	1
40269	1
40277	1
40278	1
40279	1
40280	1
40282	1
40283	1
40285	2
40286	2
40288	1
40290	1
40296	1
40333	1
40337	1
40345	4
40350	2
40351	2
40356	2
40360	1
40363	1
40365	2
40377	1
40393	2
40395	1
40410	1
40419	1
40429	1
40447	1
40451	1
40453	1
40461	1
40476	1
40495	1
40509	1
40524	1
40556	1
40611	2
40646	1
40647	1
40650	1
40653	1
40657	1
40659	1
40662	1
40664	1
40667	1
40678	1
40684	2
40692	1
40702	1
40704	1
40707	1
40723	1
40726	1
40731	1
40735	1
40740	1
40742	2
40743	1
40749	1
40755	1
40764	1
40769	2
40787	1
40789	1
40813	1
40815	2
40816	1
40817	2
40818	1
40819	1
40821	2
40822	1
40837	1
40845	1
40846	1
40847	1
40850	2
40852	1
40854	1
40856	1
40857	1
40858	1
40861	2
40862	1
40863	1
40865	1
40867	1
40868	1
40869	2
40871	2
40881	2
40889	2
40894	2
40896	2
40897	3
40900	2
40902	1
40906	1
40912	1
40922	1
40937	1
40951	2
40952	2
40953	1
40955	2
40956	1
40960	2
40961	2
40962	2
40963	2
40965	1
40967	1
40968	2
40969	2
40970	2
40971	1
40972	1
40974	2
40976	2
40979	2
40981	1
40983	1
40984	1
40985	1
40986	1
40990	2
40992	1
41002	1
41004	1
41007	2
41013	1
41023	1
41024	1
41026	1
41027	1
41033	1
41034	1
41047	1
41049	1
41051	1
41052	1
41053	1
41054	1
41057	1
41074	2
41075	2
41076	2
41081	2
41090	1
41092	2
41095	2
41096	2
41097	4
41098	2
41101	1
41102	1
41108	1
41110	1
41111	2
41121	1
41133	1
41134	1
41135	2
41151	1
41156	2
41157	1
41158	2
41159	2
41163	1
41165	1
41172	1
41174	2
41175	1
41176	2
41177	1
41178	1
41183	2
41186	1
41190	1
41194	1
41197	2
41198	1
41201	1
41203	2
41205	2
41207	4
41208	3
41209	1
41211	1
41212	1
41217	1
41219	1
41221	3
41226	1
41230	1
41232	1
41241	2
41242	1
41243	2
41247	1
41269	2
41271	3
41273	2
41276	1
41278	1
41280	1
41281	2
41283	1
41284	1
41285	1
41288	1
41293	1
41296	1
41298	1
41319	1
41342	2
41344	1
41353	2
41354	2
41355	2
41358	2
41361	1
41364	1
41378	1
41395	3
41396	3
41397	1
41398	2
41399	1
41401	1
41403	1
41404	1
41408	1
41411	1
41447	1
41451	2
41456	1
41458	2
41460	1
41471	1
41475	1
41481	1
41482	2
41483	1
41484	1
41490	1
41509	1
41510	1
41511	2
41512	1
41521	1
41522	1
41524	2
41525	1
41538	1
41551	1
41554	1
41561	1
41578	1
41580	1
41594	1
41598	1
41601	1
41602	1
41610	1
41614	2
41617	1
41619	1
41620	1
41622	3
41625	2
41626	1
41627	1
41628	1
41635	2
41636	1
41637	1
41638	1
41642	1
41653	1
41654	2
41658	2
41667	1
41670	3
41671	1
41680	1
41684	1
41688	1
41692	1
41695	1
41697	1
41700	1
41701	1
41702	1
41706	1
41707	1
41709	2
41712	1
41718	1
41721	1
41724	1
41725	1
41726	1
41727	1
41740	1
41741	2
41745	1
41749	1
41750	1
41752	1
41754	2
41759	2
41760	2
41761	1
41763	1
41767	1
41774	1
41794	1
41796	1
41799	1
41809	1
41812	1
41818	1
41821	1
41828	1
41836	2
41850	2
41851	1
41853	1
41888	2
41890	1
41900	1
41902	1
41926	2
41928	1
41930	2
41936	1
41940	1
41941	1
41944	2
41946	1
41948	2
41951	1
41952	1
41984	9
41985	1
41998	1
42003	1
42007	1
42019	1
42033	1
42039	1
42041	2
42042	2
42044	2
42052	1
42054	1
42059	3
42070	2
42071	1
42073	1
42078	2
42108	1
42142	1
42151	1
42158	1
42162	1
42164	1
42168	1
42183	1
42185	1
42188	1
42193	1
42195	1
42196	1
42198	1
42211	2
42213	1
42214	1
42215	1
42221	1
42232	2
42234	1
42238	1
42239	1
42240	1
42280	1
42283	2
42287	2
42290	3
42292	2
42294	2
42300	2
42313	2
42314	2
42316	1
42319	1
42320	1
42321	3
42323	1
42324	4
42325	1
42326	1
42327	3
42328	2
42329	1
42330	1
42331	4
42332	3
42333	1
42334	2
42335	2
42336	3
42339	2
42340	2
42341	1
42342	1
42354	1
42356	1
42357	1
42363	1
42365	1
42393	1
42403	1
42408	1
42409	2
42411	1
42412	1
42415	2
42419	1
42429	1
42469	6
42479	1
42488	3
42495	1
42505	2
42506	1
42508	1
42509	2
42510	1
42511	1
42512	1
42514	1
42517	1
42519	1
42533	1
42535	2
42547	2
42555	1
42561	2
42584	1
42589	2
42590	2
42594	1
42604	1
42607	2
42614	1
42615	1
42619	1
42621	1
42693	1
42695	1
42697	1
42699	1
42705	1
42719	1
42727	1
42731	1
42732	2
42735	1
42736	1
42737	1
42740	1
42745	5
42746	1
42758	1
42763	3
42764	2
42765	2
42766	1
42767	3
42768	1
42769	1
42770	1
42773	5
42778	1
42779	1
42800	1
42816	1
42823	1
42828	2
42831	1
42835	1
42837	1
42839	1
42840	1
42846	1
42860	1
42866	3
42868	1
42889	1
42899	2
42907	1
42908	3
42909	5
42910	2
42911	1
42912	1
42921	2
42922	1
42923	1
42937	2
42939	2
42944	2
42945	1
42946	2
42947	3
42948	1
42950	1
42952	1
42953	1
42955	2
42959	1
42992	1
43019	1
43051	1
43056	1
43061	1
43070	1
43075	1
43079	1
43082	1
43093	1
43094	1
43095	1
43106	1
43126	1
43129	1
43247	2
43256	1
43259	7
43261	2
43266	1
43271	2
43281	2
43282	1
43297	1
43303	1
43305	1
43311	2
43315	1
43316	1
43327	1
43344	3
43347	1
43351	5
43361	1
43368	1
43373	1
43374	1
43375	1
43376	1
43385	1
43387	2
43389	1
43390	3
43391	2
43392	1
43393	2
43395	1
43397	3
43404	1
43407	1
43418	1
43432	1
43434	2
43435	4
43441	2
43447	4
43473	1
43476	1
43480	1
43483	1
43484	1
43485	1
43486	1
43488	1
43490	1
43492	2
43496	1
43498	1
43504	2
43526	1
43528	3
43540	2
43541	2
43552	2
43564	1
43567	1
43569	2
43574	2
43577	1
43579	1
43607	1
43608	1
43613	1
43614	2
43619	3
43620	2
43631	1
43632	1
43639	1
43641	1
43656	1
43658	1
43659	1
43660	6
43664	2
43665	2
43666	1
43668	1
43670	2
43671	6
43672	1
43687	2
43689	1
43690	1
43691	1
43705	1
43707	2
43709	1
43747	1
43749	1
43750	1
43753	1
43757	2
43761	3
43763	2
43764	3
43765	1
43766	1
43768	1
43770	1
43771	1
43772	1
43774	1
43775	1
43779	1
43780	1
43782	1
43787	1
43801	1
43802	2
43803	1
43804	1
43805	1
43806	1
43807	1
43808	2
43809	1
43810	2
43811	1
43821	1
43843	1
43849	1
43853	4
43861	1
43862	1
43867	2
43869	2
43871	3
43877	1
43878	1
43880	5
43890	1
43893	1
43894	1
43897	1
43899	2
43900	1
43902	1
43903	2
43905	4
43907	1
43908	2
43911	1
43913	1
43914	2
43915	1
43916	1
43917	4
43918	2
43919	2
43920	2
43921	1
43922	1
43924	1
43925	2
43926	2
43927	1
43930	1
43931	1
43932	2
43933	1
43934	1
43935	1
43936	2
43938	2
43939	1
43940	2
43941	2
43942	1
43943	1
43945	1
43946	1
43947	2
43948	2
43949	3
43950	1
43953	2
43957	2
43961	1
44011	3
44017	1
44031	1
44047	1
44049	1
44050	1
44057	1
44062	1
44079	3
44084	1
44086	1
44089	2
44091	1
44098	1
44103	2
44105	1
44158	2
44163	1
44191	1
44192	1
44197	1
44198	1
44199	1
44201	1
44206	1
44208	1
44252	1
44253	1
44258	2
44267	3
44431	1
44947	1
44948	1
44952	1
45389	1
45404	1
45407	1
45416	2
45418	1
45439	1
45565	2
45567	2
45570	2
45574	1
46168	1
46176	1
46182	9
46188	1
46197	1
46199	1
