ObservationID	Count
67	0
68	0
69	0
70	0
71	0
72	0
79	1
80	0
81	0
82	0
83	0
84	0
85	0
86	0
87	0
88	0
89	0
90	0
127	2
128	0
129	0
130	1
131	0
132	1
133	1
134	0
135	0
136	0
137	0
138	0
139	0
140	0
141	0
142	0
143	0
144	0
169	0
170	0
171	0
172	0
173	1
174	1
175	0
176	0
177	0
178	0
179	0
180	0
230	0
232	0
233	0
234	0
236	1
238	1
239	1
240	0
253	0
254	0
255	0
256	0
257	0
258	0
259	0
260	0
261	0
262	0
263	0
264	0
391	0
392	0
393	0
394	0
395	0
396	0
397	0
398	0
399	0
400	0
401	0
402	0
421	0
422	0
423	0
424	0
425	0
426	0
433	0
434	0
435	0
436	0
437	0
438	0
463	0
464	0
465	0
466	0
467	1
468	0
469	0
470	0
471	0
472	0
473	0
474	0
475	0
476	0
477	0
478	0
479	0
480	0
481	0
482	0
483	0
484	0
485	0
486	0
541	0
542	0
543	0
544	0
545	0
546	0
643	0
644	0
645	0
646	0
647	0
648	0
667	0
668	0
669	1
670	1
671	1
672	0
697	0
698	0
699	1
700	1
701	1
702	0
739	0
740	0
741	0
742	0
743	0
744	0
865	0
866	0
867	0
868	0
869	0
870	0
871	0
872	0
873	0
874	0
875	0
876	0
997	0
998	0
999	0
1000	0
1001	0
1002	0
1009	0
1010	0
1011	0
1012	0
1013	0
1014	1
1015	0
1016	0
1017	0
1018	2
1019	0
1020	0
1051	0
1052	0
1053	0
1054	0
1055	0
1056	0
1081	0
1082	0
1083	2
1084	0
1085	0
1086	0
1099	0
1100	0
1101	1
1102	0
1103	0
1104	0
1111	0
1112	0
1113	0
1114	0
1115	0
1116	0
1123	0
1124	0
1125	0
1126	0
1127	1
1128	0
1129	0
1130	0
1131	0
1132	0
1133	0
1134	0
1141	0
1142	0
1143	0
1144	1
1145	1
1146	0
1147	0
1148	0
1149	0
1150	0
1151	0
1152	1
1231	0
1232	0
1233	0
1234	0
1235	0
1236	0
1237	0
1238	0
1239	0
1240	0
1241	0
1242	0
1285	0
1286	0
1287	0
1288	0
1289	0
1290	0
1303	0
1304	0
1305	0
1306	0
1307	0
1308	0
1309	0
1310	0
1311	0
1312	0
1313	0
1314	0
1315	0
1316	0
1317	0
1318	0
1319	0
1320	0
1351	0
1352	0
1353	0
1354	0
1355	0
1356	0
1363	0
1364	0
1365	0
1366	0
1367	1
1368	0
1423	0
1424	0
1425	0
1426	0
1427	0
1428	0
1429	0
1430	0
1431	0
1432	0
1433	0
1434	1
1441	0
1442	0
1443	0
1444	0
1445	0
1446	0
1507	0
1508	0
1509	0
1510	0
1511	0
1512	0
1567	0
1568	0
1569	0
1570	0
1571	0
1572	0
1579	0
1580	0
1581	0
1582	0
1583	1
1584	0
1585	0
1586	0
1587	0
1588	0
1589	1
1590	0
1609	0
1610	0
1611	0
1612	0
1613	0
1614	0
1615	0
1616	0
1617	0
1618	0
1619	0
1620	0
1681	0
1682	0
1683	0
1684	0
1685	0
1686	0
1687	0
1688	0
1689	0
1690	0
1691	0
1692	0
1717	0
1718	0
1719	0
1720	0
1721	0
1722	0
1729	0
1730	0
1731	0
1732	0
1733	0
1734	0
1771	0
1772	0
1773	0
1774	0
1775	1
1776	0
1777	0
1778	0
1779	0
1780	0
1781	0
1782	0
1819	0
1820	0
1821	1
1822	0
1823	1
1824	0
1873	0
1874	0
1875	0
1876	0
1877	0
1878	0
1879	0
1880	0
1881	0
1882	0
1883	0
1884	0
1903	0
1904	0
1905	0
1906	0
1907	0
1908	0
1909	0
1910	0
1911	0
1912	0
1913	0
1914	0
1975	0
1976	1
1977	0
1978	0
1979	0
1980	0
1981	0
1982	0
1983	0
1984	0
1985	0
1986	0
1993	0
1994	0
1995	0
1996	0
1997	0
1998	0
2023	1
2024	0
2025	0
2026	0
2027	0
2028	0
2029	0
2030	0
2031	0
2032	0
2033	0
2034	0
2101	0
2102	0
2103	0
2104	0
2105	0
2106	0
2107	0
2108	0
2109	0
2110	0
2111	0
2112	0
2119	1
2120	0
2121	0
2122	0
2123	0
2124	0
2125	0
2126	0
2127	0
2128	0
2129	0
2130	0
2275	0
2276	0
2277	0
2278	0
2279	0
2280	0
2281	0
2282	0
2283	0
2284	0
2285	0
2286	0
2353	0
2354	0
2355	0
2356	0
2357	0
2358	0
2359	0
2360	0
2361	0
2362	0
2363	0
2364	0
2431	0
2432	0
2433	0
2434	0
2435	0
2436	0
2437	0
2438	0
2439	0
2440	0
2441	1
2442	2
2527	0
2528	0
2529	0
2530	1
2531	0
2532	0
2533	0
2534	0
2535	0
2536	0
2537	0
2538	1
2557	0
2558	0
2559	0
2560	0
2561	0
2562	0
2563	0
2564	0
2565	0
2566	0
2567	0
2568	0
2623	0
2624	0
2625	0
2626	0
2627	0
2628	0
2629	0
2630	0
2631	0
2632	0
2633	0
2634	0
2683	0
2684	0
2685	0
2686	0
2687	0
2688	0
2689	0
2690	0
2691	0
2692	0
2693	0
2694	0
2785	0
2786	0
2787	0
2788	0
2789	0
2790	0
2815	0
2816	0
2817	0
2818	0
2819	0
2820	0
2965	0
2966	0
2967	0
2968	0
2969	0
2970	0
2977	1
2978	0
2979	0
2980	0
2981	0
2982	0
3025	0
3026	0
3027	0
3028	1
3029	0
3030	0
3031	0
3032	0
3033	0
3034	0
3035	0
3036	0
3229	0
3230	0
3231	0
3232	1
3233	0
3234	0
3235	0
3236	0
3237	0
3238	0
3239	0
3240	0
3403	1
3404	0
3405	0
3406	1
3407	0
3408	0
3409	1
3410	1
3411	0
3412	0
3413	0
3414	0
3559	0
3560	0
3561	0
3562	0
3563	0
3564	0
3565	0
3566	0
3567	0
3568	0
3569	0
3570	0
3571	0
3572	0
3573	0
3574	1
3575	0
3576	0
3577	0
3578	0
3579	0
3580	0
3581	1
3582	0
3583	0
3584	0
3585	0
3586	0
3587	0
3588	0
3589	0
3590	0
3591	0
3592	0
3593	0
3594	0
3733	0
3734	0
3735	0
3736	0
3737	1
3738	0
3739	0
3740	0
3741	0
3742	0
3743	0
3744	0
3751	0
3752	0
3753	0
3754	0
3755	0
3756	0
3781	0
3782	0
3783	0
3784	0
3785	1
3786	0
3787	1
3788	0
3789	0
3790	0
3791	0
3792	0
3793	0
3794	0
3795	0
3796	0
3797	0
3798	0
3805	0
3806	0
3807	0
3808	0
3809	1
3810	0
3847	1
3848	1
3849	1
3850	0
3851	1
3852	0
3853	2
3854	1
3855	1
3856	0
3857	0
3858	1
3901	0
3903	0
3904	1
3905	0
3907	0
3909	0
3910	0
3911	0
4027	0
4028	0
4029	0
4030	0
4031	0
4032	0
4033	0
4034	0
4035	0
4036	1
4037	0
4038	1
4045	0
4046	0
4047	1
4048	0
4049	0
4050	0
4051	0
4052	0
4053	1
4054	2
4055	1
4056	0
4105	0
4106	0
4107	0
4108	1
4109	0
4110	0
4111	0
4112	1
4113	0
4114	1
4115	0
4116	0
4177	0
4178	0
4179	0
4180	0
4181	1
4182	1
4243	0
4244	0
4245	1
4246	0
4247	0
4248	0
4261	0
4262	0
4263	1
4264	0
4265	1
4266	0
4267	0
4268	0
4269	0
4271	0
4272	0
4291	0
4292	0
4293	0
4294	0
4295	0
4296	0
4315	1
4316	0
4317	0
4318	0
4319	1
4320	0
4375	0
4376	0
4377	0
4378	0
4379	0
4380	0
4381	0
4382	0
4383	0
4384	0
4385	0
4386	0
4387	0
4388	0
4389	0
4390	0
4391	1
4392	0
4399	1
4400	0
4401	1
4402	0
4403	0
4404	0
4513	0
4514	0
4515	0
4516	0
4517	1
4518	0
4519	1
4520	0
4521	0
4522	0
4523	0
4524	0
4729	0
4730	0
4731	0
4732	0
4733	0
4734	0
4741	0
4742	0
4743	0
4744	0
4745	0
4746	0
4891	0
4892	0
4893	0
4894	0
4895	0
4896	0
4897	0
4898	0
4899	0
4900	0
4901	0
4902	0
5125	0
5126	0
5127	0
5128	0
5129	0
5130	0
5131	0
5132	0
5133	0
5134	0
5135	0
5136	0
5143	1
5144	0
5145	0
5146	0
5147	0
5148	0
5149	2
5150	1
5151	0
5152	0
5153	0
5154	0
5353	0
5354	0
5355	0
5356	0
5357	0
5358	0
5359	0
5360	0
5361	0
5362	0
5365	0
5366	0
5367	0
5368	0
5893	0
5894	0
5895	0
5896	0
5897	0
5898	0
6097	0
6098	0
6099	0
6100	0
6101	0
6102	0
6103	0
6104	0
6105	0
6106	0
6107	0
6108	0
6205	0
6206	0
6207	0
6208	1
6209	0
6210	0
6211	0
6212	0
6213	1
6214	1
6215	0
6216	0
6277	0
6278	0
6279	0
6280	0
6281	0
6282	0
6283	0
6284	0
6285	0
6286	0
6287	0
6288	0
6307	0
6308	0
6309	0
6310	1
6311	1
6312	0
6313	0
6314	0
6315	0
6316	0
6317	1
6318	0
6607	0
6608	0
6609	0
6610	0
6611	0
6612	0
6703	0
6704	1
6705	0
6706	0
6707	0
6708	0
7081	1
7082	1
7083	0
7084	0
7085	0
7086	1
7099	0
7100	0
7101	0
7102	0
7103	0
7104	1
7105	0
7106	0
7107	0
7108	0
7109	0
7110	1
7117	0
7118	0
7119	0
7120	0
7121	0
7122	0
7249	0
7250	0
7251	0
7252	0
7253	0
7254	0
7261	0
7262	0
7263	0
7264	0
7265	0
7266	0
7267	0
7268	0
7269	0
7270	0
7271	1
7272	0
8449	0
8450	0
8451	0
8452	0
8453	0
8454	0
8581	0
8582	0
8583	0
8584	0
8585	0
8586	0
8587	1
8588	0
8589	0
8590	0
8591	0
8592	0
8719	0
8720	0
8721	0
8722	0
8723	0
8724	0
8911	0
8912	0
8913	0
8914	0
8915	0
8916	0
9301	0
9304	1
9306	0
9307	0
9308	0
9310	0
9312	0
9319	0
9320	0
9321	0
9322	0
9323	0
9324	0
9325	0
9326	0
9327	0
9328	0
9329	0
9330	0
9505	0
9506	0
9507	0
9508	0
9509	0
9510	0
9517	0
9518	1
9519	0
9520	0
9521	1
9522	0
9523	0
9524	0
9525	0
9526	1
9527	0
9528	0
9541	1
9542	1
9543	1
9544	0
9545	1
9546	1
9547	0
9548	0
9549	0
9550	0
9551	0
9552	0
9553	1
9554	1
9555	0
9556	0
9557	0
9558	1
9571	0
9572	0
9573	0
9574	0
9575	1
9576	0
9601	0
9602	0
9603	0
9604	0
9605	0
9606	0
9607	0
9608	0
9609	0
9610	0
9611	0
9612	0
9613	0
9614	0
9615	0
9616	0
9617	0
9618	0
9625	0
9626	0
9627	0
9628	0
9629	0
9630	0
9631	0
9632	1
9633	2
9634	1
9635	0
9636	0
9637	0
9638	1
9639	1
9640	1
9641	0
9642	0
9703	0
9704	0
9705	0
9706	0
9707	0
9708	0
9709	0
9710	0
9711	0
9712	0
9713	0
9714	0
10111	0
10112	0
10113	0
10114	0
10115	1
10116	0
10117	0
10118	0
10119	0
10120	0
10121	1
10122	0
10135	0
10136	0
10137	0
10138	0
10139	0
10140	0
10141	0
10142	0
10143	0
10144	0
10145	0
10146	0
10147	0
10148	0
10149	0
10150	0
10151	0
10152	0
10567	0
10568	0
10569	0
10570	0
10571	0
10572	0
10591	0
10592	0
10593	0
10594	0
10595	0
10596	1
10597	0
10598	0
10599	0
10600	0
10601	0
10602	0
10621	0
10622	0
10623	0
10624	0
10625	0
10626	0
10633	0
10634	0
10635	0
10636	0
10637	0
10638	0
10651	0
10652	0
10653	0
10654	0
10655	0
10656	0
10873	0
10874	0
10875	0
10876	0
10877	1
10878	0
10879	1
10880	0
10881	0
10882	0
10883	0
10884	0
10885	0
10886	0
10887	0
10888	0
10889	0
10890	0
10891	1
10892	1
10893	1
10894	0
10895	0
10896	0
10903	0
10904	0
10905	0
10906	0
10907	0
10908	0
10921	0
10922	0
10923	0
10924	0
10925	0
10926	0
10933	1
10934	0
10935	0
10936	0
10937	0
10938	0
10945	0
10946	0
10947	0
10948	0
10949	0
10950	0
10957	0
10958	0
10959	0
10960	0
10961	0
10962	0
10969	0
10970	0
10971	0
10972	0
10973	0
10974	0
11011	0
11012	0
11013	0
11014	0
11015	0
11016	0
11017	0
11018	0
11019	1
11020	0
11021	0
11022	0
11131	0
11132	0
11133	0
11134	0
11135	1
11136	0
11137	0
11138	0
11139	0
11140	0
11141	1
11142	0
11149	0
11150	0
11151	0
11152	0
11153	1
11154	0
11161	0
11162	0
11163	0
11164	0
11165	0
11166	0
11197	0
11198	0
11199	0
11200	0
11201	0
11202	0
11209	0
11210	0
11211	0
11212	0
11213	0
11214	0
13063	0
13065	0
13066	0
13068	0
13069	0
13071	0
13072	0
13074	0
14365	0
14366	0
14367	0
14368	0
14369	0
14370	0
14383	0
14384	0
14385	0
14386	0
14387	0
14388	0
14647	0
14648	0
14649	0
14650	2
14651	0
14652	0
14659	1
14660	0
14661	1
14662	1
14663	0
14664	0
14725	1
14726	0
14727	0
14728	0
14729	0
14730	0
14791	1
14792	0
14793	0
14794	0
14795	0
14796	0
14809	1
14810	0
14811	0
14812	0
14813	0
14814	0
14815	0
14816	0
14817	0
14818	0
14819	0
14820	0
14851	1
14852	1
14853	0
14854	2
14855	0
14856	1
14857	0
14858	0
14859	1
14860	1
14861	0
14862	0
14917	0
14918	0
14919	0
14920	0
14921	0
14922	0
14983	0
14984	0
14985	0
14986	0
14987	1
14988	0
14995	0
14996	0
14997	0
14998	0
14999	0
15000	1
15001	0
15002	0
15003	0
15004	0
15005	1
15006	0
15007	0
15008	0
15009	0
15010	0
15011	0
15012	0
15019	0
15020	0
15021	0
15022	0
15023	0
15024	0
15025	0
15026	0
15027	0
15028	0
15029	0
15030	0
15067	0
15068	0
15069	0
15070	0
15071	0
15072	0
15073	0
15074	0
15075	1
15076	1
15077	0
15078	1
15085	0
15086	0
15087	0
15088	0
15089	0
15090	0
15091	0
15092	0
15093	1
15094	0
15095	1
15096	1
15103	0
15104	0
15105	0
15106	0
15107	0
15108	0
15109	0
15110	0
15111	0
15112	0
15113	0
15114	0
15259	0
15260	0
15261	0
15262	0
15263	0
15264	0
15265	0
15266	0
15267	0
15268	0
15269	0
15270	0
15367	0
15368	0
15369	0
15370	0
15371	0
15372	0
15373	0
15374	0
15375	0
15376	0
15377	0
15378	0
15385	0
15386	0
15387	1
15388	0
15389	0
15390	0
15391	0
15392	0
15393	0
15394	0
15395	0
15396	0
15445	0
15446	0
15447	0
15448	0
15449	0
15450	0
15451	0
15452	0
15453	0
15454	2
15455	0
15456	2
15571	1
15572	0
15573	0
15574	0
15575	0
15576	0
15577	1
15578	0
15579	0
15580	0
15581	0
15582	0
15589	0
15590	0
15591	0
15592	0
15593	0
15594	0
15595	0
15596	0
15597	0
15598	0
15599	0
15600	0
15607	0
15608	0
15609	0
15610	0
15611	0
15612	0
15613	0
15614	0
15615	0
15616	0
15617	0
15618	0
15661	1
15662	0
15663	3
15664	0
15665	2
15666	1
15667	1
15668	0
15669	0
15670	0
15671	0
15672	0
15679	0
15680	0
15681	0
15682	0
15683	0
15684	3
15686	0
15687	1
15688	0
15689	0
15690	0
15751	0
15752	0
15753	1
15754	0
15755	1
15756	0
15757	0
15758	0
15759	0
15760	0
15761	1
15762	0
15769	0
15770	0
15771	1
15772	0
15773	1
15774	0
15775	0
15776	0
15777	0
15778	0
15779	0
15780	0
15793	0
15794	2
15795	0
15796	0
15797	0
15798	0
15805	0
15806	0
15807	0
15808	0
15809	0
15810	0
15931	1
15932	2
15933	0
15934	1
15935	0
15936	0
15937	0
15938	0
15939	0
15940	0
15941	0
15942	0
15985	0
15986	1
15987	0
15988	1
15989	0
15990	0
15991	1
15992	0
15993	0
15994	1
15995	0
15996	0
16057	0
16058	0
16059	1
16060	0
16061	0
16062	0
16063	0
16064	0
16065	1
16066	0
16067	0
16068	0
16093	0
16094	0
16095	0
16096	0
16097	0
16098	0
16099	0
16100	0
16101	0
16102	0
16103	0
16104	0
16297	0
16298	0
16299	0
16300	0
16301	1
16302	1
16369	1
16370	0
16371	0
16372	0
16373	2
16374	0
16375	0
16376	0
16377	0
16378	0
16379	2
16380	0
16387	0
16388	0
16389	0
16390	0
16391	0
16392	0
16393	0
16394	0
16395	0
16396	0
16397	0
16398	0
16519	0
16520	2
16521	0
16522	0
16523	0
16549	0
16550	0
16551	0
16552	0
16553	0
16554	0
16561	0
16562	0
16563	0
16564	0
16565	0
16566	0
16609	0
16610	1
16611	0
16612	0
16613	0
16614	0
16615	0
16616	0
16617	0
16618	0
16619	0
16620	0
16627	0
16628	0
16629	0
16630	1
16631	0
16632	2
16633	0
16634	0
16635	0
16636	0
16637	0
16638	0
16645	0
16646	0
16647	0
16648	0
16649	1
16650	0
16693	0
16694	0
16695	0
16696	0
16697	0
16698	0
16699	0
16700	0
16701	1
16702	0
16703	0
16704	0
16705	0
16706	0
16707	0
16708	0
16709	0
16710	1
16711	0
16712	0
16713	0
16714	0
16715	0
16716	0
16717	0
16718	0
16719	1
16720	0
16721	0
16722	0
16723	0
16724	0
16725	0
16726	0
16727	0
16728	0
16735	0
16736	0
16737	0
16738	0
16739	0
16740	0
16741	1
16742	0
16743	0
16744	0
16745	0
16746	0
16747	0
16748	0
16749	0
16750	1
16751	0
16752	1
16753	0
16754	0
16755	1
16756	0
16757	0
16758	0
16759	0
16760	1
16761	0
16762	0
16763	0
16764	0
16771	1
16772	0
16773	0
16774	0
16775	0
16776	0
16777	0
16778	0
16779	0
16780	0
16781	0
16782	0
16825	0
16826	0
16827	0
16828	0
16829	0
16830	0
16831	0
16832	1
16833	1
16834	0
16835	0
16836	0
16837	1
16838	0
16839	0
16840	1
16841	0
16842	0
16843	0
16844	0
16845	0
16846	0
16847	0
16848	0
16855	0
16856	0
16857	0
16858	0
16859	0
16860	0
16861	0
16862	0
16863	0
16864	0
16865	0
16866	0
16885	0
16886	0
16887	0
16888	0
16889	0
16890	0
16891	0
16892	0
16893	0
16894	0
16895	0
16896	0
16897	0
16898	0
16899	0
16900	0
16901	0
16902	0
16903	0
16904	0
16905	0
16906	0
16907	0
16908	0
16921	0
16922	0
16923	0
16924	0
16925	0
16926	0
16933	0
16934	0
16935	0
16936	0
16937	0
16938	0
16957	0
16959	1
16960	0
16961	0
16962	0
16963	0
16965	0
16966	0
16967	0
17017	0
17018	0
17019	1
17020	0
17021	0
17022	0
17029	0
17030	1
17031	1
17032	1
17033	1
17034	1
17035	0
17036	0
17037	0
17038	2
17039	0
17040	0
17041	0
17042	0
17043	1
17044	0
17045	0
17046	0
17053	0
17054	0
17055	0
17056	0
17057	0
17058	0
17065	1
17066	0
17067	0
17068	0
17069	0
17070	1
17071	0
17072	0
17073	0
17074	1
17075	0
17076	0
17077	0
17078	0
17079	0
17080	0
17081	0
17082	0
17083	0
17084	0
17085	0
17086	1
17087	0
17088	0
17137	0
17138	1
17139	2
17140	0
17141	0
17142	0
17155	0
17156	2
17157	0
17158	0
17159	0
17160	0
17197	0
17198	0
17199	0
17200	0
17201	1
17202	0
17203	0
17204	0
17205	0
17206	0
17207	0
17208	0
17245	0
17246	0
17247	0
17248	0
17249	0
17250	0
17257	0
17258	0
17259	0
17260	0
17261	0
17262	1
17335	0
17336	1
17337	0
17338	0
17339	0
17340	0
17341	0
17342	1
17343	1
17344	0
17345	0
17346	0
17359	0
17360	0
17361	0
17362	0
17363	0
17364	0
17371	0
17372	0
17373	0
17374	0
17375	0
17376	0
17401	0
17402	0
17403	0
17404	0
17405	0
17406	0
17413	0
17414	0
17415	0
17416	0
17417	1
17418	0
17443	0
17444	0
17445	0
17446	0
17447	0
17448	0
17449	0
17450	0
17451	0
17452	0
17453	0
17454	0
17461	0
17462	0
17463	0
17464	0
17465	0
17466	0
17485	0
17486	0
17487	0
17488	0
17489	0
17490	0
17491	0
17492	0
17493	0
17494	0
17495	0
17496	0
17503	1
17504	0
17505	1
17506	0
17507	0
17508	0
17533	0
17534	0
17535	1
17536	0
17537	0
17538	0
17539	0
17540	0
17541	0
17542	0
17543	0
17544	0
17569	1
17570	0
17571	1
17572	0
17573	0
17574	0
17575	0
17576	1
17577	2
17578	0
17579	0
17580	0
17605	1
17606	0
17607	0
17608	0
17609	1
17610	1
17611	0
17612	0
17613	0
17614	1
17615	0
17616	1
17623	0
17624	0
17625	0
17626	0
17627	0
17628	0
17629	0
17630	0
17631	0
17632	1
17633	0
17634	0
17689	0
17690	0
17691	1
17692	0
17693	1
17694	0
17695	0
17696	0
17697	0
17698	0
17699	0
17700	0
17731	0
17732	0
17733	0
17734	0
17735	0
17736	0
17743	0
17744	0
17745	0
17746	0
17747	0
17748	0
17773	0
17774	0
17775	0
17776	0
17777	0
17778	0
17779	0
17780	0
17781	0
17782	0
17783	0
17784	0
17785	0
17786	2
17787	0
17788	1
17789	0
17790	0
17791	0
17792	0
17793	0
17794	0
17795	2
17796	0
17797	0
17798	1
17799	0
17800	0
17801	0
17802	0
17803	0
17804	0
17805	0
17806	0
17807	0
17808	1
17893	0
17894	1
17895	1
17896	1
17897	0
17898	0
17899	0
17900	0
17901	0
17902	0
17903	2
17904	0
18073	0
18074	0
18075	1
18076	0
18077	1
18078	0
18097	0
18098	0
18099	0
18100	0
18101	1
18102	0
18289	1
18290	0
18291	0
18292	0
18293	0
18294	0
18295	1
18296	0
18297	0
18298	0
18299	0
18300	0
18325	0
18326	0
18327	0
18328	0
18329	0
18330	0
18337	0
18338	0
18339	0
18340	0
18341	0
18342	0
18343	0
18344	0
18345	0
18346	0
18347	0
18348	0
18379	0
18380	0
18381	0
18382	0
18383	0
18384	0
18385	0
18386	0
18387	0
18388	0
18389	0
18390	0
18427	0
18428	0
18429	0
18430	0
18431	0
18432	0
18433	0
18434	0
18435	0
18436	0
18437	0
18438	0
18445	0
18446	0
18447	0
18448	0
18449	0
18450	0
18463	0
18464	0
18465	0
18466	0
18467	0
18468	0
18481	0
18482	0
18483	0
18484	0
18485	0
18486	0
18487	0
18488	0
18489	0
18490	0
18491	0
18492	0
18535	0
18536	0
18537	0
18538	0
18539	0
18540	0
18553	0
18554	0
18555	0
18556	0
18557	0
18558	0
18559	0
18560	0
18561	0
18562	0
18563	0
18564	0
18565	0
18566	0
18567	1
18568	0
18569	0
18570	0
18583	1
18584	0
18585	0
18586	1
18587	0
18588	0
18595	0
18596	1
18597	0
18598	0
18599	0
18600	0
18631	0
18632	0
18633	1
18634	0
18635	0
18636	0
18649	0
18650	0
18651	0
18652	0
18653	0
18654	0
18661	0
18662	0
18663	0
18664	0
18665	0
18666	0
18667	0
18668	0
18669	0
18670	0
18671	0
18672	0
18727	0
18728	2
18729	0
18730	0
18731	0
18732	0
18739	0
18740	0
18741	0
18742	0
18743	0
18744	0
18745	0
18746	0
18747	0
18748	1
18749	0
18750	0
18751	0
18752	0
18753	0
18754	1
18755	0
18756	0
18757	0
18758	0
18759	0
18760	0
18761	0
18762	0
18841	0
18842	0
18843	0
18844	0
18845	0
18846	1
18859	0
18860	0
18861	0
18862	0
18863	0
18864	0
18871	0
18872	0
18873	0
18874	0
18875	0
18876	0
18889	1
18890	0
18891	0
18892	0
18893	0
18894	1
18895	0
18896	0
18897	0
18898	0
18899	0
18900	0
18973	0
18974	0
18975	0
18976	0
18977	1
18978	1
18985	0
18986	0
18987	0
18988	0
18989	0
18990	0
18991	0
18992	1
18993	0
18994	1
18995	0
18996	0
19003	0
19004	0
19005	0
19006	0
19007	0
19008	0
19009	0
19010	0
19011	0
19012	0
19013	0
19014	0
19063	0
19064	0
19065	1
19066	0
19067	0
19068	1
19069	0
19070	0
19071	0
19072	0
19073	0
19074	0
19129	0
19130	0
19131	1
19132	0
19133	0
19134	0
19135	0
19136	0
19137	0
19138	0
19139	0
19140	0
19153	0
19154	0
19155	0
19156	0
19157	0
19158	0
19159	0
19160	0
19161	0
19162	0
19163	0
19164	0
19165	0
19166	0
19167	0
19168	0
19169	0
19170	1
19189	0
19190	0
19191	0
19192	0
19193	1
19194	0
19225	0
19226	0
19227	0
19228	0
19229	0
19230	0
19231	0
19232	0
19233	0
19234	0
19235	0
19236	0
19279	0
19280	0
19281	0
19282	0
19283	0
19284	0
19285	0
19286	0
19287	0
19288	0
19289	1
19290	0
19345	0
19346	0
19347	0
19348	0
19349	1
19350	1
19351	0
19352	0
19353	0
19354	0
19355	0
19356	0
19363	0
19364	0
19365	0
19366	0
19367	0
19368	1
19369	0
19370	0
19371	0
19372	0
19373	0
19374	0
19381	0
19382	0
19383	0
19384	0
19385	0
19386	0
19387	0
19388	0
19389	0
19390	0
19391	0
19392	0
19447	1
19448	1
19449	0
19450	0
19451	0
19452	0
19453	0
19454	0
19455	0
19456	0
19457	0
19458	0
19459	1
19460	1
19461	0
19462	1
19463	1
19464	0
19465	0
19466	0
19467	0
19468	0
19469	0
19470	0
19483	0
19484	1
19485	0
19486	0
19487	0
19488	0
19489	0
19490	0
19491	0
19492	0
19493	0
19494	1
19519	0
19520	0
19521	0
19522	0
19523	0
19524	0
19597	0
19598	0
19599	0
19600	1
19601	0
19602	0
19603	0
19604	0
19605	0
19606	0
19607	0
19608	0
19615	0
19616	0
19617	0
19618	0
19619	0
19620	0
19621	0
19622	0
19623	0
19624	0
19625	1
19626	0
19633	0
19634	0
19635	2
19636	0
19637	2
19638	0
19639	0
19640	0
19641	2
19642	1
19643	1
19644	0
19651	0
19652	0
19653	0
19654	0
19655	0
19656	0
19657	0
19658	1
19659	0
19660	0
19661	0
19662	0
19663	0
19664	0
19665	0
19666	0
19667	1
19668	0
19669	0
19670	1
19671	0
19672	0
19673	0
19674	0
20041	0
20042	0
20043	1
20044	0
20045	0
20046	0
20047	0
20048	0
20049	1
20050	0
20051	1
20052	0
20173	1
20174	1
20175	0
20176	0
20177	0
20178	0
20179	0
20180	0
20181	0
20182	0
20183	1
20184	3
20293	0
20294	0
20295	0
20296	0
20297	0
20298	0
20299	0
20300	0
20301	0
20302	0
20303	0
20304	0
20305	0
20306	0
20307	0
20308	0
20309	0
20310	0
20317	0
20318	1
20319	0
20320	0
20321	0
20322	1
20323	0
20324	0
20325	0
20326	0
20327	0
20328	0
20329	0
20330	0
20331	0
20332	0
20333	0
20334	3
20335	0
20336	0
20337	0
20338	0
20339	0
20340	0
20341	0
20342	0
20343	0
20344	0
20345	0
20346	2
20383	0
20384	2
20385	0
20386	0
20387	0
20388	0
20401	0
20402	1
20403	0
20404	0
20405	0
20406	0
20407	0
20408	0
20409	0
20410	1
20411	0
20412	0
20413	0
20414	0
20415	0
20416	0
20417	0
20418	0
20629	0
20630	0
20631	0
20632	0
20633	0
20634	0
20635	0
20636	1
20637	0
20638	0
20639	0
20640	0
20737	0
20738	0
20739	0
20740	0
20741	0
20742	0
20743	0
20744	0
20745	0
20746	0
20747	0
20748	0
20839	0
20840	0
20841	0
20842	0
20843	0
20844	0
20851	0
20852	0
20853	0
20854	0
20855	0
20856	0
20857	0
20858	0
20859	0
20860	0
20861	0
20862	0
20869	0
20870	0
20871	0
20872	0
20873	0
20874	0
20887	0
20888	0
20889	0
20890	1
20891	0
20892	0
20905	1
20906	0
20907	0
20908	0
20909	0
20910	0
20953	0
20954	1
20955	0
20956	0
20957	0
20958	0
20959	0
20960	0
20961	1
20962	0
20963	1
20964	0
20965	0
20966	0
20967	0
20968	0
20969	0
20970	0
20971	0
20972	0
20973	0
20974	0
20975	0
20976	0
21109	1
21110	0
21111	0
21112	0
21113	0
21114	0
21115	0
21116	0
21117	0
21118	0
21119	0
21120	0
21163	0
21164	0
21165	0
21166	0
21167	0
21168	0
21169	0
21170	0
21171	0
21172	0
21173	0
21174	0
21193	0
21194	0
21195	0
21196	0
21197	0
21198	0
21199	0
21200	0
21201	1
21202	0
21203	1
21204	0
21217	1
21218	0
21219	0
21220	0
21221	0
21222	0
21223	0
21224	0
21225	0
21226	0
21227	0
21228	0
21386	1
21388	0
21390	1
21410	0
21412	0
21414	0
21535	0
21536	1
21537	1
21538	0
21539	1
21540	3
21721	0
21722	0
21723	0
21724	2
21725	0
21726	0
21727	0
21728	0
21729	2
21730	1
21731	1
21732	1
21787	0
21788	1
21789	0
21790	0
21791	0
21792	0
21823	0
21824	0
21825	0
21826	0
21827	0
21828	0
21835	0
21836	1
21837	0
21838	0
21839	0
21840	0
21895	0
21896	0
21897	0
21898	0
21899	0
21900	0
22033	0
22034	0
22035	0
22036	0
22037	0
22153	0
22154	0
22155	0
22156	0
22157	0
22158	0
22195	0
22196	0
22197	0
22198	0
22199	0
22200	0
22201	0
22202	0
22203	0
22204	0
22205	0
22206	0
22243	0
22244	0
22245	0
22246	0
22247	0
22248	0
22249	0
22250	0
22251	0
22252	0
22253	0
22254	0
22255	0
22256	0
22257	0
22258	1
22259	0
22260	0
22261	0
22262	0
22263	0
22264	0
22265	0
22266	0
22621	0
22622	2
22623	0
22624	0
22625	1
22626	0
22633	0
22634	1
22635	0
22636	0
22637	0
22638	0
22663	0
22664	0
22665	0
22666	0
22667	0
22668	0
22669	0
22670	0
22671	0
22672	0
22673	0
22674	0
22825	0
22826	0
22827	0
22828	0
22829	0
22830	0
23041	0
23042	0
23043	0
23044	0
23045	0
23046	0
23179	0
23180	0
23181	0
23182	0
23183	0
23184	1
23413	0
23414	0
23415	1
23416	0
23417	0
23418	0
23425	2
23426	0
23427	0
23428	0
23429	0
23430	0
23431	0
23432	0
23433	0
23434	0
23435	0
23436	0
24121	0
24122	0
24123	0
24124	0
24125	1
24126	1
24259	0
24260	0
24261	0
24262	0
24263	0
24264	0
24283	1
24284	0
24285	0
24286	0
24287	0
24288	0
24295	0
24296	0
24297	0
24298	0
24299	0
24300	1
24397	0
24398	0
24399	0
24400	0
24401	0
24402	0
25381	0
25382	0
25383	0
25384	0
25385	0
25386	0
25393	0
25394	0
25395	0
25396	0
25397	0
25398	0
25405	0
25406	2
25407	0
25408	0
25409	1
25410	0
25411	1
25412	0
25413	0
25414	0
25415	0
25416	0
25417	0
25418	0
25419	0
25420	0
25421	0
25422	0
25453	0
25454	1
25455	1
25456	0
25457	1
25458	0
25501	0
25502	0
25503	0
25504	0
25505	0
25506	0
25519	0
25520	0
25521	0
25522	0
25523	1
25524	0
25537	0
25538	0
25539	0
25540	0
25541	0
25542	0
25729	0
25730	0
25731	0
25732	0
25733	0
25734	0
25927	0
25928	1
25929	0
25930	0
25931	0
25932	0
25933	0
25934	0
25935	0
25936	0
25937	0
25938	0
25969	0
25970	0
25971	0
25972	0
25973	0
25974	0
25975	0
25976	0
25977	0
25978	0
25979	0
25980	0
26023	0
26024	0
26025	1
26026	0
26027	0
26028	1
26029	0
26030	0
26031	0
26032	0
26033	0
26034	0
26113	0
26114	1
26115	0
26116	1
26117	1
26118	0
26119	0
26120	0
26121	0
26122	0
26123	0
26124	0
26173	1
26174	0
26175	2
26176	0
26177	1
26178	1
26179	1
26180	0
26181	1
26182	0
26183	0
26184	1
26191	0
26192	0
26193	0
26194	0
26195	0
26196	1
26197	0
26198	0
26199	0
26200	0
26201	0
26202	0
26239	0
26240	1
26241	0
26242	0
26243	0
26244	0
26353	0
26354	0
26355	0
26356	0
26357	0
26358	0
26365	0
26366	0
26367	0
26368	0
26369	1
26370	0
26419	0
26420	0
26421	0
26422	0
26423	0
26424	0
26431	0
26432	0
26433	1
26434	0
26435	0
26436	0
26515	0
26516	0
26517	1
26518	0
26519	0
26520	0
26527	1
26528	0
26529	0
26530	0
26531	0
26532	0
26539	1
26540	1
26541	1
26542	0
26543	0
26544	0
26545	0
26546	0
26547	0
26548	0
26549	0
26550	0
26569	0
26570	0
26571	0
26572	2
26573	2
26574	0
26581	1
26582	0
26583	0
26584	1
26585	3
26586	0
26653	0
26654	0
26655	0
26656	0
26657	0
26658	0
26659	0
26660	0
26661	0
26662	0
26663	0
26664	1
26671	0
26672	1
26673	0
26674	0
26675	0
26676	0
26677	0
26678	0
26679	0
26680	0
26681	0
26682	1
26707	0
26708	0
26709	0
26710	1
26711	0
26712	0
26713	0
26714	1
26715	1
26716	0
26717	0
26718	0
26761	0
26762	0
26763	0
26764	0
26765	0
26766	0
26863	0
26864	0
26865	0
26866	0
26867	0
26868	0
26869	0
26870	0
26871	0
26872	0
26873	0
26874	0
26875	0
26876	0
26877	0
26878	0
26879	0
26880	1
26887	0
26888	0
26889	0
26890	0
26891	0
26892	1
26899	0
26900	0
26901	0
26902	0
26903	0
26904	0
26905	0
26906	0
26907	0
26908	0
26909	0
26910	0
26935	0
26936	0
26937	0
26938	0
26939	0
26940	0
26941	0
26942	1
26943	0
26944	0
26945	0
26946	0
26947	0
26949	0
26950	0
26951	0
26952	0
26959	0
26961	0
26962	0
26963	0
26964	0
27043	0
27044	0
27045	0
27046	0
27047	0
27048	0
27049	0
27050	0
27051	0
27052	0
27053	0
27054	0
27115	0
27116	0
27117	1
27118	0
27119	0
27120	0
27121	1
27122	0
27123	0
27124	0
27125	0
27126	0
27151	0
27152	1
27153	0
27154	0
27155	0
27156	0
27157	0
27158	0
27159	0
27160	0
27161	0
27162	0
27277	0
27278	0
27279	0
27280	0
27281	0
27282	1
27283	0
27284	0
27285	0
27286	0
27287	0
27288	0
27295	0
27296	0
27297	0
27298	0
27299	0
27300	0
27301	0
27302	0
27303	0
27304	0
27305	0
27306	0
27331	0
27332	0
27333	0
27334	0
27335	0
27336	0
27337	0
27338	0
27339	0
27340	0
27341	0
27342	0
27385	0
27386	0
27387	0
27388	0
27389	0
27390	0
27391	0
27392	0
27393	0
27394	0
27395	0
27396	0
27403	0
27404	0
27405	0
27406	0
27407	0
27408	0
27421	1
27422	0
27423	1
27424	0
27425	0
27426	0
27433	0
27434	0
27435	0
27436	1
27437	0
27438	0
27439	0
27440	1
27441	0
27442	0
27443	0
27444	0
27487	0
27488	0
27489	0
27490	0
27491	0
27492	0
27499	0
27500	0
27501	0
27502	1
27503	0
27504	0
27511	0
27512	0
27513	0
27514	1
27515	0
27516	0
27517	0
27518	0
27519	0
27520	0
27521	0
27522	0
27535	0
27536	0
27537	0
27538	0
27539	0
27540	0
27541	1
27542	0
27543	1
27544	0
27545	0
27546	0
27547	0
27548	0
27549	0
27550	0
27551	2
27552	0
27553	0
27554	0
27555	1
27556	0
27557	0
27558	0
27643	0
27644	0
27645	0
27646	0
27647	0
27648	0
27655	0
27656	0
27657	0
27658	1
27659	0
27660	0
27757	0
27758	0
27759	1
27760	0
27761	0
27762	0
27763	0
27764	0
27765	0
27766	0
27767	1
27768	0
27787	0
27788	0
27789	0
27790	1
27791	0
27792	0
27799	0
27800	0
27801	0
27802	0
27803	0
27804	0
27805	0
27806	0
27807	0
27808	0
27809	0
27810	2
27811	0
27812	0
27813	0
27814	0
27815	0
27816	1
27823	0
27824	0
27825	0
27826	0
27827	1
27828	0
27829	0
27830	0
27831	0
27832	0
27833	0
27834	0
27859	0
27860	0
27861	1
27862	0
27863	1
27864	0
27865	0
27866	0
27867	0
27868	0
27869	0
27870	0
27883	0
27884	0
27885	0
27886	0
27887	0
27888	0
27895	0
27896	0
27897	0
27898	0
27899	0
27900	0
27914	0
27916	0
27917	0
27918	0
27920	0
27922	0
27923	0
27924	0
27931	0
27932	0
27933	1
27934	0
27935	0
27936	0
27937	0
27938	0
27939	0
27940	0
27941	0
27942	0
28009	0
28010	0
28011	0
28012	0
28013	0
28014	0
28015	0
28016	1
28017	0
28018	0
28019	0
28020	0
28021	0
28022	0
28023	0
28024	0
28025	0
28026	0
28027	0
28028	0
28029	0
28030	0
28031	0
28032	2
28039	1
28040	0
28041	0
28042	0
28043	1
28044	0
28045	0
28046	0
28047	0
28048	0
28049	0
28050	1
28057	1
28058	0
28059	0
28060	0
28061	0
28062	0
28063	0
28064	0
28065	0
28066	0
28067	0
28068	0
28075	0
28076	0
28077	0
28078	0
28079	0
28080	0
28087	0
28088	0
28089	0
28090	0
28091	0
28092	0
28213	0
28214	0
28215	0
28216	0
28217	0
28218	0
28219	0
28220	0
28221	0
28222	0
28223	0
28224	0
28345	0
28346	0
28347	0
28348	0
28349	0
28350	0
28525	0
28526	0
28527	0
28528	1
28529	0
28530	0
28609	0
28610	0
28611	0
28612	0
28613	0
28633	0
28634	0
28635	0
28636	0
28637	0
28638	0
28675	0
28676	0
28677	0
28678	0
28679	0
28680	0
28681	0
28682	0
28683	0
28684	0
28685	0
28686	0
28801	0
28802	0
28803	0
28804	0
28805	0
28806	0
28813	1
28814	0
28815	0
28816	0
28817	0
28818	0
28825	0
28826	0
28827	0
28828	0
28829	0
28830	0
28831	0
28832	0
28833	0
28834	0
28835	1
28836	0
28861	0
28862	0
28863	0
28864	0
28865	1
28866	0
28867	0
28868	0
28869	0
28870	0
28871	0
28872	0
28885	0
28886	0
28887	0
28888	0
28889	0
28890	0
28903	1
28904	0
28905	1
28906	0
28907	0
28908	0
28921	0
28922	0
28923	0
28924	0
28925	0
28926	0
28951	0
28952	0
28953	0
28954	0
28955	0
28956	0
28957	0
28958	0
28959	0
28960	0
28961	0
28962	0
29095	0
29096	1
29097	0
29098	1
29099	0
29100	0
29101	0
29102	0
29103	0
29104	0
29105	0
29106	0
29143	0
29144	0
29145	0
29146	1
29147	0
29148	0
29149	0
29150	0
29151	0
29152	1
29153	0
29154	0
29155	0
29156	2
29157	0
29158	0
29159	0
29160	0
29197	0
29198	0
29199	0
29200	0
29201	0
29202	0
29203	0
29204	0
29205	0
29206	0
29207	0
29208	0
29251	0
29252	0
29253	0
29254	0
29255	1
29256	0
29257	0
29258	0
29259	0
29260	0
29261	0
29262	1
29305	1
29306	1
29307	0
29308	0
29309	0
29310	0
29377	1
29378	1
29379	1
29380	0
29381	1
29382	0
29383	0
29384	0
29385	0
29386	0
29387	0
29388	0
29407	0
29408	0
29409	0
29410	0
29411	0
29412	0
29419	0
29420	0
29421	0
29422	0
29423	0
29424	0
29431	0
29432	1
29433	0
29434	0
29435	0
29436	0
29437	0
29438	0
29439	0
29440	0
29441	0
29442	0
29455	0
29456	0
29457	0
29458	1
29459	0
29460	0
29473	0
29474	0
29475	1
29476	1
29477	0
29478	0
29479	0
29480	1
29481	0
29482	0
29483	1
29484	0
29485	0
29486	0
29487	1
29488	2
29489	0
29490	0
29491	0
29492	0
29493	0
29494	0
29495	0
29496	0
29497	0
29498	0
29499	0
29500	0
29501	0
29502	0
29503	0
29504	0
29505	0
29506	0
29507	0
29508	0
29551	0
29552	0
29553	0
29554	0
29555	0
29556	0
29557	0
29558	0
29559	0
29560	0
29561	0
29562	0
29569	0
29570	0
29571	0
29572	0
29573	0
29574	0
29575	0
29576	0
29577	0
29578	1
29579	0
29580	0
29623	0
29624	0
29625	1
29626	0
29627	0
29628	0
29629	0
29630	0
29631	1
29632	0
29633	0
29634	0
29647	0
29648	0
29649	0
29650	0
29651	0
29652	1
29653	0
29654	0
29655	0
29656	1
29657	0
29658	1
29659	0
29660	0
29661	0
29662	0
29663	0
29664	0
29665	0
29666	0
29667	0
29668	0
29669	0
29670	0
29671	1
29672	0
29673	0
29674	0
29675	0
29676	0
29677	0
29678	0
29679	0
29680	0
29681	1
29682	0
29689	0
29690	0
29691	0
29692	0
29693	0
29694	0
29713	0
29714	0
29715	0
29716	0
29717	0
29718	0
29725	0
29726	0
29727	0
29728	0
29729	0
29730	0
29809	0
29810	0
29811	0
29812	0
29813	0
29814	0
29815	0
29816	0
29817	0
29818	0
29819	0
29820	0
29845	0
29846	0
29847	0
29848	0
29849	0
29850	0
29851	0
29852	0
29853	0
29854	0
29855	0
29856	0
29941	0
29942	0
29943	0
29944	1
29945	0
29946	0
29947	0
29948	0
29949	0
29950	0
29951	0
29952	0
30271	0
30272	0
30273	0
30274	0
30275	0
30276	1
30283	0
30284	0
30285	0
30286	0
30287	0
30288	0
30373	0
30374	0
30375	0
30376	0
30377	0
30378	0
30385	0
30386	0
30387	0
30388	0
30389	0
30390	0
30391	1
30392	0
30393	0
30394	0
30395	0
30396	0
30403	0
30404	0
30405	0
30406	0
30407	0
30408	0
30451	0
30452	1
30453	0
30454	0
30455	1
30456	0
30457	1
30458	0
30459	1
30460	0
30461	0
30462	0
30463	0
30464	1
30465	0
30466	0
30467	0
30468	0
30499	0
30501	0
30502	0
30503	0
30511	0
30512	1
30513	0
30514	1
30515	0
30516	1
30517	0
30518	0
30519	0
30520	1
30521	0
30522	0
30547	0
30548	0
30549	0
30550	1
30551	0
30552	0
30589	0
30590	2
30591	0
30592	0
30593	2
30594	1
30607	1
30608	0
30609	0
30610	0
30611	0
30612	0
30613	0
30614	0
30615	0
30616	0
30617	0
30618	0
30619	0
30620	0
30622	0
30624	0
30625	0
30626	0
30627	0
30628	0
30629	0
30630	0
30643	0
30644	0
30645	0
30646	0
30647	0
30648	1
30649	0
30650	0
30651	0
30652	0
30653	2
30654	0
30655	0
30656	0
30657	0
30658	0
30659	0
30660	0
30691	0
30692	0
30693	0
30694	0
30695	0
30696	1
30697	1
30698	0
30699	0
30700	1
30701	0
30702	0
30727	0
30728	0
30729	0
30730	0
30731	1
30732	0
30739	0
30740	0
30741	0
30742	0
30743	0
30744	0
30757	0
30758	1
30759	0
30760	0
30761	0
30762	0
30805	0
30806	0
30807	0
30808	0
30809	0
30810	0
30811	1
30812	1
30813	0
30814	0
30815	1
30816	0
30817	0
30818	0
30819	0
30820	1
30821	0
30822	0
30823	0
30824	0
30825	0
30826	0
30827	1
30828	0
30829	0
30830	0
30831	0
30832	1
30833	1
30834	3
30853	1
30854	0
30855	0
30856	0
30857	0
30858	0
30859	0
30860	0
30861	0
30862	0
30863	0
30864	0
30877	1
30878	1
30879	0
30880	0
30881	0
30882	0
30895	0
30896	0
30897	0
30898	0
30899	0
30900	0
30901	0
30902	0
30903	0
30904	0
30905	0
30906	0
30919	0
30920	0
30921	0
30922	0
30923	0
30924	0
30925	0
30926	0
30927	0
30928	0
30929	0
30930	0
30943	0
30944	1
30945	0
30946	0
30947	0
30948	0
30949	0
30950	2
30951	0
30952	0
30953	0
30954	0
30967	0
30968	0
30969	0
30970	2
30971	0
30972	0
31069	0
31070	1
31071	0
31072	0
31073	1
31074	1
31111	0
31112	0
31113	0
31114	0
31115	0
31116	0
31123	0
31124	0
31125	0
31126	0
31127	0
31128	0
31135	1
31136	0
31137	0
31138	0
31139	0
31140	0
31147	0
31148	0
31149	0
31150	0
31151	0
31152	0
31153	0
31154	0
31155	0
31156	0
31157	0
31158	0
31207	0
31208	0
31209	0
31210	0
31211	0
31212	0
31219	0
31220	0
31221	0
31222	0
31223	0
31224	0
31225	0
31226	1
31227	0
31228	0
31229	0
31230	1
31255	0
31256	0
31257	0
31258	0
31259	0
31260	0
31303	0
31304	0
31305	0
31306	0
31307	0
31308	0
31309	0
31310	0
31311	1
31312	1
31313	0
31314	0
31321	0
31322	0
31323	1
31324	1
31325	0
31326	1
31345	1
31346	2
31347	0
31348	0
31349	0
31350	0
31351	0
31352	0
31353	0
31354	2
31355	0
31356	0
31369	0
31370	0
31371	0
31372	0
31373	0
31374	1
31393	0
31394	0
31395	0
31396	0
31397	0
31398	0
31411	0
31412	0
31413	0
31414	0
31415	0
31416	2
31417	0
31418	0
31419	0
31420	1
31421	0
31422	0
31423	0
31424	1
31425	0
31426	2
31427	0
31428	0
31459	0
31460	0
31461	0
31462	0
31463	0
31464	0
31465	0
31466	0
31467	0
31468	0
31469	0
31470	0
31495	0
31496	0
31497	0
31498	0
31499	0
31500	0
31513	0
31514	0
31515	0
31516	0
31517	0
31518	0
31519	0
31520	0
31521	0
31522	0
31523	0
31524	0
31525	0
31526	0
31527	0
31528	0
31529	0
31530	0
31531	0
31532	0
31533	0
31534	0
31535	0
31536	1
31555	2
31556	1
31557	3
31558	0
31559	2
31560	0
31567	0
31568	0
31569	0
31570	0
31571	0
31572	0
31597	0
31598	0
31599	0
31600	0
31601	0
31602	0
31609	0
31610	0
31611	0
31612	0
31613	0
31614	0
31621	0
31622	0
31623	0
31624	0
31625	0
31626	0
31627	0
31628	2
31629	0
31630	0
31631	0
31632	0
31639	0
31640	0
31641	0
31642	0
31643	1
31644	0
31645	0
31646	0
31647	0
31648	0
31649	1
31650	1
31657	0
31658	0
31659	0
31660	0
31661	0
31662	0
31687	0
31688	0
31689	0
31690	0
31691	0
31692	0
31711	0
31712	0
31713	0
31714	0
31715	0
31716	0
31717	0
31718	0
31719	0
31720	0
31721	0
31722	0
31801	0
31802	0
31803	0
31804	0
31805	0
31806	0
31897	0
31898	0
31899	0
31900	0
31901	0
31902	0
31909	1
31910	0
31911	0
31912	0
31913	0
31914	0
31915	0
31916	0
31917	0
31918	0
31919	0
31920	0
31921	0
31922	1
31923	0
31924	0
31925	0
31926	0
31963	0
31964	0
31965	0
31966	0
31967	0
31968	0
31969	0
31970	0
31971	0
31972	1
31973	1
31974	0
31975	0
31976	1
31977	0
31978	0
31979	0
31980	1
31987	0
31988	0
31989	0
31990	0
31991	0
31992	0
31999	0
32000	0
32001	0
32002	0
32003	0
32004	0
32005	0
32006	0
32007	1
32008	1
32009	1
32010	0
32011	0
32012	1
32013	0
32014	0
32015	1
32016	1
32017	0
32018	0
32019	0
32020	1
32021	0
32022	0
32023	0
32024	1
32025	0
32026	0
32027	0
32028	0
32053	1
32054	0
32055	0
32056	0
32057	0
32058	0
32059	0
32060	0
32061	0
32062	0
32063	0
32064	0
32107	0
32108	0
32109	0
32110	0
32111	0
32112	0
32113	0
32114	0
32115	0
32116	1
32117	0
32118	0
32119	0
32120	0
32121	0
32122	0
32123	0
32124	0
32125	0
32126	0
32127	0
32128	0
32129	0
32130	0
32137	0
32138	0
32139	0
32140	0
32141	0
32142	0
32155	0
32156	0
32157	0
32158	0
32159	0
32160	1
32161	0
32162	0
32163	0
32164	0
32165	0
32166	0
32209	0
32210	0
32211	0
32212	0
32213	0
32214	0
32215	0
32216	0
32217	0
32218	0
32219	0
32220	0
32227	0
32228	0
32229	0
32230	0
32231	1
32232	0
32257	0
32258	0
32259	0
32260	0
32261	0
32262	0
32287	1
32288	0
32289	1
32290	0
32291	0
32292	0
32293	0
32294	0
32295	0
32296	0
32297	0
32298	0
32305	1
32306	0
32307	0
32308	0
32309	0
32310	0
32311	1
32312	0
32313	0
32314	0
32315	0
32316	0
32323	0
32324	0
32325	0
32326	0
32327	0
32328	0
32365	0
32366	0
32367	0
32368	0
32369	1
32370	0
32371	0
32372	0
32373	0
32374	1
32375	0
32376	0
32383	0
32384	0
32385	2
32386	1
32387	0
32388	0
32389	0
32390	0
32391	1
32392	0
32393	1
32394	0
32401	0
32402	0
32403	0
32404	1
32405	0
32406	0
32407	0
32408	0
32409	0
32410	0
32411	0
32412	0
32431	0
32432	0
32433	0
32434	0
32435	0
32436	0
32443	0
32444	0
32445	0
32446	0
32447	0
32448	0
32461	0
32462	0
32463	0
32464	0
32465	0
32466	0
32467	0
32468	0
32469	0
32470	0
32471	1
32472	0
32473	0
32474	0
32475	0
32476	0
32477	0
32478	0
32497	0
32498	0
32499	0
32500	0
32501	0
32502	0
32521	0
32522	0
32523	0
32524	0
32525	0
32526	0
32533	0
32534	0
32535	0
32536	0
32537	0
32538	0
32545	0
32546	0
32547	0
32548	0
32549	0
32550	0
32551	0
32552	0
32553	0
32554	0
32555	0
32556	0
32582	0
32587	0
32588	0
32589	0
32590	0
32591	0
32592	0
32617	0
32618	0
32619	0
32620	0
32621	0
32622	0
32623	0
32624	0
32625	1
32626	0
32627	0
32628	0
32671	0
32672	0
32673	0
32674	0
32675	0
32676	0
32677	0
32678	0
32679	1
32680	1
32681	0
32682	1
32707	0
32708	0
32709	0
32710	0
32711	0
32712	0
32713	0
32714	0
32715	0
32716	0
32717	0
32718	0
32743	0
32744	0
32745	0
32746	0
32747	0
32748	0
32749	0
32750	0
32751	0
32752	0
32753	0
32754	0
32833	0
32834	0
32835	0
32836	0
32837	0
32838	0
32839	0
32840	0
32841	0
32842	0
32843	0
32844	0
32947	0
32948	0
32949	0
32950	1
32951	0
32952	0
32959	0
32960	0
32961	0
32962	1
32963	0
32964	1
32965	0
32966	1
32967	0
32968	0
32969	0
32970	0
32971	0
32972	0
32973	0
32974	0
32975	0
32976	0
32995	0
32996	0
32997	0
32998	0
32999	0
33000	0
33013	0
33014	0
33015	0
33016	1
33017	0
33018	0
33019	0
33020	0
33021	0
33022	1
33023	0
33024	0
33031	0
33032	0
33033	0
33034	0
33035	0
33036	1
33037	0
33038	0
33039	0
33040	0
33041	0
33042	0
33043	0
33044	0
33045	0
33046	0
33047	0
33048	0
33061	0
33062	0
33063	0
33064	0
33065	0
33066	0
33067	0
33068	0
33069	0
33070	0
33071	0
33072	1
33109	0
33110	0
33111	0
33112	1
33113	0
33114	0
33115	0
33116	0
33117	0
33118	0
33119	0
33120	0
33145	0
33146	0
33147	0
33148	0
33149	0
33150	0
33151	0
33152	0
33153	0
33154	0
33155	0
33156	0
33157	0
33158	0
33159	0
33160	0
33161	0
33162	0
33163	0
33164	0
33165	0
33166	0
33167	0
33168	0
33175	0
33176	0
33177	0
33178	0
33179	0
33180	0
33181	0
33182	0
33183	0
33184	0
33185	0
33186	0
33187	0
33188	0
33189	0
33190	0
33191	0
33192	0
33193	0
33194	0
33195	0
33196	0
33197	0
33198	0
33241	0
33242	0
33243	0
33244	0
33245	0
33246	0
33247	0
33248	0
33249	0
33250	0
33251	0
33252	0
33253	0
33254	1
33255	0
33256	0
33257	0
33258	0
33337	1
33338	0
33339	0
33340	0
33341	0
33342	1
33343	0
33344	1
33345	1
33346	2
33347	2
33348	1
33367	0
33368	0
33369	0
33370	0
33371	0
33372	0
33379	0
33380	0
33381	1
33382	0
33383	0
33384	0
33415	0
33416	0
33417	0
33418	0
33420	0
33535	0
33536	0
33537	0
33538	0
33539	0
33540	0
33541	0
33542	0
33543	0
33544	0
33545	0
33546	0
33553	0
33554	1
33555	1
33556	2
33557	1
33558	3
33559	1
33560	0
33561	2
33562	1
33563	1
33564	1
33571	0
33572	0
33573	0
33574	0
33575	0
33576	0
33577	0
33578	0
33579	0
33580	0
33581	0
33582	0
33589	0
33590	0
33591	0
33592	0
33593	0
33594	0
33655	0
33656	0
33657	0
33659	0
33661	0
33662	0
33663	0
33665	0
33667	0
33668	0
33669	0
33670	0
33671	0
33672	0
33673	0
33674	0
33675	0
33676	0
33677	0
33678	0
33751	0
33752	0
33753	0
33754	0
33755	0
33756	0
33763	0
33764	0
33765	0
33766	0
33767	0
33768	0
33793	0
33794	0
33795	0
33796	0
33797	0
33798	0
33817	0
33818	0
33819	0
33820	0
33821	0
33822	0
33823	0
33824	0
33825	0
33826	0
33827	1
33828	0
33835	0
33836	0
33837	0
33838	2
33839	0
33840	0
33841	0
33842	0
33843	0
33844	0
33845	0
33846	0
33877	0
33878	0
33879	0
33880	0
33881	0
33882	0
33901	0
33902	0
33903	0
33904	0
33905	0
33906	0
33907	0
33908	0
33909	1
33910	0
33911	0
33912	0
33919	2
33920	0
33921	3
33922	1
33923	1
33924	0
33925	1
33926	0
33927	0
33928	0
33929	0
33930	0
33931	1
33932	2
33933	0
33934	0
33935	0
33936	0
33991	0
33992	1
33993	0
33994	0
33995	0
33996	0
34003	0
34004	0
34005	0
34006	0
34007	0
34008	0
34009	0
34010	1
34011	0
34012	0
34013	0
34014	0
34021	0
34022	1
34023	0
34024	0
34025	1
34026	0
34033	0
34034	0
34035	0
34036	0
34037	0
34038	0
34249	0
34250	0
34251	0
34252	1
34253	0
34254	1
34447	0
34448	0
34449	0
34450	0
34451	0
34452	0
34459	0
34460	0
34461	0
34462	0
34463	0
34464	0
34489	0
34490	0
34491	0
34492	0
34493	0
34494	0
34513	0
34514	0
34515	0
34516	0
34517	0
34518	0
34645	0
34646	0
34647	0
34648	0
34649	0
34650	1
34675	0
34676	0
34677	0
34678	0
34679	0
34680	1
34731	0
34732	0
34825	0
34826	0
34827	0
34828	0
34829	0
34830	0
34831	0
34832	0
34833	0
34834	0
34835	1
34836	0
34867	0
34868	0
34869	0
34870	0
34871	1
34872	0
34879	0
34881	0
34882	2
34883	0
34884	0
34885	0
34886	0
34887	0
34888	0
34889	0
34890	0
34891	0
34892	0
34893	0
34894	0
34895	0
34896	0
34897	0
34898	0
34899	0
34900	0
34901	0
34902	0
34903	0
34904	0
34905	0
34906	0
34907	0
34908	0
34909	0
34910	0
34911	0
34912	0
34913	0
34914	0
34939	0
34940	1
34941	0
34942	1
34943	0
34944	0
34999	0
35000	0
35001	0
35002	0
35003	0
35004	0
35005	0
35006	0
35007	0
35008	0
35009	0
35010	0
35035	0
35036	0
35037	1
35038	0
35039	1
35040	0
35041	0
35042	0
35043	0
35044	0
35045	2
35046	0
35053	0
35054	0
35055	0
35056	0
35057	0
35058	0
35071	1
35072	1
35073	0
35074	0
35075	0
35076	0
35083	0
35084	0
35085	1
35086	0
35087	0
35088	0
35113	1
35114	0
35115	0
35116	0
35117	1
35118	0
35125	0
35126	0
35127	0
35128	1
35129	0
35130	0
35143	0
35144	0
35145	0
35146	0
35147	0
35148	0
35197	1
35198	0
35199	1
35200	1
35201	0
35202	0
35209	0
35210	0
35211	0
35212	0
35213	0
35214	0
35227	0
35228	0
35229	0
35230	0
35231	1
35232	0
35245	0
35246	0
35247	0
35248	0
35249	0
35250	0
35251	0
35252	0
35253	0
35254	0
35255	0
35256	0
35269	0
35270	0
35271	0
35272	0
35273	0
35274	1
35287	0
35288	0
35289	0
35290	0
35291	0
35292	0
35293	0
35294	0
35295	0
35296	0
35297	0
35298	0
35299	0
35300	0
35301	0
35302	0
35303	0
35304	0
35329	1
35330	0
35331	0
35332	0
35333	0
35334	0
35347	0
35348	0
35349	0
35350	0
35351	0
35352	0
35371	0
35372	0
35373	0
35374	0
35375	0
35376	0
35401	0
35402	0
35403	0
35404	1
35405	0
35406	0
35425	0
35426	0
35427	0
35428	0
35429	0
35430	0
35443	0
35444	0
35445	0
35446	0
35447	0
35448	0
35461	0
35462	1
35463	0
35464	0
35465	0
35466	3
35467	0
35468	0
35469	0
35470	0
35471	0
35472	0
35473	0
35474	0
35475	0
35476	0
35477	0
35478	0
35491	1
35492	0
35493	1
35494	1
35495	0
35496	1
35497	0
35498	0
35499	0
35500	0
35501	0
35502	0
35527	0
35528	0
35529	0
35531	1
35532	0
35539	0
35540	0
35541	0
35542	0
35543	0
35544	0
35551	0
35552	0
35553	0
35554	0
35555	0
35556	0
35605	0
35606	0
35607	1
35608	0
35609	0
35610	0
35611	0
35612	0
35613	0
35614	0
35615	0
35616	0
35617	0
35618	0
35619	0
35620	0
35621	0
35622	0
35623	1
35624	0
35625	0
35626	1
35627	0
35628	0
35671	0
35672	0
35673	0
35674	0
35675	0
35676	0
35689	0
35691	0
35692	0
35693	0
35694	0
35695	0
35696	0
35697	1
35698	0
35699	0
35700	0
35821	0
35822	0
35823	0
35824	1
35825	0
35826	0
35827	0
35828	0
35829	0
35830	0
35831	0
35832	0
35893	0
35894	0
35895	0
35896	0
35897	0
35898	0
35959	0
35960	0
35961	0
35962	0
35963	0
35964	0
35965	0
35966	0
35967	0
35968	1
35969	0
35970	0
36001	0
36002	0
36003	0
36004	0
36005	0
36006	0
36007	1
36008	0
36009	0
36010	0
36011	0
36012	0
36013	0
36014	0
36015	0
36016	0
36017	0
36018	0
36031	0
36032	0
36033	0
36034	0
36035	0
36036	0
36037	0
36038	0
36039	0
36040	0
36041	0
36042	0
36055	0
36056	0
36057	0
36058	0
36059	0
36060	0
36061	0
36062	0
36063	0
36064	0
36065	0
36066	0
36067	0
36068	0
36069	0
36070	0
36071	0
36072	0
36163	0
36164	0
36165	0
36166	0
36167	0
36168	0
36175	0
36176	0
36177	0
36178	0
36179	0
36180	0
36199	1
36200	0
36201	0
36202	0
36203	0
36204	0
36229	0
36230	0
36231	0
36232	0
36233	1
36234	0
36235	0
36236	0
36237	0
36238	0
36239	1
36240	0
36295	0
36296	0
36297	0
36298	0
36299	0
36300	0
36325	0
36326	0
36327	0
36328	0
36329	1
36330	0
36331	0
36332	0
36333	0
36334	0
36335	0
36336	0
36349	0
36350	0
36351	1
36352	0
36353	0
36354	0
36361	0
36362	0
36363	1
36364	0
36365	0
36366	0
36367	0
36368	0
36369	0
36370	0
36371	0
36372	0
36379	0
36380	0
36381	0
36382	0
36383	1
36384	0
36385	0
36386	0
36387	0
36388	0
36389	0
36390	0
36391	0
36392	0
36393	0
36394	0
36395	0
36396	0
36397	0
36398	0
36399	0
36400	0
36401	0
36402	0
36427	0
36428	1
36429	0
36430	0
36431	0
36432	0
36433	0
36434	0
36435	0
36436	0
36437	0
36438	0
36565	0
36566	0
36567	0
36568	0
36569	0
36570	0
36571	0
36572	0
36573	1
36574	0
36575	0
36576	0
36595	0
36596	0
36597	1
36598	0
36599	0
36600	0
36661	0
36662	1
36663	0
36664	1
36665	0
36666	0
36667	0
36668	0
36669	1
36670	0
36671	0
36672	0
36697	0
36698	0
36699	0
36700	0
36701	0
36702	0
36703	0
36704	0
36705	0
36706	0
36707	0
36708	0
36751	0
36752	1
36753	0
36754	0
36755	0
36756	0
36757	0
36758	0
36759	0
36760	0
36761	0
36762	1
36763	0
36764	0
36765	0
36766	0
36767	0
36768	0
36769	0
36770	0
36771	0
36772	1
36773	0
36774	0
36835	0
36836	0
36837	0
36838	0
36839	0
36840	0
36841	0
36842	0
36843	1
36844	0
36845	0
36846	0
36883	2
36884	0
36885	1
36886	0
36887	0
36888	0
36889	1
36890	0
36891	0
36892	1
36893	0
36894	0
36931	0
36932	0
36933	0
36934	0
36935	0
36936	0
36937	0
36938	0
36939	0
36940	0
36941	0
36942	0
36985	0
36986	0
36987	0
36988	0
36989	0
36990	2
36997	0
36998	0
36999	0
37000	0
37001	0
37002	0
37051	0
37052	1
37053	0
37054	2
37055	1
37056	1
37057	0
37058	0
37059	0
37060	1
37061	1
37062	1
37069	1
37070	1
37071	0
37072	0
37073	0
37074	0
37135	0
37136	0
37137	0
37138	0
37139	0
37140	0
37141	0
37142	0
37143	0
37144	1
37145	0
37146	0
37153	0
37154	0
37155	0
37156	0
37157	0
37158	0
37159	0
37160	0
37161	0
37162	0
37163	0
37164	0
37207	0
37208	0
37209	0
37210	0
37211	0
37212	0
37213	0
37214	1
37215	0
37216	0
37217	0
37218	0
37231	0
37232	0
37233	0
37234	1
37235	0
37236	0
37237	0
37238	0
37239	0
37240	1
37241	0
37242	1
37249	0
37250	1
37251	1
37252	1
37253	0
37254	1
37255	0
37256	1
37257	0
37258	1
37259	0
37260	3
37273	0
37274	0
37275	0
37276	0
37277	0
37278	0
37279	0
37280	0
37281	0
37282	0
37283	0
37284	0
37291	0
37292	0
37293	1
37294	1
37295	2
37296	0
37297	0
37298	0
37299	0
37300	0
37301	0
37302	1
37309	0
37310	0
37311	1
37312	0
37313	0
37314	0
37315	0
37316	0
37317	1
37318	0
37319	0
37320	0
37327	0
37328	0
37329	0
37330	0
37331	0
37332	0
37333	0
37334	0
37335	0
37336	1
37337	0
37338	0
37609	0
37610	0
37611	0
37612	0
37613	0
37614	1
37615	0
37616	0
37617	0
37618	0
37619	0
37620	0
38059	0
38060	0
38061	0
38062	0
38063	0
38064	0
38077	0
38078	0
38079	0
38080	0
38081	0
38082	0
38083	0
38084	0
38085	0
38086	0
38087	0
38088	0
38167	0
38168	0
38169	0
38170	0
38171	0
38172	0
38173	0
38174	0
38175	0
38176	0
38177	0
38178	0
38227	0
38228	0
38229	0
38230	0
38231	0
38232	0
38245	0
38246	0
38247	0
38248	0
38249	0
38250	0
38281	0
38282	0
38283	0
38284	0
38285	0
38286	0
38293	0
38294	0
38295	0
38296	1
38297	2
38298	0
38311	0
38312	0
38313	0
38314	0
38315	0
38316	0
38335	0
38336	0
38337	0
38338	0
38339	0
38340	0
38347	0
38348	0
38349	0
38350	0
38351	0
38352	0
38359	0
38360	0
38361	1
38362	0
38363	0
38364	1
38365	0
38366	0
38367	0
38368	0
38369	0
38370	0
38371	0
38372	0
38373	0
38374	0
38375	1
38376	0
38383	0
38384	0
38385	0
38386	0
38387	0
38388	0
38407	0
38408	0
38409	0
38410	0
38411	0
38412	0
38425	1
38426	0
38427	0
38428	0
38429	0
38430	0
38449	0
38450	0
38451	0
38452	0
38453	0
38454	0
38455	0
38456	0
38457	0
38458	0
38459	0
38460	0
38480	0
38482	0
38483	0
38484	0
38497	0
38498	0
38499	0
38500	0
38501	0
38502	0
38509	0
38510	0
38511	0
38512	0
38513	0
38514	0
38527	0
38528	0
38529	0
38530	0
38531	0
38532	0
38533	1
38534	0
38535	0
38536	1
38537	0
38538	0
38545	0
38546	0
38547	0
38548	1
38549	0
38550	0
38557	0
38558	0
38559	0
38560	0
38561	0
38562	0
38569	0
38570	0
38571	1
38572	0
38573	0
38574	0
38581	5
38582	0
38583	0
38584	0
38585	0
38586	0
38587	0
38588	0
38589	0
38590	0
38591	0
38592	0
38617	0
38618	0
38619	0
38620	0
38621	0
38622	0
38629	0
38630	0
38631	0
38632	0
38633	0
38634	0
38635	0
38636	0
38637	0
38638	0
38639	0
38640	0
38647	0
38648	0
38649	0
38650	0
38651	0
38652	0
38653	0
38654	0
38655	0
38656	0
38657	0
38658	0
38665	1
38666	0
38667	0
38668	1
38669	0
38670	0
38671	1
38672	0
38673	0
38674	2
38675	0
38676	1
38695	0
38696	0
38697	0
38698	0
38699	0
38700	0
38719	0
38720	0
38721	0
38722	0
38723	0
38724	0
38731	0
38732	0
38733	0
38734	0
38735	0
38736	0
38737	0
38738	0
38739	0
38740	0
38741	0
38742	0
38743	0
38744	0
38745	0
38746	0
38747	0
38748	1
38767	0
38768	0
38769	0
38770	0
38771	0
38772	0
38773	0
38774	0
38775	0
38776	0
38777	0
38778	0
38779	0
38780	0
38781	0
38782	0
38783	0
38784	0
38785	0
38786	0
38787	0
38788	0
38789	0
38790	0
38791	0
38792	0
38793	0
38794	0
38795	0
38796	0
38809	0
38810	0
38811	0
38812	0
38813	0
38814	0
38851	0
38852	0
38853	0
38854	0
38855	0
38856	1
38857	0
38858	0
38859	0
38860	0
38861	0
38862	0
38911	0
38912	0
38913	0
38914	0
38915	0
38916	0
38965	0
38966	0
38967	0
38968	1
38969	0
38970	0
38977	2
38978	0
38979	0
38980	0
38981	0
38982	0
38989	0
38990	0
38991	0
38992	0
38993	0
38994	0
39019	0
39020	0
39021	0
39022	1
39023	0
39024	0
39079	0
39080	0
39081	0
39082	0
39083	0
39084	0
39151	0
39152	0
39153	0
39154	0
39155	0
39156	0
39157	0
39158	0
39159	0
39160	0
39161	0
39162	0
39163	0
39164	0
39165	0
39166	0
39167	0
39168	0
39169	0
39170	0
39171	0
39172	0
39173	0
39174	0
39175	0
39176	0
39177	0
39178	0
39179	0
39180	0
39187	0
39188	0
39189	0
39190	0
39191	0
39192	0
39205	0
39206	0
39207	0
39208	0
39209	0
39210	0
39217	0
39218	0
39219	0
39220	0
39221	0
39222	0
39241	0
39242	1
39243	0
39244	0
39245	0
39246	0
39247	0
39248	0
39249	0
39250	0
39251	0
39252	0
39265	0
39266	0
39267	0
39268	0
39269	0
39270	0
39319	0
39320	0
39321	0
39322	0
39323	0
39324	0
39331	0
39332	0
39333	0
39334	0
39335	0
39336	0
39343	0
39344	0
39345	0
39346	0
39347	0
39348	0
39355	0
39356	0
39357	0
39358	0
39359	0
39360	0
39361	0
39362	0
39363	0
39364	0
39365	0
39366	0
39367	0
39368	0
39369	1
39370	0
39371	0
39372	0
39397	0
39398	0
39399	0
39400	0
39401	0
39402	0
39403	1
39404	0
39405	0
39406	0
39407	1
39408	0
39409	0
39410	0
39411	0
39412	0
39413	0
39414	0
39433	0
39434	0
39435	0
39436	0
39437	0
39438	0
39451	0
39452	0
39453	0
39454	0
39455	0
39456	0
39457	0
39458	0
39459	0
39460	0
39461	0
39462	0
39463	0
39464	0
39465	0
39466	0
39467	0
39468	0
39475	0
39476	0
39477	0
39478	0
39479	0
39480	1
39481	0
39482	0
39483	0
39484	0
39485	0
39486	1
39571	0
39572	0
39573	0
39574	0
39575	0
39576	0
39577	0
39578	0
39579	0
39580	0
39581	0
39582	0
39607	0
39608	0
39609	1
39610	0
39611	0
39612	0
39613	0
39614	0
39615	0
39616	0
39617	0
39618	0
39655	0
39656	1
39657	0
39658	0
39659	0
39660	0
39661	0
39662	0
39663	0
39664	1
39665	0
39666	0
39667	0
39668	0
39669	0
39670	0
39671	0
39672	0
39673	1
39674	1
39675	0
39676	0
39677	0
39678	0
39679	0
39680	0
39681	0
39682	0
39683	0
39684	0
39685	0
39686	0
39687	0
39688	0
39689	0
39690	0
39691	0
39692	0
39693	0
39694	0
39695	0
39696	0
39703	0
39704	0
39705	0
39706	0
39707	0
39708	0
39715	0
39716	0
39717	0
39718	0
39719	0
39720	0
39721	0
39722	0
39723	1
39724	0
39725	0
39726	0
39733	0
39734	0
39735	1
39736	0
39737	0
39738	0
39757	1
39758	0
39759	1
39760	1
39761	0
39762	0
39763	1
39764	0
39765	1
39766	1
39767	0
39768	1
39775	0
39776	0
39777	0
39778	0
39779	1
39780	1
39781	0
39782	0
39783	0
39784	0
39785	0
39786	0
39811	0
39812	0
39813	0
39814	0
39815	0
39816	0
39817	0
39818	0
39819	0
39820	0
39821	0
39822	0
39829	0
39830	0
39831	0
39832	0
39833	0
39834	0
39835	0
39836	0
39837	0
39838	0
39839	0
39840	0
39877	0
39878	0
39879	0
39880	0
39881	1
39882	0
39925	0
39926	0
39927	1
39928	0
39929	0
39930	0
39937	0
39938	0
39939	1
39940	0
39941	0
39942	0
39955	0
39956	0
39957	0
39958	0
39959	0
39960	0
39961	0
39962	0
39963	0
39964	0
39965	0
39966	0
39967	0
39968	0
39969	0
39970	0
39971	0
39972	0
39973	0
39974	0
39975	0
39976	0
39977	0
39978	0
40022	0
40024	0
40025	0
40026	0
40033	0
40034	0
40035	0
40036	0
40037	0
40038	0
40039	0
40040	0
40041	0
40042	0
40043	0
40044	0
40087	0
40088	0
40089	0
40090	0
40091	1
40092	0
40093	0
40094	0
40095	1
40096	0
40097	1
40098	1
40117	0
40118	0
40119	0
40120	0
40121	0
40122	0
40123	0
40124	0
40125	0
40126	0
40127	0
40128	0
40153	0
40154	0
40155	0
40156	0
40157	0
40158	0
40159	0
40160	0
40161	0
40162	1
40163	0
40164	0
40165	0
40166	0
40167	0
40168	0
40169	1
40170	0
40171	0
40172	0
40173	0
40174	0
40175	0
40176	0
40231	0
40232	1
40233	0
40234	1
40235	0
40236	0
40243	0
40244	1
40245	0
40246	1
40247	0
40248	0
40255	0
40256	0
40257	0
40258	0
40259	0
40260	0
40267	1
40268	0
40269	0
40270	0
40271	0
40272	0
40375	0
40376	0
40377	0
40378	0
40379	0
40380	0
40387	0
40388	0
40389	0
40390	0
40391	0
40392	0
40435	0
40436	0
40437	0
40438	1
40439	0
40440	0
40441	0
40442	0
40443	0
40444	0
40445	0
40446	0
40453	0
40454	0
40455	0
40456	0
40457	0
40458	0
40459	0
40460	0
40461	0
40462	0
40463	1
40464	0
40567	0
40568	0
40569	0
40570	0
40571	0
40572	0
40579	0
40580	0
40581	0
40582	0
40583	0
40584	1
40669	0
40670	1
40671	1
40672	1
40673	1
40674	1
40675	0
40676	0
40677	1
40678	0
40679	1
40680	1
40687	0
40689	0
40690	0
40691	0
40692	0
40693	0
40695	0
40696	1
40697	0
40698	0
40705	0
40706	1
40707	0
40708	0
40709	0
40710	0
40711	0
40712	0
40713	0
40714	0
40715	0
40716	0
40783	0
40784	0
40785	0
40786	1
40787	0
40788	0
40789	0
40790	0
40791	0
40792	0
40793	0
40794	0
40813	0
40814	0
40815	0
40816	0
40817	0
40818	0
40837	0
40838	0
40839	0
40840	0
40841	0
40842	0
40843	0
40844	0
40845	0
40846	0
40847	0
40848	0
40849	0
40850	0
40851	0
40852	0
40853	0
40854	0
40855	0
40856	0
40857	0
40858	0
40859	0
40860	0
40861	0
40862	0
40863	0
40864	1
40865	0
40866	0
40909	0
40910	0
40911	0
40912	0
40913	0
40914	0
40933	0
40934	0
40935	0
40936	0
40937	0
40938	1
40945	0
40946	0
40947	0
40948	0
40949	0
40950	0
40957	0
40958	0
40959	0
40960	0
40961	0
40962	0
40963	0
40964	0
40965	0
40966	0
40967	1
40968	0
40975	1
40976	0
40977	2
40978	0
40979	0
40980	0
40981	1
40982	0
40983	1
40984	0
40985	0
40986	0
40993	0
40994	0
40995	1
40996	1
40997	1
40998	0
40999	0
41000	0
41001	0
41002	1
41003	0
41004	1
41029	0
41030	0
41031	0
41032	0
41033	0
41034	0
41143	0
41144	0
41145	0
41146	0
41147	0
41148	0
41149	0
41150	0
41151	0
41152	0
41153	0
41154	0
41161	0
41162	0
41163	1
41164	1
41165	1
41166	0
41167	1
41168	0
41169	0
41170	1
41171	1
41172	0
41335	0
41336	0
41337	0
41338	0
41339	0
41340	0
41347	0
41348	0
41349	0
41350	0
41351	0
41352	0
41653	0
41654	0
41655	0
41656	0
41657	0
41658	0
41671	0
41672	0
41673	0
41674	0
41675	0
41676	0
41683	0
41684	0
41685	0
41686	0
41687	0
41688	0
41689	0
41690	0
41691	0
41692	0
41693	0
41694	0
41707	1
41708	0
41709	0
41710	0
41711	0
41712	0
41713	0
41714	0
41715	0
41716	0
41717	0
41718	0
41719	1
41720	0
41721	0
41722	0
41723	0
41724	0
41737	0
41738	0
41739	0
41740	0
41741	0
41742	0
41749	0
41750	0
41751	0
41752	0
41753	1
41754	0
41761	0
41762	0
41763	0
41764	0
41765	0
41766	0
41773	0
41774	0
41775	0
41776	0
41777	0
41778	0
41797	0
41798	0
41799	1
41800	0
41801	0
41802	0
41821	0
41822	1
41823	0
41824	0
41825	0
41826	0
41827	1
41828	0
41829	1
41830	0
41831	0
41832	0
41833	0
41834	0
41835	0
41836	0
41837	0
41838	0
41839	1
41840	0
41841	2
41842	0
41843	2
41844	0
41851	1
41852	1
41853	2
41854	0
41855	1
41856	2
41881	0
41882	0
41883	0
41884	0
41885	0
41886	0
41917	0
41918	1
41919	0
41920	0
41921	0
41922	0
41929	0
41930	0
41931	0
41932	0
41933	0
41934	0
41935	1
41936	0
41937	0
41938	0
41939	0
41940	0
41947	0
41948	0
41949	0
41950	2
41951	0
41952	0
41971	2
41972	0
41973	0
41974	0
41975	0
41976	2
41995	0
41996	0
41997	0
41998	0
41999	1
42000	0
42001	0
42002	0
42003	0
42004	0
42005	0
42006	0
42031	0
42032	1
42033	0
42034	0
42035	0
42036	0
42037	0
42038	0
42039	0
42040	1
42041	0
42042	1
42061	0
42062	1
42063	0
42064	0
42065	1
42066	0
42085	1
42086	0
42087	0
42088	0
42089	0
42090	0
42103	0
42104	0
42105	0
42106	0
42107	0
42108	0
42115	0
42116	0
42117	0
42118	0
42119	0
42120	0
42133	0
42134	0
42135	0
42136	0
42137	0
42138	0
42139	0
42140	0
42141	0
42142	0
42143	0
42144	0
42145	0
42146	0
42147	0
42148	0
42149	0
42150	0
42151	1
42152	0
42153	0
42154	0
42155	0
42156	0
42181	0
42182	0
42183	0
42184	0
42185	0
42186	0
42187	0
42188	0
42189	0
42190	0
42191	0
42192	0
42211	0
42212	0
42213	0
42214	2
42215	0
42216	1
42241	1
42242	0
42243	0
42244	0
42245	1
42246	0
42247	0
42248	0
42249	0
42250	0
42251	0
42252	0
42253	0
42254	0
42255	0
42256	0
42257	0
42258	0
42259	0
42260	0
42261	0
42262	0
42263	0
42264	2
42283	0
42284	0
42285	0
42286	0
42287	0
42288	0
42289	0
42290	0
42292	0
42294	0
42295	0
42296	0
42297	0
42298	0
42299	1
42300	1
42355	0
42356	0
42357	0
42358	0
42359	0
42360	0
42361	0
42362	0
42363	0
42364	1
42365	0
42366	0
42415	0
42416	0
42417	0
42418	0
42419	0
42420	0
42421	0
42422	0
42423	0
42424	0
42425	0
42426	0
42457	0
42458	0
42459	0
42460	0
42461	0
42462	0
42475	1
42476	0
42477	0
42478	0
42479	0
42480	0
42487	0
42488	1
42489	0
42490	0
42491	0
42492	0
42493	0
42494	0
42495	0
42496	0
42497	1
42498	0
42499	0
42500	0
42501	0
42502	0
42503	0
42504	0
42553	0
42554	0
42555	0
42556	0
42557	0
42558	0
42565	0
42566	0
42567	0
42568	0
42569	0
42570	0
42571	0
42572	0
42573	0
42574	0
42575	0
42576	0
42583	0
42584	1
42585	0
42586	0
42587	0
42588	0
42589	0
42590	0
42591	0
42592	0
42593	0
42594	0
42601	0
42602	0
42603	0
42604	0
42605	0
42606	0
42637	0
42638	0
42639	0
42640	0
42641	0
42642	0
42667	0
42668	0
42669	0
42670	0
42671	0
42672	0
42673	0
42674	0
42675	0
42676	0
42677	0
42678	0
42691	0
42692	0
42693	0
42694	0
42695	0
42696	0
42715	0
42716	0
42717	0
42718	0
42719	2
42720	0
42733	1
42734	1
42735	1
42736	1
42737	0
42738	2
42745	0
42746	0
42747	0
42749	0
42750	0
42751	0
42752	2
42753	0
42754	0
42755	0
42756	0
42757	0
42758	0
42759	0
42760	0
42761	0
42762	0
42769	0
42770	0
42771	0
42772	0
42773	0
42774	0
42775	0
42776	0
42777	0
42778	0
42779	0
42780	0
42781	0
42782	0
42783	0
42784	0
42785	0
42786	0
42787	0
42788	0
42789	0
42790	0
42791	0
42792	0
42805	0
42806	0
42807	0
42808	0
42809	0
42810	0
42811	0
42812	0
42813	0
42814	0
42815	0
42816	0
42835	0
42836	0
42837	1
42838	0
42839	0
42840	0
42841	0
42842	0
42843	0
42844	0
42845	0
42846	0
42895	0
42896	0
42897	0
42898	0
42899	0
42900	0
42901	0
42902	0
42903	0
42904	0
42905	0
42906	0
42913	0
42914	0
42915	0
42916	0
42917	0
42918	0
42919	0
42920	0
42921	1
42922	0
42923	0
42924	0
42937	0
42938	0
42939	0
42940	0
42941	0
42942	0
43015	0
43016	0
43017	0
43018	0
43019	0
43020	0
43033	0
43034	0
43035	0
43036	0
43037	0
43038	1
43039	0
43040	0
43041	1
43042	0
43043	0
43044	0
43063	0
43064	0
43065	0
43066	0
43067	0
43068	0
43069	0
43070	0
43071	0
43072	0
43073	1
43074	0
43081	0
43082	1
43083	0
43084	0
43085	0
43086	0
43087	0
43088	0
43089	0
43090	0
43091	0
43092	0
43111	0
43112	0
43113	0
43114	0
43115	0
43116	0
43129	0
43130	0
43131	1
43132	0
43243	1
43244	0
43245	0
43246	0
43247	0
43248	0
43249	0
43250	0
43251	0
43252	0
43253	0
43254	0
43273	0
43274	0
43275	0
43276	0
43277	0
43278	0
43285	0
43286	0
43287	0
43288	1
43289	0
43290	0
43291	0
43292	0
43293	0
43294	0
43295	0
43296	0
43303	0
43304	0
43305	0
43306	0
43307	0
43308	0
43309	0
43310	0
43311	0
43312	0
43313	0
43314	0
43339	0
43340	0
43341	0
43342	0
43343	0
43344	0
43345	0
43346	0
43347	0
43348	0
43349	0
43350	0
43369	1
43370	0
43371	0
43372	0
43373	0
43374	0
43375	0
43376	0
43377	0
43378	0
43379	0
43380	0
43381	0
43382	0
43383	0
43384	0
43385	0
43386	0
43453	1
43454	0
43455	0
43456	0
43457	0
43458	0
43459	0
43460	0
43461	0
43462	0
43463	0
43464	0
43477	0
43478	0
43479	0
43480	0
43481	0
43482	0
43483	0
43484	0
43485	1
43486	0
43487	1
43488	0
43573	1
43574	0
43575	0
43576	0
43577	0
43578	0
43579	1
43580	0
43581	0
43582	0
43583	0
43584	0
43609	0
43610	0
43611	0
43612	0
43613	0
43614	0
43615	0
43616	0
43617	0
43618	0
43619	0
43620	0
43633	0
43634	0
43635	0
43636	0
43637	1
43638	0
43639	0
43640	0
43641	0
43642	0
43643	1
43644	0
43651	1
43652	0
43653	0
43654	0
43655	0
43656	0
43657	0
43658	0
43659	0
43660	0
43661	0
43662	0
43669	0
43670	0
43671	0
43672	0
43673	0
43674	0
43675	0
43676	0
43677	0
43678	0
43679	0
43680	0
43687	0
43688	0
43689	0
43690	0
43691	0
43692	0
43753	0
43754	1
43755	0
43756	1
43757	0
43758	0
43759	0
43760	0
43761	0
43762	1
43763	0
43764	1
43765	0
43766	0
43767	0
43768	0
43769	0
43770	0
43849	1
43850	0
43851	0
43852	0
43853	0
43854	0
43879	0
43880	0
43881	0
43882	0
43883	1
43884	0
43903	0
43904	0
43905	0
43906	0
43907	0
43908	0
43909	1
43910	0
43911	0
43912	0
43913	1
43914	0
44053	0
44054	0
44055	0
44056	0
44057	1
44058	0
44059	0
44060	0
44061	0
44062	0
44063	0
44064	0
44077	0
44078	0
44079	0
44080	0
44081	0
44082	0
44095	0
44096	0
44097	0
44098	0
44107	0
44108	0
44109	0
44110	0
44111	0
44112	1
44197	0
44198	0
44199	0
44200	0
44201	0
44202	0
44203	0
44204	0
44205	0
44206	0
44207	0
44208	0
44431	0
44432	0
44433	0
44434	0
44435	0
44436	0
44437	0
44438	0
44439	0
44440	0
44441	0
44442	1
44455	0
44456	0
44457	0
44458	0
44459	0
44460	0
44461	0
44462	0
44463	0
44464	0
44465	0
44466	0
45355	0
45356	0
45357	0
45358	0
45359	0
45360	0
45379	0
45380	0
45381	0
45382	0
45383	0
45384	0
45397	0
45398	0
45399	0
45400	0
45401	0
45402	0
45415	0
45416	1
45418	0
45420	0
46177	0
46178	0
46179	0
46180	1
46181	0
46182	1
46189	1
46190	0
46191	0
46192	0
46193	0
46194	0
