ObservationID	Count
57	1
67	1
68	1
69	1
75	1
82	1
84	1
88	1
97	1
121	1
124	1
126	1
127	1
133	1
135	1
137	1
139	2
156	1
165	1
166	1
167	2
171	1
173	1
174	1
176	1
242	1
255	1
272	1
274	1
275	1
276	1
291	1
292	1
294	1
295	1
296	1
297	1
317	1
318	3
367	1
373	1
375	1
376	1
377	1
378	1
379	1
384	1
402	1
403	1
406	1
423	1
424	2
425	2
426	1
428	1
432	1
433	1
434	2
436	1
440	1
441	2
443	1
447	1
448	1
451	1
452	2
453	2
455	1
463	1
464	2
467	1
468	1
483	1
485	1
486	1
489	1
494	2
495	1
498	1
499	1
500	1
506	1
507	1
511	1
512	2
516	1
522	1
529	1
544	1
571	1
626	1
629	1
644	1
670	1
671	1
680	1
691	1
694	1
696	1
700	1
701	1
704	1
706	2
707	1
708	2
711	1
720	1
723	1
726	1
739	1
778	1
781	1
784	1
793	1
859	1
902	1
906	1
908	1
914	1
949	1
992	1
993	1
994	3
995	2
996	1
998	2
999	1
1001	2
1026	1
1034	1
1038	1
1046	1
1048	1
1050	1
1053	1
1059	1
1060	1
1061	1
1062	1
1078	1
1079	1
1080	2
1084	1
1087	1
1088	1
1089	2
1090	1
1092	1
1093	2
1094	1
1095	1
1096	2
1099	1
1103	1
1105	1
1106	2
1107	1
1112	1
1114	1
1115	1
1141	1
1144	2
1203	1
1205	1
1208	1
1210	1
1213	1
1214	1
1219	1
1221	1
1222	1
1224	1
1225	1
1227	1
1232	1
1236	2
1237	1
1241	1
1242	1
1243	2
1245	1
1246	1
1254	1
1286	1
1288	1
1292	1
1294	1
1296	1
1301	1
1347	1
1354	1
1358	1
1359	1
1361	1
1364	2
1366	1
1401	1
1409	1
1431	1
1443	1
1444	1
1451	1
1462	2
1468	1
1470	1
1489	1
1493	1
1495	1
1496	1
1499	1
1505	1
1539	2
1549	1
1583	1
1602	1
1607	1
1646	1
1652	1
1654	1
1656	1
1681	1
1683	1
1688	1
1693	1
1701	1
1705	1
1706	1
1708	1
1712	1
1714	1
1715	1
1717	1
1723	2
1728	1
1759	1
1767	1
1768	1
1770	1
1773	1
1778	1
1779	2
1780	1
1781	1
1806	1
1807	1
1822	1
1827	1
1843	1
1875	1
1886	1
1888	1
1897	1
1899	2
1900	1
1901	1
1907	1
1930	1
1931	1
1932	1
1962	3
1963	1
1965	1
1966	1
1968	2
1969	1
1973	1
1980	1
1981	1
1983	2
1984	1
1985	3
1987	1
1988	1
1989	1
1994	1
2017	1
2018	2
2029	1
2032	1
2033	1
2051	1
2057	1
2062	1
2095	1
2103	1
2104	1
2107	1
2111	1
2112	1
2116	1
2125	1
2135	1
2138	1
2141	1
2163	2
2164	1
2166	2
2171	1
2197	1
2200	1
2215	2
2216	1
2217	2
2219	1
2221	3
2222	3
2223	1
2224	1
2226	2
2227	3
2228	2
2229	1
2231	3
2232	1
2233	2
2235	2
2238	4
2242	2
2244	1
2245	1
2250	1
2253	1
2254	1
2255	3
2256	1
2257	1
2258	1
2261	1
2275	1
2276	1
2277	2
2279	1
2280	1
2283	1
2284	1
2285	1
2286	1
2322	1
2337	1
2353	1
2354	2
2355	1
2356	1
2358	1
2359	1
2360	1
2361	3
2364	3
2389	1
2390	1
2394	2
2400	1
2436	3
2444	1
2472	1
2476	1
2478	2
2487	1
2493	1
2495	1
2523	2
2531	1
2533	1
2535	1
2549	1
2556	1
2558	1
2560	1
2564	1
2575	1
2576	2
2577	2
2578	1
2581	1
2582	1
2680	1
2713	2
2714	1
2715	1
2720	1
2723	1
2726	1
2735	1
2763	1
2786	1
2803	1
2804	1
2806	1
2808	1
2811	1
2840	1
2841	1
2843	1
2847	1
2851	1
2852	1
2855	2
2856	1
2857	2
2858	3
2859	1
2862	2
2900	1
2902	2
2903	1
2904	2
2905	1
2906	2
2908	1
2909	2
2910	1
2911	1
2914	1
2937	1
2939	1
2940	1
2947	2
2952	2
2955	1
2963	1
2964	1
2965	2
2995	1
3001	1
3002	1
3004	1
3006	1
3025	1
3026	2
3029	3
3036	2
3041	1
3046	1
3049	1
3050	3
3053	1
3054	1
3063	1
3070	1
3094	1
3128	1
3129	1
3131	1
3132	1
3135	1
3136	1
3138	1
3139	1
3141	1
3145	1
3146	2
3170	1
3175	1
3178	1
3189	2
3190	1
3193	1
3196	1
3205	1
3206	3
3207	1
3208	1
3209	1
3210	1
3211	1
3214	1
3223	1
3225	1
3226	1
3227	1
3229	1
3231	1
3236	1
3237	1
3314	1
3326	1
3327	2
3328	2
3358	1
3360	1
3368	2
3369	1
3370	1
3372	1
3374	1
3384	1
3397	1
3398	1
3402	1
3404	1
3415	1
3416	1
3427	1
3439	1
3440	1
3442	1
3443	2
3445	1
3448	1
3535	1
3543	1
3548	1
3565	1
3566	1
3581	1
3600	1
3606	1
3608	1
3610	1
3612	1
3691	1
3696	1
3704	1
3706	1
3720	2
3751	2
3763	1
3770	1
3771	1
3773	1
3775	2
3784	1
3793	1
3797	1
3803	1
3811	3
3812	2
3817	1
3822	1
3825	1
3827	1
3834	1
3839	1
3843	1
3851	1
3855	1
3856	1
3857	1
3858	1
3862	1
3863	4
3898	1
3930	1
3943	1
3949	1
3950	1
4024	1
4026	1
4029	1
4043	2
4058	1
4061	2
4062	1
4063	3
4068	1
4099	1
4112	1
4126	1
4172	1
4179	1
4181	1
4195	1
4197	1
4202	1
4206	1
4225	1
4227	1
4228	1
4229	1
4233	1
4245	1
4267	2
4269	1
4271	1
4274	1
4276	2
4295	1
4304	1
4307	1
4308	1
4341	1
4351	1
4352	1
4354	1
4356	1
4363	1
4364	1
4365	2
4366	1
4367	2
4368	1
4369	1
4372	1
4373	1
4374	2
4378	1
4381	1
4385	1
4393	1
4396	1
4481	1
4487	1
4494	1
4537	1
4586	1
4593	1
4595	1
4596	1
4597	1
4599	1
4601	1
4602	1
4605	1
4606	1
4621	1
4625	1
4627	1
4629	1
4631	1
4637	1
4638	1
4643	2
4644	1
4664	1
4665	2
4666	2
4667	3
4668	2
4677	2
4678	1
4679	1
4680	2
4683	1
4684	2
4685	1
4686	2
4689	1
4692	1
4713	3
4715	1
4718	1
4720	1
4729	2
4730	1
4731	1
4732	2
4733	1
4734	2
4735	2
4736	1
4737	2
4795	1
4796	1
4797	2
4798	2
4799	1
4800	3
4801	2
4802	1
4803	1
4804	1
4805	1
4806	2
4807	1
4872	1
4874	1
4876	1
4878	1
4879	1
4882	1
4883	1
4884	2
4891	1
4892	2
4894	1
4895	1
4897	2
4898	2
4899	2
4900	1
4902	1
4909	1
4910	1
4912	1
4913	1
4914	2
5035	2
5036	1
5038	1
5039	2
5050	1
5051	1
5052	1
5057	1
5058	1
5059	1
5060	1
5061	1
5062	1
5063	1
5064	1
5113	1
5114	2
5115	2
5116	1
5117	1
5120	1
5125	1
5131	1
5137	1
5143	1
5154	1
5239	1
5240	1
5354	1
5355	1
5356	1
5357	1
5485	1
5486	1
5495	2
5531	1
5556	1
5559	1
5563	1
5824	1
5830	1
5838	1
5858	1
5864	1
5865	1
5866	1
5867	1
5896	1
5897	1
5941	1
5942	1
5945	1
5946	1
6124	3
6125	1
6199	1
6208	1
6215	1
6217	2
6221	1
6222	3
6223	1
6231	1
6233	1
6234	2
6247	1
6248	3
6259	2
6272	1
6281	1
6289	1
6290	1
6291	1
6292	1
6293	1
6295	1
6296	1
6302	1
6304	1
6305	1
6311	1
6314	1
6317	1
6607	1
6608	1
6610	1
6748	1
6884	1
7015	1
7073	1
7075	2
7076	1
7077	1
7078	1
7079	1
7080	1
7082	2
7085	1
7105	1
7106	2
7107	3
7110	2
7122	1
7124	1
7266	1
7271	1
7825	1
7830	1
7946	1
8233	1
8576	1
8585	1
8600	1
8620	1
8631	1
8635	1
8637	1
8641	1
8702	3
8719	1
8721	1
8723	2
8740	1
8742	1
8916	2
9165	1
9304	1
9306	1
9310	2
9313	1
9319	2
9343	3
9344	1
9345	2
9346	2
9347	1
9348	1
9411	1
9415	1
9419	1
9421	1
9422	1
9423	1
9424	1
9438	2
9439	2
9440	1
9445	1
9447	1
9457	2
9496	1
9503	1
9514	1
9516	1
9518	1
9520	1
9521	1
9523	1
9524	1
9526	1
9528	1
9540	1
9541	1
9547	1
9549	1
9554	2
9557	1
9558	1
9561	1
9563	1
9576	1
9589	1
9591	1
9631	1
9639	1
9641	1
9642	1
9643	1
9647	1
9648	1
9698	1
9707	1
9715	1
9716	2
9717	1
9718	1
9720	2
9721	1
9723	1
9724	1
9726	1
9736	1
9738	1
9746	1
9747	1
9749	1
9870	1
9871	1
9872	1
9873	1
9875	1
9876	1
9887	1
9893	1
9907	1
9908	1
9913	1
9914	1
9915	1
9916	2
9917	1
9918	1
9920	1
9925	1
9929	1
9937	1
9939	2
9942	1
9944	1
9955	1
9956	2
9958	1
9963	2
9964	1
9968	2
9970	1
9971	1
9974	1
9978	1
10029	1
10116	1
10122	1
10123	1
10124	1
10125	1
10126	1
10127	1
10128	1
10129	1
10131	1
10132	1
10133	1
10352	1
10354	1
10359	1
10512	1
10516	1
10518	1
10522	1
10537	1
10562	1
10564	1
10568	1
10569	1
10572	1
10577	1
10591	1
10601	1
10621	1
10625	1
10638	1
10645	1
10646	1
10649	2
10650	1
10688	1
10724	1
10732	1
10747	2
10759	1
10760	1
10768	1
10864	1
10865	1
10927	1
10933	1
10936	1
10937	1
10942	1
10962	1
10974	1
10982	1
11008	1
11100	1
11105	2
11109	1
11111	1
11127	2
11141	1
11145	1
11147	1
11174	2
11176	2
11185	2
11187	1
11201	1
11204	1
11900	1
11904	2
12207	1
13062	1
13066	1
13068	1
13071	1
13072	1
13147	2
13148	2
13149	1
13150	1
13151	2
13165	2
13166	1
13167	1
13168	1
13169	2
13170	2
13775	2
13776	1
14341	2
14342	1
14344	1
14354	1
14355	1
14362	1
14363	1
14364	1
14365	1
14366	1
14377	1
14378	1
14381	1
14389	1
14390	1
14391	1
14392	2
14394	1
14398	2
14407	1
14411	1
14418	1
14419	2
14420	1
14428	1
14461	1
14465	1
14471	1
14477	1
14536	1
14537	1
14581	1
14583	1
14607	1
14617	1
14624	1
14625	1
14629	1
14630	1
14631	2
14632	1
14633	3
14639	1
14703	1
14744	1
14746	1
14817	1
14837	1
14840	1
14845	1
14857	2
14861	1
14883	1
14894	1
14896	1
14918	1
14920	1
14932	1
14936	1
14942	1
14945	1
14958	1
14963	1
14964	1
14969	1
14975	1
14989	1
14990	2
14991	1
14992	2
14993	3
14994	3
14997	1
14998	1
14999	1
15000	1
15006	1
15007	1
15015	1
15017	1
15018	1
15020	1
15026	1
15033	1
15037	1
15039	1
15061	1
15069	1
15071	1
15074	2
15075	1
15076	1
15077	1
15078	1
15079	1
15080	1
15081	2
15082	1
15083	2
15084	2
15086	1
15087	1
15090	1
15098	1
15103	1
15117	1
15145	1
15146	2
15148	1
15149	1
15151	1
15152	1
15154	1
15155	1
15156	2
15157	1
15158	2
15159	2
15160	2
15161	2
15162	2
15164	1
15166	1
15168	1
15171	1
15174	1
15177	1
15178	1
15184	1
15186	2
15187	1
15190	1
15204	1
15208	1
15211	1
15214	1
15217	1
15219	2
15220	1
15222	1
15223	2
15230	1
15231	1
15232	2
15233	1
15235	1
15237	1
15238	1
15239	2
15240	2
15256	1
15257	1
15258	1
15259	2
15263	1
15267	1
15273	1
15274	1
15276	1
15280	2
15281	1
15282	1
15284	1
15285	1
15286	2
15287	1
15288	1
15301	2
15302	2
15303	1
15306	1
15310	1
15312	1
15317	1
15319	1
15335	1
15342	1
15358	1
15370	1
15373	1
15385	1
15388	1
15389	1
15392	1
15395	1
15396	1
15402	1
15414	1
15425	1
15466	1
15498	1
15502	1
15513	1
15514	1
15519	1
15521	1
15540	1
15546	1
15548	1
15565	1
15566	1
15570	4
15577	1
15578	1
15589	1
15595	1
15596	1
15599	1
15607	1
15627	1
15632	1
15638	2
15639	1
15641	1
15647	1
15662	1
15666	1
15669	1
15671	2
15673	2
15674	1
15675	1
15676	1
15690	1
15740	1
15744	1
15748	2
15749	1
15750	1
15752	1
15758	1
15759	1
15760	1
15761	1
15762	1
15763	1
15779	1
15800	1
15806	2
15810	1
15812	1
15818	1
15846	1
15853	1
15854	1
15855	1
15860	1
15861	1
15862	1
15863	1
15873	1
15875	1
15876	1
15887	1
15889	2
15890	1
15891	1
15893	1
15895	1
15897	1
15898	1
15899	1
15900	1
15902	1
15903	1
15905	2
15908	1
15913	2
15920	1
15921	1
15931	1
15940	2
15948	1
15961	2
15962	2
15963	1
15964	1
15973	1
15974	1
15975	1
15980	1
15985	1
15986	1
15992	1
15995	1
16000	1
16004	1
16005	1
16013	1
16014	1
16016	1
16018	1
16019	2
16023	1
16026	1
16027	1
16028	2
16029	2
16030	2
16031	1
16032	1
16034	1
16035	1
16036	1
16038	1
16041	1
16046	1
16048	1
16050	1
16051	1
16055	1
16059	1
16063	1
16066	1
16067	1
16077	1
16080	1
16081	1
16082	1
16085	1
16096	2
16106	1
16108	2
16114	1
16129	1
16134	2
16140	1
16148	1
16151	1
16152	1
16154	1
16155	1
16158	2
16159	2
16160	1
16161	2
16163	2
16164	1
16166	1
16172	1
16174	1
16175	1
16177	1
16178	1
16185	1
16187	1
16267	1
16272	1
16284	2
16297	1
16299	1
16303	1
16304	1
16305	1
16306	1
16308	1
16309	1
16310	1
16311	1
16312	1
16313	1
16314	2
16315	3
16316	1
16317	2
16318	1
16319	1
16320	2
16328	2
16329	1
16333	1
16339	2
16341	1
16355	1
16356	1
16361	1
16363	1
16365	1
16366	1
16369	5
16370	2
16371	3
16372	2
16373	1
16374	3
16375	1
16377	2
16378	1
16379	2
16380	1
16381	1
16385	1
16454	1
16459	2
16460	1
16462	2
16465	2
16466	1
16470	1
16492	1
16497	1
16503	1
16508	2
16510	1
16514	1
16516	1
16517	1
16525	1
16527	1
16533	1
16534	1
16536	1
16545	1
16557	1
16562	1
16563	1
16564	2
16565	1
16566	1
16568	1
16597	1
16603	2
16604	1
16605	1
16607	1
16608	1
16610	1
16615	1
16619	1
16624	1
16626	1
16644	1
16652	1
16669	1
16670	1
16672	1
16674	1
16677	1
16679	1
16681	1
16682	2
16684	1
16691	1
16695	1
16696	1
16700	1
16705	2
16706	2
16708	1
16709	1
16712	1
16714	1
16723	2
16727	1
16728	1
16729	1
16730	2
16732	3
16733	1
16737	1
16741	4
16743	1
16744	1
16746	1
16747	1
16748	1
16749	1
16750	1
16751	1
16752	2
16757	1
16763	1
16764	1
16768	1
16769	1
16770	2
16783	1
16784	1
16785	1
16787	1
16789	1
16792	1
16798	1
16799	1
16807	1
16811	2
16812	1
16820	1
16821	1
16822	1
16825	1
16828	1
16834	1
16835	1
16836	1
16839	1
16842	2
16845	1
16846	1
16847	1
16851	1
16852	1
16853	1
16862	2
16946	1
16970	2
16975	2
16978	1
16979	2
16980	2
16985	1
16986	1
16993	2
16995	1
16996	2
16998	2
16999	2
17000	2
17001	3
17002	2
17004	1
17006	1
17008	1
17010	1
17012	1
17014	1
17015	1
17016	1
17017	1
17020	1
17024	2
17028	1
17031	1
17032	3
17034	2
17035	2
17036	2
17037	1
17038	1
17039	1
17045	1
17051	1
17052	1
17056	2
17059	2
17065	2
17066	1
17078	1
17085	1
17131	3
17132	1
17137	1
17149	1
17153	1
17154	1
17155	1
17174	2
17183	1
17184	1
17185	1
17190	1
17192	2
17193	2
17194	2
17196	1
17197	2
17202	1
17210	1
17216	1
17222	1
17224	1
17225	1
17227	1
17264	1
17265	1
17266	1
17268	1
17272	1
17274	1
17275	1
17277	1
17280	1
17282	1
17285	1
17286	1
17291	1
17293	1
17295	2
17298	1
17303	1
17304	2
17310	1
17319	1
17321	1
17340	1
17345	1
17354	6
17355	5
17356	5
17357	5
17358	1
17376	1
17386	1
17388	1
17390	2
17400	1
17411	2
17415	1
17416	1
17417	1
17420	1
17432	2
17440	1
17442	1
17444	1
17455	1
17456	1
17463	1
17466	1
17468	1
17472	2
17474	1
17476	2
17478	2
17480	1
17484	1
17489	3
17492	1
17500	1
17512	1
17519	1
17527	1
17536	1
17545	1
17546	1
17547	1
17549	1
17558	1
17559	1
17569	1
17574	1
17577	1
17580	1
17586	1
17587	1
17588	1
17590	1
17595	1
17598	1
17602	1
17604	1
17605	1
17606	1
17607	1
17608	1
17610	1
17611	1
17612	1
17613	1
17614	1
17615	2
17616	1
17617	3
17619	2
17620	2
17621	5
17622	3
17634	1
17637	1
17644	1
17652	1
17660	1
17664	1
17669	1
17707	1
17708	1
17709	2
17711	2
17712	1
17714	1
17718	1
17719	1
17725	1
17757	1
17760	2
17763	1
17767	1
17768	2
17769	1
17770	1
17771	1
17772	1
17775	1
17777	1
17778	1
17780	3
17781	2
17783	1
17791	1
17808	1
17809	1
17810	1
17811	1
17812	1
17814	2
17818	1
17819	2
17832	1
17889	1
17897	1
17899	1
17903	1
17918	2
17919	1
17920	2
17921	1
17922	2
17924	1
17933	1
17966	2
17967	1
17976	1
17982	1
18001	1
18002	1
18033	1
18037	1
18041	1
18042	1
18043	1
18044	1
18048	1
18049	1
18053	1
18054	1
18059	1
18062	1
18075	1
18096	1
18101	1
18107	1
18108	1
18215	1
18217	1
18218	1
18223	1
18231	1
18234	1
18237	1
18240	1
18243	1
18246	2
18269	1
18270	1
18284	2
18295	1
18301	1
18308	1
18312	2
18314	1
18318	1
18330	1
18336	1
18337	1
18339	1
18360	1
18369	1
18373	1
18376	1
18385	1
18397	2
18398	2
18400	1
18403	1
18404	2
18405	1
18406	1
18408	1
18414	1
18435	1
18436	1
18437	1
18458	1
18465	1
18467	1
18468	1
18480	1
18481	1
18488	1
18490	1
18499	1
18501	1
18503	1
18504	1
18506	2
18507	1
18508	2
18509	2
18510	1
18517	1
18522	1
18524	2
18540	1
18541	1
18554	1
18555	1
18558	1
18566	1
18576	1
18584	1
18585	1
18586	2
18595	1
18596	1
18601	1
18604	1
18606	2
18611	1
18623	1
18632	1
18636	1
18658	1
18659	1
18676	1
18687	1
18690	1
18692	1
18700	1
18701	1
18721	1
18722	1
18723	2
18724	1
18728	1
18730	1
18732	1
18733	1
18734	1
18735	1
18737	1
18745	1
18748	1
18760	1
18761	1
18763	1
18780	1
18781	1
18783	1
18785	1
18792	2
18793	1
18795	1
18800	1
18820	1
18840	1
18863	1
18864	1
18870	1
18871	1
18874	1
18879	1
18905	1
18906	1
18933	1
18935	1
18944	1
18945	1
18951	2
18952	2
18961	1
18962	1
18964	1
18965	1
18966	1
18967	1
18970	2
18972	1
18974	1
18977	1
18980	1
18986	1
18988	1
18990	1
18995	1
18996	1
18997	1
19017	2
19020	1
19026	1
19042	1
19043	1
19046	1
19047	1
19054	1
19055	1
19058	1
19061	1
19082	1
19084	1
19085	1
19086	1
19093	2
19100	2
19101	1
19105	2
19117	1
19142	1
19144	1
19145	1
19154	1
19156	1
19207	2
19208	1
19209	1
19210	1
19211	1
19212	1
19226	1
19231	1
19233	1
19235	1
19236	1
19255	1
19261	1
19264	1
19271	1
19272	1
19295	1
19305	1
19343	1
19345	1
19349	1
19351	2
19353	1
19354	1
19359	3
19361	1
19362	3
19370	1
19371	1
19372	1
19374	1
19376	1
19378	1
19379	2
19380	3
19382	1
19384	1
19387	1
19388	1
19391	2
19392	1
19395	1
19397	1
19398	1
19400	3
19401	1
19404	2
19409	1
19417	1
19418	3
19419	4
19420	4
19421	5
19422	5
19423	3
19424	3
19425	2
19426	2
19427	3
19428	3
19435	1
19436	1
19441	1
19442	1
19443	2
19444	2
19445	1
19446	1
19448	1
19450	1
19452	1
19453	1
19462	1
19467	2
19484	1
19495	1
19497	1
19519	1
19522	1
19529	1
19533	1
19535	1
19536	1
19543	2
19547	2
19549	1
19550	1
19551	1
19552	1
19553	1
19554	1
19557	1
19559	1
19565	1
19569	1
19571	1
19572	1
19573	1
19574	1
19576	1
19578	1
19579	1
19581	1
19583	1
19600	1
19605	1
19609	1
19616	1
19620	1
19627	3
19628	2
19629	3
19630	2
19631	2
19632	2
19633	1
19635	2
19636	1
19637	1
19638	1
19639	1
19641	1
19643	1
19644	2
19645	1
19648	1
19654	1
19655	1
19656	1
19658	1
19660	1
19670	1
19671	1
19672	2
19673	1
19674	1
19683	1
20032	1
20162	1
20165	1
20180	1
20184	1
20285	1
20287	2
20294	1
20295	2
20297	1
20299	1
20301	1
20303	1
20305	1
20307	1
20308	2
20309	1
20310	1
20317	1
20318	1
20321	1
20322	2
20323	1
20325	1
20326	1
20327	1
20329	1
20331	2
20332	1
20336	1
20338	1
20340	1
20345	1
20357	1
20386	1
20407	1
20408	1
20409	2
20410	1
20411	1
20412	2
20422	1
20433	1
20455	1
20457	1
20458	1
20459	3
20467	3
20479	1
20480	2
20481	1
20483	3
20484	3
20485	1
20492	1
20495	1
20498	1
20501	1
20502	1
20503	1
20504	1
20506	1
20508	1
20510	1
20513	1
20521	1
20523	1
20528	1
20531	1
20532	1
20533	1
20534	1
20535	3
20537	2
20539	2
20542	1
20545	2
20547	2
20548	1
20549	2
20550	1
20554	2
20555	1
20558	1
20560	1
20562	1
20563	1
20564	2
20566	1
20577	1
20578	1
20587	1
20588	1
20590	1
20591	2
20592	1
20607	1
20612	1
20615	1
20616	1
20623	1
20626	1
20627	1
20637	1
20655	1
20656	1
20657	1
20658	1
20671	1
20687	1
20690	1
20691	1
20703	1
20709	1
20732	1
20733	1
20734	1
20736	1
20749	1
20750	2
20752	1
20753	1
20757	1
20758	1
20783	1
20784	1
20803	1
20810	1
20824	2
20827	1
20828	1
20829	1
20830	1
20831	1
20832	1
20833	1
20834	2
20835	1
20837	1
20840	1
20851	1
20857	1
20859	1
20860	1
20862	1
20866	1
20867	1
20887	2
20889	1
20905	2
20908	1
20910	2
20918	1
20920	1
20923	1
20925	1
20939	1
20942	1
20948	1
20954	1
20955	1
20956	2
20958	1
20961	1
20966	1
20972	1
20987	1
21019	1
21025	1
21026	1
21031	1
21035	1
21043	1
21044	2
21046	1
21056	1
21065	1
21066	1
21067	1
21085	1
21087	1
21094	1
21095	1
21099	1
21103	2
21104	1
21114	1
21119	1
21142	1
21146	1
21158	1
21168	2
21169	2
21170	1
21171	1
21172	1
21174	1
21175	1
21183	1
21184	2
21187	1
21190	1
21196	1
21197	1
21198	1
21199	2
21201	1
21203	1
21204	2
21212	1
21213	1
21214	1
21215	2
21216	1
21217	1
21220	1
21221	2
21222	2
21270	3
21282	1
21285	1
21286	1
21287	1
21292	1
21293	2
21298	2
21301	4
21302	4
21303	2
21304	3
21305	4
21306	3
21307	2
21308	1
21309	3
21310	2
21311	1
21312	2
21313	2
21314	1
21315	3
21318	4
21320	1
21323	1
21325	2
21326	2
21328	2
21331	1
21332	1
21333	1
21334	1
21335	2
21339	1
21340	1
21341	1
21342	1
21347	1
21348	2
21350	1
21353	2
21355	1
21358	2
21448	1
21466	1
21484	1
21488	1
21497	1
21505	1
21506	1
21507	1
21508	2
21509	1
21510	1
21525	1
21531	1
21532	1
21533	1
21535	1
21536	1
21538	1
21561	1
21585	3
21588	1
21593	1
21600	2
21606	1
21644	1
21645	1
21648	1
21650	1
21658	1
21662	1
21663	1
21672	1
21679	2
21681	1
21719	1
21720	1
21721	1
21722	1
21724	1
21727	1
21730	1
21733	1
21734	1
21735	1
21736	1
21738	2
21739	1
21742	1
21743	1
21745	1
21746	1
21748	1
21781	1
21782	1
21784	1
21792	1
21794	1
21799	1
21802	1
21805	1
21839	2
21841	2
21843	1
21846	1
21851	1
21852	1
21853	1
21856	2
21857	1
21859	2
21860	2
21861	1
21862	1
21864	2
21875	1
21899	1
21914	1
21963	1
22010	2
22016	2
22037	1
22039	1
22062	1
22094	1
22107	1
22120	1
22122	1
22123	1
22125	1
22126	1
22127	1
22128	1
22133	1
22139	1
22140	1
22152	1
22153	1
22159	2
22162	1
22163	2
22165	2
22166	2
22167	1
22168	1
22172	1
22173	1
22190	1
22191	1
22192	1
22199	1
22203	1
22204	1
22206	1
22224	1
22226	1
22229	1
22231	1
22242	1
22250	1
22255	2
22261	1
22262	1
22263	1
22270	1
22272	1
22276	1
22278	1
22321	1
22326	1
22333	1
22335	1
22338	1
22340	1
22343	1
22344	3
22347	1
22349	1
22350	2
22374	1
22475	1
22555	1
22565	1
22566	1
22571	1
22580	1
22618	1
22621	1
22624	1
22626	1
22629	1
22632	1
22633	2
22636	1
22638	2
22663	1
22668	1
22672	1
22674	1
22695	1
22696	1
22697	1
22736	1
22767	1
22768	1
22769	3
22770	2
22773	1
22775	1
22776	1
22856	1
22858	1
23005	1
23009	1
23035	1
23037	1
23039	1
23041	1
23044	1
23046	1
23075	1
23183	1
23261	1
23288	1
23294	2
23298	1
23403	1
23430	1
23432	1
23435	1
23534	1
23536	1
23538	1
23539	1
23552	1
23553	1
23593	1
23598	1
23671	1
23673	1
23681	1
23743	1
23804	1
23808	1
23860	1
23863	1
23904	2
24175	1
24176	1
24178	1
24179	1
24180	1
24186	1
24251	2
24252	2
24255	1
24257	1
24263	1
24292	2
24295	1
24297	1
24325	1
24326	2
24327	2
24332	2
24333	1
24335	2
24396	1
24402	1
24437	1
24489	1
24591	1
24593	1
24594	1
25333	2
25336	1
25357	2
25358	1
25359	1
25361	1
25389	1
25398	1
25409	1
25410	1
25411	1
25412	1
25417	1
25419	1
25422	1
25452	1
25506	1
25512	1
25518	1
25528	3
25530	1
25531	1
25532	1
25612	1
25712	1
25714	1
25733	1
25819	1
25821	1
25824	1
25897	2
25903	1
25904	1
25907	1
25912	1
25915	3
25916	2
25917	3
25918	2
25920	2
25964	1
25965	1
25980	1
25984	1
25988	1
26005	2
26006	1
26012	1
26015	1
26018	1
26023	1
26054	1
26058	1
26062	1
26064	1
26068	1
26074	1
26083	1
26089	2
26090	1
26091	1
26092	1
26093	3
26095	1
26097	1
26098	2
26099	1
26101	2
26102	1
26104	1
26125	1
26126	1
26127	2
26129	1
26131	1
26132	1
26134	1
26137	1
26138	1
26139	1
26152	3
26173	1
26175	1
26179	1
26181	1
26185	1
26186	1
26187	1
26189	1
26196	1
26197	2
26198	1
26199	2
26200	2
26201	2
26202	2
26221	2
26223	2
26227	1
26228	2
26229	2
26231	2
26232	1
26234	1
26235	1
26236	1
26237	2
26238	1
26239	1
26270	1
26271	1
26273	1
26290	1
26296	1
26297	1
26303	1
26325	1
26335	2
26341	1
26343	1
26345	1
26371	1
26374	2
26375	1
26376	1
26378	1
26379	1
26382	1
26388	1
26389	2
26390	1
26391	1
26392	1
26393	1
26397	1
26399	1
26404	1
26407	1
26411	1
26422	1
26423	1
26431	1
26435	1
26438	1
26442	1
26443	1
26452	1
26464	1
26469	1
26470	1
26477	1
26479	1
26487	1
26498	1
26501	1
26502	1
26503	1
26510	1
26511	1
26512	1
26514	1
26519	1
26524	1
26534	1
26535	1
26536	1
26538	1
26541	1
26542	1
26544	1
26545	2
26551	1
26555	1
26556	1
26558	1
26559	2
26560	1
26561	2
26562	1
26564	1
26565	1
26574	1
26578	1
26586	1
26591	2
26592	1
26593	1
26594	1
26595	1
26599	1
26607	3
26608	1
26611	1
26612	1
26613	1
26617	1
26618	1
26619	1
26620	2
26621	2
26622	2
26634	1
26635	1
26636	1
26637	1
26638	1
26639	1
26644	1
26646	1
26651	1
26653	1
26657	1
26665	2
26666	1
26667	1
26672	1
26673	1
26683	1
26684	2
26685	1
26686	2
26688	2
26690	1
26693	2
26694	2
26699	2
26701	1
26702	2
26704	1
26708	1
26709	1
26713	1
26716	1
26720	1
26721	1
26722	1
26791	1
26792	2
26793	2
26794	1
26795	2
26796	1
26814	1
26841	1
26851	1
26856	1
26875	1
26877	1
26879	1
26884	1
26887	1
26888	1
26893	1
26894	2
26896	1
26897	1
26899	1
26901	1
26902	1
26903	1
26904	1
26905	1
26911	1
26912	1
26913	2
26915	1
26930	1
26934	1
26956	1
26957	2
26958	1
26962	1
26965	1
26966	1
26967	1
26968	1
26971	1
26972	1
26974	2
26976	1
26980	1
26982	1
26985	1
26989	1
26990	1
26992	1
26997	1
26999	1
27008	1
27010	1
27014	1
27018	1
27022	1
27027	1
27037	3
27038	2
27039	2
27041	1
27043	1
27050	1
27059	1
27097	1
27109	1
27111	1
27113	1
27120	1
27121	1
27122	1
27123	1
27124	1
27148	1
27149	1
27153	1
27213	1
27222	1
27246	1
27270	1
27271	1
27273	1
27274	1
27275	1
27279	1
27281	1
27282	1
27299	1
27301	1
27306	1
27308	2
27312	1
27313	1
27314	2
27318	1
27319	1
27324	1
27325	1
27328	1
27330	1
27334	1
27336	1
27356	1
27362	1
27365	1
27366	1
27371	1
27372	1
27373	1
27382	1
27383	1
27386	1
27388	1
27391	1
27393	1
27394	1
27395	1
27411	1
27414	1
27422	1
27424	1
27434	1
27435	1
27437	1
27445	1
27451	1
27457	1
27458	1
27460	1
27468	1
27475	1
27476	1
27478	1
27482	2
27483	1
27492	1
27495	1
27498	1
27499	1
27502	1
27504	1
27512	1
27523	2
27528	1
27529	2
27531	1
27538	1
27540	1
27541	1
27545	1
27553	1
27566	1
27570	1
27593	1
27596	1
27614	2
27616	1
27618	4
27645	1
27647	1
27649	2
27652	1
27654	1
27668	1
27670	1
27672	1
27699	1
27703	1
27707	1
27710	1
27716	1
27717	1
27718	1
27719	1
27725	1
27728	1
27732	1
27734	1
27735	1
27739	1
27741	1
27742	1
27743	1
27751	1
27757	2
27762	1
27767	1
27789	1
27791	1
27793	1
27794	1
27795	1
27796	1
27797	1
27798	2
27801	1
27802	1
27805	1
27810	1
27812	1
27816	1
27818	1
27821	1
27822	2
27823	1
27824	2
27825	1
27826	2
27848	1
27859	1
27865	1
27866	1
27870	1
27889	1
27892	1
27908	1
27925	1
27937	1
27941	1
27943	1
27944	1
27945	2
27946	3
27952	2
27954	1
27955	1
27956	2
27957	1
27958	1
27960	1
27961	1
27962	1
27979	1
27982	1
27984	1
27997	1
27998	2
28000	2
28001	1
28002	2
28003	1
28007	1
28008	1
28010	2
28012	2
28013	1
28014	2
28015	2
28016	1
28018	1
28020	2
28022	2
28024	2
28025	1
28026	2
28027	2
28029	2
28034	1
28036	1
28037	2
28038	1
28043	1
28046	2
28051	1
28052	1
28053	1
28054	2
28055	1
28056	1
28059	2
28061	2
28062	1
28070	1
28071	1
28074	1
28078	1
28088	1
28099	1
28105	1
28119	1
28123	3
28129	1
28135	1
28147	1
28148	1
28149	1
28150	1
28154	1
28171	1
28173	1
28179	2
28180	2
28181	1
28183	1
28184	1
28186	1
28193	2
28194	1
28205	1
28225	13
28230	3
28237	1
28239	1
28240	2
28241	2
28242	1
28252	1
28266	1
28267	1
28268	1
28295	1
28297	1
28301	2
28302	1
28303	1
28305	1
28306	2
28307	1
28308	2
28313	1
28348	1
28357	1
28369	1
28370	1
28371	2
28372	2
28373	2
28374	1
28381	1
28382	1
28384	1
28388	1
28525	1
28534	1
28535	1
28537	1
28539	1
28610	1
28657	1
28658	1
28660	1
28710	2
28729	1
28730	1
28731	1
28732	2
28734	2
28740	1
28775	1
28784	1
28785	1
28786	1
28788	1
28797	1
28809	1
28822	2
28825	2
28827	1
28829	1
28830	1
28835	1
28838	1
28853	1
28855	1
28856	1
28857	1
28861	2
28862	1
28863	2
28864	1
28865	1
28866	1
28870	1
28874	1
28878	1
28885	1
28887	1
28893	1
28894	1
28895	1
28916	1
28926	1
28930	2
28938	3
28948	1
28949	1
28956	2
28962	1
29042	1
29045	1
29051	1
29054	1
29055	1
29056	1
29059	1
29060	1
29077	1
29090	2
29094	1
29100	1
29102	1
29103	1
29104	1
29105	1
29106	1
29108	1
29126	1
29128	1
29149	1
29152	1
29154	1
29181	1
29191	1
29208	1
29236	1
29244	1
29245	2
29247	3
29248	1
29249	2
29250	1
29255	1
29256	1
29264	3
29266	2
29268	1
29269	1
29270	1
29272	1
29274	3
29275	1
29276	1
29307	1
29330	2
29333	1
29342	1
29344	2
29358	1
29371	1
29373	1
29375	2
29379	1
29381	1
29383	1
29384	1
29385	1
29410	1
29412	1
29427	1
29428	1
29429	1
29430	2
29434	1
29456	1
29457	1
29458	1
29459	1
29460	1
29467	1
29471	1
29475	1
29476	2
29477	1
29482	1
29483	3
29493	1
29510	1
29511	1
29513	1
29515	1
29516	1
29519	1
29521	1
29522	1
29523	1
29526	1
29547	1
29548	1
29549	1
29551	1
29552	1
29555	1
29563	4
29564	3
29565	1
29566	2
29567	3
29568	4
29570	1
29573	2
29574	1
29575	2
29576	4
29577	1
29578	3
29579	2
29580	2
29581	1
29582	3
29583	1
29584	3
29585	4
29586	1
29587	1
29588	4
29589	1
29590	3
29591	2
29592	1
29596	3
29597	1
29598	2
29619	1
29624	1
29626	1
29631	1
29653	1
29655	1
29656	1
29659	1
29661	1
29662	1
29665	1
29667	1
29669	1
29670	1
29673	1
29674	1
29676	1
29677	1
29682	1
29684	1
29687	1
29688	1
29699	1
29701	1
29705	1
29708	2
29717	1
29719	1
29721	3
29723	2
29725	1
29726	3
29733	1
29738	1
29743	1
29756	1
29775	2
29777	1
29786	1
29790	1
29791	1
29792	1
29795	1
29798	1
29799	1
29800	1
29802	2
29803	2
29807	1
29809	2
29811	1
29812	1
29813	1
29814	1
29821	1
29823	1
29826	1
29832	1
29836	2
29848	1
29854	1
29869	1
29870	2
29871	1
29872	2
29873	1
29874	2
29876	1
29877	1
29878	1
29880	1
29881	1
29882	1
29885	1
29886	1
29900	1
29917	1
29919	1
29920	1
29921	1
29922	1
29929	1
29941	1
29942	1
29943	1
29944	3
29946	1
29947	1
29951	1
29952	1
29957	1
29983	1
29987	1
29989	1
30005	1
30016	1
30017	1
30024	1
30026	1
30027	2
30028	1
30029	2
30030	1
30037	1
30038	1
30049	1
30050	1
30051	1
30052	1
30054	1
30065	1
30071	1
30079	2
30080	1
30081	9
30082	1
30083	2
30084	1
30086	1
30091	1
30092	1
30095	1
30103	1
30116	1
30120	1
30125	1
30131	1
30137	2
30154	1
30155	1
30177	1
30181	1
30183	1
30184	1
30186	1
30192	1
30209	1
30219	1
30227	2
30255	1
30256	1
30258	1
30266	1
30268	1
30270	1
30293	1
30296	1
30325	2
30326	1
30327	1
30328	1
30330	1
30332	1
30334	1
30335	1
30336	1
30342	1
30352	1
30353	1
30374	1
30376	2
30378	1
30383	1
30396	1
30399	1
30401	2
30404	2
30409	1
30411	1
30426	1
30428	3
30429	1
30431	1
30433	1
30434	2
30436	2
30438	1
30458	3
30462	1
30484	1
30514	1
30516	1
30521	1
30522	1
30544	1
30545	1
30553	1
30564	1
30589	1
30591	1
30593	1
30610	1
30620	1
30626	1
30627	2
30628	1
30630	1
30655	1
30656	2
30661	1
30680	1
30691	1
30709	1
30710	1
30712	1
30713	1
30714	2
30723	1
30725	1
30726	1
30752	1
30768	1
30769	1
30770	1
30772	1
30775	1
30779	1
30787	1
30788	2
30789	1
30790	2
30791	1
30792	1
30793	2
30794	2
30795	2
30796	2
30797	1
30798	3
30799	1
30814	1
30816	1
30817	1
30818	1
30819	1
30822	1
30823	1
30824	1
30825	1
30826	1
30828	1
30829	1
30831	1
30832	1
30833	1
30834	1
30836	1
30842	1
30847	1
30867	1
30870	1
30872	1
30877	1
30880	1
30894	1
30923	1
30927	1
30931	1
30933	1
30935	1
30953	2
30968	1
30969	1
30971	1
30977	1
30980	2
30984	2
30995	1
30996	1
31005	1
31025	1
31026	1
31027	1
31028	2
31029	1
31030	2
31032	1
31033	1
31077	1
31081	1
31094	1
31096	1
31098	1
31111	1
31115	2
31120	1
31129	1
31132	1
31157	1
31206	1
31213	2
31216	1
31218	1
31219	1
31220	2
31221	1
31222	1
31223	2
31224	1
31225	1
31227	2
31228	1
31229	2
31230	2
31238	1
31266	1
31274	1
31277	1
31278	1
31282	1
31283	1
31296	1
31299	1
31310	1
31312	1
31313	1
31322	1
31334	1
31336	1
31339	1
31340	1
31348	1
31370	1
31373	1
31374	1
31382	1
31396	1
31398	1
31404	1
31411	1
31413	1
31414	1
31415	1
31418	1
31419	1
31420	2
31422	1
31429	1
31460	1
31461	1
31462	1
31463	1
31464	1
31466	1
31469	1
31483	1
31484	1
31491	2
31508	1
31510	1
31521	2
31522	1
31529	1
31536	1
31553	1
31558	1
31560	1
31609	1
31611	1
31612	1
31613	1
31615	1
31617	1
31618	1
31625	1
31629	1
31631	1
31648	1
31649	1
31651	1
31675	1
31694	1
31706	2
31707	1
31708	2
31710	2
31714	2
31716	1
31719	2
31721	1
31741	2
31742	1
31743	1
31744	1
31745	1
31746	1
31747	1
31748	2
31749	1
31750	1
31751	1
31752	1
31753	1
31793	1
31797	1
31798	1
31799	1
31802	1
31825	1
31827	4
31829	2
31837	1
31839	1
31841	1
31842	1
31846	2
31847	1
31848	1
31862	1
31863	1
31867	2
31869	1
31875	1
31877	1
31889	1
31891	1
31892	2
31893	1
31894	1
31896	2
31897	1
31898	1
31899	1
31900	2
31901	2
31902	2
31905	1
31906	1
31907	1
31908	1
31909	1
31910	1
31911	2
31912	1
31913	1
31914	1
31917	1
31918	1
31919	1
31966	1
31967	1
31968	1
31969	3
31970	2
31972	2
31975	1
31976	1
31977	2
31978	2
31979	1
31980	1
31981	1
31982	2
31984	1
31987	1
31990	1
31991	1
31992	1
31994	1
31998	1
32000	1
32002	1
32005	1
32007	1
32009	1
32010	1
32012	1
32013	2
32014	1
32015	1
32016	1
32018	1
32019	1
32020	1
32021	1
32022	1
32071	1
32077	2
32083	1
32093	1
32103	1
32114	1
32117	1
32118	1
32126	1
32130	1
32218	1
32219	2
32225	1
32228	1
32229	1
32235	1
32236	1
32237	1
32238	1
32246	1
32248	1
32249	1
32250	1
32254	2
32258	1
32261	1
32289	1
32291	1
32292	1
32311	1
32321	1
32325	1
32327	2
32362	1
32368	1
32369	1
32370	1
32371	2
32372	1
32373	1
32374	1
32385	1
32404	1
32430	1
32439	1
32455	2
32456	1
32457	1
32462	1
32466	1
32471	1
32479	3
32480	1
32493	1
32494	1
32499	1
32516	1
32522	1
32534	1
32539	1
32541	1
32543	1
32544	1
32545	1
32546	1
32549	1
32552	1
32568	1
32575	2
32576	1
32577	1
32578	1
32579	2
32582	1
32588	1
32589	2
32591	1
32597	1
32598	2
32611	1
32617	1
32623	2
32644	1
32645	1
32654	1
32657	1
32665	1
32667	1
32669	1
32672	1
32673	1
32674	1
32675	1
32677	1
32678	1
32680	2
32706	2
32708	2
32721	2
32725	1
32726	2
32728	1
32729	1
32739	1
32745	1
32747	1
32773	1
32774	1
32776	3
32777	1
32779	1
32780	1
32782	3
32783	1
32784	2
32785	1
32788	2
32792	1
32795	1
32798	1
32801	1
32804	1
32827	1
32832	1
32833	1
32835	1
32842	1
32851	1
32852	1
32853	1
32854	1
32863	1
32865	1
32867	1
32875	1
32876	1
32886	1
32912	2
32913	1
32914	1
32915	1
32948	1
32950	1
32951	1
32953	1
32956	1
32972	1
32973	1
32974	1
32977	1
32978	1
32982	1
33030	1
33039	1
33040	1
33042	1
33058	1
33070	1
33072	1
33074	1
33079	1
33081	1
33083	1
33135	1
33140	1
33155	1
33157	1
33162	1
33173	1
33175	1
33177	1
33179	1
33182	1
33185	1
33205	1
33206	1
33207	1
33247	1
33249	1
33251	1
33252	2
33253	1
33254	1
33255	1
33257	1
33258	1
33271	1
33283	1
33284	1
33285	2
33286	2
33291	1
33293	1
33294	1
33295	1
33308	1
33314	1
33323	1
33329	1
33330	1
33333	2
33334	1
33335	2
33336	1
33337	1
33338	3
33339	2
33340	2
33342	1
33346	1
33348	1
33364	1
33368	1
33379	1
33382	1
33415	1
33417	1
33475	1
33476	1
33478	1
33479	1
33482	1
33484	1
33485	1
33486	1
33487	2
33488	1
33491	1
33492	1
33530	1
33534	1
33544	1
33553	1
33555	2
33557	1
33559	1
33563	1
33565	1
33566	1
33567	2
33568	1
33569	1
33573	1
33579	1
33580	1
33608	1
33609	1
33611	1
33637	1
33639	1
33648	1
33655	2
33656	2
33657	3
33659	1
33667	1
33668	1
33669	1
33670	1
33671	1
33676	1
33677	1
33704	1
33732	1
33752	1
33755	1
33780	1
33782	1
33799	1
33800	1
33801	3
33802	2
33804	1
33811	1
33812	1
33813	1
33814	1
33827	2
33829	1
33831	2
33833	3
33834	1
33843	1
33847	2
33848	1
33850	1
33851	2
33856	1
33857	1
33865	2
33866	1
33869	1
33872	1
33873	1
33874	1
33875	1
33876	1
33878	1
33880	1
33890	1
33894	1
33897	1
33901	1
33915	1
33916	1
33917	1
33918	1
33919	1
33921	1
33923	2
33924	1
33932	1
33937	1
33938	2
33939	1
33940	2
33941	1
33942	1
33943	2
33944	1
33945	3
33946	4
33947	1
33948	4
33986	1
33987	1
33990	1
33996	1
33998	1
34010	1
34012	1
34022	1
34024	1
34027	2
34028	1
34033	1
34036	2
34040	1
34041	1
34043	2
34056	2
34067	1
34078	1
34084	1
34085	1
34088	1
34097	1
34098	1
34102	1
34106	1
34108	2
34109	1
34110	1
34111	1
34112	3
34113	1
34116	1
34126	1
34128	1
34133	1
34134	1
34153	1
34158	7
34159	1
34161	1
34163	2
34164	1
34165	1
34174	1
34179	1
34180	1
34181	1
34184	1
34188	1
34197	2
34199	1
34200	1
34207	1
34212	3
34213	1
34214	1
34215	1
34217	1
34218	1
34223	1
34225	1
34226	1
34227	1
34229	1
34235	1
34236	1
34237	1
34241	1
34245	1
34248	1
34249	1
34250	1
34262	2
34263	1
34273	1
34274	2
34275	1
34277	1
34278	2
34285	2
34289	1
34296	1
34302	1
34304	1
34306	1
34307	1
34313	1
34314	1
34316	1
34318	3
34320	1
34327	1
34328	1
34330	1
34332	1
34334	2
34335	2
34336	1
34337	2
34338	1
34339	2
34340	2
34341	1
34343	1
34344	2
34345	1
34347	2
34348	2
34349	1
34350	1
34353	3
34354	1
34355	2
34358	1
34363	1
34364	1
34366	2
34367	1
34371	1
34377	2
34378	2
34379	3
34380	1
34381	2
34383	1
34384	1
34385	1
34393	1
34399	2
34400	2
34401	1
34402	2
34404	1
34406	1
34408	2
34415	1
34423	1
34424	2
34425	1
34426	1
34427	1
34428	1
34433	1
34489	1
34500	1
34501	1
34503	1
34505	1
34506	1
34509	1
34512	1
34523	1
34562	2
34586	1
34621	1
34687	1
34697	1
34698	1
34700	2
34702	1
34705	1
34707	1
34709	1
34735	1
34736	1
34738	2
34739	1
34783	1
34784	1
34785	1
34787	1
34788	1
34806	1
34810	2
34811	1
34812	1
34813	1
34814	1
34815	1
34818	1
34820	4
34824	1
34825	1
34827	1
34829	1
34831	3
34835	2
34837	1
34843	1
34845	1
34847	1
34854	1
34859	1
34863	1
34864	1
34866	1
34867	2
34868	2
34869	1
34870	2
34871	2
34879	1
34886	2
34890	2
34897	1
34900	1
34902	1
34910	1
34911	1
34912	1
34913	1
34916	1
34933	1
34934	1
34935	1
34936	1
34937	1
34938	1
34941	1
34953	1
34954	1
34955	2
34957	1
34981	2
34982	3
34983	1
34984	2
34985	1
34990	1
35005	2
35006	1
35008	1
35012	2
35014	1
35016	1
35017	2
35019	1
35021	1
35038	1
35062	1
35071	1
35072	1
35076	1
35078	1
35093	1
35113	1
35115	1
35116	2
35122	2
35123	2
35124	1
35127	1
35130	1
35138	1
35145	1
35146	1
35161	2
35162	1
35164	2
35165	1
35183	2
35191	2
35192	1
35193	1
35196	1
35202	1
35213	1
35214	1
35228	1
35229	1
35230	1
35231	1
35247	2
35248	1
35249	1
35250	1
35258	1
35273	2
35274	1
35275	1
35295	1
35314	1
35315	1
35318	2
35320	2
35322	2
35327	2
35329	2
35332	1
35342	1
35343	1
35344	1
35345	1
35347	1
35348	2
35349	1
35350	1
35351	1
35360	1
35366	1
35380	1
35394	1
35395	2
35396	1
35407	1
35425	1
35431	1
35432	1
35448	1
35449	1
35450	2
35451	2
35453	1
35454	2
35455	1
35456	2
35458	1
35459	1
35460	1
35462	2
35463	1
35466	1
35468	1
35469	1
35470	1
35473	1
35485	2
35486	2
35487	1
35488	1
35489	2
35490	2
35491	2
35495	1
35500	1
35501	1
35502	1
35508	1
35517	2
35520	1
35523	1
35527	3
35531	1
35533	1
35535	1
35537	1
35538	1
35551	1
35552	2
35556	1
35574	1
35588	1
35602	1
35608	1
35614	1
35627	1
35633	1
35645	1
35646	1
35664	2
35665	1
35675	1
35676	1
35691	1
35692	1
35693	1
35704	1
35705	1
35710	1
35750	1
35775	1
35777	1
35794	1
35811	1
35816	1
35817	1
35822	1
35828	1
35842	1
35851	2
35852	1
35853	1
35856	1
35859	1
35863	1
35865	1
35880	1
35885	1
35893	2
35894	1
35895	1
35896	1
35897	2
35898	3
35910	1
35921	1
35929	2
35934	2
35936	1
35942	1
35943	1
35944	1
35947	2
35949	2
35956	1
35957	1
35960	1
35969	1
35970	1
35975	1
35976	1
36001	1
36004	1
36024	1
36027	1
36046	1
36049	1
36068	1
36069	2
36071	2
36072	1
36086	1
36109	1
36112	1
36118	1
36124	1
36130	2
36134	2
36136	1
36165	1
36166	1
36167	1
36170	1
36176	1
36177	2
36180	1
36184	1
36193	1
36194	2
36195	2
36196	1
36197	1
36198	2
36204	1
36205	1
36206	1
36209	1
36210	1
36213	1
36218	1
36222	1
36226	1
36228	1
36232	1
36234	1
36241	1
36242	1
36243	1
36244	1
36247	1
36260	1
36265	1
36284	1
36289	2
36292	2
36300	1
36319	1
36321	1
36322	1
36324	1
36329	1
36337	1
36339	1
36345	1
36347	1
36370	1
36375	1
36377	1
36386	1
36387	1
36389	2
36391	1
36393	1
36395	1
36396	1
36404	1
36410	1
36417	1
36423	1
36427	2
36429	1
36433	1
36437	1
36441	1
36457	1
36469	2
36471	1
36472	1
36473	1
36474	1
36476	1
36479	1
36487	1
36488	1
36489	1
36490	1
36492	1
36493	1
36494	1
36510	1
36523	1
36527	1
36540	1
36541	1
36547	1
36553	1
36561	1
36563	1
36572	1
36574	1
36580	1
36591	1
36599	1
36602	1
36604	1
36606	1
36607	2
36610	2
36628	1
36645	1
36646	1
36647	1
36648	1
36654	1
36655	2
36656	2
36657	1
36658	1
36659	1
36660	1
36661	1
36662	2
36663	1
36664	1
36665	2
36666	1
36667	2
36668	1
36669	1
36670	2
36671	2
36679	2
36680	1
36690	1
36694	1
36695	2
36699	1
36700	1
36709	1
36710	1
36711	2
36712	1
36713	2
36714	1
36727	2
36728	2
36733	2
36734	1
36736	2
36748	1
36751	1
36753	1
36757	1
36758	1
36759	1
36763	1
36770	2
36771	1
36772	1
36774	1
36782	1
36795	1
36799	1
36805	1
36829	1
36831	1
36832	1
36833	1
36835	2
36837	2
36839	1
36845	1
36889	1
36904	1
36906	1
36908	1
36913	1
36916	1
36919	1
36922	1
36925	2
36926	2
36927	1
36929	1
36931	2
36932	1
36933	2
36935	1
36937	1
36938	1
36941	1
36943	1
36948	1
36967	2
36969	1
36971	1
36972	1
36978	1
36986	1
36997	1
37001	1
37005	1
37009	1
37012	1
37014	1
37049	1
37052	1
37053	1
37054	2
37055	2
37056	2
37057	1
37059	2
37060	2
37061	2
37062	2
37063	1
37066	1
37067	1
37101	1
37104	1
37111	1
37112	1
37113	1
37114	1
37119	1
37128	1
37136	1
37137	1
37138	1
37139	1
37149	1
37151	1
37155	1
37183	1
37195	1
37200	1
37201	1
37205	1
37208	1
37211	1
37225	1
37228	1
37229	1
37230	1
37231	2
37232	1
37234	1
37236	2
37245	1
37248	1
37252	1
37257	2
37258	1
37260	1
37262	1
37263	1
37264	1
37265	2
37266	1
37267	1
37281	1
37285	1
37286	1
37291	1
37295	1
37297	2
37298	1
37299	1
37300	2
37302	1
37328	1
37330	1
37354	1
37357	1
37358	1
37366	1
37371	1
37380	1
37467	1
37468	1
37483	2
37484	1
37523	1
37524	1
37534	2
37535	1
37541	1
37550	1
37565	1
37575	1
37587	1
37605	1
37607	1
37613	1
37616	1
37618	1
37622	1
37635	1
37673	2
37678	1
37698	1
37700	1
37702	1
37711	1
37712	1
37713	3
37715	1
37716	2
37729	1
37733	1
37744	1
37807	1
37813	1
37820	1
37826	1
37831	1
37835	1
37837	1
37840	1
37843	1
37845	1
37846	1
37847	1
37857	1
37859	1
37861	1
37869	1
37873	1
37876	1
37885	1
37886	1
37889	1
37891	1
37894	1
37895	1
37898	1
37907	1
37930	1
37934	3
37937	1
37938	1
37946	1
37948	2
37950	1
37962	1
37963	1
37966	1
37975	1
37976	2
37977	2
37978	4
37979	4
37980	2
37981	2
37982	2
37983	1
37984	1
37985	3
37986	2
37997	1
38011	1
38012	2
38013	1
38014	3
38015	3
38017	1
38020	1
38022	1
38023	2
38024	2
38025	1
38027	2
38028	2
38029	2
38030	2
38031	2
38032	2
38033	2
38034	2
38041	3
38042	2
38043	1
38044	3
38045	3
38046	3
38047	1
38048	2
38049	2
38050	3
38051	1
38052	1
38053	2
38054	1
38055	1
38057	1
38058	1
38060	1
38076	1
38095	1
38096	1
38098	1
38099	1
38101	2
38102	1
38103	1
38104	1
38105	1
38107	1
38108	1
38109	2
38111	2
38112	1
38118	1
38119	1
38144	1
38151	1
38152	1
38154	2
38162	1
38180	1
38181	1
38183	1
38184	1
38188	1
38189	1
38196	1
38293	1
38294	2
38298	2
38302	1
38322	1
38325	1
38343	1
38344	3
38345	1
38346	1
38351	1
38353	3
38354	2
38355	1
38357	1
38358	1
38359	1
38361	2
38364	1
38367	1
38368	1
38369	1
38370	1
38375	1
38376	2
38377	1
38389	1
38402	1
38403	1
38404	1
38405	2
38407	2
38418	1
38419	1
38420	2
38457	1
38461	1
38462	1
38465	1
38467	2
38468	1
38469	2
38477	1
38485	1
38487	1
38509	1
38510	1
38511	1
38513	1
38514	1
38518	1
38527	1
38528	1
38529	1
38530	1
38533	1
38551	2
38552	1
38554	1
38555	1
38560	1
38562	2
38564	1
38565	1
38570	1
38574	1
38605	17
38609	12
38615	1
38630	1
38641	1
38648	1
38657	1
38663	1
38671	2
38672	1
38674	1
38690	1
38703	1
38704	1
38705	1
38706	1
38709	2
38712	1
38720	1
38732	1
38738	2
38740	1
38746	1
38761	1
38763	1
38779	1
38781	1
38809	1
38816	1
38833	1
38864	1
38869	1
38872	1
38885	2
38901	1
38905	1
38911	1
38915	1
38969	1
38981	1
38993	1
38995	1
39001	1
39002	2
39003	1
39009	1
39011	1
39014	1
39017	1
39044	1
39048	1
39049	1
39050	2
39054	1
39055	1
39056	1
39061	1
39103	1
39106	1
39127	1
39130	2
39131	1
39132	2
39133	1
39137	1
39139	1
39153	1
39162	1
39164	1
39176	1
39198	1
39210	1
39229	1
39235	1
39236	1
39238	1
39239	2
39240	3
39247	1
39249	1
39271	1
39272	2
39277	1
39279	1
39307	1
39309	2
39311	1
39321	1
39323	1
39343	1
39346	1
39356	2
39358	2
39368	1
39372	1
39375	1
39376	1
39385	1
39389	1
39403	2
39404	1
39410	1
39440	2
39441	4
39444	1
39463	1
39467	1
39491	1
39495	1
39520	1
39523	2
39524	1
39548	1
39554	1
39556	1
39560	1
39563	1
39564	1
39565	1
39567	1
39568	1
39570	1
39572	1
39578	1
39580	1
39601	1
39602	1
39603	3
39605	2
39606	3
39609	1
39630	1
39637	1
39638	1
39644	1
39645	2
39646	1
39648	1
39649	1
39660	1
39663	2
39667	1
39668	1
39673	2
39678	1
39710	1
39712	1
39713	2
39717	1
39719	1
39722	2
39724	1
39734	2
39759	1
39765	1
39787	2
39788	2
39789	1
39790	1
39792	1
39815	1
39816	1
39821	1
39822	1
39823	1
39824	1
39827	1
39835	1
39840	1
39879	1
39889	2
39939	1
39941	1
39942	1
39957	1
39959	1
40004	1
40005	1
40011	1
40013	1
40020	1
40033	1
40037	1
40039	1
40044	1
40060	1
40063	1
40067	1
40068	1
40074	1
40075	1
40076	1
40096	1
40099	1
40101	1
40104	2
40105	3
40106	1
40107	1
40108	1
40123	1
40125	1
40128	1
40178	1
40179	1
40181	1
40184	1
40196	2
40197	1
40199	1
40205	1
40225	1
40226	1
40232	1
40234	1
40268	1
40290	1
40313	1
40319	1
40327	1
40328	1
40330	1
40333	1
40334	1
40335	1
40337	1
40339	1
40345	1
40346	1
40347	1
40350	2
40351	1
40352	1
40353	1
40356	1
40357	1
40358	1
40364	2
40365	1
40366	2
40368	1
40381	2
40391	1
40397	1
40409	1
40438	1
40442	1
40447	1
40451	1
40459	1
40460	1
40471	1
40486	1
40499	1
40519	1
40521	1
40523	1
40539	1
40555	1
40570	1
40644	1
40645	1
40647	1
40664	1
40665	1
40667	1
40679	1
40681	2
40691	1
40699	1
40701	1
40717	1
40718	1
40720	2
40721	1
40722	1
40723	1
40724	1
40732	1
40735	1
40741	2
40743	1
40753	1
40782	1
40786	1
40788	1
40816	1
40817	1
40823	2
40836	1
40838	1
40846	2
40852	1
40854	1
40855	1
40861	1
40862	1
40863	1
40865	1
40869	2
40872	1
40881	1
40892	1
40897	2
40903	1
40904	2
40905	1
40906	1
40907	1
40908	1
40910	1
40955	1
40959	1
40969	1
40970	2
40981	1
40983	1
40985	1
41014	1
41023	1
41025	2
41026	1
41028	1
41029	1
41031	2
41034	1
41036	2
41037	1
41039	1
41059	1
41062	1
41065	1
41071	1
41079	1
41080	1
41081	2
41082	1
41083	1
41084	1
41086	1
41088	1
41090	1
41095	1
41096	1
41098	1
41099	2
41100	1
41107	2
41131	1
41132	1
41135	1
41136	1
41137	1
41138	1
41143	2
41144	2
41145	1
41146	1
41149	1
41150	2
41153	1
41154	1
41155	2
41156	2
41157	1
41159	1
41161	1
41162	1
41163	2
41164	1
41165	2
41166	1
41167	2
41168	1
41169	1
41170	1
41171	2
41172	1
41175	1
41176	2
41177	1
41178	1
41186	1
41191	1
41192	1
41195	2
41196	1
41207	1
41212	1
41213	1
41218	1
41223	1
41230	1
41239	1
41240	1
41242	1
41243	1
41246	1
41248	1
41250	1
41251	1
41253	1
41255	1
41260	1
41263	1
41267	1
41280	1
41287	1
41288	1
41290	1
41308	2
41315	1
41359	1
41393	1
41402	1
41416	3
41437	1
41449	1
41450	1
41452	1
41454	1
41455	1
41456	1
41460	1
41463	1
41465	1
41467	1
41468	1
41470	1
41473	2
41475	2
41477	2
41478	1
41480	1
41483	1
41484	1
41492	1
41497	2
41507	1
41509	1
41510	1
41521	1
41526	1
41527	2
41529	1
41551	1
41552	1
41554	1
41555	1
41561	2
41562	1
41563	1
41565	1
41568	2
41569	1
41614	2
41617	1
41620	1
41621	1
41622	1
41624	1
41627	1
41636	2
41638	1
41640	1
41647	1
41649	1
41658	1
41666	1
41667	1
41668	1
41669	1
41670	1
41678	2
41679	1
41680	1
41690	1
41696	1
41697	1
41698	1
41701	1
41702	2
41703	1
41704	1
41706	2
41709	1
41712	1
41714	1
41717	1
41749	1
41750	1
41751	1
41752	1
41753	2
41754	2
41755	1
41764	1
41765	1
41815	1
41826	1
41827	1
41829	2
41830	1
41834	1
41846	2
41848	1
41855	1
41881	1
41883	1
41888	1
41901	1
41902	1
41903	1
41925	1
41927	1
41928	1
41946	1
41973	1
41975	1
41989	2
41990	2
41991	2
41992	2
41993	1
41995	1
41996	1
41997	1
41998	1
42001	1
42002	1
42005	1
42007	1
42012	1
42017	1
42019	1
42021	1
42023	1
42039	1
42055	1
42058	1
42064	1
42065	1
42093	1
42096	2
42106	1
42126	1
42134	2
42140	1
42142	1
42151	1
42154	1
42158	1
42162	1
42179	1
42181	1
42183	1
42185	1
42193	1
42197	1
42227	1
42241	2
42242	2
42243	1
42244	1
42245	1
42257	1
42315	1
42317	1
42322	1
42325	1
42329	1
42330	1
42333	1
42349	1
42352	1
42353	1
42354	1
42355	1
42360	1
42365	1
42373	4
42375	5
42434	1
42445	1
42453	2
42465	1
42466	1
42467	1
42470	1
42476	1
42491	1
42492	1
42503	1
42506	1
42507	1
42510	1
42516	1
42517	2
42559	5
42561	3
42563	3
42564	2
42580	3
42582	1
42584	1
42585	2
42586	1
42587	1
42588	1
42593	1
42604	1
42631	1
42633	1
42657	1
42659	1
42693	1
42706	1
42728	1
42729	1
42731	1
42737	1
42740	1
42753	1
42754	1
42757	1
42761	1
42766	1
42767	1
42768	1
42773	1
42774	1
42815	1
42829	1
42830	1
42831	3
42832	2
42833	1
42834	1
42836	1
42837	1
42838	1
42839	1
42840	1
42844	1
42845	2
42846	1
42863	1
42878	1
42888	1
42889	2
42891	1
42906	1
42914	1
42930	1
42945	1
42946	1
42947	1
42948	2
42954	2
42959	1
42960	1
42992	1
42993	1
43018	1
43037	1
43046	1
43047	1
43048	1
43055	1
43060	1
43105	1
43106	1
43108	1
43126	1
43131	1
43140	1
43148	1
43152	1
43216	1
43258	1
43279	1
43281	2
43282	1
43283	1
43284	1
43285	1
43288	1
43289	1
43292	1
43294	1
43351	2
43355	1
43356	2
43363	1
43364	2
43366	2
43368	1
43377	1
43379	3
43380	1
43419	1
43428	2
43429	1
43433	1
43437	2
43439	1
43453	1
43472	1
43474	1
43475	1
43476	1
43498	1
43503	1
43504	1
43505	1
43572	1
43576	1
43578	1
43608	1
43614	1
43621	1
43623	1
43625	1
43626	1
43627	1
43636	1
43640	1
43642	1
43644	1
43670	1
43672	1
43673	1
43674	2
43676	1
43678	1
43679	1
43680	1
43685	1
43686	1
43692	1
43694	1
43696	2
43697	1
43699	1
43703	1
43708	1
43748	1
43750	1
43752	1
43754	1
43755	1
43756	2
43757	2
43759	1
43760	2
43762	3
43763	1
43771	1
43772	1
43774	1
43784	1
43794	1
43802	1
43803	1
43807	1
43809	1
43813	1
43815	1
43817	1
43843	1
43844	1
43850	1
43861	2
43863	1
43864	1
43865	2
43876	1
43884	1
43888	1
43889	2
43896	1
43900	1
43911	1
43915	1
43916	1
43918	2
43921	1
43926	1
43927	1
43928	1
43932	1
43938	1
43939	1
43941	1
43944	1
43945	1
43948	2
43953	1
43960	1
43961	1
43981	1
43983	1
44035	1
44057	2
44058	1
44062	1
44064	1
44079	1
44091	1
44098	1
44106	1
44107	1
44108	1
44109	1
44158	1
44160	2
44163	1
44175	1
44199	1
44252	1
44425	1
44449	1
44947	3
44948	2
44949	2
44950	1
45377	1
45399	1
45401	1
45405	1
45411	1
45440	1
45441	2
45442	1
45444	1
45572	1
46165	1
46166	1
46168	1
46170	1
46175	2
46176	1
46179	1
46188	2
