ObservationID	Count
163	0
164	0
165	0
166	0
167	0
168	0
169	0
170	0
171	0
172	0
173	0
174	0
175	0
176	0
177	0
178	0
179	0
180	0
205	0
206	0
207	2
208	0
209	1
210	0
301	0
302	2
303	0
304	0
305	1
306	1
307	0
308	0
309	0
310	0
311	0
312	1
319	1
320	0
321	0
322	0
323	0
324	0
325	0
326	0
327	1
328	0
329	0
330	0
337	0
338	0
339	0
340	1
341	1
342	1
343	0
344	0
345	0
346	0
347	2
348	1
415	5
416	0
417	1
418	0
419	0
420	0
427	6
428	0
429	2
430	0
431	0
432	0
439	4
440	1
441	2
442	0
443	0
444	0
541	0
542	0
543	0
544	0
545	0
546	0
613	0
614	0
615	0
616	0
617	0
618	0
643	0
644	0
645	0
646	0
647	0
648	0
991	0
992	0
993	1
994	0
995	0
996	0
997	0
998	0
999	0
1000	0
1001	0
1002	0
1201	0
1202	0
1203	0
1204	0
1205	1
1206	1
1213	0
1214	0
1215	0
1216	0
1217	0
1218	1
1231	0
1232	0
1233	0
1234	0
1235	1
1236	1
1237	0
1238	0
1239	0
1240	0
1241	1
1242	0
1243	0
1244	0
1245	0
1246	0
1247	0
1248	0
1249	0
1250	0
1251	0
1252	0
1253	0
1254	1
1273	0
1274	0
1275	0
1276	0
1277	0
1278	0
1291	0
1292	0
1293	0
1294	0
1295	0
1296	0
1351	0
1352	0
1353	0
1354	0
1355	0
1356	0
1357	0
1358	0
1359	0
1360	0
1361	0
1362	0
1363	0
1364	0
1365	0
1366	0
1367	0
1368	0
1387	0
1388	0
1389	0
1390	0
1391	0
1392	0
1417	0
1418	0
1419	1
1420	0
1421	0
1422	0
1423	0
1424	0
1425	0
1426	1
1427	0
1428	0
1429	0
1430	0
1431	0
1432	2
1433	0
1434	0
1567	0
1568	0
1569	0
1570	0
1571	1
1572	2
1753	0
1754	1
1755	0
1756	0
1757	0
1758	1
1759	0
1760	0
1761	0
1762	1
1763	1
1764	2
1783	0
1784	1
1785	0
1786	0
1787	1
1788	1
1825	0
1826	0
1827	0
1828	0
1829	1
1830	0
2269	1
2270	0
2271	0
2272	0
2273	0
2274	0
2275	0
2276	0
2277	0
2278	0
2279	0
2280	0
2281	0
2282	0
2283	0
2284	0
2285	0
2286	0
2365	1
2366	1
2367	0
2368	0
2369	0
2370	0
2551	0
2552	0
2553	0
2554	0
2555	0
2556	0
2557	0
2558	0
2559	0
2560	0
2561	0
2562	0
2563	0
2564	0
2565	0
2566	0
2567	0
2568	0
2809	0
2810	0
2811	0
2812	0
2813	1
2814	0
2815	0
2816	0
2817	0
2818	0
2819	1
2820	1
2935	0
2936	0
2937	0
2938	0
2939	0
2940	0
2941	0
2942	0
2943	0
2944	0
2945	0
2946	0
2947	0
2948	0
2949	0
2950	0
2951	0
2952	0
2953	0
2954	0
2955	0
2956	0
2957	0
2958	0
2959	0
2960	0
2961	0
2962	0
2963	0
2964	0
2965	1
2966	0
2967	1
2968	0
2969	0
2970	0
2977	0
2978	0
2979	1
2980	1
2981	0
2982	0
3007	0
3008	0
3009	0
3010	0
3011	0
3012	0
3013	0
3014	1
3015	0
3016	0
3017	0
3018	0
3091	0
3092	0
3093	0
3094	0
3095	0
3096	0
3097	0
3098	0
3099	0
3100	0
3101	0
3102	0
3355	2
3356	0
3357	2
3358	0
3359	1
3360	0
3433	0
3434	0
3435	0
3436	0
3437	0
3438	0
3439	0
3440	0
3441	0
3442	0
3443	1
3444	0
3445	0
3446	0
3447	0
3448	0
3449	1
3450	0
3517	0
3518	0
3519	0
3520	0
3521	0
3522	0
3529	0
3530	0
3531	0
3532	0
3533	0
3534	0
3535	0
3536	0
3537	0
3538	0
3539	0
3540	0
3745	0
3746	0
3747	0
3748	0
3749	0
3750	0
3751	0
3752	0
3753	0
3754	0
3755	0
3756	0
4099	2
4100	0
4101	0
4102	1
4103	0
4104	0
4105	1
4106	1
4107	2
4108	1
4109	1
4110	0
4111	1
4112	0
4113	1
4114	1
4115	1
4116	0
4123	0
4124	0
4125	0
4126	1
4127	1
4128	0
4129	0
4130	0
4131	0
4132	0
4133	0
4134	0
4243	0
4244	0
4245	1
4246	0
4247	0
4248	0
4261	1
4262	0
4263	1
4264	0
4265	2
4266	1
4375	0
4376	0
4377	0
4378	0
4379	0
4380	0
4513	0
4514	0
4515	0
4516	0
4517	1
4518	0
4891	0
4892	0
4893	0
4894	0
4895	1
4896	0
4897	0
4898	0
4899	0
4900	0
4901	2
4902	0
4909	0
4910	0
4911	0
4912	0
4913	1
4914	1
5545	0
5546	0
5547	0
5548	0
5549	0
5550	0
5551	0
5552	0
5553	0
5554	0
5555	0
5556	0
5557	0
5558	0
5559	0
5560	0
5561	1
5562	0
5857	0
5858	0
5859	0
5860	0
5861	0
5862	0
5869	0
5870	0
5871	0
5872	0
5873	0
5874	0
6739	0
6740	0
6741	0
6742	0
6743	0
6744	2
6745	0
6746	0
6747	0
6748	0
6749	0
6750	1
6757	0
6758	0
6759	0
6760	0
6761	0
6762	0
7063	0
7064	0
7065	0
7066	0
7067	0
7068	0
7093	0
7094	0
7095	0
7096	0
7097	0
7098	0
7123	0
7124	0
7125	0
7126	0
7127	0
7128	0
7237	1
7238	0
7239	0
7240	0
7241	0
7242	1
7249	0
7250	0
7251	0
7252	0
7253	0
7254	0
7255	0
7256	0
7257	0
7258	0
7259	0
7260	0
7267	0
7268	0
7269	0
7270	0
7271	0
7272	0
8449	1
8450	0
8451	0
8452	1
8453	0
8454	0
8911	0
8912	0
8913	0
8914	0
8915	0
8916	0
8953	0
8954	0
8955	0
8956	0
8957	0
8958	0
9433	0
9434	0
9435	0
9436	0
9437	0
9438	0
9445	0
9446	0
9447	0
9448	2
9449	0
9450	0
9457	0
9458	0
9459	0
9460	0
9461	1
9462	0
9499	0
9500	0
9501	0
9502	0
9503	1
9504	0
9541	0
9542	0
9543	0
9544	0
9545	0
9546	1
9559	0
9560	0
9561	0
9562	0
9563	0
9564	0
10135	0
10136	0
10137	0
10138	0
10139	0
10140	0
10141	0
10142	0
10143	3
10144	0
10145	0
10146	0
10147	0
10148	0
10149	1
10150	2
10151	1
10152	1
10525	0
10526	0
10527	0
10528	0
10529	0
10530	0
10573	0
10574	0
10575	0
10576	0
10577	0
10578	0
10639	0
10640	0
10641	0
10642	0
10643	0
10644	0
11167	0
11168	0
11169	0
11170	0
11171	0
11172	0
11197	0
11198	0
11199	0
11200	0
11201	0
11202	0
11203	0
11204	0
11205	0
11206	0
11207	0
11208	0
11209	0
11210	0
11211	0
11212	0
11213	1
11214	0
14905	1
14906	1
14907	1
14908	0
14909	1
14910	0
14917	1
14918	0
14919	0
14920	0
14921	0
14922	1
14989	0
14990	0
14991	1
14992	3
14993	0
14994	3
15067	0
15068	0
15069	0
15070	1
15071	0
15072	2
15073	0
15074	0
15075	0
15076	1
15077	2
15078	3
15079	0
15080	0
15081	0
15082	2
15083	0
15084	0
15085	0
15086	0
15087	0
15088	0
15089	0
15090	0
15091	0
15092	0
15093	0
15094	0
15095	0
15096	0
15565	0
15566	1
15567	1
15568	0
15569	0
15570	0
15571	0
15572	0
15573	1
15574	0
15575	0
15576	0
15577	0
15578	0
15579	0
15580	2
15581	0
15582	0
15655	0
15656	0
15657	0
15658	0
15659	1
15660	1
15661	0
15662	0
15663	0
15664	0
15665	2
15666	0
15667	0
15668	0
15669	0
15670	0
15671	1
15672	2
15673	0
15674	0
15675	0
15676	0
15677	0
15678	0
15679	1
15680	0
15681	0
15682	0
15683	0
15684	0
15686	0
15687	0
15688	0
15689	2
15690	1
15745	0
15746	0
15747	0
15748	0
15749	0
15750	0
15751	0
15752	0
15753	0
15754	0
15755	0
15756	1
15757	0
15758	0
15759	0
15760	1
15761	0
15762	1
15763	0
15764	0
15765	0
15766	0
15767	0
15768	0
15769	0
15770	1
15771	0
15772	0
15773	0
15774	0
15775	0
15776	0
15777	0
15778	0
15779	1
15780	0
15781	0
15782	1
15783	0
15784	1
15785	0
15786	0
15787	0
15788	1
15789	0
15790	0
15791	0
15792	0
15793	0
15794	0
15795	0
15796	0
15797	0
15798	0
15799	0
15800	2
15801	0
15802	0
15803	0
15804	0
15805	0
15806	0
15807	1
15808	0
15809	2
15810	0
15811	0
15812	1
15813	1
15814	1
15815	0
15816	0
15817	0
15818	1
15819	0
15820	0
15821	0
15822	0
15829	0
15830	2
15831	0
15832	0
15833	1
15834	0
15841	0
15842	2
15843	1
15844	0
15845	1
15846	0
16621	0
16622	0
16623	0
16624	0
16625	1
16626	0
16627	0
16628	0
16629	0
16630	0
16631	0
16632	0
16633	0
16634	0
16635	0
16636	0
16637	0
16638	0
16651	0
16652	0
16653	0
16654	0
16655	0
16656	0
16663	0
16664	0
16665	0
16666	0
16667	0
16668	0
16669	0
16670	0
16671	0
16672	0
16673	0
16674	0
16681	0
16682	0
16683	0
16684	0
16685	0
16686	0
16693	0
16694	0
16695	0
16696	0
16697	0
16698	0
16705	0
16706	0
16707	0
16708	0
16709	0
16710	1
16711	0
16712	0
16713	0
16714	0
16715	0
16716	0
16717	0
16718	0
16719	0
16720	0
16721	0
16722	0
16735	0
16736	0
16737	0
16738	0
16739	0
16740	0
16747	0
16748	0
16749	0
16750	0
16751	0
16752	0
16753	0
16754	0
16755	1
16756	0
16757	0
16758	0
16771	0
16772	0
16773	0
16774	0
16775	0
16776	0
16813	1
16814	1
16815	0
16816	1
16817	0
16818	0
16819	0
16820	0
16821	0
16822	1
16823	0
16824	1
16825	0
16826	0
16827	0
16828	0
16829	0
16830	0
16831	2
16832	0
16833	0
16834	0
16835	0
16836	0
16837	2
16838	1
16839	0
16840	2
16841	0
16842	1
16843	0
16844	0
16845	0
16846	1
16847	0
16848	0
16849	1
16850	0
16851	1
16852	1
16853	3
16854	0
16855	0
16856	0
16857	2
16858	0
16859	2
16860	0
16861	0
16862	2
16863	0
16864	1
16865	0
16866	0
16909	0
16910	0
16911	0
16912	1
16913	0
16914	0
16921	0
16922	0
16923	0
16924	0
16925	0
16926	0
16933	2
16934	0
16935	0
16936	0
16937	0
16938	0
16999	0
17000	0
17001	0
17002	0
17003	0
17004	0
17035	1
17036	1
17037	1
17038	0
17039	1
17040	0
17071	1
17072	0
17073	1
17074	0
17075	1
17076	1
17083	0
17084	0
17085	3
17086	1
17087	0
17088	1
17227	0
17228	0
17229	0
17230	0
17231	0
17232	0
17233	0
17234	0
17235	1
17236	0
17237	1
17238	0
17251	0
17252	0
17253	2
17254	0
17255	1
17256	0
17317	0
17318	0
17319	0
17320	0
17321	0
17322	0
17335	0
17336	0
17337	0
17338	0
17339	0
17340	0
17341	0
17342	0
17343	0
17344	0
17345	0
17346	0
17479	0
17480	0
17481	0
17482	0
17483	0
17484	0
17485	0
17486	1
17487	0
17488	0
17489	0
17490	0
17491	0
17492	0
17493	0
17494	0
17495	0
17496	0
17893	0
17894	0
17895	0
17896	0
17897	0
17898	0
17899	0
17900	0
17901	0
17902	0
17903	0
17904	0
18607	0
18608	0
18609	0
18610	0
18611	0
18612	0
18619	0
18620	0
18621	0
18622	0
18623	0
18624	0
18637	0
18638	0
18639	0
18640	0
18641	0
18642	0
18673	0
18674	0
18675	0
18676	0
18677	0
18678	0
19093	0
19095	0
19096	0
19097	0
19098	0
19099	0
19100	0
19101	0
19102	0
19103	0
19104	0
19357	1
19358	0
19359	1
19360	1
19361	2
19362	0
19363	0
19364	0
19365	0
19366	0
19367	0
19368	2
19369	0
19370	0
19371	0
19372	2
19373	0
19374	0
19375	0
19376	1
19377	0
19378	1
19379	0
19380	0
19381	0
19382	0
19383	1
19384	1
19385	0
19386	0
19387	0
19388	0
19389	0
19390	1
19391	0
19392	1
19411	0
19412	0
19413	0
19414	0
19415	0
19416	0
19417	0
19418	0
19419	0
19420	0
19421	0
19422	0
19423	0
19424	0
19425	0
19426	0
19427	0
19428	2
19435	0
19436	0
19437	0
19438	0
19439	0
19440	0
19441	0
19442	0
19443	0
19444	0
19445	1
19446	0
19447	0
19448	1
19449	4
19450	1
19451	1
19452	1
19453	0
19454	0
19455	0
19456	0
19457	0
19458	0
19459	0
19460	2
19461	0
19462	1
19463	1
19464	1
19465	0
19466	0
19467	1
19468	0
19469	0
19470	0
19471	1
19472	4
19473	1
19474	2
19475	0
19476	2
19477	0
19478	0
19479	0
19480	1
19481	0
19482	2
19495	0
19496	1
19497	2
19498	1
19499	1
19500	3
19519	0
19520	0
19521	0
19522	0
19523	0
19524	0
19543	0
19544	0
19545	0
19546	0
19547	0
19548	0
19555	0
19556	0
19557	0
19558	0
19559	1
19560	0
19561	0
19562	0
19563	0
19564	0
19565	0
19566	0
19591	0
19592	0
19593	0
19594	0
19595	0
19596	0
19597	0
19598	0
19599	0
19600	1
19601	0
19602	0
19603	0
19604	0
19605	1
19606	1
19607	0
19608	0
19609	0
19610	2
19611	0
19612	0
19613	0
19614	0
19615	1
19616	0
19617	0
19618	0
19619	1
19620	0
19621	1
19622	0
19623	0
19624	0
19625	0
19626	0
19645	0
19646	2
19647	0
19648	0
19649	0
19650	0
19651	0
19652	1
19653	0
19654	1
19655	1
19656	0
19657	0
19658	2
19659	0
19660	0
19661	0
19662	0
19663	0
19664	0
19665	0
19666	0
19667	1
19668	0
19669	0
19670	0
19671	0
19672	0
19673	0
19674	0
19681	0
19682	0
19683	0
19684	0
19685	0
19686	0
20029	0
20030	0
20031	0
20032	0
20033	0
20034	1
20035	0
20036	1
20037	0
20038	1
20039	0
20040	0
20041	0
20042	0
20043	1
20044	0
20045	0
20046	0
20047	0
20048	0
20049	0
20050	0
20051	0
20052	0
20215	0
20216	0
20217	0
20218	0
20219	0
20220	0
20731	0
20732	0
20733	0
20734	0
20735	0
20736	0
20737	0
20738	0
20739	0
20740	0
20741	0
20742	0
20743	0
20744	0
20745	0
20746	0
20747	0
20748	0
20827	0
20828	0
20829	0
20830	0
20831	0
20832	0
20851	0
20852	0
20853	0
20854	0
20855	0
20856	0
20857	0
20858	0
20859	0
20860	0
20861	0
20862	0
20887	0
20888	0
20889	0
20890	0
20891	0
20892	0
20905	2
20906	0
20907	0
20908	0
20909	1
20910	0
20941	0
20942	1
20943	0
20944	0
20945	0
20946	0
20953	0
20954	1
20955	1
20956	1
20957	0
20958	0
20971	0
20972	1
20973	1
20974	1
20975	1
20976	0
20977	0
20978	0
20979	0
20980	0
20981	0
20982	0
21037	0
21038	0
21039	0
21040	0
21041	0
21042	0
21073	0
21074	0
21075	0
21076	0
21077	0
21078	0
21085	0
21086	0
21087	0
21088	0
21089	0
21090	0
21097	0
21098	0
21099	0
21100	0
21101	0
21102	0
22147	0
22148	0
22149	0
22150	0
22151	0
22152	0
22153	0
22154	0
22155	0
22156	0
22157	0
22158	0
23287	0
23288	2
23289	3
23290	2
23291	1
23292	0
23293	0
23294	0
23295	0
23296	0
23297	0
23298	0
23803	0
23804	0
23805	0
23806	3
23807	0
23808	0
23875	2
23876	0
23877	2
23878	1
23879	0
23880	0
24283	0
24284	0
24285	0
24286	0
24287	0
24288	2
24295	0
24296	0
24297	0
24298	0
24299	0
24300	2
24301	0
24302	0
24303	0
24304	0
24305	0
24306	1
24433	1
24434	0
24435	0
24436	0
24437	0
24438	0
25363	0
25364	0
25365	0
25366	0
25367	0
25368	0
25369	0
25370	0
25371	0
25372	0
25373	1
25374	1
25393	0
25394	0
25395	0
25396	0
25397	1
25398	0
26185	0
26186	0
26187	1
26188	1
26189	3
26190	1
26191	0
26192	1
26193	0
26194	1
26195	0
26196	2
26197	0
26198	0
26199	0
26200	0
26201	0
26202	0
26389	0
26390	0
26391	0
26392	0
26393	0
26394	0
26395	0
26396	0
26397	0
26398	0
26399	0
26400	0
26401	0
26402	0
26403	0
26404	0
26405	0
26406	0
26407	0
26408	0
26409	0
26410	0
26411	1
26412	0
26413	0
26414	0
26415	0
26416	0
26417	1
26418	0
26419	0
26420	0
26421	0
26422	0
26423	2
26424	0
26425	0
26426	0
26427	0
26428	0
26429	0
26430	0
26431	0
26432	0
26433	0
26434	0
26435	0
26436	1
26437	0
26438	0
26439	0
26440	0
26441	1
26442	0
26533	0
26534	1
26535	0
26536	2
26537	1
26538	0
26539	0
26540	1
26541	0
26542	0
26543	0
26544	0
26545	0
26546	3
26547	0
26548	0
26549	0
26550	0
26617	0
26618	0
26619	2
26620	0
26621	0
26622	0
26629	0
26630	0
26631	0
26632	0
26633	1
26634	0
26641	0
26642	0
26643	0
26644	1
26645	0
26646	0
26731	0
26732	0
26733	0
26734	0
26735	0
26736	0
26737	0
26738	0
26739	0
26740	1
26741	0
26742	0
27469	0
27470	0
27471	0
27472	0
27473	0
27474	0
27475	0
27476	0
27477	0
27478	0
27479	0
27480	0
27481	0
27482	0
27483	0
27484	0
27485	0
27486	0
27643	0
27644	1
27645	0
27646	1
27647	0
27648	0
27649	0
27650	0
27651	0
27652	1
27653	0
27654	0
27655	0
27656	0
27657	0
27658	1
27659	0
27660	0
27751	0
27752	0
27753	0
27754	0
27755	1
27756	0
27757	0
27758	0
27759	0
27760	0
27761	0
27762	0
27763	0
27764	0
27765	0
27766	0
27767	1
27768	0
27979	2
27980	0
27981	0
27982	0
27983	0
27984	0
27985	1
27986	1
27987	0
27988	0
27989	0
27990	0
27991	1
27992	0
27993	0
27994	0
27995	0
27996	0
28477	0
28478	0
28479	0
28480	0
28481	0
28482	1
28567	0
28568	1
28569	0
28570	0
28571	0
28572	0
28573	0
28574	0
28575	0
28576	1
28577	3
28578	1
28657	0
28658	0
28659	0
28660	0
28661	0
28662	1
28663	0
28664	0
28665	0
28666	0
28667	0
28668	0
28669	0
28670	0
28671	0
28672	0
28673	0
28674	2
28783	1
28784	0
28785	0
28786	0
28787	0
28788	0
28789	0
28790	1
28791	3
28792	0
28793	1
28794	1
28795	0
28796	0
28797	0
28798	0
28799	0
28800	0
28801	1
28802	1
28803	1
28804	0
28805	2
28806	2
28807	0
28808	0
28809	1
28810	0
28811	0
28812	0
28813	2
28814	0
28815	3
28816	0
28817	1
28818	0
28873	2
28874	0
28875	0
28876	1
28877	0
28878	0
28885	0
28886	0
28887	0
28888	0
28889	0
28890	0
28903	0
28904	0
28905	0
28906	1
28907	0
28908	0
29077	0
29078	0
29079	2
29080	0
29081	1
29082	2
29089	2
29090	0
29091	2
29092	0
29093	0
29094	0
29095	0
29096	0
29097	0
29098	0
29099	0
29100	0
29101	0
29102	0
29103	0
29104	0
29105	0
29106	0
29107	0
29108	0
29109	1
29110	0
29111	0
29112	0
29155	1
29156	0
29157	1
29158	2
29159	1
29160	2
29293	0
29294	0
29295	0
29296	0
29297	0
29298	0
29299	0
29300	0
29301	0
29302	0
29303	0
29304	0
29305	0
29306	0
29307	2
29308	1
29309	4
29310	2
29653	0
29654	0
29655	0
29656	1
29657	1
29658	0
29659	0
29660	0
29661	0
29662	0
29663	0
29664	0
29791	0
29792	2
29793	1
29794	0
29795	0
29796	0
29875	0
29876	0
29877	0
29878	1
29879	0
29880	0
30007	0
30008	3
30009	0
30010	0
30011	0
30012	0
30043	0
30044	0
30045	0
30046	0
30047	0
30048	0
30055	0
30056	0
30057	0
30058	0
30059	0
30060	0
30067	0
30068	0
30069	0
30070	0
30071	0
30072	0
30181	0
30182	1
30183	0
30184	0
30185	0
30186	0
30187	0
30188	0
30189	0
30190	0
30191	0
30192	0
30295	0
30296	3
30297	0
30298	1
30299	0
30300	0
30301	0
30302	0
30303	0
30304	0
30305	0
30306	0
30307	0
30308	2
30309	1
30310	1
30311	0
30312	0
30373	0
30374	0
30375	0
30376	1
30377	0
30378	1
30379	0
30380	1
30381	1
30382	0
30383	1
30384	0
30397	0
30398	2
30399	0
30400	0
30401	3
30402	1
30445	0
30446	0
30447	0
30448	0
30449	0
30450	0
30451	0
30452	0
30453	0
30454	0
30455	0
30456	0
30547	0
30548	0
30549	0
30550	0
30551	0
30552	0
30679	0
30680	0
30681	0
30682	1
30683	1
30684	2
30685	3
30686	0
30687	0
30688	2
30689	0
30690	1
30691	0
30692	0
30693	0
30694	0
30695	0
30696	1
30697	1
30698	1
30699	1
30700	2
30701	0
30702	0
30721	0
30722	0
30723	0
30724	0
30725	0
30726	0
30727	0
30728	0
30729	0
30730	0
30731	0
30732	0
30733	0
30734	0
30735	0
30736	0
30737	0
30738	0
30739	0
30740	0
30741	1
30742	0
30743	0
30744	0
30751	0
30752	3
30753	0
30754	0
30755	0
30756	1
30757	0
30758	1
30759	2
30760	0
30761	0
30762	0
30871	0
30872	0
30873	0
30874	0
30875	0
30876	0
30877	2
30878	1
30879	0
30880	2
30881	0
30882	0
30937	0
30938	4
30939	0
30940	1
30941	0
30942	0
30943	0
30944	1
30945	0
30946	0
30947	0
30948	0
31003	0
31004	0
31005	0
31006	0
31007	0
31008	0
31027	0
31028	0
31029	0
31030	0
31031	0
31032	0
31093	2
31094	2
31095	1
31096	0
31097	1
31098	1
31111	0
31112	0
31113	1
31114	0
31115	2
31116	1
31135	0
31136	0
31137	0
31138	0
31139	0
31140	0
31255	0
31256	0
31257	0
31258	0
31259	0
31260	0
31261	0
31262	1
31263	2
31264	1
31265	1
31266	1
31267	0
31268	0
31269	0
31270	0
31271	0
31272	0
31303	0
31304	0
31305	0
31306	0
31307	0
31308	1
31321	1
31322	0
31323	2
31324	1
31325	2
31326	1
31339	0
31340	0
31341	0
31342	0
31343	0
31344	0
31345	1
31346	0
31347	4
31348	0
31349	1
31350	0
31351	1
31352	1
31353	3
31354	3
31355	1
31356	1
31393	0
31394	0
31395	0
31396	0
31397	1
31398	0
31411	0
31412	0
31413	0
31414	0
31415	0
31416	0
31417	2
31418	0
31419	0
31420	1
31421	0
31422	0
31507	0
31508	0
31509	0
31510	0
31511	0
31512	0
31519	0
31520	0
31521	0
31522	0
31523	0
31524	0
31525	0
31526	0
31527	0
31528	0
31529	0
31530	0
31687	0
31688	0
31689	0
31690	0
31691	0
31692	0
31705	0
31706	0
31707	0
31708	4
31709	2
31710	0
31711	0
31712	0
31713	0
31714	1
31715	0
31716	0
31717	0
31718	0
31719	0
31720	1
31721	3
31722	1
31801	1
31802	0
31803	1
31804	1
31805	1
31806	2
31861	0
31862	1
31863	1
31864	0
31865	1
31866	0
31969	0
31970	1
31971	2
31972	0
31973	1
31974	0
32005	0
32006	1
32007	1
32008	0
32009	2
32010	1
32137	5
32138	2
32139	1
32140	1
32141	0
32142	1
32203	0
32204	0
32205	0
32206	0
32207	0
32208	0
32209	0
32210	0
32211	0
32212	0
32213	0
32214	0
32215	1
32216	0
32217	1
32218	1
32219	0
32220	0
32221	0
32222	0
32223	0
32224	1
32225	0
32226	0
32227	1
32228	0
32229	0
32230	0
32231	0
32232	0
32257	1
32258	0
32259	0
32260	1
32261	0
32262	0
32359	0
32360	0
32361	0
32362	0
32363	0
32364	0
32365	0
32366	0
32367	0
32368	0
32369	0
32370	0
32371	0
32372	0
32373	1
32374	0
32375	0
32376	0
32377	0
32378	0
32379	1
32380	0
32381	0
32382	0
32383	0
32384	0
32385	1
32386	0
32387	0
32388	0
32389	0
32390	0
32391	1
32392	0
32393	0
32394	0
32395	0
32396	0
32397	0
32398	0
32399	0
32400	0
32401	0
32402	0
32403	1
32404	0
32405	0
32406	0
32407	0
32408	0
32409	0
32410	0
32411	0
32412	0
32431	1
32432	0
32433	0
32434	0
32435	0
32436	0
32443	1
32444	0
32445	0
32446	0
32447	0
32448	0
32575	0
32576	0
32577	0
32578	0
32579	0
32580	0
32582	0
32587	0
32588	0
32589	0
32590	0
32591	0
32592	0
32737	0
32738	0
32739	0
32740	0
32741	0
32742	0
32743	0
32744	0
32745	0
32746	0
32747	0
32748	0
32749	0
32750	0
32751	0
32752	0
32753	0
32754	0
32809	0
32810	2
32811	0
32812	0
32813	0
32814	2
32815	0
32816	0
32817	0
32818	0
32819	0
32820	0
32821	0
32822	0
32823	0
32824	0
32825	1
32826	0
33427	0
33428	0
33429	0
33430	0
33431	0
33432	0
33547	0
33548	0
33549	0
33550	0
33551	0
33552	0
33553	0
33554	0
33555	0
33556	0
33557	0
33558	0
33559	0
33560	0
33561	0
33562	0
33563	0
33564	0
33595	0
33596	0
33597	0
33598	0
33599	0
33600	0
33601	0
33602	0
33603	0
33604	0
33605	0
33606	0
33607	0
33608	0
33609	0
33610	0
33611	0
33612	0
33691	0
33692	0
33693	0
33694	0
33695	0
33696	0
33733	0
33734	0
33735	0
33736	0
33737	0
33738	0
33757	1
33758	0
33759	0
33760	0
33761	0
33762	0
33811	0
33812	0
33813	1
33814	2
33815	0
33816	1
33817	0
33818	0
33819	1
33820	2
33821	0
33822	0
33823	0
33824	0
33825	0
33826	0
33827	0
33828	0
33829	0
33830	0
33831	0
33832	1
33833	0
33834	0
33835	0
33836	0
33837	1
33838	0
33839	0
33840	1
33841	0
33842	0
33843	1
33844	0
33845	0
33846	0
33919	0
33920	0
33921	2
33922	0
33923	0
33924	0
33925	0
33926	0
33927	0
33928	0
33929	0
33930	0
33931	0
33932	0
33933	0
33934	0
33935	0
33936	0
33997	0
33998	0
33999	0
34000	0
34001	0
34002	0
34003	2
34004	0
34005	0
34006	0
34007	0
34008	1
34009	0
34010	0
34011	2
34012	0
34013	0
34014	0
34087	0
34088	0
34089	0
34090	2
34091	1
34092	0
34105	0
34106	0
34107	0
34108	0
34109	0
34110	0
34111	1
34112	0
34113	0
34114	0
34115	0
34116	0
34129	0
34130	0
34131	0
34132	0
34133	0
34134	0
34249	0
34250	1
34251	0
34252	1
34253	0
34254	0
34255	0
34256	0
34257	0
34258	0
34259	0
34260	0
34279	0
34280	0
34281	0
34282	0
34283	0
34284	0
34309	0
34310	0
34311	0
34312	0
34313	0
34314	0
34315	0
34316	1
34317	2
34318	2
34319	2
34320	0
34327	0
34328	0
34329	0
34330	0
34331	2
34332	0
34381	0
34382	0
34383	0
34384	0
34385	0
34386	0
34399	2
34400	1
34401	1
34402	2
34403	0
34404	1
34405	1
34406	0
34407	0
34408	0
34409	2
34410	0
34429	0
34430	0
34431	0
34432	0
34433	0
34434	0
34693	1
34694	0
34695	0
34696	0
34697	0
34698	0
34801	0
34802	0
34803	0
34804	1
34805	0
34806	0
34843	0
34844	0
34845	0
34846	0
34847	0
34848	0
34885	0
34886	1
34887	0
34888	1
34889	0
34890	0
34897	1
34898	0
34899	0
34900	0
34901	0
34902	0
34909	0
34910	0
34911	1
34912	2
34913	1
34914	2
35035	0
35036	0
35037	0
35038	0
35039	1
35040	0
35041	0
35042	0
35043	0
35044	0
35045	1
35046	2
35071	1
35072	0
35073	0
35074	0
35075	0
35076	0
35083	0
35084	0
35085	0
35086	0
35087	0
35088	0
35149	0
35150	1
35151	1
35152	0
35153	1
35154	0
35293	0
35294	0
35295	0
35296	0
35297	1
35298	1
35299	0
35300	0
35301	0
35302	0
35303	1
35304	0
35389	0
35390	0
35391	0
35392	0
35393	2
35394	0
35485	0
35486	0
35487	0
35488	0
35489	0
35490	0
35491	0
35492	0
35493	0
35494	0
35495	0
35496	0
35497	0
35498	0
35499	0
35500	0
35501	0
35502	1
35551	0
35552	0
35553	0
35554	0
35555	0
35556	0
35659	0
35660	0
35661	0
35662	0
35663	0
35664	2
35671	0
35672	0
35673	1
35674	2
35675	1
35676	1
35695	0
35696	0
35697	0
35698	0
35699	1
35700	0
35923	0
35924	0
35925	1
35926	0
35927	0
35928	0
36007	1
36008	0
36009	0
36010	0
36011	0
36012	0
36037	0
36038	0
36039	0
36040	0
36041	0
36042	0
36157	0
36158	0
36159	0
36160	0
36161	0
36162	0
36169	0
36170	0
36171	0
36172	0
36173	0
36174	0
36241	0
36242	0
36243	0
36244	0
36245	0
36246	0
36247	0
36248	0
36249	0
36250	0
36251	0
36252	0
36367	1
36368	0
36369	0
36370	0
36371	0
36372	0
36373	0
36374	0
36375	0
36376	0
36377	0
36378	0
36379	0
36380	0
36381	0
36382	0
36383	0
36384	0
36385	0
36386	0
36387	0
36388	0
36389	0
36390	0
36409	0
36410	1
36411	0
36412	0
36413	1
36414	2
36415	0
36416	0
36417	1
36418	0
36419	1
36420	1
36421	0
36422	1
36423	1
36424	2
36425	0
36426	1
36751	1
36752	1
36753	1
36754	1
36755	0
36756	1
36757	0
36758	0
36759	0
36760	0
36761	0
36762	0
36763	1
36764	1
36765	1
36766	1
36767	1
36768	2
36769	0
36770	0
36771	0
36772	0
36773	0
36774	0
36871	0
36872	0
36873	0
36874	0
36875	0
36876	0
36877	0
36878	0
36879	0
36880	0
36881	1
36882	0
36883	0
36884	0
36885	0
36886	0
36887	0
36888	0
36889	0
36890	0
36891	0
36892	0
36893	0
36894	0
36985	2
36986	2
36987	1
36988	1
36989	0
36990	1
37243	0
37244	0
37245	0
37246	0
37247	0
37248	0
37249	0
37250	0
37251	0
37252	0
37253	0
37254	0
37255	0
37256	0
37257	0
37258	0
37259	0
37260	0
37303	0
37304	0
37305	0
37306	0
37307	0
37308	0
37309	0
37310	0
37311	1
37312	0
37313	0
37314	0
37315	0
37316	0
37317	0
37318	0
37319	0
37320	0
37321	0
37322	0
37323	0
37324	0
37325	0
37326	0
37327	0
37328	0
37329	1
37330	1
37331	1
37332	0
37333	0
37334	1
37335	2
37336	1
37337	2
37338	0
37513	0
37514	0
37515	0
37516	0
37517	0
37518	0
37537	0
37538	3
37539	0
37540	0
37541	0
37542	0
37549	0
37550	1
37551	0
37552	0
37553	0
37554	0
37831	0
37832	0
37833	0
37834	0
37835	0
37836	0
37855	0
37856	1
37857	0
37858	0
37859	0
37860	1
37861	0
37862	0
37863	0
37864	0
37865	0
37866	0
37885	0
37886	0
37887	0
37888	0
37889	0
37890	0
37933	0
37934	0
37935	0
37936	0
37937	0
37938	0
38053	0
38054	0
38055	0
38056	1
38057	0
38058	0
38167	0
38168	0
38169	0
38170	0
38171	2
38172	0
38293	0
38294	0
38295	0
38296	0
38297	0
38298	0
38341	0
38342	0
38343	0
38344	0
38345	0
38346	0
38347	0
38348	0
38349	0
38350	0
38351	0
38352	0
38353	3
38354	1
38355	1
38356	0
38357	1
38358	2
38359	0
38360	0
38361	1
38362	1
38363	0
38364	2
38461	0
38462	0
38463	0
38464	0
38465	0
38466	0
38521	0
38522	0
38523	0
38524	0
38525	0
38526	0
38533	1
38534	2
38535	2
38536	1
38537	1
38538	1
38539	0
38540	0
38541	0
38542	0
38543	0
38544	0
38545	0
38546	0
38547	0
38548	0
38549	0
38550	0
38581	0
38582	0
38583	0
38584	0
38585	0
38586	0
38587	0
38588	0
38589	0
38590	0
38591	0
38592	0
38599	0
38600	0
38601	0
38602	0
38603	0
38604	0
38605	3
38606	0
38607	3
38608	4
38609	0
38610	2
38731	0
38732	0
38733	1
38734	0
38735	0
38736	0
38737	0
38738	0
38739	0
38740	1
38741	0
38742	0
38767	0
38768	0
38769	1
38770	0
38771	0
38772	0
38809	0
38810	0
38811	0
38812	0
38813	1
38814	1
38911	0
38912	0
38913	0
38914	0
38915	0
38916	0
38965	0
38966	2
38967	1
38968	2
38969	0
38970	0
38983	0
38984	0
38985	0
38986	0
38987	0
38988	0
39013	0
39014	0
39015	0
39016	0
39017	0
39018	0
39229	0
39230	0
39231	0
39232	0
39233	1
39234	0
39235	0
39236	0
39237	0
39238	2
39239	0
39240	1
39241	0
39242	0
39243	0
39244	1
39245	0
39246	0
39247	0
39248	0
39249	0
39250	1
39251	0
39252	0
39307	0
39308	0
39309	0
39310	1
39311	0
39312	1
39319	1
39320	0
39321	2
39322	0
39323	0
39324	1
39331	1
39332	0
39333	0
39334	0
39335	0
39336	0
39361	0
39362	0
39363	1
39364	0
39365	0
39366	0
39367	2
39368	1
39369	2
39370	2
39371	0
39372	1
39721	0
39722	0
39723	0
39724	0
39725	0
39726	0
39727	0
39728	0
39729	0
39730	0
39731	0
39732	0
39733	0
39734	0
39735	0
39736	0
39737	2
39738	0
39739	0
39740	0
39741	0
39742	0
39743	0
39744	0
39751	0
39752	0
39753	0
39754	0
39755	0
39756	0
39757	0
39758	0
39759	0
39760	0
39761	0
39762	0
39763	0
39764	0
39765	0
39766	0
39767	0
39768	0
39877	0
39878	0
39879	0
39880	0
39881	0
39882	0
39997	0
39998	0
39999	0
40000	0
40001	0
40002	0
40015	0
40016	0
40017	0
40018	0
40019	0
40020	0
40177	0
40178	0
40179	0
40180	0
40181	0
40182	0
40183	0
40184	0
40185	0
40186	0
40187	0
40188	0
40189	0
40190	0
40191	0
40192	0
40193	0
40194	0
40663	0
40664	0
40665	0
40666	2
40667	0
40668	0
40669	0
40670	0
40671	0
40672	0
40673	0
40674	0
40675	0
40676	0
40677	0
40678	1
40679	0
40680	0
40717	0
40718	0
40719	0
40720	0
40721	1
40722	0
40723	0
40724	0
40725	0
40726	0
40727	0
40728	1
40729	0
40730	0
40731	0
40732	2
40733	0
40734	0
40735	0
40736	0
40737	0
40738	0
40739	0
40740	1
40843	0
40844	0
40845	0
40846	0
40847	0
40848	0
40849	0
40850	0
40851	0
40852	0
40853	0
40854	1
40855	0
40856	0
40857	0
40858	0
40859	1
40860	0
40867	0
40868	0
40869	0
40870	0
40871	0
40872	0
40879	0
40880	0
40881	0
40882	0
40883	0
40884	0
40891	0
40892	0
40893	0
40894	0
40895	0
40896	0
41071	0
41072	0
41073	0
41074	0
41075	0
41076	0
41197	0
41198	0
41199	0
41200	1
41201	0
41202	0
41239	0
41240	0
41241	0
41242	2
41243	0
41244	0
41317	0
41318	0
41319	1
41320	0
41321	1
41322	1
41365	0
41366	1
41367	0
41368	1
41369	0
41370	0
41377	0
41378	0
41379	2
41380	0
41381	0
41382	0
41413	0
41414	1
41415	2
41416	0
41417	0
41418	0
41419	0
41420	0
41421	0
41422	0
41423	0
41424	0
41461	0
41462	0
41463	0
41464	0
41465	1
41466	1
41527	0
41528	0
41529	0
41530	0
41531	0
41532	0
41545	0
41546	0
41547	0
41548	0
41549	0
41550	0
41599	0
41600	0
41601	0
41602	0
41603	0
41604	0
41743	0
41744	0
41745	0
41746	0
41747	0
41748	0
41749	0
41750	0
41751	0
41752	2
41753	0
41754	0
41815	0
41816	0
41817	0
41818	0
41819	0
41820	0
41881	0
41882	0
41883	0
41884	0
41885	0
41886	0
41912	1
41914	1
41915	0
41916	0
41917	0
41918	0
41919	3
41920	0
41921	0
41922	0
41953	0
41954	0
41955	0
41956	0
41957	0
41958	0
41983	2
41984	1
41985	2
41986	0
41987	2
41988	0
42025	0
42026	0
42027	0
42028	0
42029	0
42030	0
42055	0
42056	0
42057	0
42058	0
42059	0
42060	0
42061	0
42062	0
42063	0
42064	0
42065	0
42066	0
42109	0
42110	0
42113	1
42114	0
42115	0
42116	0
42117	0
42118	0
42119	0
42120	0
42247	0
42248	0
42249	0
42250	1
42251	2
42252	1
42343	0
42344	0
42345	0
42346	0
42347	1
42348	1
42463	0
42464	0
42465	0
42466	1
42467	0
42468	0
42469	0
42470	0
42471	1
42472	0
42473	0
42474	0
42487	0
42488	0
42489	0
42490	1
42491	0
42492	0
42559	1
42560	2
42561	0
42562	0
42563	0
42564	0
42565	1
42566	0
42567	0
42568	2
42569	0
42570	1
42571	0
42572	0
42573	0
42574	0
42575	0
42576	0
42595	0
42596	1
42597	0
42598	1
42599	0
42600	0
42601	0
42602	0
42603	1
42604	0
42605	0
42606	0
42805	0
42806	0
42807	0
42808	0
42809	0
42810	0
42811	0
42812	0
42813	0
42814	0
42815	0
42816	0
42829	0
42830	0
42831	0
42832	0
42833	0
42834	0
42835	0
42836	0
42837	0
42838	0
42839	1
42840	0
42841	1
42842	0
42843	0
42844	0
42845	1
42846	0
42895	0
42896	0
42897	1
42898	0
42899	0
42900	0
42931	0
42932	0
42933	0
42934	0
42935	0
42936	0
43015	0
43016	0
43017	0
43018	0
43019	0
43020	0
43033	0
43034	0
43035	2
43036	0
43037	0
43038	0
43039	0
43040	0
43041	1
43042	1
43043	0
43044	1
43045	0
43046	0
43047	0
43048	1
43049	0
43050	1
43051	0
43052	0
43053	0
43054	0
43055	0
43056	0
43105	0
43106	0
43107	0
43108	0
43109	0
43110	0
43153	0
43154	1
43155	0
43156	0
43157	1
43158	0
43159	0
43160	0
43161	0
43162	0
43163	1
43164	0
43165	0
43166	1
43167	1
43168	0
43169	0
43170	0
43243	0
43244	0
43245	0
43246	0
43247	0
43248	0
43249	0
43250	0
43251	0
43252	0
43253	0
43254	0
43273	0
43274	0
43275	0
43276	0
43277	0
43278	0
43681	0
43682	0
43683	0
43684	0
43685	0
43686	0
43693	0
43694	0
43695	0
43696	0
43697	0
43698	0
43699	0
43700	0
43701	0
43702	0
43703	0
43704	0
43873	0
43874	0
43875	0
43876	0
43877	0
43878	0
43879	0
43880	0
43881	0
43882	0
43883	0
43884	0
44047	0
44048	0
44049	0
44050	0
44051	0
44052	0
44053	0
44054	0
44055	0
44056	0
44057	0
44058	0
44059	0
44060	0
44061	0
44062	0
44063	0
44064	0
45463	0
45464	0
45465	0
45466	0
45467	0
45468	0
46165	1
46166	0
46167	1
46168	0
46169	0
46170	0
46177	2
46178	0
46179	0
46180	2
46181	0
46182	0
46189	2
46190	0
46191	0
46192	1
46193	0
46194	1
