ObservationID	Count
55	2
70	1
73	1
74	3
75	2
76	2
77	1
78	2
80	1
81	1
82	2
83	1
84	1
85	1
88	1
89	1
90	1
98	2
121	2
122	2
123	2
124	2
125	1
127	1
128	1
129	3
130	1
134	3
135	2
137	2
138	1
142	1
151	1
156	1
162	1
207	1
227	1
233	1
239	1
245	2
249	1
252	2
255	2
257	2
261	2
262	1
263	2
264	1
266	1
269	1
270	1
298	1
299	1
300	1
313	1
315	1
316	1
335	1
387	1
388	1
389	1
395	1
410	1
411	1
423	1
452	1
454	1
457	1
458	2
460	1
461	1
462	1
466	1
470	1
471	1
472	1
473	2
474	1
475	1
476	1
480	1
482	2
483	1
485	1
489	2
490	1
492	1
493	1
495	1
498	1
499	1
502	1
504	1
507	1
508	1
510	1
517	1
520	1
521	1
526	1
529	1
532	1
625	1
626	1
627	1
628	1
629	1
634	2
655	1
657	3
658	2
660	2
667	1
683	2
684	1
697	1
710	1
713	1
716	1
718	1
719	1
720	2
725	1
732	1
735	2
736	2
737	2
739	1
742	1
743	2
782	1
859	1
860	1
865	2
870	3
871	1
901	1
902	1
903	1
904	1
906	2
907	2
909	2
910	2
912	1
916	1
917	1
918	1
921	1
923	1
924	1
925	1
927	1
928	1
929	1
931	1
933	1
935	1
938	2
939	1
940	1
951	1
953	1
976	1
977	1
978	2
985	1
986	1
987	1
988	1
992	1
1006	1
1008	1
1012	1
1016	1
1017	1
1021	2
1022	1
1024	2
1025	2
1026	1
1051	1
1054	1
1055	1
1066	2
1067	1
1068	1
1088	1
1094	1
1095	2
1098	1
1105	1
1106	1
1108	1
1109	1
1111	1
1141	1
1147	1
1159	1
1160	3
1161	1
1162	3
1163	4
1164	2
1165	2
1166	2
1167	3
1168	3
1169	3
1170	2
1171	1
1172	1
1173	4
1174	4
1175	3
1176	1
1203	1
1208	1
1212	1
1221	2
1222	1
1223	1
1224	1
1227	3
1229	2
1230	2
1242	1
1244	1
1255	3
1256	2
1257	1
1258	2
1259	1
1260	1
1261	1
1286	3
1287	1
1288	2
1290	1
1321	1
1322	2
1323	2
1324	1
1325	1
1326	2
1339	1
1345	1
1346	1
1347	1
1348	1
1349	1
1350	1
1375	1
1376	1
1377	1
1378	1
1379	2
1380	2
1381	3
1382	1
1383	1
1384	2
1386	1
1388	1
1389	2
1391	1
1417	2
1418	2
1419	2
1420	1
1421	1
1422	1
1423	2
1424	3
1425	1
1426	1
1427	2
1428	1
1430	1
1436	2
1438	1
1443	1
1445	1
1446	1
1453	3
1454	1
1455	2
1456	1
1457	1
1458	4
1459	1
1460	2
1462	1
1464	1
1489	1
1492	1
1495	1
1507	2
1508	1
1509	1
1568	1
1570	1
1577	1
1578	1
1633	1
1648	1
1649	1
1650	1
1651	2
1652	3
1653	2
1654	2
1655	1
1656	2
1693	2
1694	1
1695	2
1697	1
1698	3
1704	1
1710	1
1713	2
1714	1
1716	2
1729	1
1730	2
1731	2
1732	2
1733	1
1734	2
1766	1
1767	1
1772	2
1782	1
1800	1
1808	1
1812	1
1819	1
1821	2
1823	1
1824	2
1825	1
1831	1
1834	1
1835	3
1837	1
1841	2
1844	2
1847	1
1848	1
1874	2
1875	2
1876	2
1877	1
1878	2
1880	1
1881	1
1882	1
1883	1
1885	4
1887	3
1888	3
1889	2
1902	1
1903	1
1904	1
1905	1
1907	1
1908	1
1911	2
1913	2
1914	1
1957	2
1958	3
1959	3
1960	1
1962	2
1964	2
1965	2
1968	1
1970	1
1971	2
1974	1
1981	1
1982	4
1984	2
1986	2
1988	2
1989	2
1991	4
1992	1
2017	1
2020	1
2096	1
2097	1
2102	1
2103	1
2105	1
2111	1
2113	2
2114	2
2115	2
2116	2
2117	2
2118	1
2121	1
2122	1
2123	1
2124	1
2215	1
2216	1
2218	1
2220	1
2221	1
2222	1
2223	2
2227	1
2228	3
2229	1
2230	1
2231	2
2234	3
2237	4
2238	1
2240	1
2242	1
2269	1
2285	1
2307	1
2309	1
2310	1
2311	1
2313	1
2314	1
2315	1
2318	1
2319	1
2320	1
2324	1
2326	1
2329	1
2334	1
2339	1
2341	1
2344	1
2348	1
2353	1
2354	3
2358	1
2359	2
2360	2
2362	1
2363	2
2364	3
2425	1
2427	1
2428	1
2430	1
2436	1
2438	2
2442	1
2522	1
2524	1
2551	1
2552	1
2554	1
2560	2
2561	1
2659	2
2660	1
2662	1
2681	2
2683	2
2684	2
2685	1
2686	1
2687	1
2688	1
2689	1
2715	1
2716	2
2737	1
2739	1
2740	1
2749	1
2751	1
2761	1
2764	1
2766	1
2787	1
2788	2
2789	2
2790	1
2816	1
2818	1
2839	4
2840	3
2841	3
2842	3
2843	4
2844	3
2849	1
2857	1
2859	1
2860	2
2861	2
2862	3
2918	1
2919	2
2921	1
2923	3
2924	2
2926	3
2927	2
2928	2
2929	2
2930	1
2931	2
2933	2
2934	1
2935	2
2936	1
2937	3
2939	2
2940	3
2941	2
2942	3
2943	1
2944	1
2945	4
2946	5
2949	1
2958	1
2959	1
2962	1
2995	2
3094	1
3175	1
3177	1
3181	2
3183	1
3187	1
3188	1
3223	2
3224	1
3225	2
3226	3
3229	1
3231	1
3237	1
3362	1
3383	1
3389	1
3395	1
3397	1
3400	1
3408	1
3553	1
3554	2
3559	1
3560	2
3561	2
3562	2
3564	1
3571	1
3572	1
3574	2
3576	1
3577	2
3578	1
3579	1
3580	3
3581	1
3582	2
3590	1
3591	2
3592	3
3593	1
3686	2
3688	1
3689	2
3691	2
3695	3
3697	1
3698	2
3700	2
3701	2
3702	2
3704	1
3707	3
3709	1
3710	5
3711	1
3712	2
3713	1
3714	4
3715	1
3716	1
3717	2
3718	1
3719	3
3720	2
3727	2
3728	1
3731	3
3735	1
3737	2
3739	2
3740	2
3741	2
3742	2
3743	2
3744	2
3748	2
3749	2
3752	1
3756	2
3781	3
3782	4
3783	2
3784	4
3785	3
3786	5
3787	1
3788	2
3789	2
3790	1
3791	3
3793	2
3794	1
3795	1
3798	2
3799	4
3800	2
3801	2
3802	3
3803	3
3804	2
3805	3
3806	5
3807	5
3808	4
3809	3
3810	3
3811	4
3812	4
3813	3
3814	1
3815	6
3816	3
3817	3
3818	3
3819	3
3820	4
3821	1
3822	3
3823	2
3824	1
3827	2
3828	2
3834	1
3836	1
3837	1
3839	3
3840	1
3841	1
3842	1
3847	1
4025	1
4044	1
4173	2
4175	2
4176	1
4177	2
4178	1
4180	2
4181	4
4182	4
4184	2
4187	4
4188	1
4189	1
4195	3
4196	2
4197	3
4199	2
4200	3
4268	1
4271	1
4291	4
4292	3
4293	1
4294	1
4295	4
4296	1
4297	3
4298	4
4299	2
4300	2
4301	4
4302	4
4303	1
4304	2
4305	2
4306	3
4307	3
4308	3
4309	5
4310	6
4311	5
4312	6
4313	3
4314	4
4315	3
4316	3
4317	1
4319	1
4320	1
4321	4
4322	3
4323	4
4324	4
4325	3
4326	5
4382	1
4383	2
4384	1
4385	3
4386	3
4387	4
4388	2
4389	2
4390	3
4391	2
4392	2
4393	2
4394	4
4395	5
4396	4
4397	4
4398	3
4400	1
4401	1
4403	1
4586	1
4587	2
4588	2
4589	1
4590	2
4687	1
4689	1
4691	1
4729	2
4730	3
4731	2
4732	2
4733	2
4734	3
4735	1
4736	3
4738	2
4739	2
4740	2
4743	1
4746	1
4758	1
4891	1
4892	2
4893	1
4898	1
4909	3
4910	2
4911	3
4912	1
4913	1
4914	1
5035	1
5038	1
5039	2
5040	1
5059	1
5060	1
5061	1
5063	1
5117	2
5118	3
5119	2
5120	2
5122	2
5123	1
5124	1
5125	3
5126	1
5127	3
5128	1
5129	1
5130	3
5131	2
5132	3
5133	1
5134	3
5135	1
5136	1
5137	1
5138	2
5139	1
5141	2
5142	2
5143	2
5144	3
5145	1
5146	1
5147	1
5148	2
5152	1
5154	2
5203	2
5204	1
5205	1
5206	1
5207	1
5353	1
5354	1
5355	1
5357	1
5358	1
5491	1
5515	2
5517	1
5519	2
5520	1
5521	2
5523	2
5524	2
5525	2
5526	2
5527	1
5528	1
5530	1
5531	1
5532	2
5546	1
5548	2
5549	3
5550	1
5553	1
5556	2
5561	1
5858	2
5859	2
5860	2
5861	1
5862	1
5865	1
5867	1
5870	1
5871	1
5872	2
5873	2
5894	2
5897	3
5942	1
5944	1
5946	1
6121	2
6122	1
6123	2
6124	4
6125	3
6126	4
6201	1
6202	1
6203	2
6205	2
6207	1
6208	1
6209	2
6210	1
6212	1
6213	1
6214	1
6215	1
6222	1
6273	1
6274	2
6275	2
6277	1
6281	2
6608	2
6609	1
6610	1
6611	1
6703	1
6748	1
7016	1
7017	1
7075	1
7076	2
7078	1
7079	1
7080	1
7081	2
7083	1
7084	1
7085	1
7105	1
7108	1
7238	1
7239	1
7240	2
7249	2
7250	2
7251	1
7252	2
7253	2
7254	2
7255	1
7256	1
7257	2
7258	2
7259	1
7260	2
7267	1
7272	1
7574	1
7825	2
7826	2
7827	2
7828	2
7829	2
7830	1
7945	1
7946	1
8449	1
8450	1
8451	1
8453	2
8454	1
8575	1
8577	2
8580	1
8583	1
8584	2
8586	2
8587	1
8590	1
8592	3
8916	3
8953	1
9165	1
9314	2
9316	1
9318	3
9320	1
9321	1
9322	1
9323	1
9325	1
9326	1
9328	2
9343	4
9345	3
9346	2
9416	1
9421	1
9435	5
9436	1
9437	6
9438	1
9439	2
9440	1
9441	1
9443	1
9445	1
9446	1
9447	1
9449	1
9450	1
9457	2
9459	1
9481	1
9482	2
9483	4
9484	2
9486	1
9493	1
9494	1
9497	1
9498	1
9499	4
9500	1
9501	4
9502	1
9504	2
9506	1
9508	2
9509	1
9510	2
9525	1
9542	1
9543	1
9544	2
9545	3
9546	1
9548	1
9559	4
9560	3
9561	3
9563	3
9564	3
9565	3
9566	1
9567	1
9568	3
9571	1
9572	1
9576	2
9603	1
9621	1
9634	1
9635	1
9639	2
9640	1
9641	2
9642	1
9645	2
9646	1
9647	2
9648	1
9699	2
9701	1
9702	1
9705	2
9706	1
9707	1
9708	2
9711	2
9712	1
9713	1
9714	1
9715	2
9718	1
9719	1
9720	3
9721	2
9723	2
9725	2
9727	2
9728	2
9729	2
9730	2
9731	2
9732	2
9733	3
9734	3
9735	2
9736	4
9737	3
9738	4
9739	3
9741	2
9742	2
9743	2
9744	4
9747	1
9860	1
9866	1
9877	2
9878	2
9879	1
9880	1
9881	2
9882	1
9895	1
9896	1
9897	1
9898	2
9899	1
9907	4
9908	2
9909	3
9910	2
9911	2
9912	1
9914	1
9915	2
9916	1
9917	2
9918	2
9919	1
9937	1
9938	3
9940	2
9941	1
9942	3
9943	2
9944	2
9946	1
9947	3
9948	2
9955	1
9956	1
9959	1
9961	2
9962	2
9963	3
9964	1
9965	1
9966	2
9968	1
9973	1
9974	2
9977	1
9978	2
9987	1
10033	2
10035	1
10036	3
10037	1
10038	1
10112	1
10114	1
10115	1
10117	1
10118	1
10120	1
10121	2
10351	1
10353	1
10356	1
10498	1
10499	1
10505	1
10506	1
10531	1
10532	1
10533	2
10535	2
10536	2
10561	1
10562	2
10563	1
10564	1
10565	2
10566	1
10591	2
10592	3
10594	1
10595	3
10596	1
10601	1
10622	1
10645	1
10646	1
10647	1
10649	2
10650	1
10867	1
10869	2
10870	1
10872	2
10874	2
10875	1
10876	1
10877	1
10880	1
10882	1
10883	1
10884	1
10890	2
10891	1
10893	1
10894	1
10895	1
10896	1
10897	1
10898	1
10899	1
10907	1
10908	1
10909	1
10913	1
10914	1
10921	1
10924	1
10925	1
10926	2
10927	1
10929	1
10930	1
10932	1
10933	1
10935	1
10944	1
10956	1
10957	1
10959	1
10960	1
10961	2
10962	1
10964	1
10966	1
10967	1
10968	2
10969	1
10970	1
10972	1
10973	1
10974	2
10975	1
10977	1
10978	3
10979	2
10980	1
10981	2
10983	1
10984	2
10985	1
10987	1
10988	1
10989	1
10990	1
10991	1
10992	1
11008	2
11011	2
11012	3
11013	2
11014	2
11015	2
11016	1
11017	2
11019	2
11020	2
11021	1
11023	1
11024	3
11026	2
11027	2
11028	3
11125	1
11127	2
11129	1
11130	1
11133	1
11137	1
11140	1
11155	1
11156	1
11157	1
11159	1
11163	1
11165	1
11198	1
11201	1
11900	1
12205	1
12206	1
12207	1
12208	2
12210	1
13057	2
13059	1
13062	2
13063	1
13065	1
13066	1
13068	2
13069	2
13071	1
13072	1
13074	2
14341	1
14342	1
14343	1
14345	1
14354	2
14377	2
14378	2
14380	1
14401	1
14403	1
14408	1
14409	1
14410	1
14411	2
14412	1
14419	1
14421	1
14426	1
14465	1
14466	1
14477	1
14478	1
14497	2
14498	2
14502	1
14527	2
14528	2
14532	1
14533	1
14534	2
14535	1
14537	2
14538	1
14606	1
14623	2
14625	4
14626	2
14627	1
14628	3
14629	3
14630	2
14631	1
14632	3
14633	4
14634	3
14635	3
14636	1
14637	3
14638	1
14639	3
14701	1
14702	1
14703	3
14704	2
14706	1
14779	1
14781	1
14782	2
14809	1
14810	1
14811	2
14812	2
14813	1
14814	2
14815	1
14816	1
14820	2
14837	1
14845	1
14846	2
14848	1
14852	1
14858	1
14860	1
14864	1
14899	2
14900	1
14902	2
14903	1
14904	2
14906	1
14907	1
14909	3
14910	1
14912	2
14918	1
14920	1
14921	2
14922	2
14924	2
14929	1
14930	1
14932	2
14936	1
14939	1
14948	1
14973	1
14975	1
14980	1
14985	1
14988	1
14990	1
14991	1
14992	1
14994	1
14998	1
15009	1
15098	1
15100	1
15101	1
15102	1
15134	1
15136	1
15155	2
15157	4
15158	1
15159	2
15160	3
15161	4
15165	1
15167	2
15170	1
15176	2
15187	1
15188	1
15190	1
15192	1
15195	1
15204	1
15205	1
15208	1
15210	1
15217	1
15219	1
15221	1
15222	1
15236	2
15237	3
15238	3
15239	2
15240	1
15261	1
15266	1
15267	2
15268	1
15269	2
15283	1
15285	2
15286	1
15287	2
15288	2
15289	1
15290	2
15291	2
15292	2
15293	1
15294	1
15295	1
15296	2
15297	2
15299	2
15300	1
15350	1
15353	1
15354	2
15356	1
15358	1
15359	2
15360	2
15361	1
15362	1
15363	1
15364	2
15365	3
15366	2
15367	4
15368	2
15369	1
15370	2
15371	2
15372	2
15373	2
15374	3
15376	2
15377	1
15378	1
15379	2
15380	2
15381	2
15382	2
15384	1
15385	2
15386	2
15387	2
15388	3
15389	1
15390	2
15391	2
15392	3
15393	3
15394	3
15395	1
15396	3
15565	1
15566	1
15570	1
15739	2
15740	2
15741	2
15742	1
15743	1
15744	1
15788	1
15853	1
15854	1
15856	1
15857	2
15858	2
15859	2
15860	1
15863	1
15866	2
15867	1
15868	1
15869	1
15870	1
15873	1
15876	1
15877	1
15878	2
15881	1
15882	1
15884	1
15886	1
15890	2
15891	1
15892	1
15894	2
15896	1
15897	1
15898	1
15899	2
15900	1
15914	1
15918	1
15930	1
15931	1
15933	2
15938	1
15940	3
15999	1
16000	1
16012	2
16013	3
16019	2
16033	1
16034	1
16036	2
16038	2
16040	1
16044	1
16046	1
16048	2
16049	1
16051	1
16053	1
16057	1
16058	1
16059	1
16061	1
16063	1
16065	1
16088	2
16089	2
16090	1
16091	1
16093	2
16094	1
16095	1
16100	1
16102	2
16105	2
16107	2
16109	2
16111	1
16112	2
16114	2
16116	2
16118	2
16120	3
16121	2
16122	3
16125	1
16127	1
16128	1
16129	2
16131	2
16134	3
16136	1
16138	2
16140	1
16145	2
16146	2
16148	1
16149	1
16151	2
16153	1
16154	2
16155	2
16156	1
16157	1
16159	5
16160	1
16161	3
16162	4
16164	2
16165	2
16166	2
16167	1
16168	1
16169	2
16170	2
16171	2
16172	2
16173	2
16174	3
16175	1
16176	2
16177	3
16178	2
16179	1
16180	4
16181	1
16182	1
16183	1
16184	1
16185	2
16186	3
16187	1
16188	2
16264	1
16265	1
16266	3
16267	1
16268	1
16270	2
16271	1
16280	1
16282	1
16284	1
16301	1
16321	2
16322	1
16326	1
16327	2
16328	1
16332	1
16339	1
16340	2
16345	1
16348	1
16353	1
16363	2
16364	2
16365	2
16366	1
16367	2
16368	1
16370	1
16372	2
16373	2
16374	3
16376	1
16378	1
16379	2
16380	1
16381	4
16382	4
16383	1
16384	3
16385	1
16386	2
16387	2
16388	1
16390	1
16393	2
16395	1
16396	2
16418	1
16419	1
16420	1
16421	1
16422	1
16423	1
16425	1
16427	2
16428	1
16506	1
16522	1
16523	1
16526	1
16532	2
16536	1
16551	1
16552	2
16553	2
16554	3
16556	1
16558	1
16559	1
16561	1
16563	2
16564	2
16567	1
16569	1
16570	1
16571	2
16577	1
16578	1
16579	1
16583	1
16584	2
16585	1
16604	1
16605	1
16606	1
16610	1
16616	1
16620	1
16621	1
16631	1
16644	1
16651	1
16652	3
16654	1
16656	3
16657	4
16658	1
16659	3
16661	5
16662	3
16663	3
16664	4
16665	3
16666	2
16667	4
16668	1
16669	2
16670	2
16671	5
16672	3
16673	2
16674	3
16675	1
16676	2
16677	3
16678	2
16679	3
16680	2
16681	2
16683	2
16684	3
16686	4
16687	1
16688	3
16689	1
16690	3
16691	2
16692	2
16693	2
16694	3
16696	1
16697	2
16698	3
16699	5
16700	3
16701	1
16702	3
16703	3
16704	4
16705	3
16706	3
16707	2
16708	2
16709	1
16710	3
16711	3
16712	3
16713	1
16714	3
16715	2
16716	3
16717	1
16718	2
16719	1
16720	1
16721	1
16723	3
16724	3
16725	2
16726	3
16727	3
16728	3
16729	3
16730	3
16731	1
16732	2
16733	1
16734	3
16735	3
16736	2
16737	1
16738	3
16739	2
16740	5
16741	2
16742	3
16743	1
16744	5
16745	3
16746	3
16747	4
16748	5
16749	1
16750	4
16753	3
16754	2
16755	1
16756	4
16757	2
16758	3
16759	2
16760	2
16761	3
16762	1
16763	3
16764	2
16766	4
16767	2
16770	1
16771	1
16774	2
16776	2
16852	1
16869	1
16873	2
16874	1
16875	3
16876	2
16877	3
16878	2
16879	1
16880	3
16881	2
16882	2
16883	3
16884	1
16887	3
16889	1
16891	2
16892	2
16893	1
16894	2
16895	1
16896	1
16897	1
16898	1
16904	3
16906	1
16907	1
16908	2
16915	1
16916	2
16917	1
16919	2
16920	2
16927	2
16928	2
16929	3
16931	2
16932	1
16934	2
16940	2
16941	1
16943	1
16944	1
16946	2
16948	2
16949	2
16950	1
16951	3
16953	2
16955	1
16956	2
16957	1
16969	3
16972	2
16974	4
16975	1
16976	2
16977	1
16978	2
16979	1
16980	2
16981	2
16983	1
16984	2
16986	1
16987	3
16988	2
16990	1
16991	2
16992	2
16993	2
16994	2
16995	4
16996	2
16997	1
16999	1
17004	1
17008	1
17010	1
17011	3
17012	3
17013	3
17014	4
17015	3
17016	4
17017	2
17019	3
17020	1
17021	2
17022	3
17023	3
17024	3
17025	3
17026	3
17027	3
17028	3
17029	2
17030	2
17031	1
17032	3
17033	1
17034	3
17035	2
17036	2
17040	2
17047	3
17048	1
17049	2
17050	2
17051	3
17052	3
17054	3
17056	2
17057	2
17058	1
17059	4
17060	2
17061	3
17062	3
17063	2
17064	2
17065	2
17067	1
17069	3
17070	1
17082	1
17089	2
17090	2
17091	3
17092	1
17093	2
17094	1
17095	2
17097	2
17098	2
17099	1
17104	1
17105	2
17106	3
17108	1
17109	1
17112	2
17114	3
17115	3
17116	2
17117	2
17118	1
17119	1
17120	1
17121	3
17122	1
17124	1
17131	1
17135	1
17137	1
17138	1
17149	2
17150	1
17151	1
17152	1
17153	2
17154	1
17163	1
17164	2
17165	1
17166	2
17168	1
17170	1
17171	1
17172	1
17173	3
17174	2
17175	2
17176	1
17177	3
17178	3
17179	3
17180	2
17181	2
17182	2
17183	2
17185	5
17186	1
17187	3
17188	3
17189	1
17191	1
17192	1
17194	2
17195	2
17196	3
17197	1
17201	1
17205	1
17207	2
17208	2
17227	2
17232	1
17233	1
17251	1
17281	1
17282	1
17283	1
17284	1
17285	2
17286	1
17287	1
17288	1
17289	1
17290	2
17291	2
17292	2
17293	1
17294	1
17296	1
17297	1
17298	1
17299	1
17300	1
17301	1
17302	1
17303	1
17304	1
17305	1
17306	1
17307	2
17308	2
17419	1
17421	2
17422	2
17425	1
17427	1
17428	1
17429	1
17481	1
17484	1
17485	1
17488	1
17491	1
17493	1
17494	1
17505	1
17508	1
17509	1
17515	2
17516	1
17517	1
17518	1
17519	2
17520	1
17521	1
17522	1
17524	2
17525	1
17526	1
17527	2
17529	1
17530	2
17531	1
17532	1
17533	1
17535	1
17536	1
17537	1
17538	1
17541	1
17593	1
17596	1
17597	1
17599	1
17600	1
17601	1
17603	1
17604	1
17606	1
17608	1
17610	1
17613	1
17615	1
17619	1
17622	1
17625	3
17628	1
17630	1
17631	1
17635	2
17636	2
17637	2
17639	1
17640	1
17645	1
17649	1
17655	1
17657	2
17660	2
17662	1
17663	1
17664	1
17665	2
17666	2
17667	1
17668	2
17670	1
17672	1
17674	1
17681	1
17687	1
17688	1
17689	1
17690	1
17700	1
17702	1
17704	2
17705	1
17706	1
17707	2
17708	1
17709	2
17710	2
17714	1
17715	2
17717	1
17720	1
17722	1
17723	1
17725	1
17727	1
17728	1
17730	1
17732	1
17734	1
17735	1
17736	1
17737	1
17742	1
17747	1
17749	1
17753	1
17754	1
17755	2
17759	1
17760	2
17761	2
17763	3
17766	1
17767	1
17768	2
17769	1
17770	2
17774	1
17775	2
17776	2
17777	3
17778	2
17779	3
17781	2
17782	2
17783	3
17784	1
17785	3
17786	4
17787	1
17788	1
17789	1
17790	3
17791	2
17793	1
17794	1
17797	2
17798	1
17799	1
17800	1
17801	2
17802	1
17805	2
17806	2
17807	1
17888	2
17891	2
17893	2
17899	1
17900	1
17903	1
17936	1
18019	2
18020	3
18021	3
18022	1
18023	1
18024	1
18025	1
18026	3
18027	3
18028	1
18029	1
18030	1
18031	1
18033	3
18036	1
18065	1
18070	1
18072	1
18082	1
18106	1
18107	1
18265	2
18301	1
18302	1
18303	1
18304	1
18307	2
18309	3
18310	1
18311	2
18312	1
18315	2
18316	2
18317	3
18319	1
18320	3
18321	2
18322	3
18323	2
18324	2
18326	2
18327	1
18330	2
18331	1
18333	1
18339	2
18341	1
18342	1
18343	1
18345	2
18346	1
18347	1
18348	1
18349	2
18350	3
18351	2
18352	1
18353	1
18354	2
18355	1
18356	1
18357	2
18358	3
18359	2
18360	2
18361	1
18362	2
18363	3
18364	1
18365	1
18366	2
18367	3
18368	2
18370	1
18372	1
18373	2
18375	3
18376	1
18377	1
18378	1
18379	1
18381	1
18382	2
18383	1
18384	2
18387	2
18388	1
18390	1
18391	4
18392	2
18393	1
18394	2
18395	2
18396	1
18398	1
18405	1
18406	1
18407	2
18408	1
18409	2
18410	1
18412	1
18416	1
18418	3
18419	1
18420	1
18422	2
18426	1
18427	1
18429	1
18430	1
18432	1
18434	1
18435	1
18438	2
18439	2
18440	2
18441	3
18442	1
18444	1
18445	2
18447	2
18449	2
18450	1
18451	3
18452	1
18453	1
18454	2
18455	1
18456	1
18458	1
18464	1
18465	1
18469	2
18470	1
18471	1
18472	1
18474	2
18475	2
18476	1
18478	1
18481	1
18483	2
18486	2
18487	1
18488	1
18490	1
18492	1
18494	2
18495	1
18496	3
18497	1
18498	3
18500	2
18501	1
18505	1
18507	2
18508	1
18509	1
18510	1
18511	2
18513	3
18515	2
18516	1
18520	1
18521	1
18522	1
18523	3
18524	1
18525	1
18526	1
18529	1
18530	2
18531	1
18532	2
18533	2
18534	2
18536	1
18537	1
18538	2
18540	1
18541	1
18542	1
18543	1
18553	1
18555	1
18559	3
18561	2
18562	1
18563	1
18564	1
18566	2
18568	1
18570	2
18571	1
18572	1
18574	4
18575	1
18576	1
18577	3
18578	1
18579	3
18580	1
18581	1
18582	1
18586	1
18587	1
18590	1
18595	1
18597	1
18599	1
18600	1
18601	1
18605	2
18611	2
18612	1
18621	3
18622	1
18623	2
18624	1
18625	1
18626	1
18627	1
18629	1
18632	1
18634	2
18636	1
18637	3
18638	5
18639	2
18640	3
18641	1
18643	1
18644	2
18645	3
18646	4
18648	2
18652	3
18653	1
18654	2
18666	1
18673	1
18676	1
18723	2
18724	2
18727	3
18728	3
18729	2
18730	1
18731	2
18732	3
18733	1
18734	1
18735	1
18736	1
18737	1
18739	1
18740	1
18743	1
18746	2
18747	2
18748	1
18749	2
18751	1
18754	1
18755	1
18757	1
18758	1
18760	1
18763	1
18765	2
18766	1
18767	1
18769	1
18775	1
18955	2
18956	1
18959	1
18966	1
18969	1
18970	1
18971	1
18972	1
18975	1
18982	1
18984	2
18985	1
18986	1
18989	1
18997	1
19000	1
19002	1
19012	1
19016	1
19061	1
19067	1
19068	1
19073	1
19141	1
19142	1
19143	1
19144	1
19146	1
19153	1
19155	1
19158	1
19165	1
19166	1
19168	1
19207	1
19208	2
19210	1
19211	1
19212	1
19225	1
19226	1
19228	1
19231	1
19232	1
19236	1
19243	2
19244	3
19245	1
19246	1
19247	1
19248	1
19249	2
19250	2
19251	1
19252	1
19253	2
19254	2
19255	1
19256	2
19257	2
19258	3
19259	1
19260	3
19261	1
19262	1
19263	1
19265	2
19266	2
19267	1
19269	2
19271	1
19273	1
19275	1
19277	1
19278	1
19280	2
19281	1
19283	1
19287	1
19288	1
19290	1
19291	1
19293	1
19294	1
19296	2
19298	1
19339	3
19345	3
19346	2
19347	2
19348	3
19349	1
19350	2
19351	2
19352	1
19353	2
19354	1
19355	2
19356	2
19367	1
19435	1
19473	1
19475	1
19479	1
19481	1
19494	1
19620	1
19626	1
19627	1
19630	1
19631	3
19632	2
19637	1
19642	1
19664	2
19665	1
19667	2
19668	2
19672	1
20051	1
20169	1
20173	1
20174	2
20175	2
20176	1
20177	1
20181	1
20287	4
20288	1
20289	3
20290	4
20291	2
20292	3
20299	3
20300	2
20303	2
20304	2
20317	2
20318	3
20322	3
20328	1
20330	4
20331	2
20332	2
20333	2
20336	1
20341	1
20342	2
20343	1
20344	1
20345	2
20346	2
20357	1
20358	1
20364	1
20370	1
20372	2
20373	2
20375	1
20376	1
20385	1
20408	1
20410	3
20412	1
20539	2
20540	1
20541	1
20543	1
20544	1
20546	3
20548	1
20550	1
20551	1
20554	1
20614	1
20615	1
20616	2
20618	2
20620	1
20622	1
20626	2
20628	1
20633	1
20639	1
20641	2
20642	2
20644	2
20645	4
20646	2
20647	1
20659	1
20660	1
20661	1
20662	1
20663	2
20664	1
20665	1
20666	1
20667	2
20668	1
20669	2
20670	3
20672	1
20673	1
20674	1
20675	1
20676	1
20678	2
20679	2
20680	3
20681	2
20682	2
20684	1
20687	1
20689	1
20691	1
20692	1
20693	1
20694	1
20739	1
20745	2
20746	1
20748	1
20822	1
20823	1
20825	1
20833	2
20834	1
20835	2
20837	2
20863	1
20922	1
20926	1
20947	2
20948	2
20949	1
20950	1
20960	1
21026	1
21027	1
21031	1
21045	1
21048	1
21049	2
21073	1
21074	1
21075	1
21077	1
21078	1
21089	1
21101	1
21103	1
21104	2
21116	1
21158	2
21159	1
21160	1
21162	1
21164	1
21168	1
21225	1
21292	1
21301	2
21302	2
21303	4
21304	2
21305	1
21306	4
21307	1
21308	1
21309	2
21310	2
21311	3
21312	2
21313	2
21314	1
21316	3
21317	2
21318	2
21319	2
21320	1
21321	2
21322	4
21323	3
21324	3
21325	2
21326	2
21327	3
21328	5
21329	5
21330	3
21331	1
21333	1
21334	3
21335	2
21336	3
21337	1
21338	1
21339	1
21341	1
21342	1
21345	1
21346	2
21347	1
21348	3
21351	2
21352	2
21353	1
21354	1
21357	2
21358	3
21521	1
21540	1
21587	1
21593	1
21679	1
21688	1
21706	2
21715	1
21716	1
21717	2
21723	2
21727	1
21729	2
21734	1
21746	1
21817	2
21831	1
21839	1
22155	1
22160	3
22165	1
22167	2
22168	1
22170	1
22171	1
22172	1
22176	1
22179	1
22189	1
22191	1
22192	1
22194	1
22196	1
22198	1
22200	1
22202	1
22203	1
22204	1
22206	1
22225	2
22226	2
22227	3
22228	2
22229	3
22230	2
22231	1
22232	2
22233	1
22234	1
22235	3
22237	1
22239	3
22240	2
22241	1
22242	4
22243	1
22244	2
22245	1
22247	2
22248	2
22251	1
22253	1
22257	1
22259	2
22260	2
22262	1
22264	1
22265	1
22266	1
22321	1
22323	2
22324	1
22325	2
22329	2
22330	2
22331	2
22332	1
22341	1
22345	2
22350	1
22573	1
22577	1
22578	1
22580	1
22583	1
22584	1
22615	2
22617	1
22618	2
22619	1
22620	1
22623	2
22624	1
22626	1
22627	1
22629	1
22630	1
22631	1
22632	1
22634	1
22635	2
22636	1
22638	1
22667	1
22670	1
22672	3
22674	1
22688	1
22690	1
22691	1
22694	1
22695	1
22825	1
22828	1
23035	1
23037	1
23038	1
23039	2
23040	2
23042	2
23043	2
23044	3
23045	2
23046	2
23049	1
23071	1
23287	1
23288	1
23359	1
23361	1
23362	1
23402	1
23403	1
23405	1
23406	1
23413	1
23414	1
23415	1
23418	1
23427	1
23492	1
23493	1
23496	2
23535	1
23551	1
23555	1
23556	1
23678	1
23680	1
23682	1
24124	2
24175	2
24176	1
24178	1
24179	2
24183	1
24185	2
24186	1
24257	1
24258	1
24260	1
24284	2
24285	1
24328	1
24489	1
24490	1
24494	1
24496	1
24498	1
25336	1
25337	1
25357	1
25359	1
25361	1
25398	1
25412	1
25422	1
25447	1
25449	1
25451	2
25501	3
25502	3
25504	3
25505	2
25507	3
25508	4
25509	3
25510	3
25511	3
25512	2
25513	1
25514	2
25515	1
25516	1
25517	3
25518	2
25519	2
25520	1
25521	1
25523	1
25525	1
25526	2
25527	2
25528	3
25529	1
25530	3
25531	3
25532	1
25533	2
25534	2
25535	3
25536	1
25540	1
25542	2
25622	1
25623	1
25624	1
25625	1
25626	1
25711	1
25713	1
25714	2
25716	1
25731	2
25732	1
25733	2
25734	1
25735	1
25739	1
25813	1
25814	2
25819	1
25820	1
25824	1
25885	1
25888	2
25889	1
25890	1
25891	4
25893	2
25894	2
25895	1
25897	1
25898	2
25899	2
25900	1
25902	1
25906	2
25907	2
25912	1
25913	1
25914	2
25916	1
25917	2
25918	2
25919	1
25920	1
25921	1
25933	1
25954	2
25965	1
25971	1
25975	2
25978	1
25982	1
25988	2
25994	1
25999	3
26003	2
26004	2
26005	2
26006	1
26011	1
26015	1
26025	1
26026	1
26029	1
26030	2
26032	1
26059	1
26060	1
26071	1
26072	1
26078	1
26084	1
26086	1
26091	1
26092	3
26094	3
26095	3
26096	3
26097	2
26098	2
26099	2
26101	1
26106	2
26113	1
26181	1
26185	1
26187	1
26188	1
26190	1
26192	1
26193	1
26195	1
26203	1
26204	1
26205	1
26206	1
26207	1
26208	1
26210	1
26212	2
26214	2
26215	1
26216	2
26218	2
26220	1
26221	1
26222	2
26223	2
26224	1
26225	2
26226	1
26227	2
26229	2
26230	1
26231	1
26232	2
26233	1
26234	1
26235	2
26236	1
26237	3
26238	2
26239	3
26240	1
26241	3
26242	2
26243	3
26244	1
26269	2
26279	1
26373	1
26374	1
26410	1
26414	1
26422	1
26434	1
26438	1
26499	1
26501	1
26502	1
26504	1
26505	1
26508	2
26509	1
26510	1
26511	1
26512	1
26513	1
26516	2
26518	1
26519	1
26520	2
26521	4
26522	1
26523	2
26524	2
26525	1
26526	2
26528	2
26530	2
26531	1
26554	1
26558	2
26560	1
26561	1
26563	2
26564	1
26565	2
26566	2
26567	2
26568	2
26574	1
26575	1
26576	1
26577	2
26578	2
26579	1
26580	1
26584	1
26586	2
26587	3
26588	1
26589	2
26590	2
26591	1
26612	1
26649	1
26651	1
26652	1
26653	1
26654	1
26655	1
26656	1
26660	1
26661	1
26663	1
26664	1
26665	1
26672	1
26678	1
26684	1
26687	1
26701	1
26703	1
26719	2
26720	2
26721	1
26722	1
26723	3
26724	2
26763	1
26766	1
26791	1
26793	1
26794	1
26795	1
26796	2
26876	1
26877	2
26879	1
26882	2
26883	1
26884	1
26885	2
26886	1
26887	1
26893	2
26894	1
26895	1
26896	1
26897	1
26898	1
26899	1
26900	1
26901	2
26902	2
26903	2
26904	2
26905	2
26906	1
26907	1
26908	1
26909	3
26910	3
26913	1
26915	1
26916	1
26933	1
26938	1
26939	1
26950	1
26951	1
26952	1
26953	1
26956	1
26958	1
26966	1
26967	1
26968	2
26969	1
26970	1
26973	1
26975	1
26978	1
26980	1
26982	1
26983	1
26986	2
26988	2
26989	1
26991	1
26993	1
26997	1
26998	1
27001	2
27002	3
27003	1
27004	1
27005	1
27006	2
27013	1
27018	1
27019	1
27021	1
27033	1
27098	1
27109	1
27110	2
27111	2
27112	1
27113	1
27114	1
27115	1
27116	1
27117	2
27118	1
27119	1
27120	1
27121	3
27122	1
27123	2
27124	2
27125	1
27126	1
27148	2
27151	1
27152	1
27154	1
27156	1
27275	1
27292	1
27294	1
27297	2
27298	1
27299	1
27300	2
27302	1
27303	2
27304	1
27305	1
27306	1
27307	1
27310	1
27312	1
27313	1
27314	1
27319	1
27327	1
27329	1
27332	1
27335	1
27349	1
27361	1
27362	1
27367	3
27368	2
27369	2
27370	2
27371	2
27372	2
27375	1
27377	2
27378	1
27379	1
27382	1
27384	1
27385	1
27386	1
27387	1
27388	1
27390	1
27394	1
27396	1
27397	3
27398	1
27399	2
27400	2
27402	1
27405	1
27407	2
27410	1
27416	2
27426	1
27428	1
27434	1
27436	1
27439	1
27441	1
27444	1
27445	1
27447	1
27450	1
27452	1
27456	1
27457	2
27458	1
27459	3
27460	1
27461	3
27462	2
27463	3
27464	1
27465	3
27466	2
27467	2
27470	1
27473	1
27475	2
27476	1
27477	3
27478	1
27479	3
27480	2
27481	2
27482	1
27484	2
27486	1
27489	1
27494	1
27498	1
27499	1
27504	1
27523	1
27524	1
27525	2
27526	1
27528	1
27529	1
27532	1
27533	1
27534	3
27535	1
27536	1
27539	1
27540	1
27541	1
27542	1
27543	1
27544	1
27545	1
27546	1
27547	2
27548	2
27549	1
27550	1
27551	2
27552	3
27553	2
27557	2
27558	1
27560	1
27562	2
27563	1
27566	1
27568	1
27570	1
27573	1
27577	1
27580	1
27581	1
27582	1
27584	1
27586	1
27587	1
27589	1
27592	1
27600	1
27603	1
27606	1
27607	1
27608	2
27610	2
27611	1
27615	1
27618	1
27620	1
27643	1
27646	3
27648	1
27649	1
27650	2
27651	1
27652	2
27654	1
27655	2
27656	1
27657	1
27658	2
27659	1
27660	2
27715	2
27733	3
27735	1
27738	1
27740	1
27745	1
27759	1
27767	1
27768	1
27791	1
27795	2
27797	2
27798	1
27799	1
27801	2
27802	2
27803	1
27804	2
27826	1
27834	1
27844	1
27846	1
27853	2
27854	2
27856	2
27857	2
27858	1
27859	2
27860	2
27861	1
27862	3
27863	2
27864	1
27865	2
27866	2
27868	2
27869	1
27870	2
27908	1
27911	1
27932	1
27998	2
27999	2
28002	2
28003	2
28004	3
28005	2
28006	3
28007	3
28008	3
28014	1
28015	4
28016	2
28017	2
28020	3
28026	2
28027	3
28028	1
28029	1
28030	2
28031	1
28032	2
28033	2
28035	2
28037	2
28038	1
28040	2
28041	2
28042	1
28043	1
28046	2
28047	1
28049	3
28050	1
28051	1
28053	1
28054	2
28055	1
28058	2
28060	2
28062	1
28065	2
28068	2
28077	1
28078	1
28081	1
28082	2
28083	2
28085	1
28088	1
28090	1
28092	1
28093	2
28094	3
28095	2
28096	2
28097	2
28098	2
28103	1
28109	1
28161	1
28171	1
28172	1
28173	2
28174	1
28175	1
28176	1
28178	1
28179	1
28180	2
28181	2
28182	2
28230	1
28243	2
28245	1
28261	2
28263	1
28273	1
28298	1
28299	2
28301	1
28302	1
28303	1
28304	1
28305	1
28307	1
28308	1
28310	3
28311	1
28387	1
28389	1
28391	2
28429	1
28431	2
28432	1
28433	1
28434	1
28435	2
28436	1
28437	1
28438	1
28439	1
28525	1
28527	1
28528	2
28529	1
28530	1
28531	2
28532	2
28533	2
28534	1
28535	2
28536	1
28537	1
28538	1
28539	1
28540	1
28541	1
28542	2
28586	1
28587	1
28590	2
28609	2
28633	2
28635	1
28637	1
28676	1
28678	2
28680	3
28682	2
28683	1
28684	3
28687	3
28688	2
28689	1
28690	3
28691	1
28692	2
28693	1
28695	1
28696	1
28697	1
28701	1
28702	1
28705	1
28708	2
28720	1
28731	1
28733	1
28735	1
28736	1
28737	2
28739	1
28740	1
28742	1
28743	1
28744	1
28745	2
28751	1
28752	1
28757	4
28758	1
28762	1
28763	1
28764	3
28783	1
28786	1
28787	1
28797	1
28800	1
28823	2
28829	2
28835	1
28858	1
28867	1
28869	1
28882	2
28891	1
28893	1
28894	1
28899	1
28900	1
29038	1
29044	1
29053	1
29054	1
29056	1
29057	1
29058	2
29077	2
29094	1
29097	1
29102	1
29107	1
29111	1
29125	1
29127	1
29128	2
29130	1
29144	1
29147	1
29148	1
29150	2
29151	1
29152	1
29154	2
29180	2
29181	1
29182	1
29191	2
29194	1
29197	1
29206	1
29208	1
29245	3
29246	1
29247	3
29249	4
29250	4
29255	2
29256	1
29257	2
29259	3
29261	2
29262	1
29263	2
29264	4
29268	1
29269	2
29271	2
29273	2
29278	1
29280	1
29281	2
29282	2
29283	1
29284	2
29285	2
29286	3
29287	1
29289	1
29292	1
29351	1
29354	2
29355	2
29356	1
29357	1
29358	1
29371	1
29375	1
29383	1
29401	1
29403	1
29421	1
29425	1
29426	2
29427	1
29428	1
29429	2
29430	1
29431	1
29432	1
29433	1
29434	1
29435	1
29436	1
29468	1
29469	1
29470	2
29472	1
29475	1
29476	2
29477	1
29478	1
29480	1
29484	1
29487	1
29488	1
29489	1
29490	2
29492	2
29496	2
29498	1
29502	1
29504	2
29505	1
29511	1
29520	1
29521	1
29545	1
29546	3
29547	2
29548	1
29549	3
29550	2
29553	2
29554	2
29555	3
29556	2
29562	1
29563	3
29564	2
29565	1
29566	2
29567	1
29568	2
29569	1
29570	2
29572	4
29573	1
29575	1
29576	4
29577	2
29578	3
29579	3
29580	1
29581	1
29582	3
29583	2
29584	2
29585	2
29586	3
29587	1
29588	2
29589	1
29590	3
29591	3
29592	1
29594	1
29596	2
29597	2
29598	1
29618	1
29648	3
29655	2
29659	1
29660	1
29662	1
29666	1
29667	2
29668	2
29669	1
29670	1
29674	1
29675	1
29676	2
29677	1
29678	1
29679	1
29680	1
29681	1
29682	1
29689	1
29690	1
29691	2
29692	1
29693	2
29694	1
29695	1
29703	1
29704	1
29705	1
29706	1
29708	1
29709	2
29710	1
29715	1
29716	1
29717	1
29718	1
29719	3
29720	1
29721	1
29722	4
29723	1
29725	1
29726	2
29727	2
29729	2
29730	2
29733	1
29737	1
29742	1
29743	1
29754	1
29757	1
29766	1
29788	1
29789	2
29790	2
29797	2
29798	3
29799	2
29800	5
29801	2
29802	2
29803	1
29805	1
29809	1
29810	1
29811	1
29813	2
29814	2
29819	1
29820	1
29821	3
29822	3
29823	2
29824	1
29826	1
29832	2
29863	1
29865	2
29867	1
29868	1
29871	1
29872	1
29873	1
29875	2
29876	2
29877	2
29878	1
29879	1
29880	2
29881	1
29884	1
29917	1
29918	1
29920	1
29922	1
29929	1
29930	1
29931	1
29932	1
29933	1
29934	1
29937	1
29939	1
29956	1
29957	1
29958	2
29985	2
29987	1
29989	1
29990	1
29991	2
29992	1
29993	1
30002	1
30004	1
30005	1
30009	2
30010	1
30012	1
30025	2
30027	1
30029	2
30030	2
30037	1
30038	1
30039	1
30040	1
30041	1
30043	2
30044	1
30048	1
30050	2
30052	1
30054	1
30056	2
30057	1
30058	1
30059	1
30060	1
30062	1
30065	1
30080	1
30085	1
30087	1
30089	1
30093	1
30109	1
30111	1
30112	1
30113	2
30114	2
30146	1
30147	1
30149	1
30209	1
30217	1
30219	1
30221	1
30222	1
30223	2
30224	1
30247	1
30248	2
30249	2
30251	1
30252	2
30253	2
30256	2
30257	1
30258	1
30268	1
30270	1
30290	1
30292	2
30293	2
30294	1
30301	2
30302	1
30303	2
30304	1
30306	1
30321	1
30322	1
30328	1
30329	1
30331	1
30334	2
30348	1
30349	1
30355	1
30373	1
30374	3
30375	3
30377	1
30385	1
30388	1
30389	1
30393	2
30394	2
30395	1
30396	1
30398	1
30406	1
30407	1
30413	1
30421	1
30422	2
30424	2
30425	1
30426	1
30427	2
30428	1
30429	1
30430	3
30431	3
30432	1
30433	3
30434	2
30435	2
30436	3
30437	1
30450	1
30451	2
30452	2
30453	1
30455	1
30456	2
30463	2
30518	1
30519	1
30520	1
30521	1
30537	1
30548	1
30552	1
30559	2
30560	2
30561	1
30562	1
30564	2
30591	1
30608	1
30610	1
30611	1
30612	1
30626	1
30628	1
30629	2
30641	1
30739	1
30742	1
30769	1
30771	2
30773	1
30787	1
30788	3
30789	2
30790	2
30791	4
30792	2
30793	5
30794	5
30795	4
30796	3
30797	4
30798	4
30818	1
30823	1
30824	1
30825	1
30826	1
30827	1
30828	1
30829	2
30830	1
30831	1
30833	1
30834	1
30865	1
30866	1
30870	1
30900	2
30902	1
30920	1
30924	1
30925	1
30930	1
30950	1
30969	1
30977	1
30978	1
30979	3
30981	1
30982	2
30983	3
30984	2
31009	1
31010	2
31012	2
31013	2
31015	2
31016	2
31017	2
31018	3
31019	2
31020	2
31021	2
31022	2
31023	3
31024	1
31025	2
31026	1
31051	2
31052	1
31053	1
31054	1
31055	1
31056	2
31057	1
31059	1
31061	1
31064	1
31065	1
31066	1
31067	1
31068	1
31070	1
31071	1
31074	2
31118	1
31119	2
31120	1
31121	1
31122	1
31123	1
31124	2
31126	1
31128	1
31131	1
31132	1
31133	1
31137	1
31140	1
31141	2
31142	2
31143	2
31146	3
31147	2
31149	1
31150	2
31151	1
31155	1
31156	2
31158	1
31202	1
31203	1
31204	1
31205	1
31209	1
31210	1
31211	2
31212	1
31219	1
31220	2
31221	2
31222	1
31223	1
31224	2
31225	2
31226	2
31227	1
31228	1
31229	2
31230	2
31237	1
31253	1
31262	2
31265	1
31274	1
31291	1
31292	2
31293	2
31297	1
31299	1
31305	1
31307	1
31310	1
31322	2
31323	2
31324	1
31325	1
31333	3
31335	2
31336	3
31337	1
31338	1
31346	1
31373	1
31394	1
31403	1
31423	1
31424	1
31454	1
31455	1
31568	1
31569	1
31570	1
31598	1
31601	1
31602	1
31609	2
31619	1
31620	1
31622	1
31624	1
31626	1
31631	1
31693	1
31705	1
31706	2
31708	2
31709	1
31710	1
31712	1
31721	1
31742	1
31743	1
31747	1
31753	1
31755	1
31837	3
31838	1
31839	1
31840	2
31841	2
31842	4
31843	3
31844	2
31845	1
31846	1
31847	1
31848	2
31849	2
31850	1
31851	2
31852	2
31854	2
31861	5
31862	2
31863	1
31865	1
31866	1
31868	2
31869	3
31870	2
31871	1
31873	3
31875	2
31877	2
31878	1
31883	2
31889	2
31891	3
31892	2
31893	2
31894	3
31895	3
31896	3
31897	2
31898	2
31899	2
31900	3
31901	1
31902	3
31903	3
31904	2
31905	2
31906	2
31907	3
31908	3
31910	1
31913	1
31915	2
31917	1
31918	1
31919	3
31920	2
31922	1
31924	1
31969	1
31970	1
31975	1
31977	3
31978	3
31980	1
31981	2
31982	2
31983	2
31984	3
31985	2
31986	1
31987	2
31988	1
31989	1
31990	2
31991	2
31992	3
31994	2
31997	1
32002	1
32008	1
32011	3
32012	3
32013	3
32014	2
32015	1
32016	2
32018	2
32020	1
32021	2
32022	1
32024	1
32026	2
32027	1
32066	1
32067	2
32069	1
32070	1
32071	1
32072	1
32073	1
32074	1
32077	1
32078	1
32103	1
32105	1
32107	1
32109	1
32114	1
32119	1
32123	1
32124	1
32126	2
32132	1
32134	1
32160	1
32166	1
32204	1
32206	1
32207	1
32208	1
32213	1
32215	1
32218	1
32219	1
32220	2
32233	1
32234	2
32235	1
32236	3
32237	1
32238	3
32245	2
32246	3
32248	3
32249	1
32250	3
32252	2
32254	2
32255	3
32256	4
32281	2
32283	1
32285	2
32287	2
32288	2
32290	1
32292	2
32293	2
32294	2
32296	1
32298	2
32300	1
32301	1
32302	2
32303	1
32306	1
32307	1
32308	1
32317	1
32318	2
32319	1
32320	1
32321	3
32322	2
32324	2
32325	1
32326	1
32327	2
32328	2
32359	1
32360	1
32361	1
32365	2
32366	2
32368	2
32372	2
32374	2
32375	1
32376	1
32377	1
32378	4
32380	1
32382	2
32384	2
32390	2
32395	3
32397	1
32398	2
32399	2
32400	1
32401	1
32402	2
32406	1
32408	2
32411	1
32412	2
32425	2
32426	2
32429	2
32430	4
32437	4
32438	2
32439	2
32442	2
32444	1
32449	1
32460	1
32468	2
32469	1
32470	2
32472	2
32473	1
32474	1
32476	1
32477	1
32478	1
32491	2
32493	3
32494	1
32496	2
32498	1
32500	1
32502	2
32557	2
32558	1
32559	1
32561	1
32563	1
32566	1
32567	2
32568	1
32573	1
32574	2
32575	1
32576	1
32577	1
32579	1
32580	2
32587	1
32590	1
32592	1
32611	1
32613	1
32614	1
32615	2
32616	2
32617	2
32620	1
32621	2
32622	2
32623	2
32627	1
32639	1
32647	1
32653	1
32655	1
32659	1
32665	2
32666	1
32667	1
32668	1
32669	2
32671	1
32672	1
32673	1
32675	1
32676	1
32682	1
32776	1
32778	1
32782	1
32791	1
32795	1
32797	1
32798	1
32804	1
32807	1
32853	1
32855	1
32865	1
32876	1
32880	2
32893	1
32894	1
32895	1
32896	2
32898	1
32900	1
32901	1
32902	1
32903	1
32904	1
32905	1
32908	2
32910	1
32914	1
32915	1
32922	1
32926	1
32929	2
32930	1
32931	1
32932	1
32933	2
32934	1
32935	1
32936	1
32937	1
32938	1
32939	1
32940	1
32941	1
32943	1
32944	1
32945	2
32947	1
32949	1
32950	1
32951	1
32952	1
32953	1
32954	1
32957	1
32958	1
32960	1
32961	1
32963	1
32964	1
32965	2
32966	1
32967	1
32968	1
32969	1
32970	1
32971	2
32974	1
32976	2
32977	1
32978	1
32979	1
32980	1
32981	2
32982	1
32985	1
32986	1
32987	1
32988	2
32999	1
33003	1
33006	1
33019	2
33021	1
33022	2
33023	1
33024	1
33026	1
33029	1
33034	1
33037	1
33039	1
33040	1
33041	1
33042	1
33045	1
33046	1
33047	1
33049	1
33050	1
33055	1
33064	1
33069	1
33072	1
33140	2
33142	2
33143	2
33144	2
33146	3
33148	2
33149	1
33150	3
33151	2
33152	2
33153	3
33154	1
33156	1
33158	1
33164	1
33166	1
33168	1
33170	1
33175	1
33176	1
33177	1
33179	1
33182	1
33208	1
33240	1
33245	1
33246	1
33251	1
33257	1
33263	1
33279	1
33280	2
33283	3
33284	1
33285	2
33286	2
33289	1
33290	1
33291	2
33292	1
33293	2
33295	1
33296	1
33297	1
33298	2
33299	1
33302	2
33303	1
33306	2
33307	1
33308	1
33309	1
33310	2
33311	1
33312	1
33313	1
33314	1
33315	1
33316	2
33317	1
33321	1
33327	1
33328	1
33329	1
33331	1
33332	1
33333	1
33335	3
33336	1
33338	1
33344	1
33348	1
33350	1
33351	2
33352	1
33353	1
33354	1
33355	4
33357	1
33359	3
33361	3
33362	2
33364	1
33367	2
33371	3
33372	1
33375	1
33376	2
33379	1
33381	1
33382	1
33384	1
33399	1
33402	1
33478	1
33486	1
33488	1
33490	1
33492	2
33530	1
33535	1
33536	1
33537	1
33541	1
33542	3
33543	1
33547	2
33549	1
33553	2
33554	1
33557	1
33559	1
33560	1
33563	1
33565	1
33566	1
33568	1
33571	1
33572	1
33574	1
33575	1
33577	1
33578	1
33580	2
33581	2
33582	2
33589	1
33590	3
33591	1
33592	4
33594	3
33595	3
33596	3
33597	3
33598	2
33599	1
33601	2
33602	1
33603	3
33604	2
33605	2
33606	2
33609	4
33611	3
33612	2
33614	4
33615	3
33616	4
33618	3
33649	1
33651	2
33653	2
33656	2
33657	1
33659	1
33665	1
33668	1
33674	1
33677	1
33719	1
33720	1
33729	1
33731	1
33744	1
33753	1
33779	1
33781	1
33783	1
33785	1
33798	1
33826	1
33827	1
33828	1
33833	2
33834	1
33848	1
33850	1
33852	1
33856	1
33858	1
33865	2
33867	1
33883	1
33884	2
33886	2
33899	2
33903	1
33905	1
33906	1
33909	1
33911	1
33913	1
33914	3
33915	1
33916	3
33917	2
33918	2
33925	1
33929	4
33936	1
33938	1
33940	2
33944	1
33945	1
33946	2
33947	2
33948	2
33985	1
33992	1
33994	1
34021	2
34022	1
34039	1
34040	1
34042	3
34044	1
34081	1
34082	1
34083	1
34084	1
34086	1
34087	1
34088	1
34089	1
34092	2
34099	1
34101	2
34102	1
34103	2
34117	2
34118	1
34119	1
34120	2
34122	1
34126	1
34127	2
34128	1
34141	3
34142	2
34143	1
34144	2
34145	2
34150	1
34153	1
34156	1
34157	1
34159	1
34177	2
34178	2
34179	2
34180	1
34181	2
34182	2
34184	1
34214	2
34215	1
34216	1
34217	2
34244	1
34250	1
34251	1
34256	1
34257	1
34275	1
34276	1
34281	1
34300	1
34302	1
34303	1
34304	1
34308	1
34310	2
34312	1
34333	1
34335	1
34336	1
34338	1
34339	1
34340	1
34341	2
34342	1
34343	1
34344	3
34345	2
34347	1
34348	1
34349	1
34350	1
34354	1
34363	3
34365	3
34366	2
34367	4
34368	3
34369	2
34371	1
34372	2
34373	1
34377	2
34378	2
34379	3
34388	1
34389	1
34390	1
34395	1
34396	1
34397	2
34399	1
34405	1
34406	1
34408	1
34410	1
34425	1
34428	1
34431	2
34432	2
34433	1
34453	2
34454	1
34455	1
34456	1
34519	1
34693	1
34695	1
34698	2
34699	1
34702	1
34709	2
34717	1
34718	3
34719	1
34720	1
34722	1
34735	3
34737	3
34738	2
34739	4
34740	3
34786	1
34788	1
34792	1
34806	1
34855	2
34856	2
34857	2
34858	1
34859	1
34860	1
34870	1
34871	2
34872	1
34879	2
34881	1
34882	1
34883	1
34884	1
34891	1
34893	2
34894	1
34895	2
34896	2
34904	1
34906	1
34907	1
34908	1
34909	2
34910	2
34911	2
34913	1
34914	1
34933	1
34934	2
34935	1
34936	1
34937	1
34938	1
34942	1
34945	2
34946	1
34947	1
34948	2
34949	1
34956	1
34981	2
34982	1
34986	1
35001	1
35004	2
35005	1
35010	2
35048	1
35049	1
35051	1
35052	1
35055	1
35056	1
35058	1
35059	1
35060	1
35061	1
35062	2
35064	1
35077	1
35081	1
35083	1
35084	1
35085	1
35086	2
35089	2
35090	3
35091	1
35114	1
35117	1
35119	1
35122	1
35123	2
35125	1
35126	1
35130	1
35144	1
35161	2
35162	2
35163	3
35164	1
35165	3
35166	2
35191	2
35192	3
35195	2
35196	1
35197	4
35198	1
35199	2
35201	3
35202	1
35203	1
35204	1
35208	1
35210	2
35213	1
35214	2
35233	2
35234	2
35235	1
35236	1
35237	1
35238	1
35239	1
35240	1
35241	2
35242	2
35243	1
35244	2
35246	1
35247	1
35254	1
35256	1
35257	2
35258	1
35259	2
35260	2
35261	1
35262	1
35264	2
35265	1
35266	2
35267	2
35269	4
35272	1
35273	2
35274	4
35275	2
35276	1
35277	1
35279	2
35280	1
35281	1
35283	1
35284	1
35285	1
35286	1
35287	2
35289	1
35291	1
35314	1
35342	1
35344	1
35345	1
35347	2
35348	1
35350	1
35372	1
35373	1
35375	1
35376	2
35378	2
35379	3
35380	2
35381	1
35382	1
35395	2
35398	2
35401	3
35403	1
35404	1
35428	1
35429	1
35437	1
35440	1
35444	1
35445	2
35446	1
35449	2
35450	2
35451	2
35452	1
35453	2
35454	2
35455	1
35456	2
35457	1
35458	2
35459	1
35461	1
35462	1
35463	1
35465	1
35466	1
35467	1
35468	2
35469	1
35471	1
35472	1
35509	1
35526	1
35552	1
35553	1
35555	2
35556	1
35582	1
35588	1
35590	1
35601	1
35609	1
35614	1
35617	1
35624	1
35628	1
35671	1
35672	1
35691	2
35693	1
35694	1
35697	1
35700	1
35705	1
35707	1
35708	1
35709	1
35775	1
35793	1
35809	1
35811	1
35812	1
35813	1
35814	2
35824	1
35830	1
35833	1
35834	2
35835	1
35836	2
35837	3
35838	3
35839	1
35840	2
35841	4
35842	4
35843	2
35844	3
35845	1
35846	1
35847	1
35849	3
35850	2
35871	1
35874	1
35893	1
35896	2
35914	1
35929	2
35930	1
35934	2
35935	2
35939	2
35940	2
35942	1
35944	1
35950	2
35951	2
35952	1
35953	2
35956	1
35958	1
35959	2
35960	1
35961	3
35965	4
35966	1
35967	1
35969	3
35970	1
36002	1
36006	2
36012	1
36013	1
36014	1
36018	1
36052	1
36057	1
36087	1
36089	1
36090	1
36091	2
36092	1
36093	2
36094	2
36097	3
36098	2
36099	1
36100	2
36102	2
36103	2
36104	4
36105	2
36106	3
36107	1
36108	4
36118	1
36134	1
36137	1
36138	1
36157	1
36159	3
36161	2
36162	3
36165	3
36166	2
36167	5
36168	3
36169	2
36170	2
36171	3
36173	2
36174	1
36176	2
36178	2
36179	1
36180	3
36181	2
36182	2
36184	3
36185	2
36186	2
36208	1
36210	1
36211	1
36215	1
36217	2
36218	1
36219	2
36228	1
36233	1
36239	1
36257	1
36266	1
36275	1
36284	1
36290	1
36291	1
36292	1
36293	1
36295	2
36296	2
36300	1
36303	1
36307	1
36320	1
36329	1
36334	1
36337	1
36338	1
36339	1
36342	1
36343	1
36350	1
36353	1
36355	2
36356	2
36357	2
36358	2
36359	3
36360	2
36365	2
36377	1
36403	1
36423	1
36431	2
36448	1
36449	2
36477	2
36478	1
36494	1
36495	1
36496	1
36524	1
36525	2
36526	1
36527	1
36528	1
36541	1
36542	1
36543	1
36544	1
36545	1
36547	1
36560	1
36561	1
36562	1
36563	1
36564	1
36567	2
36568	1
36569	2
36570	1
36577	1
36579	1
36580	1
36581	1
36582	1
36585	1
36586	1
36588	1
36601	1
36608	1
36610	1
36640	1
36642	1
36643	1
36645	1
36654	1
36656	1
36659	1
36660	2
36661	1
36662	1
36664	1
36665	1
36667	1
36669	1
36671	1
36692	2
36694	2
36695	2
36698	1
36701	2
36704	1
36706	2
36707	2
36710	1
36712	2
36713	1
36714	1
36715	2
36717	1
36718	2
36719	1
36720	1
36721	2
36722	1
36723	1
36724	1
36725	1
36726	1
36728	1
36730	1
36734	1
36738	1
36741	1
36743	1
36744	1
36757	1
36758	1
36760	1
36763	1
36770	2
36787	1
36789	1
36794	2
36796	1
36799	1
36806	1
36808	2
36829	2
36831	1
36833	2
36839	1
36843	2
36844	2
36878	1
36879	1
36885	1
36892	1
36908	1
36916	1
36919	1
36922	1
36926	2
36927	1
36931	1
36932	1
36937	1
36938	1
36944	1
36946	2
36948	1
36949	1
36952	1
36954	1
36979	1
36988	1
37001	1
37007	2
37009	1
37011	1
37014	1
37051	1
37052	1
37053	1
37054	2
37055	1
37056	1
37058	1
37060	1
37061	1
37069	1
37070	2
37071	2
37072	1
37073	1
37111	1
37112	2
37113	2
37114	1
37117	1
37121	1
37122	1
37124	2
37125	1
37126	1
37127	1
37128	2
37130	1
37131	1
37133	1
37135	1
37136	1
37137	2
37138	2
37140	1
37141	1
37142	1
37143	3
37144	2
37145	1
37146	1
37147	1
37148	3
37149	2
37150	2
37151	2
37152	2
37153	1
37154	2
37155	2
37156	2
37157	2
37158	2
37159	1
37163	1
37164	2
37174	1
37181	1
37182	1
37184	2
37186	1
37187	1
37188	1
37196	2
37198	1
37200	1
37202	2
37203	1
37204	2
37206	2
37207	2
37209	1
37210	2
37211	3
37213	1
37216	1
37217	1
37218	1
37225	2
37226	2
37227	1
37228	1
37229	1
37230	4
37231	2
37232	4
37233	3
37234	4
37235	2
37236	3
37237	1
37238	3
37240	2
37241	3
37242	3
37244	1
37245	1
37247	1
37249	2
37250	3
37251	1
37253	1
37255	2
37256	1
37257	1
37259	1
37260	1
37273	2
37274	1
37278	1
37279	1
37283	1
37284	2
37287	3
37288	1
37289	1
37290	2
37291	1
37293	1
37296	1
37351	1
37352	1
37353	1
37354	1
37356	1
37357	1
37358	2
37359	2
37360	1
37361	1
37362	2
37363	1
37365	2
37366	1
37368	1
37374	1
37467	1
37484	1
37488	2
37493	1
37499	1
37505	1
37573	1
37576	1
37578	1
37582	1
37604	1
37607	2
37609	3
37610	1
37611	1
37613	2
37614	1
37621	1
37622	1
37623	2
37624	1
37635	1
37652	1
37653	1
37654	1
37655	1
37656	1
37670	1
37684	1
37685	1
37700	1
37709	1
37711	1
37712	2
37713	1
37714	2
37716	3
37765	1
37780	1
37803	1
37806	1
37807	1
37812	1
37814	2
37815	1
37816	1
37818	2
37825	1
37826	1
37831	1
37836	1
37837	2
37838	1
37839	3
37841	2
37847	1
37850	2
37852	1
37853	1
37857	1
37862	1
37874	1
37884	1
37885	1
37886	1
37887	1
37888	1
37891	1
37909	2
37910	2
37911	2
37912	3
37913	1
37918	1
37923	1
37938	1
37946	1
37948	2
37963	1
37965	1
37966	1
37975	1
37976	2
37977	2
37978	3
37979	3
37980	1
37982	1
37983	1
37984	4
37985	2
37986	2
37987	1
37989	2
37990	1
37991	1
37995	1
37997	1
38011	1
38012	2
38013	2
38014	1
38015	4
38017	1
38018	1
38020	1
38023	2
38024	3
38026	2
38028	1
38029	1
38030	2
38031	2
38032	2
38033	2
38034	3
38041	2
38042	1
38043	1
38044	2
38045	1
38046	2
38047	1
38049	2
38050	1
38051	1
38052	1
38053	1
38054	4
38055	3
38056	1
38057	3
38058	3
38059	1
38060	2
38062	1
38064	1
38075	1
38078	2
38080	1
38081	1
38082	1
38085	1
38095	1
38096	2
38097	1
38098	2
38105	1
38108	1
38109	1
38110	2
38111	1
38114	2
38116	1
38118	1
38119	2
38122	1
38138	1
38140	2
38150	1
38151	1
38152	2
38153	1
38154	2
38186	1
38188	1
38191	1
38194	1
38230	1
38232	1
38246	1
38247	1
38248	1
38275	1
38295	1
38297	2
38298	3
38310	1
38317	1
38318	1
38319	1
38320	1
38322	1
38323	1
38325	1
38327	3
38344	2
38345	1
38351	1
38353	1
38358	1
38367	1
38369	2
38370	1
38373	1
38375	1
38408	1
38455	1
38468	1
38491	1
38493	1
38497	1
38499	1
38501	1
38502	1
38504	1
38506	1
38522	1
38534	1
38548	1
38553	1
38573	1
38618	2
38623	1
38625	1
38630	1
38633	1
38636	1
38638	1
38640	1
38657	1
38659	1
38660	2
38661	2
38662	4
38664	2
38666	1
38667	1
38668	2
38669	1
38670	1
38674	2
38682	1
38699	1
38707	1
38708	2
38709	1
38710	2
38738	3
38740	1
38742	2
38755	2
38756	3
38757	2
38758	3
38759	2
38760	1
38767	1
38770	1
38781	1
38784	2
38785	1
38786	1
38787	1
38789	1
38790	1
38797	2
38798	2
38799	1
38800	3
38801	2
38802	2
38814	1
38820	1
38837	2
38838	3
38842	1
38843	1
38844	1
38845	2
38849	1
38850	2
38852	1
38854	1
38855	1
38860	1
38879	1
38888	1
38893	1
38894	2
38905	1
38916	1
38972	1
38974	1
38981	1
38982	1
38991	1
38993	1
39001	1
39002	1
39019	1
39020	1
39022	1
39053	1
39061	1
39062	1
39063	1
39064	1
39065	1
39067	2
39068	1
39069	1
39070	1
39071	2
39073	2
39074	1
39075	1
39076	2
39077	1
39078	1
39147	2
39149	1
39153	1
39154	1
39156	1
39165	1
39166	1
39181	1
39182	1
39183	2
39184	4
39185	2
39186	2
39188	2
39189	1
39236	1
39237	1
39242	1
39243	1
39245	1
39272	1
39273	1
39274	2
39275	2
39277	1
39283	2
39286	1
39315	1
39343	2
39344	1
39345	3
39347	2
39362	1
39366	1
39367	1
39373	1
39375	1
39385	1
39401	2
39403	2
39438	1
39469	2
39472	1
39475	3
39479	2
39481	3
39483	3
39485	2
39518	2
39522	1
39523	1
39525	1
39527	1
39528	1
39541	1
39554	1
39555	1
39556	2
39557	2
39558	1
39559	1
39560	2
39561	2
39562	2
39563	2
39564	2
39566	1
39567	1
39568	1
39573	1
39574	1
39578	1
39603	3
39605	3
39606	4
39614	1
39615	3
39617	3
39618	4
39626	1
39627	1
39628	1
39637	1
39638	2
39639	1
39641	2
39642	1
39643	3
39644	2
39645	2
39646	4
39647	1
39648	3
39649	2
39650	2
39651	2
39652	2
39653	2
39654	1
39657	2
39658	1
39659	2
39660	2
39661	1
39662	2
39663	2
39665	2
39666	2
39667	3
39668	3
39669	4
39670	1
39671	3
39672	2
39693	1
39694	1
39695	1
39699	2
39700	1
39701	1
39702	1
39704	1
39706	2
39708	2
39709	4
39710	1
39712	1
39716	1
39717	3
39718	1
39720	2
39727	1
39753	1
39757	1
39758	1
39763	1
39764	2
39765	1
39766	1
39768	2
39769	3
39770	1
39773	1
39774	1
39775	2
39776	2
39777	2
39779	1
39780	2
39781	1
39782	1
39783	1
39785	1
39786	1
39787	2
39788	1
39789	1
39790	1
39792	1
39812	1
39814	2
39818	2
39819	1
39828	1
39832	1
39834	2
39836	1
39911	1
39926	1
39937	1
39938	1
39940	1
39997	1
40003	1
40004	1
40008	1
40009	1
40036	1
40037	2
40038	1
40063	1
40064	1
40065	1
40066	2
40067	1
40068	1
40069	1
40070	1
40071	2
40073	1
40074	1
40076	1
40099	2
40100	1
40102	1
40105	1
40106	1
40108	1
40116	1
40119	1
40124	1
40126	1
40127	1
40130	1
40136	1
40141	1
40143	1
40156	2
40159	1
40160	1
40161	1
40163	1
40164	1
40165	1
40167	2
40168	2
40169	1
40170	2
40171	1
40172	2
40173	1
40175	1
40176	2
40179	1
40183	4
40184	3
40185	3
40186	4
40187	3
40188	4
40189	1
40191	3
40195	1
40196	2
40197	1
40198	1
40199	1
40200	1
40204	2
40254	1
40279	1
40284	1
40313	1
40314	1
40345	1
40350	1
40351	1
40356	1
40366	1
40369	1
40370	2
40372	1
40374	1
40375	2
40376	2
40377	1
40380	1
40381	2
40382	1
40383	3
40384	1
40385	1
40386	2
40387	2
40388	3
40389	3
40390	1
40392	3
40447	1
40449	1
40455	1
40592	1
40594	2
40596	1
40663	1
40665	1
40667	1
40668	1
40671	1
40678	1
40683	1
40684	1
40686	1
40692	1
40693	1
40695	1
40697	1
40700	1
40701	1
40702	1
40703	1
40710	1
40723	2
40731	1
40741	2
40742	2
40743	1
40747	1
40751	1
40753	2
40754	1
40755	1
40757	1
40758	1
40770	1
40779	1
40784	1
40785	1
40788	1
40790	1
40792	1
40794	2
40814	2
40816	2
40817	1
40818	2
40820	1
40821	2
40823	2
40845	1
40858	1
40867	1
40868	2
40869	1
40871	1
40873	1
40875	1
40877	2
40878	2
40880	1
40882	1
40884	2
40885	1
40886	2
40888	1
40890	1
40892	1
40893	1
40894	2
40896	1
40900	1
40901	1
40903	1
40904	1
40905	1
40906	1
40907	1
40908	1
40910	1
40911	1
40912	1
40914	1
40924	1
40936	1
40938	1
40950	2
40951	1
40952	1
40953	1
40955	1
40956	1
40957	1
40959	2
40960	2
40961	2
40962	2
40963	3
40964	2
40965	2
40967	2
40968	2
40969	1
40972	1
40974	1
40978	2
40979	1
40980	1
40983	1
40985	2
40986	1
40993	1
40996	1
41000	1
41002	1
41003	1
41004	1
41023	1
41025	2
41026	2
41028	1
41030	1
41032	1
41041	3
41044	1
41045	1
41046	1
41048	1
41050	1
41053	1
41054	1
41056	1
41057	1
41058	1
41065	1
41081	1
41084	1
41086	1
41087	1
41088	1
41097	1
41098	2
41100	2
41121	1
41129	2
41137	1
41138	1
41139	2
41140	1
41141	1
41142	2
41143	1
41144	2
41145	1
41146	2
41147	2
41148	1
41149	1
41150	1
41151	3
41152	2
41153	3
41154	2
41155	1
41156	1
41157	1
41158	1
41159	2
41160	1
41162	1
41164	1
41167	1
41169	1
41183	1
41187	1
41190	1
41197	1
41198	2
41199	1
41200	2
41202	1
41203	2
41205	1
41207	1
41208	2
41209	1
41214	1
41222	2
41226	1
41227	1
41232	1
41272	2
41273	1
41277	1
41281	1
41285	1
41338	1
41342	1
41345	1
41346	1
41349	1
41350	1
41353	1
41361	1
41362	1
41363	1
41382	1
41383	1
41389	1
41391	2
41392	1
41394	2
41407	2
41408	3
41409	1
41410	1
41411	2
41412	1
41415	2
41416	3
41418	4
41451	1
41453	1
41456	1
41460	1
41466	2
41468	1
41470	1
41472	1
41473	2
41474	2
41475	2
41477	2
41478	1
41480	1
41483	1
41496	1
41509	1
41510	2
41511	1
41521	1
41524	1
41527	1
41531	1
41557	1
41558	1
41559	1
41561	1
41562	1
41563	2
41564	3
41565	1
41566	2
41567	1
41568	2
41574	2
41579	1
41593	1
41598	1
41609	1
41610	1
41611	2
41613	1
41614	1
41615	1
41616	3
41617	1
41619	2
41622	1
41635	1
41636	1
41637	3
41638	1
41639	2
41640	2
41654	1
41658	1
41666	1
41667	1
41668	1
41674	1
41676	1
41678	1
41680	1
41686	2
41690	3
41694	1
41708	1
41709	2
41714	1
41721	1
41724	1
41725	1
41729	1
41749	1
41750	2
41751	2
41752	1
41753	4
41754	3
41758	1
41759	1
41760	1
41761	1
41762	1
41765	2
41766	1
41767	1
41774	1
41775	2
41776	1
41777	1
41778	1
41785	2
41786	1
41787	3
41789	2
41790	2
41797	1
41815	1
41816	1
41818	1
41819	1
41820	1
41821	1
41822	1
41823	1
41825	1
41838	1
41850	1
41851	1
41882	1
41883	1
41885	1
41886	1
41899	2
41901	1
41903	1
41904	1
41905	1
41906	2
41907	2
41908	1
41909	1
41910	1
41923	1
41925	1
41931	1
41932	1
41938	1
41939	1
41941	1
41944	2
41947	3
41949	2
41975	1
41976	1
41989	1
41990	2
41991	1
41993	1
41995	1
42003	1
42005	1
42007	1
42009	1
42013	1
42026	1
42027	1
42028	1
42029	1
42030	2
42035	1
42037	1
42038	1
42039	1
42040	1
42072	1
42074	1
42077	2
42078	1
42104	1
42106	1
42107	1
42133	1
42134	1
42137	1
42140	1
42142	1
42145	1
42148	1
42149	1
42150	1
42165	2
42167	1
42169	1
42170	1
42171	1
42172	1
42174	1
42175	2
42177	2
42179	1
42180	1
42185	1
42187	2
42189	2
42190	1
42210	1
42211	1
42213	1
42215	1
42217	1
42218	2
42219	2
42220	3
42221	1
42222	2
42223	2
42224	1
42225	2
42226	3
42227	2
42228	3
42229	1
42230	2
42231	1
42232	1
42233	3
42234	2
42241	1
42242	1
42243	3
42252	1
42257	1
42272	1
42274	1
42275	1
42294	1
42296	1
42297	2
42298	1
42299	2
42300	1
42313	2
42314	1
42316	1
42317	1
42319	1
42320	1
42322	1
42323	1
42324	1
42337	1
42338	1
42339	1
42340	1
42341	1
42342	1
42356	1
42358	1
42361	3
42364	1
42365	2
42366	2
42425	1
42426	1
42431	1
42438	1
42443	1
42445	1
42446	2
42447	1
42448	2
42449	2
42450	2
42457	2
42458	2
42460	2
42462	1
42468	1
42487	3
42488	1
42489	3
42490	1
42491	2
42492	1
42502	2
42503	1
42504	1
42507	1
42509	1
42511	1
42513	2
42514	1
42515	1
42520	1
42557	2
42558	1
42560	1
42566	1
42579	1
42590	1
42593	1
42631	1
42632	1
42633	2
42634	1
42635	2
42636	1
42639	1
42658	1
42660	1
42701	1
42705	1
42711	1
42713	1
42727	1
42731	2
42732	2
42737	1
42741	1
42745	1
42746	1
42750	1
42755	1
42764	2
42765	1
42767	2
42768	1
42769	2
42770	1
42771	1
42772	1
42773	1
42775	1
42780	1
42827	1
42834	1
42836	1
42893	3
42894	1
42910	1
42922	1
42943	2
42944	1
42945	2
42947	1
42949	3
42950	2
42951	2
42952	2
42953	1
42955	1
42956	2
42957	2
42958	1
42959	1
42960	2
42994	1
43038	1
43057	1
43061	2
43064	1
43066	1
43067	1
43070	1
43071	1
43075	1
43076	1
43078	1
43080	1
43082	1
43083	1
43085	1
43086	2
43087	1
43089	1
43093	2
43097	1
43099	1
43103	1
43280	1
43299	1
43302	1
43304	1
43305	2
43307	2
43309	1
43311	1
43313	2
43363	1
43365	2
43367	1
43368	2
43369	1
43370	1
43372	1
43373	1
43375	2
43376	1
43377	1
43378	2
43381	1
43382	1
43384	1
43387	3
43388	1
43393	3
43412	1
43416	1
43421	2
43422	1
43425	2
43426	3
43427	2
43428	1
43429	1
43430	1
43431	2
43432	2
43433	4
43434	3
43437	1
43439	1
43440	1
43441	1
43442	1
43445	1
43447	2
43448	1
43451	1
43472	1
43473	2
43474	2
43475	1
43477	1
43479	1
43488	1
43492	1
43496	1
43498	1
43500	1
43568	1
43571	1
43572	1
43574	1
43575	1
43576	1
43579	1
43581	1
43608	1
43614	1
43659	1
43666	1
43668	1
43671	2
43673	1
43674	2
43676	1
43678	3
43679	1
43681	2
43682	2
43683	4
43684	3
43686	3
43687	1
43688	2
43689	2
43690	2
43692	2
43693	2
43694	3
43695	2
43696	2
43697	2
43698	3
43700	2
43701	3
43702	1
43703	2
43704	1
43705	1
43706	2
43708	2
43709	1
43741	1
43744	1
43745	2
43746	1
43747	1
43749	1
43751	1
43752	2
43753	1
43754	1
43756	1
43757	1
43758	1
43759	1
43761	1
43762	1
43765	1
43816	1
43861	1
43863	1
43864	1
43865	1
43867	1
43869	1
43871	1
43874	1
43875	1
43877	1
43883	1
43884	1
43885	1
43886	1
43887	1
43888	2
43889	2
43892	1
43894	1
43895	1
43896	1
43902	1
43909	1
43911	1
43915	1
43916	1
43917	1
43920	1
43921	1
43922	1
43923	2
43924	1
43925	1
43926	1
43927	2
43928	2
43929	2
43930	1
43931	1
43932	1
43934	1
43936	1
43937	1
43938	1
43939	3
43940	1
43941	2
43942	2
43945	2
43946	1
43947	2
43948	1
43949	3
43950	1
44050	1
44052	1
44053	1
44054	1
44055	1
44056	1
44058	2
44059	1
44060	1
44062	1
44064	1
44091	1
44096	1
44193	1
44947	1
45381	1
45385	2
45397	1
45402	1
45439	1
45440	2
45443	2
45457	1
45458	3
45459	1
45460	1
45462	1
45464	2
45466	2
45575	1
45576	1
46166	3
46168	2
46171	2
46172	2
46175	3
46176	2
46183	2
46184	4
46185	2
46187	2
46188	2
46190	1
46195	2
46196	2
46197	1
46200	1
