ObservationID	Count
97	1
102	1
158	1
163	2
169	2
170	1
175	1
206	2
242	1
279	1
285	1
286	1
294	1
338	1
396	1
409	1
426	1
436	1
467	1
480	1
545	1
616	1
618	1
647	1
648	1
723	1
809	1
897	1
908	1
934	1
935	1
952	1
1011	1
1012	2
1013	1
1018	2
1045	1
1085	1
1086	1
1153	1
1156	1
1178	1
1182	1
1184	1
1190	2
1195	1
1215	1
1218	1
1248	1
1275	2
1276	1
1296	1
1304	1
1308	1
1358	1
1399	1
1404	1
1405	1
1410	1
1411	1
1416	1
1442	1
1609	1
1622	1
1624	1
1634	3
1660	1
1670	1
1672	1
1692	1
1719	1
1721	1
1919	1
2021	1
2031	1
2033	1
2034	1
2114	1
2120	1
2125	1
2233	1
2237	1
2273	1
2341	2
2348	2
2357	1
2359	2
2363	1
2364	1
2391	1
2426	1
2443	2
2445	1
2476	1
2496	1
2545	1
2575	1
2576	1
2577	1
2583	1
2618	1
2623	1
2629	1
2725	1
2729	1
2759	1
2767	1
2768	1
2769	1
2772	2
2782	1
2846	2
2852	1
2857	1
2860	2
2937	1
2957	1
2978	1
2980	1
2997	1
2999	1
3062	1
3065	2
3197	1
3209	1
3355	2
3356	2
3358	1
3359	1
3387	1
3397	1
3405	1
3426	1
3496	1
3640	1
3641	1
3642	1
3659	1
3665	1
3666	1
3745	1
3751	1
3753	1
3763	1
3765	1
3768	1
3770	1
3775	1
3776	1
3777	1
3918	1
3954	1
3959	1
3972	2
4013	1
4015	1
4016	1
4020	1
4025	1
4050	1
4057	1
4058	1
4059	1
4060	1
4062	1
4063	1
4064	1
4065	1
4067	1
4069	1
4070	1
4128	2
4134	1
4141	1
4142	1
4160	1
4161	1
4163	1
4171	2
4174	2
4199	2
4246	2
4345	1
4378	1
4385	2
4399	5
4401	2
4402	1
4403	3
4425	1
4427	1
4435	1
4439	1
4481	1
4492	1
4493	1
4494	2
4530	1
4604	1
4605	1
4606	1
4607	1
4608	1
4753	1
4772	1
4784	1
4896	1
4897	1
4900	1
4912	1
5486	1
5488	1
6035	1
6254	1
6260	1
6740	1
7079	1
7095	1
7111	1
7119	1
7124	1
7125	1
7128	1
8644	1
9165	1
9166	1
9167	1
9178	2
9254	1
9256	1
9258	2
9301	1
9304	1
9306	2
9308	2
9310	1
9312	1
9487	1
9530	1
9598	1
9603	1
9604	2
9605	1
9608	1
9609	1
9610	1
9619	1
9628	1
9630	1
9865	1
9871	1
9874	1
9889	1
9891	1
9902	1
9925	2
9949	1
9951	1
9952	2
9954	1
9979	2
9981	1
9982	1
9983	1
9984	1
9985	1
9989	1
10528	1
10530	1
10537	1
10607	1
10632	2
10634	1
10641	1
10708	1
10710	1
10732	1
10749	1
10750	1
11100	1
11105	1
11145	1
11148	1
11153	1
12723	1
13775	1
14362	1
14421	1
14423	1
14441	1
14666	1
14668	1
14671	1
14673	1
14677	1
14680	1
14683	1
14687	1
14689	1
14711	1
14725	1
14726	1
14735	2
14736	1
14741	2
14744	1
14755	1
14760	1
14763	2
14765	2
14775	1
14778	1
14785	1
14786	1
14787	1
14789	3
14858	1
14977	1
14979	1
15017	1
15031	1
15032	1
15046	1
15057	1
15151	1
15168	1
15176	1
15186	2
15192	1
15198	1
15200	1
15204	1
15210	1
15212	1
15218	1
15221	1
15401	1
15463	1
15525	1
15561	2
15585	1
15586	1
15596	1
15607	1
15629	2
15633	1
15635	1
15645	1
15655	1
15656	1
15658	1
15661	1
15675	1
15677	2
15747	1
15763	3
15765	1
15774	1
15778	1
15780	1
15941	2
15961	1
15963	1
15964	1
15965	1
15966	2
15971	1
15972	1
15989	1
16037	1
16069	1
16323	1
16325	1
16332	1
16347	1
16349	1
16350	1
16401	1
16408	1
16443	1
16514	1
16623	1
16629	1
16817	1
16819	1
16825	1
16843	1
16846	1
16848	1
17009	1
17010	1
17041	1
17320	2
17345	1
17398	1
17469	1
17470	1
17475	2
17476	1
17772	1
17804	1
17819	1
17924	1
17938	1
17971	1
18046	2
18115	1
18122	2
18271	1
18272	1
18277	1
18278	2
18291	1
18292	1
18293	1
18298	1
18299	1
18300	1
18423	1
18424	1
18437	1
18459	2
18539	1
18547	1
18592	1
18611	1
18665	1
18697	1
18699	1
18700	1
18711	1
18718	1
18989	1
18990	1
19017	1
19054	1
19080	1
19081	1
19086	1
19108	1
19116	1
19124	1
19127	2
19130	1
19133	1
19134	1
19136	1
19137	1
19138	1
19149	3
19150	1
19151	1
19152	2
19159	1
19160	1
19161	1
19162	1
19163	1
19173	1
19175	1
19176	1
19177	1
19179	1
19180	1
19181	1
19182	1
19185	2
19189	1
19190	1
19211	1
19217	1
19223	2
19241	1
19357	2
19363	2
19364	1
19371	1
19375	2
19376	2
19381	2
19383	1
19385	1
19387	2
19388	1
19406	3
19408	1
19410	1
19489	1
19493	1
19503	1
19556	1
19562	1
19573	1
19576	1
19579	1
19607	1
19647	1
19649	1
19653	1
19654	1
20029	1
20031	1
20162	1
20170	1
20217	1
20220	1
20286	1
20326	1
20363	1
20365	1
20367	1
20369	1
20443	1
20613	2
20829	1
20831	1
20848	1
20888	1
20891	1
20909	2
20957	1
20958	1
20981	1
20982	1
21018	1
21034	1
21037	1
21042	1
21044	1
21045	1
21046	1
21047	1
21048	2
21054	1
21086	1
21091	1
21098	1
21105	1
21106	1
21112	1
21118	1
21148	1
21161	1
21182	1
21184	1
21186	1
21191	1
21200	1
21202	2
21234	1
21258	1
21266	1
21290	1
21296	2
21303	1
21305	1
21309	1
21311	2
21317	1
21340	1
21450	1
21457	1
21459	1
21475	1
21477	1
21483	1
21487	1
21489	1
21525	1
21606	1
21610	2
21617	1
21624	1
21628	1
21648	1
21650	1
21651	1
21653	3
21654	3
21656	1
21657	2
21659	3
21661	1
21665	2
21666	1
21667	1
21669	1
21671	1
21782	1
21820	1
21830	2
21844	1
21982	1
21983	1
21984	1
22000	1
22035	1
22095	1
22207	1
22219	1
22476	1
22565	1
22566	1
22571	1
22581	1
22664	1
22676	1
22857	1
23008	1
23050	1
23125	1
23173	1
23174	1
23493	1
23494	1
23495	1
23589	1
23591	1
23592	1
23595	1
23727	2
23804	1
23899	1
23900	1
23901	1
23902	1
24123	1
24124	2
24248	1
24259	1
24261	1
24283	1
24297	1
24299	2
24327	1
24411	1
24458	1
24459	1
24460	1
24470	1
24472	2
24473	2
24829	1
24830	1
25366	1
25393	1
25394	1
25395	1
25396	1
25405	1
25409	1
25411	1
25412	1
25415	1
25416	1
25541	1
25766	1
25769	1
25960	1
25962	1
25963	1
25975	1
26132	1
26138	1
26245	1
26247	1
26251	1
26253	1
26254	1
26257	1
26259	1
26260	1
26277	1
26389	1
26390	1
26391	1
26392	1
26393	2
26394	1
26399	1
26400	1
26404	1
26406	1
26449	1
26538	1
26616	1
26626	1
26813	1
26853	1
26894	2
26900	2
26906	2
26956	1
27047	1
27048	1
27262	1
27308	2
27313	1
27392	1
27395	1
27426	1
27431	1
27461	1
27479	1
27512	1
27519	2
27537	1
27628	1
27636	1
27781	1
27896	1
27944	1
27962	1
27968	1
27973	1
27979	1
28011	1
28023	1
28128	1
28138	1
28152	2
28191	1
28195	2
28196	1
28197	1
28203	2
28204	2
28206	1
28230	1
28235	1
28241	1
28248	1
28266	1
28295	1
28340	2
28343	1
28359	1
28360	1
28361	1
28589	1
28613	1
28659	1
28699	1
28700	1
28768	1
28774	1
28783	1
28790	1
28792	1
28802	1
28837	1
28875	2
28876	1
28877	2
28907	1
28936	1
28960	1
29033	1
29063	1
29111	1
29112	1
29210	1
29245	1
29403	1
29404	1
29406	1
29421	1
29422	1
29424	1
29491	3
29510	1
29551	1
29580	1
29592	1
29619	1
29623	1
29624	1
29628	1
29656	1
29659	1
29662	1
29664	1
29734	1
29757	1
29907	1
29932	1
29959	1
29960	1
29961	1
29962	1
29963	2
29964	1
30071	1
30072	1
30265	1
30293	1
30313	1
30314	1
30315	1
30318	1
30319	1
30324	1
30334	1
30370	1
30397	1
30417	1
30616	2
30617	1
30624	1
30627	1
30680	1
30746	1
30763	2
30765	3
30766	2
30767	1
30768	1
30789	1
30791	1
30802	1
30825	2
30827	1
30874	1
30875	2
30877	2
30879	2
30880	1
30881	1
30883	1
30899	2
30907	1
30930	1
31111	1
31112	1
31113	1
31219	1
31221	1
31223	1
31234	1
31235	1
31237	1
31344	1
31357	1
31501	1
31503	1
31505	3
31506	4
31509	1
31520	1
31565	1
31567	1
31570	1
31571	1
31572	3
31642	1
31705	1
31709	1
31785	2
31792	2
31799	1
31801	1
31802	1
31803	1
31826	2
32033	1
32037	1
32090	1
32091	1
32097	1
32099	1
32100	1
32115	1
32117	1
32121	1
32127	1
32128	1
32166	1
32219	1
32221	1
32223	1
32229	1
32232	1
32257	1
32259	1
32323	2
32353	1
32355	1
32483	2
32540	1
32633	1
32639	2
32640	1
32648	1
32649	2
32650	2
32652	1
32660	2
32662	4
32663	1
32664	2
32721	1
32729	1
32732	2
32734	1
32735	1
32736	1
32758	1
32759	1
32760	1
32764	1
32828	1
32835	1
32837	1
33057	1
33059	1
33065	1
33073	1
33123	1
33172	1
33176	1
33178	2
33184	2
33185	1
33190	1
33191	1
33254	1
33257	1
33258	1
33260	1
33264	1
33391	1
33392	2
33393	2
33394	4
33395	1
33406	1
33408	1
33416	2
33605	2
33634	1
33692	1
33694	1
33696	1
33756	1
33758	1
33762	1
33768	1
33875	1
33988	1
33990	1
33996	1
34003	1
34009	2
34013	1
34026	1
34035	1
34036	2
34052	1
34059	1
34061	1
34093	2
34109	2
34110	1
34113	1
34123	1
34174	1
34193	1
34289	1
34315	3
34316	1
34318	1
34329	1
34381	1
34382	1
34386	1
34403	1
34408	1
34409	1
34426	1
34839	1
34842	1
34843	1
34845	2
34866	2
34886	2
34887	1
34888	1
34889	1
34900	1
34901	1
34992	1
35014	1
35100	1
35101	1
35106	1
35131	1
35296	1
35299	1
35301	1
35312	1
35318	1
35335	1
35368	1
35414	1
35417	3
35418	1
35457	1
35468	1
35469	1
35497	1
35568	1
35629	1
35641	1
35671	2
35672	1
35804	1
35819	1
35825	1
35831	1
35859	1
35865	1
36007	1
36043	2
36044	1
36045	1
36052	1
36058	1
36059	2
36118	1
36129	2
36131	1
36146	1
36151	1
36152	1
36167	1
36170	1
36188	1
36197	1
36198	1
36203	2
36231	1
36302	1
36306	2
36310	1
36386	1
36387	1
36399	1
36470	1
36471	1
36472	1
36490	1
36492	1
36508	1
36570	1
36575	1
36602	1
36606	1
36607	2
36613	1
36619	1
36621	3
36623	1
36625	1
36629	1
36630	1
36749	1
36771	1
36773	1
36894	1
36904	1
36906	1
36993	1
37012	1
37277	1
37322	1
37347	1
37409	5
37422	1
37430	1
37433	2
37434	2
37436	1
37439	1
37440	1
37443	1
37455	3
37462	2
37513	1
37514	1
37518	1
37520	1
37522	1
37537	1
37541	1
37549	1
37562	1
37589	2
37590	1
37595	1
37596	1
37601	1
37602	1
37642	1
37643	1
37786	1
37879	1
37897	1
37900	1
37902	1
37950	1
37955	1
37962	1
37975	1
37988	1
37993	1
38026	1
38028	1
38029	1
38030	1
38035	1
38037	1
38039	1
38040	1
38147	1
38162	1
38164	1
38205	1
38210	1
38212	1
38215	1
38216	2
38217	2
38218	2
38219	3
38224	1
38299	1
38313	1
38344	1
38386	1
38422	1
38423	2
38543	1
38557	1
38558	1
38687	2
38688	2
38817	1
38819	1
38823	1
38827	1
38828	1
38829	1
38830	1
38890	1
38926	1
38969	1
38987	1
39050	2
39056	2
39106	1
39107	1
39318	1
39322	1
39323	1
39332	1
39334	1
39355	5
39523	1
39525	1
39526	1
39729	1
39741	2
39850	1
39862	2
39868	3
39874	1
39949	1
39974	1
39998	1
40081	1
40084	1
40090	1
40093	2
40095	1
40135	1
40236	1
40237	1
40239	1
40251	1
40328	1
40331	1
40337	1
40343	3
40507	1
40572	1
40725	1
40735	2
40737	1
40804	2
40809	1
40811	1
40835	1
40838	1
40843	1
40845	1
40852	1
40881	1
41035	1
41104	1
41109	1
41218	1
41225	1
41228	2
41234	1
41235	2
41237	2
41240	1
41315	1
41329	1
41344	2
41371	2
41376	3
41463	1
41467	1
41599	1
41601	1
41610	1
41644	1
41739	2
41743	1
41803	1
41894	1
41940	1
41963	1
41979	1
42049	1
42121	1
42155	1
42193	1
42196	2
42198	1
42202	1
42249	1
42250	1
42251	1
42280	1
42285	1
42286	2
42288	1
42290	1
42292	2
42294	2
42397	1
42404	1
42417	1
42418	2
42420	1
42451	1
42486	1
42607	1
42657	1
42686	1
42698	1
42707	1
42708	1
42710	1
42713	2
42714	1
42717	1
42806	1
42814	1
42828	1
42837	1
42930	1
43130	1
43135	1
43137	1
43140	1
43147	2
43148	2
43149	1
43151	1
43251	1
43272	1
43273	1
43275	1
43276	1
43283	1
43289	2
43293	1
43295	1
43317	1
43449	2
43527	1
43529	1
43766	1
43776	1
43790	1
43794	3
43807	1
43861	1
43865	1
43867	1
43871	1
44262	2
44427	1
44429	1
44433	1
44439	1
44452	1
44454	1
44457	1
44458	2
44459	1
44464	1
45388	2
45416	1
45565	1
