ObservationID	SubLocationID	Count
146064	3976	0
146064	3977	6
146064	3978	0
146064	3979	0
146064	3980	0
146064	3981	0
146065	3976	2
146065	3977	2
146065	3978	0
146065	3979	0
146065	3980	0
146065	3981	0
146151	4378	0
146151	4379	0
146151	4380	0
146151	4381	0
146151	4382	0
146151	4383	0
146157	4378	0
146157	4379	0
146157	4380	0
146157	4381	0
146157	4382	0
146157	4383	0
146161	6546	0
146161	6547	0
146161	6548	0
146161	6549	0
146161	6550	0
146161	6551	0
146162	4092	0
146162	4093	0
146162	4094	5
146162	4095	0
146162	4096	0
146162	4097	0
146198	7369	10
146198	7370	0
146198	7371	0
146198	7372	0
146198	7373	0
146198	7374	0
146199	7369	10
146199	7370	0
146199	7371	0
146199	7372	0
146199	7373	0
146199	7374	0
146203	6130	0
146203	6131	0
146203	6132	0
146203	6133	0
146203	6134	0
146203	6135	0
146212	6546	15
146212	6547	15
146212	6548	11
146212	6549	26
146212	6550	10
146212	6551	10
146213	4092	2
146213	4093	0
146213	4094	20
146213	4095	21
146213	4096	21
146213	4097	0
146215	4175	0
146215	4176	0
146215	4177	0
146215	4178	0
146215	4179	0
146215	4180	0
146218	6130	0
146218	6131	2
146218	6132	0
146218	6133	0
146218	6134	0
146218	6135	0
146223	6442	0
146223	6443	0
146223	6444	0
146223	6445	0
146223	6446	0
146223	6447	0
146225	6442	0
146225	6443	0
146225	6444	0
146225	6445	0
146225	6446	0
146225	6447	1
146280	4175	0
146280	4176	0
146280	4177	0
146280	4178	0
146280	4179	0
146280	4180	3
146312	4580	0
146312	4581	0
146312	4582	0
146312	4583	0
146312	4584	6
146312	4585	4
146313	4580	0
146313	4581	0
146313	4582	0
146313	4583	0
146313	4584	5
146313	4585	9
146346	2940	4
146346	2941	2
146346	2942	3
146346	2943	2
146346	2944	0
146346	2945	0
146347	2940	8
146347	2941	5
146347	2942	12
146347	2943	12
146347	2944	7
146347	2945	0
146356	3922	0
146356	3923	0
146356	3924	0
146356	3925	2
146356	3926	3
146356	3927	2
146357	3922	0
146357	3923	0
146357	3924	0
146357	3925	0
146357	3926	6
146357	3927	0
146387	5041	0
146387	5042	0
146387	5043	0
146387	5044	0
146387	5045	0
146388	5041	0
146388	5042	0
146388	5043	0
146388	5044	0
146388	5045	0
146402	5745	2
146402	5746	0
146402	5747	0
146402	5748	0
146402	5749	0
146402	5750	0
146403	5745	2
146403	5746	0
146403	5747	2
146403	5748	0
146403	5749	0
146403	5750	0
146420	4730	0
146420	4731	0
146420	4732	0
146420	4733	0
146420	4734	0
146420	4735	0
146451	6881	0
146451	6882	0
146451	6883	0
146451	6884	2
146451	6885	0
146451	6886	0
146465	3611	0
146465	3612	3
146465	3613	0
146465	3614	2
146465	3615	0
146465	3616	0
146467	6976	0
146467	6977	0
146467	6978	0
146467	6979	0
146467	6980	0
146467	6981	0
146468	6976	0
146468	6977	0
146468	6978	0
146468	6979	0
146468	6980	0
146468	6981	0
146621	4730	1
146621	4731	0
146621	4732	1
146621	4733	0
146621	4734	0
146621	4735	0
146672	2964	0
146672	2965	0
146672	2966	0
146672	2967	0
146672	2968	0
146672	2969	0
146674	2964	3
146674	2965	0
146674	2966	0
146674	2967	0
146674	2968	0
146674	2969	0
146688	6286	4
146688	6287	6
146688	6288	1
146688	6289	0
146688	6290	1
146688	6291	1
146689	6286	0
146689	6287	6
146689	6288	2
146689	6289	2
146689	6290	0
146689	6291	1
146704	6588	2
146704	6589	0
146704	6590	0
146704	6591	0
146704	6592	0
146704	6593	0
146709	5409	0
146709	5410	0
146709	5411	0
146709	5412	0
146709	5413	0
146709	5414	0
146790	7522	0
146790	7523	2
146790	7524	2
146790	7525	8
146790	7526	12
146790	7527	0
146803	2616	0
146803	2617	0
146803	2618	0
146803	2619	1
146803	2620	2
146803	2621	0
146808	5409	0
146808	5410	0
146808	5411	0
146808	5412	0
146808	5413	7
146808	5414	0
146813	5631	4
146813	5632	0
146813	5633	0
146813	5634	0
146813	5635	0
146813	5636	0
146814	5631	0
146814	5632	0
146814	5633	0
146814	5634	0
146814	5635	0
146814	5636	0
146821	5088	9
146821	5089	0
146821	5090	0
146821	5091	0
146821	5092	0
146821	5093	0
146823	6588	0
146823	6589	0
146823	6590	0
146823	6591	0
146823	6592	0
146823	6593	0
146826	2616	0
146826	2617	0
146826	2618	0
146826	2619	0
146826	2620	0
146826	2621	1
146834	3194	0
146834	3195	0
146834	3196	0
146834	3197	0
146834	3198	0
146834	3199	0
146835	3194	0
146835	3195	0
146835	3196	0
146835	3197	0
146835	3198	0
146835	3199	0
147082	7237	0
147082	7238	3
147082	7239	0
147082	7240	0
147083	7237	0
147083	7238	0
147083	7239	0
147083	7240	0
147100	5733	1
147100	5734	0
147100	5735	0
147100	5736	0
147100	5737	0
147100	5738	0
147127	3539	0
147127	3540	0
147127	3541	0
147127	3542	0
147127	3543	0
147127	3544	0
147139	5949	0
147139	5950	0
147139	5951	0
147139	5952	0
147139	5953	0
147139	5954	1
147142	6767	0
147142	6768	0
147142	6769	0
147142	6770	0
147142	6771	0
147142	6772	0
147171	5112	0
147171	5113	0
147171	5114	0
147171	5115	0
147171	5116	0
147171	5117	0
147175	4044	0
147175	4045	0
147175	4046	0
147175	4047	0
147175	4048	2
147175	4049	0
147176	4044	0
147176	4045	0
147176	4046	0
147176	4047	0
147176	4048	0
147176	4049	0
147177	4718	0
147177	4719	0
147177	4720	0
147177	4721	0
147177	4722	0
147177	4723	0
147216	6334	0
147216	6335	0
147216	6336	8
147216	6337	0
147216	6338	0
147216	6339	2
147217	4164	0
147217	4165	0
147217	4166	0
147217	4167	2
147217	4168	0
147217	4169	0
147220	7450	1
147220	7451	3
147220	7452	0
147220	7453	0
147220	7454	1
147220	7455	0
147237	4718	4
147237	4719	2
147237	4720	0
147237	4721	2
147237	4722	6
147237	4723	0
147307	5733	1
147307	5734	0
147307	5735	0
147307	5736	0
147307	5737	0
147307	5738	0
147356	4023	3
147356	4024	4
147356	4025	8
147356	4026	3
147356	4027	1
147356	4028	4
147357	4023	6
147357	4024	5
147357	4025	10
147357	4026	6
147357	4027	10
147357	4028	2
147360	4164	1
147360	4165	0
147360	4166	1
147360	4167	0
147360	4168	0
147360	4169	0
147363	5112	1
147363	5113	0
147363	5114	24
147363	5115	4
147363	5116	16
147363	5117	0
147370	3539	0
147370	3540	0
147370	3541	0
147370	3542	0
147370	3543	1
147370	3544	0
147527	7450	0
147527	7451	3
147527	7452	0
147527	7453	0
147527	7454	0
147527	7455	0
147893	6767	0
147893	6768	0
147893	6769	8
147893	6770	0
147893	6771	0
147893	6772	0
147894	4187	2
147894	4188	0
147894	4189	1
147894	4190	2
147894	4191	10
147894	4192	0
147895	4187	2
147895	4188	0
147895	4189	5
147895	4190	5
147895	4191	5
147895	4192	4
148357	4282	0
148357	4283	0
148357	4284	0
148357	4285	0
148357	4286	0
148357	4287	0
148358	4282	0
148358	4283	1
148358	4284	0
148358	4285	0
148358	4286	0
148358	4287	1
148467	2844	1
148467	2845	0
148467	2846	1
148467	2847	0
148467	2848	0
148467	2849	0
148530	4187	2
148530	4188	0
148530	4189	1
148530	4190	2
148530	4191	10
148530	4192	0
148531	4187	2
148531	4188	0
148531	4189	5
148531	4190	5
148531	4191	5
148531	4192	4
148547	3349	3
148547	3350	1
148547	3351	1
148547	3352	0
148547	3353	3
148547	3354	0
148549	2844	6
148549	2845	2
148549	2846	5
148549	2847	1
148549	2848	0
148549	2849	2
148550	5721	0
148550	5722	0
148550	5723	0
148550	5724	0
148550	5725	0
148550	5726	0
148551	3053	0
148551	3054	0
148551	3055	0
148551	3056	0
148551	3057	1
148551	3058	0
148552	3053	0
148552	3054	0
148552	3055	0
148552	3056	0
148552	3057	0
148552	3058	0
148553	5721	0
148553	5722	0
148553	5723	1
148553	5724	0
148553	5725	0
148553	5726	0
148569	3397	0
148569	3398	0
148569	3399	0
148569	3400	0
148569	3401	0
148569	3402	0
148575	3397	0
148575	3398	0
148575	3399	0
148575	3400	1
148575	3401	0
148575	3402	0
148578	4023	3
148578	4024	4
148578	4025	8
148578	4026	3
148578	4027	1
148578	4028	4
148579	4023	6
148579	4024	5
148579	4025	10
148579	4026	6
148579	4027	10
148579	4028	2
148644	3397	0
148644	3398	0
148644	3399	0
148644	3400	0
148644	3401	0
148644	3402	0
148645	3397	0
148645	3398	0
148645	3399	0
148645	3400	1
148645	3401	0
148645	3402	0
148703	3271	0
148703	3272	0
148703	3273	0
148703	3274	0
148703	3275	0
148703	3276	3
148749	5112	0
148749	5113	0
148749	5114	0
148749	5115	0
148749	5116	0
148749	5117	0
148750	4164	0
148750	4165	0
148750	4166	0
148750	4167	2
148750	4168	0
148750	4169	0
148752	4164	1
148752	4165	0
148752	4166	1
148752	4167	0
148752	4168	0
148752	4169	0
148754	5112	1
148754	5113	0
148754	5114	24
148754	5115	4
148754	5116	16
148754	5117	0
148759	3355	0
148759	3356	0
148759	3357	0
148759	3358	0
148759	3359	0
148759	3360	0
148760	3355	0
148760	3356	0
148760	3357	0
148760	3358	0
148760	3359	0
148760	3360	0
148782	3355	0
148782	3356	2
148782	3357	1
148782	3358	0
148782	3359	2
148782	3360	1
149014	3675	0
149014	3676	7
149014	3677	0
149014	3678	0
149014	3679	2
149014	3680	0
149020	3675	4
149020	3676	1
149020	3677	1
149020	3678	1
149020	3679	4
149020	3680	5
150324	5343	0
150324	5344	0
150324	5345	0
150324	5346	0
150324	5347	0
150324	5348	0
150334	5343	0
150334	5344	0
150334	5345	11
150334	5346	0
150334	5347	0
150334	5348	0
150687	3611	0
150687	3612	0
150687	3613	1
150687	3614	4
150687	3615	0
150687	3616	2
150701	3611	0
150701	3612	0
150701	3613	1
150701	3614	4
150701	3615	0
150701	3616	2
151122	5343	0
151122	5344	0
151122	5345	11
151122	5346	0
151122	5347	0
151122	5348	0
151124	3675	4
151124	3676	1
151124	3677	1
151124	3678	1
151124	3679	4
151124	3680	5
151138	5343	0
151138	5344	0
151138	5345	0
151138	5346	0
151138	5347	0
151138	5348	0
151142	3675	0
151142	3676	7
151142	3677	0
151142	3678	0
151142	3679	2
151142	3680	0
152043	2742	1
152043	2743	0
152043	2744	0
152043	2745	0
152043	2746	0
152043	2747	0
152076	3952	0
152076	3953	0
152076	3954	0
152076	3955	2
152076	3956	1
152076	3957	2
152080	6340	0
152080	6341	0
152080	6342	0
152080	6343	0
152080	6344	0
152080	6345	0
152081	6570	1
152081	6571	0
152081	6572	0
152081	6573	0
152081	6574	0
152081	6575	0
152093	5703	4
152093	5704	0
152093	5705	3
152093	5706	9
152093	5707	1
152093	5708	0
152105	6773	0
152105	6774	0
152105	6775	1
152105	6776	0
152105	6777	0
152105	6778	0
152200	2742	2
152200	2743	8
152200	2744	0
152200	2745	0
152200	2746	0
152200	2747	0
152202	4228	0
152202	4229	0
152202	4230	0
152202	4231	0
152202	4232	0
152202	4233	0
152224	5703	0
152224	5704	25
152224	5705	5
152224	5706	25
152224	5707	0
152224	5708	0
152247	5017	0
152247	5018	0
152247	5019	0
152247	5020	0
152247	5021	0
152247	5022	0
152248	5017	1
152248	5018	1
152248	5019	0
152248	5020	8
152248	5021	7
152248	5022	5
152250	5763	0
152250	5764	1
152250	5765	0
152250	5766	0
152250	5767	0
152250	5768	0
152251	5763	5
152251	5764	1
152251	5765	1
152251	5766	1
152251	5767	0
152251	5768	1
152280	3952	0
152280	3953	0
152280	3954	2
152280	3955	3
152280	3956	0
152280	3957	0
152286	6773	0
152286	6774	0
152286	6775	0
152286	6776	0
152286	6777	0
152286	6778	0
152355	6570	0
152355	6571	0
152355	6572	0
152355	6573	0
152355	6574	0
152355	6575	0
152357	6340	0
152357	6341	0
152357	6342	0
152357	6343	0
152357	6344	1
152357	6345	0
152375	3158	0
152375	3159	0
152375	3160	0
152375	3161	0
152375	3162	0
152375	3163	0
152376	3158	0
152376	3159	0
152376	3160	30
152376	3161	1
152376	3162	0
152376	3163	0
152378	6214	0
152378	6215	0
152378	6216	0
152378	6217	0
152378	6218	0
152378	6219	0
152385	6869	0
152385	6870	0
152385	6871	0
152385	6872	0
152385	6873	0
152385	6874	0
152386	6869	0
152386	6870	0
152386	6871	0
152386	6872	0
152386	6873	0
152386	6874	5
152469	4228	0
152469	4229	0
152469	4230	0
152469	4231	0
152469	4232	1
152469	4233	0
152508	5058	0
152508	5059	0
152508	5060	0
152508	5061	0
152508	5062	0
152508	5063	0
152510	5058	0
152510	5059	0
152510	5060	0
152510	5061	0
152510	5062	0
152510	5063	0
152523	3041	0
152523	3042	2
152523	3043	0
152523	3044	0
152523	3045	0
152523	3046	0
152524	3041	0
152524	3042	4
152524	3043	0
152524	3044	0
152524	3045	0
152524	3046	0
152577	5703	4
152577	5704	0
152577	5705	3
152577	5706	9
152577	5707	1
152577	5708	0
152579	5703	0
152579	5704	25
152579	5705	5
152579	5706	25
152579	5707	0
152579	5708	0
152603	6334	0
152603	6335	0
152603	6336	8
152603	6337	0
152603	6338	0
152603	6339	2
152713	6286	4
152713	6287	6
152713	6288	1
152713	6289	0
152713	6290	1
152713	6291	1
152714	6286	0
152714	6287	6
152714	6288	2
152714	6289	2
152714	6290	0
152714	6291	1
152841	5949	0
152841	5950	0
152841	5951	0
152841	5952	0
152841	5953	0
152841	5954	1
152886	6340	0
152886	6341	0
152886	6342	0
152886	6343	0
152886	6344	0
152886	6345	0
152887	6340	0
152887	6341	0
152887	6342	0
152887	6343	0
152887	6344	1
152887	6345	0
152889	5763	0
152889	5764	1
152889	5765	0
152889	5766	0
152889	5767	0
152889	5768	0
152901	5017	0
152901	5018	0
152901	5019	0
152901	5020	0
152901	5021	0
152901	5022	0
152910	5017	1
152910	5018	1
152910	5019	0
152910	5020	8
152910	5021	7
152910	5022	5
152911	5763	5
152911	5764	1
152911	5765	1
152911	5766	1
152911	5767	0
152911	5768	1
152920	3539	0
152920	3540	0
152920	3541	0
152920	3542	0
152920	3543	0
152920	3544	0
152921	3539	0
152921	3540	0
152921	3541	0
152921	3542	0
152921	3543	1
152921	3544	0
152924	6570	1
152924	6571	0
152924	6572	0
152924	6573	0
152924	6574	0
152924	6575	0
152925	6570	0
152925	6571	0
152925	6572	0
152925	6573	0
152925	6574	0
152925	6575	0
152930	3194	0
152930	3195	0
152930	3196	0
152930	3197	0
152930	3198	0
152930	3199	0
152931	3194	0
152931	3195	0
152931	3196	0
152931	3197	0
152931	3198	0
152931	3199	0
152962	3355	0
152962	3356	0
152962	3357	0
152962	3358	0
152962	3359	0
152962	3360	0
153025	3271	0
153025	3272	0
153025	3273	0
153025	3274	0
153025	3275	0
153025	3276	3
153055	3922	0
153055	3923	0
153055	3924	0
153055	3925	2
153055	3926	3
153055	3927	2
153056	3922	0
153056	3923	0
153056	3924	0
153056	3925	0
153056	3926	6
153056	3927	0
153122	3952	0
153122	3953	0
153122	3954	2
153122	3955	3
153122	3956	0
153122	3957	0
153123	3952	0
153123	3953	0
153123	3954	0
153123	3955	2
153123	3956	1
153123	3957	2
153130	6869	0
153130	6870	0
153130	6871	0
153130	6872	0
153130	6873	0
153130	6874	0
153132	6869	0
153132	6870	0
153132	6871	0
153132	6872	0
153132	6873	0
153132	6874	5
153225	2742	1
153225	2743	0
153225	2744	0
153225	2745	0
153225	2746	0
153225	2747	0
153226	2742	2
153226	2743	8
153226	2744	0
153226	2745	0
153226	2746	0
153226	2747	0
153272	5721	0
153272	5722	0
153272	5723	1
153272	5724	0
153272	5725	0
153272	5726	0
153273	5721	0
153273	5722	0
153273	5723	0
153273	5724	0
153273	5725	0
153273	5726	0
153307	6773	0
153307	6774	0
153307	6775	1
153307	6776	0
153307	6777	0
153307	6778	0
153309	6773	0
153309	6774	0
153309	6775	0
153309	6776	0
153309	6777	0
153309	6778	0
153406	3623	0
153406	3624	1
153406	3625	0
153406	3626	1
153406	3627	0
153406	3628	4
153407	3623	0
153407	3624	0
153407	3625	1
153407	3626	0
153407	3627	0
153407	3628	6
153452	7327	2
153452	7328	6
153452	7329	5
153452	7330	0
153452	7331	2
153452	7332	0
153461	6214	6
153461	6215	2
153461	6216	0
153461	6217	0
153461	6218	0
153461	6219	0
153704	4228	0
153704	4229	0
153704	4230	0
153704	4231	0
153704	4232	0
153704	4233	0
153705	4228	0
153705	4229	0
153705	4230	0
153705	4231	0
153705	4232	1
153705	4233	0
153713	2844	6
153713	2845	2
153713	2846	5
153713	2847	1
153713	2848	0
153713	2849	2
153714	2844	1
153714	2845	0
153714	2846	1
153714	2847	0
153714	2848	0
153714	2849	0
153731	3053	0
153731	3054	0
153731	3055	0
153731	3056	0
153731	3057	1
153731	3058	0
153732	3053	0
153732	3054	0
153732	3055	0
153732	3056	0
153732	3057	0
153732	3058	0
153810	6767	0
153810	6768	0
153810	6769	0
153810	6770	0
153810	6771	0
153810	6772	0
153811	6767	0
153811	6768	0
153811	6769	8
153811	6770	0
153811	6771	0
153811	6772	0
153828	4282	0
153828	4283	0
153828	4284	0
153828	4285	0
153828	4286	0
153828	4287	0
153829	4282	0
153829	4283	1
153829	4284	0
153829	4285	0
153829	4286	0
153829	4287	1
153832	3158	0
153832	3159	0
153832	3160	0
153832	3161	0
153832	3162	0
153832	3163	0
153834	3158	0
153834	3159	0
153834	3160	30
153834	3161	1
153834	3162	0
153834	3163	0
153844	6214	6
153844	6215	2
153844	6216	0
153844	6217	0
153844	6218	0
153844	6219	0
153864	3623	0
153864	3624	1
153864	3625	0
153864	3626	1
153864	3627	0
153864	3628	4
153865	3623	0
153865	3624	0
153865	3625	1
153865	3626	0
153865	3627	0
153865	3628	6
153866	7327	2
153866	7328	6
153866	7329	5
153866	7330	0
153866	7331	2
153866	7332	0
154268	4813	0
154268	4814	0
154268	4815	0
154268	4816	0
154268	4817	0
154268	4818	0
154269	4813	0
154269	4814	0
154269	4815	0
154269	4816	0
154269	4817	3
154269	4818	0
154332	4813	0
154332	4814	0
154332	4815	0
154332	4816	0
154332	4817	0
154332	4818	0
154333	4813	0
154333	4814	0
154333	4815	0
154333	4816	0
154333	4817	3
154333	4818	0
154381	6214	0
154381	6215	0
154381	6216	0
154381	6217	2
154381	6218	0
154381	6219	6
154812	2886	6
154812	2887	5
154812	2888	10
154812	2889	21
154812	2890	6
154812	2891	5
154813	2886	4
154813	2887	0
154813	2888	12
154813	2889	11
154813	2890	3
154813	2891	0
155178	4175	0
155178	4176	0
155178	4177	0
155178	4178	0
155178	4179	0
155178	4180	0
155180	5805	0
155180	5806	0
155180	5807	0
155180	5808	0
155180	5809	0
155180	5810	0
155190	6976	0
155190	6977	0
155190	6978	0
155190	6979	0
155190	6980	0
155190	6981	0
155193	2940	10
155193	2941	2
155193	2942	15
155193	2943	5
155193	2944	6
155193	2945	6
155200	4580	0
155200	4581	0
155200	4582	0
155200	4583	0
155200	4584	0
155200	4585	0
155206	5041	0
155206	5042	0
155206	5043	2
155206	5044	0
155206	5045	0
155210	3922	0
155210	3923	0
155210	3924	1
155210	3925	0
155210	3926	0
155210	3927	0
155231	4378	0
155231	4379	0
155231	4380	0
155231	4381	0
155231	4382	0
155231	4383	0
155238	2868	0
155238	2869	0
155238	2870	1
155238	2871	0
155238	2872	1
155238	2873	1
155266	6130	3
155266	6131	0
155266	6132	0
155266	6133	0
155266	6134	0
155266	6135	0
155481	7369	0
155481	7370	0
155481	7371	0
155481	7372	0
155481	7373	0
155481	7374	0
155482	7369	15
155482	7370	0
155482	7371	0
155482	7372	0
155482	7373	0
155482	7374	0
155560	2940	1
155560	2941	1
155560	2942	0
155560	2943	1
155560	2944	0
155560	2945	3
155564	5745	2
155564	5746	0
155564	5747	2
155564	5748	0
155564	5749	0
155564	5750	1
155565	6881	4
155565	6882	0
155565	6883	4
155565	6884	0
155565	6885	0
155565	6886	0
155577	4730	0
155577	4731	0
155577	4732	3
155577	4733	0
155577	4734	0
155577	4735	0
155579	5805	6
155579	5806	2
155579	5807	2
155579	5808	0
155579	5809	4
155579	5810	0
155584	4580	0
155584	4581	2
155584	4582	0
155584	4583	5
155584	4584	7
155584	4585	5
155594	5745	2
155594	5746	2
155594	5747	0
155594	5748	2
155594	5749	0
155594	5750	1
155599	6881	4
155599	6882	9
155599	6883	7
155599	6884	3
155599	6885	4
155599	6886	3
155604	4378	0
155604	4379	2
155604	4380	1
155604	4381	1
155604	4382	0
155604	4383	4
155616	4175	4
155616	4176	0
155616	4177	5
155616	4178	4
155616	4179	0
155616	4180	2
155642	3922	6
155642	3923	2
155642	3924	16
155642	3925	0
155642	3926	26
155642	3927	15
155664	6130	4
155664	6131	0
155664	6132	0
155664	6133	0
155664	6134	0
155664	6135	0
155801	5409	0
155801	5410	0
155801	5411	2
155801	5412	0
155801	5413	0
155801	5414	0
155810	6588	0
155810	6589	0
155810	6590	0
155810	6591	0
155810	6592	0
155810	6593	0
155814	6588	0
155814	6589	0
155814	6590	0
155814	6591	0
155814	6592	0
155814	6593	0
155846	5088	2
155846	5089	5
155846	5090	0
155846	5091	3
155846	5092	0
155846	5093	0
155961	5631	1
155961	5632	0
155961	5633	0
155961	5634	0
155961	5635	0
155961	5636	0
155962	5631	7
155962	5632	0
155962	5633	0
155962	5634	0
155962	5635	4
155962	5636	0
156325	4378	0
156325	4379	0
156325	4380	0
156325	4381	0
156325	4382	0
156325	4383	0
156326	4378	0
156326	4379	2
156326	4380	1
156326	4381	1
156326	4382	0
156326	4383	4
156328	5805	0
156328	5806	0
156328	5807	0
156328	5808	0
156328	5809	0
156328	5810	0
156329	5805	6
156329	5806	2
156329	5807	2
156329	5808	0
156329	5809	4
156329	5810	0
156372	2886	6
156372	2887	5
156372	2888	10
156372	2889	21
156372	2890	6
156372	2891	5
156373	2886	4
156373	2887	0
156373	2888	12
156373	2889	11
156373	2890	3
156373	2891	0
156375	4580	0
156375	4581	0
156375	4582	0
156375	4583	0
156375	4584	0
156375	4585	0
156376	4580	0
156376	4581	2
156376	4582	0
156376	4583	5
156376	4584	7
156376	4585	5
156483	5745	2
156483	5746	0
156483	5747	2
156483	5748	0
156483	5749	0
156483	5750	1
156484	5745	2
156484	5746	2
156484	5747	0
156484	5748	2
156484	5749	0
156484	5750	1
156492	3922	0
156492	3923	0
156492	3924	1
156492	3925	0
156492	3926	0
156492	3927	0
156493	3922	6
156493	3923	2
156493	3924	16
156493	3925	0
156493	3926	26
156493	3927	15
156501	7369	0
156501	7370	0
156501	7371	0
156501	7372	0
156501	7373	0
156501	7374	0
156502	7369	15
156502	7370	0
156502	7371	0
156502	7372	0
156502	7373	0
156502	7374	0
156565	4175	0
156565	4176	0
156565	4177	0
156565	4178	0
156565	4179	0
156565	4180	0
156568	4175	4
156568	4176	0
156568	4177	5
156568	4178	4
156568	4179	0
156568	4180	2
156578	6976	0
156578	6977	0
156578	6978	2
156578	6979	0
156578	6980	0
156578	6981	0
156580	6976	0
156580	6977	0
156580	6978	0
156580	6979	0
156580	6980	0
156580	6981	0
156602	2940	10
156602	2941	2
156602	2942	15
156602	2943	5
156602	2944	6
156602	2945	6
156637	6130	3
156637	6131	0
156637	6132	0
156637	6133	0
156637	6134	0
156637	6135	0
156638	6130	4
156638	6131	0
156638	6132	0
156638	6133	0
156638	6134	0
156638	6135	0
156665	6881	4
156665	6882	0
156665	6883	4
156665	6884	0
156665	6885	0
156665	6886	0
156667	6881	4
156667	6882	9
156667	6883	7
156667	6884	3
156667	6885	4
156667	6886	3
156711	5631	7
156711	5632	0
156711	5633	0
156711	5634	0
156711	5635	4
156711	5636	0
156712	5631	1
156712	5632	0
156712	5633	0
156712	5634	0
156712	5635	0
156712	5636	0
156824	3611	0
156824	3612	3
156824	3613	1
156824	3614	0
156824	3615	0
156824	3616	5
156826	3611	1
156826	3612	2
156826	3613	0
156826	3614	4
156826	3615	1
156826	3616	2
156955	2616	0
156955	2617	0
156955	2618	0
156955	2619	1
156955	2620	0
156955	2621	0
156956	2616	0
156956	2617	0
156956	2618	0
156956	2619	0
156956	2620	0
156956	2621	0
156966	2964	2
156966	2965	4
156966	2966	0
156966	2967	0
156966	2968	2
156966	2969	3
157000	2868	1
157000	2869	0
157000	2870	1
157000	2871	1
157000	2872	1
157000	2873	1
157005	3194	0
157005	3195	0
157005	3196	0
157005	3197	0
157005	3198	0
157005	3199	0
157007	3194	0
157007	3195	2
157007	3196	0
157007	3197	0
157007	3198	0
157007	3199	0
157180	7327	0
157180	7328	0
157180	7329	2
157180	7330	2
157180	7331	0
157180	7332	0
157198	6546	0
157198	6547	0
157198	6548	0
157198	6549	0
157198	6550	0
157198	6551	0
157199	4092	0
157199	4093	0
157199	4094	3
157199	4095	0
157199	4096	0
157199	4097	0
157200	6546	1
157200	6547	0
157200	6548	5
157200	6549	1
157200	6550	1
157200	6551	0
157201	4092	4
157201	4093	1
157201	4094	20
157201	4095	9
157201	4096	1
157201	4097	0
157360	7522	0
157360	7523	0
157360	7524	0
157360	7525	0
157360	7526	0
157360	7527	0
157361	7522	0
157361	7523	10
157361	7524	0
157361	7525	12
157361	7526	0
157361	7527	0
157396	3976	0
157396	3977	0
157396	3978	3
157396	3979	0
157396	3980	2
157396	3981	0
157397	3976	0
157397	3977	15
157397	3978	2
157397	3979	0
157397	3980	3
157397	3981	0
157399	4730	0
157399	4731	0
157399	4732	0
157399	4733	0
157399	4734	0
157399	4735	0
157445	3397	2
157445	3398	0
157445	3399	1
157445	3400	0
157445	3401	1
157445	3402	1
157460	3539	1
157460	3540	0
157460	3541	0
157460	3542	0
157460	3543	0
157460	3544	0
157471	5112	1
157471	5113	2
157471	5114	4
157471	5115	3
157471	5116	5
157471	5117	4
157473	7450	0
157473	7451	4
157473	7452	2
157473	7453	0
157473	7454	5
157473	7455	2
157477	4187	3
157477	4188	2
157477	4189	4
157477	4190	3
157477	4191	3
157477	4192	6
157492	3349	4
157492	3350	8
157492	3351	2
157492	3352	2
157492	3353	10
157492	3354	2
157523	4282	0
157523	4283	0
157523	4284	0
157523	4285	0
157523	4286	0
157523	4287	0
157524	4282	0
157524	4283	5
157524	4284	0
157524	4285	0
157524	4286	0
157524	4287	0
157546	7450	0
157546	7451	14
157546	7452	5
157546	7453	0
157546	7454	2
157546	7455	1
157563	4164	0
157563	4165	0
157563	4166	0
157563	4167	0
157563	4168	0
157563	4169	0
157565	5058	0
157565	5059	0
157565	5060	0
157565	5061	0
157565	5062	0
157565	5063	0
157580	3539	0
157580	3540	0
157580	3541	0
157580	3542	0
157580	3543	0
157580	3544	0
157582	4187	3
157582	4188	3
157582	4189	2
157582	4190	5
157582	4191	3
157582	4192	2
157585	5112	0
157585	5113	0
157585	5114	3
157585	5115	0
157585	5116	0
157585	5117	0
157589	5733	0
157589	5734	0
157589	5735	0
157589	5736	1
157589	5737	0
157589	5738	1
157591	5733	0
157591	5734	0
157591	5735	0
157591	5736	1
157591	5737	0
157591	5738	1
157594	5112	0
157594	5113	0
157594	5114	3
157594	5115	0
157594	5116	0
157594	5117	0
157610	3397	0
157610	3398	0
157610	3399	0
157610	3400	0
157610	3401	0
157610	3402	0
157637	3349	0
157637	3350	0
157637	3351	0
157637	3352	0
157637	3353	0
157637	3354	0
157648	6767	0
157648	6768	0
157648	6769	0
157648	6770	0
157648	6771	0
157648	6772	0
157701	6334	0
157701	6335	0
157701	6336	0
157701	6337	0
157701	6338	0
157701	6339	0
157703	5763	0
157703	5764	0
157703	5765	0
157703	5766	2
157703	5767	0
157703	5768	4
157704	5763	1
157704	5764	0
157704	5765	0
157704	5766	0
157704	5767	2
157704	5768	6
157712	5017	1
157712	5018	0
157712	5019	0
157712	5020	4
157712	5021	5
157712	5022	1
157713	5017	15
157713	5018	6
157713	5019	10
157713	5020	7
157713	5021	9
157713	5022	1
157916	5058	3
157916	5059	0
157916	5060	0
157916	5061	0
157916	5062	0
157916	5063	0
157918	5058	0
157918	5059	0
157918	5060	0
157918	5061	0
157918	5062	0
157918	5063	0
157920	4730	0
157920	4731	0
157920	4732	0
157920	4733	0
157920	4734	0
157920	4735	0
157921	4730	0
157921	4731	0
157921	4732	3
157921	4733	0
157921	4734	0
157921	4735	0
157956	3675	5
157956	3676	4
157956	3677	2
157956	3678	4
157956	3679	0
157956	3680	0
157957	5343	5
157957	5344	0
157957	5345	4
157957	5346	0
157957	5347	0
157957	5348	0
157959	3675	0
157959	3676	1
157959	3677	0
157959	3678	12
157959	3679	2
157959	3680	10
157960	5343	0
157960	5344	0
157960	5345	0
157960	5346	0
157960	5347	0
157960	5348	0
158046	5733	0
158046	5734	0
158046	5735	0
158046	5736	0
158046	5737	0
158046	5738	0
158055	5733	0
158055	5734	0
158055	5735	0
158055	5736	0
158055	5737	0
158055	5738	0
158223	2844	2
158223	2845	2
158223	2846	6
158223	2847	0
158223	2848	0
158223	2849	0
158224	2844	0
158224	2845	0
158224	2846	3
158224	2847	0
158224	2848	0
158224	2849	0
158499	4023	10
158499	4024	6
158499	4025	9
158499	4026	18
158499	4027	8
158499	4028	7
158500	4023	16
158500	4024	18
158500	4025	11
158500	4026	18
158500	4027	8
158500	4028	7
158626	3355	0
158626	3356	0
158626	3357	0
158626	3358	0
158626	3359	0
158626	3360	0
158628	3355	0
158628	3356	0
158628	3357	0
158628	3358	6
158628	3359	0
158628	3360	0
158630	5733	0
158630	5734	0
158630	5735	0
158630	5736	0
158630	5737	0
158630	5738	0
158672	3623	0
158672	3624	4
158672	3625	0
158672	3626	0
158672	3627	0
158672	3628	3
158673	3623	0
158673	3624	0
158673	3625	0
158673	3626	0
158673	3627	0
158673	3628	4
159347	3053	0
159347	3054	0
159347	3055	0
159347	3056	0
159347	3057	0
159347	3058	0
159349	5721	0
159349	5722	0
159349	5723	0
159349	5724	0
159349	5725	0
159349	5726	0
159350	5721	2
159350	5722	0
159350	5723	0
159350	5724	0
159350	5725	0
159350	5726	0
159351	3053	0
159351	3054	0
159351	3055	0
159351	3056	0
159351	3057	0
159351	3058	0
159435	3952	0
159435	3953	0
159435	3954	0
159435	3955	0
159435	3956	0
159435	3957	0
159449	5703	3
159449	5704	6
159449	5705	2
159449	5706	6
159449	5707	0
159449	5708	0
159451	6214	0
159451	6215	1
159451	6216	3
159451	6217	0
159451	6218	0
159451	6219	0
159469	7327	0
159469	7328	0
159469	7329	5
159469	7330	2
159469	7331	4
159469	7332	2
159487	3158	0
159487	3159	1
159487	3160	1
159487	3161	0
159487	3162	0
159487	3163	0
159514	5703	2
159514	5704	4
159514	5705	14
159514	5706	6
159514	5707	6
159514	5708	3
159516	2742	4
159516	2743	7
159516	2744	0
159516	2745	5
159516	2746	0
159516	2747	2
159519	6773	0
159519	6774	0
159519	6775	0
159519	6776	0
159519	6777	3
159519	6778	0
159534	3952	0
159534	3953	0
159534	3954	1
159534	3955	0
159534	3956	0
159534	3957	1
159596	7327	0
159596	7328	0
159596	7329	0
159596	7330	0
159596	7331	0
159596	7332	0
159597	6869	0
159597	6870	0
159597	6871	0
159597	6872	0
159597	6873	3
159597	6874	0
159598	6869	0
159598	6870	0
159598	6871	0
159598	6872	0
159598	6873	6
159598	6874	0
159644	4228	0
159644	4229	0
159644	4230	0
159644	4231	0
159644	4232	0
159644	4233	3
159645	4228	0
159645	4229	0
159645	4230	0
159645	4231	0
159645	4232	0
159645	4233	0
159748	6570	1
159748	6571	0
159748	6572	2
159748	6573	0
159748	6574	0
159748	6575	1
159749	6340	0
159749	6341	0
159749	6342	1
159749	6343	0
159749	6344	1
159749	6345	0
159750	6570	0
159750	6571	0
159750	6572	4
159750	6573	0
159750	6574	0
159750	6575	0
159751	6340	0
159751	6341	0
159751	6342	0
159751	6343	0
159751	6344	0
159751	6345	1
159825	6334	0
159825	6335	0
159825	6336	0
159825	6337	0
159825	6338	2
159825	6339	2
159850	4813	0
159850	4814	0
159850	4815	0
159850	4816	0
159850	4817	0
159850	4818	0
159851	4813	0
159851	4814	0
159851	4815	0
159851	4816	0
159851	4817	0
159851	4818	2
159882	5088	2
159882	5089	2
159882	5090	0
159882	5091	2
159882	5092	0
159882	5093	0
159883	5409	0
159883	5410	0
159883	5411	0
159883	5412	0
159883	5413	0
159883	5414	0
159891	3355	0
159891	3356	0
159891	3357	0
159891	3358	0
159891	3359	0
159891	3360	0
159892	3355	0
159892	3356	0
159892	3357	0
159892	3358	6
159892	3359	0
159892	3360	0
160213	2886	0
160213	2887	0
160213	2888	0
160213	2889	0
160213	2890	0
160213	2891	0
160264	4175	0
160264	4176	0
160264	4177	0
160264	4178	0
160264	4179	0
160264	4180	0
160270	4730	0
160270	4731	0
160270	4732	0
160270	4733	0
160270	4734	0
160270	4735	0
160278	5041	0
160278	5042	0
160278	5043	0
160278	5044	5
160278	5045	0
160286	4164	5
160286	4165	4
160286	4166	0
160286	4167	0
160286	4168	2
160286	4169	0
160289	6130	0
160289	6131	0
160289	6132	0
160289	6133	0
160289	6134	0
160289	6135	0
160309	7237	0
160309	7238	0
160309	7239	2
160309	7240	0
160309	7241	0
160309	7242	0
160314	4378	1
160314	4379	0
160314	4380	0
160314	4381	0
160314	4382	0
160314	4383	0
160351	6130	0
160351	6131	0
160351	6132	0
160351	6133	0
160351	6134	0
160351	6135	0
160358	7237	3
160358	7238	2
160358	7239	0
160358	7240	0
160358	7241	0
160358	7242	0
160365	4730	0
160365	4731	0
160365	4732	0
160365	4733	0
160365	4734	0
160365	4735	0
160372	5631	0
160372	5632	0
160372	5633	0
160372	5634	0
160372	5635	0
160372	5636	0
160386	4175	0
160386	4176	0
160386	4177	2
160386	4178	2
160386	4179	0
160386	4180	3
160389	7369	10
160389	7370	0
160389	7371	0
160389	7372	0
160389	7373	0
160389	7374	0
160392	7369	3
160392	7370	0
160392	7371	0
160392	7372	0
160392	7373	0
160392	7374	0
160433	4378	0
160433	4379	0
160433	4380	0
160433	4381	0
160433	4382	0
160433	4383	0
160435	6588	0
160435	6589	0
160435	6590	0
160435	6591	0
160435	6592	3
160435	6593	3
160450	2886	0
160450	2887	6
160450	2888	6
160450	2889	0
160450	2890	0
160450	2891	0
160472	4164	0
160472	4165	0
160472	4166	0
160472	4167	0
160472	4168	0
160472	4169	0
160512	5805	2
160512	5806	0
160512	5807	0
160512	5808	2
160512	5809	1
160512	5810	0
160524	6588	0
160524	6589	0
160524	6590	0
160524	6591	0
160524	6592	0
160524	6593	0
160556	3611	0
160556	3612	0
160556	3613	0
160556	3614	0
160556	3615	0
160556	3616	0
160557	3611	0
160557	3612	10
160557	3613	4
160557	3614	2
160557	3615	0
160557	3616	2
160567	6976	4
160567	6977	0
160567	6978	0
160567	6979	0
160567	6980	0
160567	6981	0
160569	6976	1
160569	6977	0
160569	6978	0
160569	6979	0
160569	6980	0
160569	6981	0
160601	3194	0
160601	3195	0
160601	3196	0
160601	3197	0
160601	3198	0
160601	3199	0
160603	3194	1
160603	3195	0
160603	3196	0
160603	3197	0
160603	3198	0
160603	3199	0
160607	6442	0
160607	6443	0
160607	6444	0
160607	6445	0
160607	6446	0
160607	6447	0
160608	6442	1
160608	6443	0
160608	6444	0
160608	6445	0
160608	6446	0
160608	6447	0
160619	3271	2
160619	3272	0
160619	3273	0
160619	3274	0
160619	3275	0
160619	3276	0
160621	3976	0
160621	3977	0
160621	3978	5
160621	3979	0
160621	3980	3
160621	3981	0
160622	3976	0
160622	3977	0
160622	3978	0
160622	3979	0
160622	3980	0
160622	3981	0
160624	3041	0
160624	3042	6
160624	3043	0
160624	3044	0
160624	3045	0
160624	3046	0
160625	3041	0
160625	3042	2
160625	3043	0
160625	3044	0
160625	3045	6
160625	3046	0
160702	4044	0
160702	4045	0
160702	4046	0
160702	4047	0
160702	4048	0
160702	4049	0
160703	4044	0
160703	4045	2
160703	4046	0
160703	4047	0
160703	4048	0
160703	4049	0
160708	4718	6
160708	4719	0
160708	4720	0
160708	4721	4
160708	4722	0
160708	4723	0
160709	4718	0
160709	4719	6
160709	4720	0
160709	4721	0
160709	4722	0
160709	4723	2
160724	2616	0
160724	2617	0
160724	2618	0
160724	2619	2
160724	2620	0
160724	2621	0
160912	2868	0
160912	2869	0
160912	2870	0
160912	2871	0
160912	2872	0
160912	2873	2
160914	2868	0
160914	2869	0
160914	2870	0
160914	2871	0
160914	2872	0
160914	2873	0
160965	4282	0
160965	4283	0
160965	4284	0
160965	4285	0
160965	4286	0
160965	4287	0
160980	6286	0
160980	6287	0
160980	6288	0
160980	6289	0
160980	6290	0
160980	6291	0
160984	3397	0
160984	3398	0
160984	3399	0
160984	3400	0
160984	3401	0
160984	3402	0
161006	5058	0
161006	5059	0
161006	5060	0
161006	5061	0
161006	5062	0
161006	5063	0
161014	7450	0
161014	7451	7
161014	7452	0
161014	7453	0
161014	7454	0
161014	7455	0
161015	5088	0
161015	5089	0
161015	5090	0
161015	5091	0
161015	5092	0
161015	5093	0
161020	5112	2
161020	5114	2
161020	5117	0
161026	5745	1
161026	5746	0
161026	5747	1
161026	5748	0
161026	5749	0
161026	5750	0
161027	5745	0
161027	5746	0
161027	5747	0
161027	5748	0
161027	5749	0
161027	5750	0
161051	3675	0
161051	3676	0
161051	3677	0
161051	3678	0
161051	3679	0
161051	3680	8
161085	5088	0
161085	5089	0
161085	5090	0
161085	5091	0
161085	5092	0
161085	5093	0
161089	4282	1
161089	4283	3
161089	4284	3
161089	4285	2
161089	4286	1
161089	4287	0
161100	5058	1
161100	5059	0
161100	5060	0
161100	5061	0
161100	5062	0
161100	5063	0
161104	6286	0
161104	6287	6
161104	6288	4
161104	6289	0
161104	6290	0
161104	6291	4
161105	5112	0
161105	5114	0
161105	5117	3
161108	3397	0
161108	3398	0
161108	3399	0
161108	3400	0
161108	3401	0
161108	3402	0
161111	7450	0
161111	7451	12
161111	7452	2
161111	7453	0
161111	7454	0
161111	7455	0
161128	5721	0
161128	5722	0
161128	5723	0
161128	5724	0
161128	5725	0
161128	5726	0
161129	5721	0
161129	5722	0
161129	5723	0
161129	5724	0
161129	5725	0
161129	5726	0
161245	4023	5
161245	4024	20
161245	4025	5
161245	4026	13
161245	4027	5
161245	4028	5
161246	4023	2
161246	4024	21
161246	4025	17
161246	4026	5
161246	4027	9
161246	4028	5
161260	5949	0
161260	5950	0
161260	5951	4
161260	5952	0
161260	5953	0
161260	5954	0
161261	5949	0
161261	5950	0
161261	5951	0
161261	5952	20
161261	5953	13
161261	5954	0
161277	5733	0
161277	5734	0
161277	5735	0
161277	5736	0
161277	5737	0
161277	5738	0
161278	5733	0
161278	5734	0
161278	5735	0
161278	5736	0
161278	5737	0
161278	5738	0
161348	6767	0
161348	6768	0
161348	6769	0
161348	6770	0
161348	6771	0
161348	6772	0
161349	6767	52
161349	6768	0
161349	6769	0
161349	6770	21
161349	6771	0
161349	6772	0
161770	3053	0
161770	3054	0
161770	3055	0
161770	3056	0
161770	3057	0
161770	3058	0
161771	3053	0
161771	3054	1
161771	3055	0
161771	3056	0
161771	3057	1
161771	3058	0
