ObservationID	SubLocationID	Count
146127	3837	0
146127	3838	0
146127	3839	0
146127	3840	0
146127	3841	0
146127	3842	0
146128	3837	0
146128	3838	8
146128	3839	1
146128	3840	7
146128	3841	0
146128	3842	0
146130	6150	0
146130	6151	1
146130	6152	0
146130	6153	0
146130	6154	0
146130	6155	0
146142	6150	0
146142	6151	6
146142	6152	10
146142	6153	0
146142	6154	0
146142	6155	0
146145	3837	0
146145	3838	24
146145	3839	0
146145	3840	10
146145	3841	0
146145	3842	0
146147	6150	0
146147	6151	0
146147	6152	0
146147	6153	0
146147	6154	0
146147	6155	0
146177	6569	0
146177	6570	12
146177	6571	6
146177	6572	0
146177	6573	0
146177	6574	7
146178	6569	5
146178	6570	60
146178	6571	2
146178	6572	0
146178	6573	0
146178	6574	0
146179	6569	0
146179	6570	0
146179	6571	0
146179	6572	0
146179	6573	0
146179	6574	0
146427	6803	0
146427	6804	0
146427	6805	0
146427	6806	0
146427	6807	0
146427	6808	0
146428	6803	0
146428	6804	0
146428	6805	0
146428	6806	0
146428	6807	0
146428	6808	0
146429	6803	0
146429	6804	0
146429	6805	0
146429	6806	0
146429	6807	0
146429	6808	2
146697	7514	0
146697	7515	0
146697	7516	0
146697	7517	0
146697	7518	20
146697	7519	0
146698	7514	7
146698	7515	0
146698	7516	4
146698	7517	0
146698	7518	0
146698	7519	0
146699	7514	0
146699	7515	0
146699	7516	0
146699	7517	0
146699	7518	0
146699	7519	0
146837	6509	0
146837	6510	0
146837	6511	0
146837	6512	0
146837	6513	0
146837	6514	0
146838	6509	0
146838	6510	0
146838	6511	0
146838	6512	0
146838	6513	0
146838	6514	0
146839	6509	0
146839	6510	0
146839	6511	0
146839	6512	0
146839	6513	1
146839	6514	0
147071	7383	0
147071	7384	0
147071	7385	0
147071	7386	0
147071	7387	0
147071	7388	0
147205	7472	25
147205	7473	18
147205	7474	0
147205	7475	0
147205	7476	0
147205	7477	0
147240	7383	0
147240	7384	0
147240	7385	0
147240	7386	0
147240	7387	0
147240	7388	0
147241	7520	0
147241	7521	0
147241	7522	0
147241	7523	0
147241	7524	0
147241	7525	0
147348	6336	0
147348	6337	0
147348	6338	0
147348	6339	0
147348	6340	0
147348	6341	0
147349	6336	0
147349	6337	0
147349	6338	0
147349	6339	0
147349	6340	0
147349	6341	0
147350	6336	0
147350	6337	0
147350	6338	0
147350	6339	0
147350	6340	0
147350	6341	0
147534	6569	0
147534	6570	12
147534	6571	6
147534	6572	0
147534	6573	0
147534	6574	7
147541	6569	5
147541	6570	60
147541	6571	2
147541	6572	0
147541	6573	0
147541	6574	0
147544	6569	0
147544	6570	0
147544	6571	0
147544	6572	0
147544	6573	0
147544	6574	0
147876	7472	0
147876	7473	2
147876	7474	0
147876	7475	0
147876	7476	0
147876	7477	0
148056	6090	0
148056	6091	0
148056	6092	6
148056	6093	0
148056	6095	9
148057	6090	0
148057	6091	1
148057	6092	3
148057	6093	9
148057	6094	3
148057	6095	4
148058	6090	0
148058	6091	0
148058	6092	0
148058	6093	0
148058	6094	0
148058	6095	0
148422	2600	0
148422	2601	0
148422	2602	1
148422	2603	2
148422	2604	0
148422	2605	0
148423	2600	0
148423	2601	0
148423	2602	0
148423	2603	0
148423	2604	0
148423	2605	0
148424	2600	0
148424	2601	0
148424	2602	0
148424	2603	0
148424	2604	0
148424	2605	0
148425	5118	0
148425	5119	0
148425	5120	0
148425	5121	0
148425	5122	0
148425	5123	0
148426	5118	2
148426	5119	2
148426	5120	2
148426	5121	1
148426	5122	9
148426	5123	0
148427	5118	0
148427	5119	2
148427	5120	1
148427	5121	2
148427	5122	2
148427	5123	1
151440	5339	0
151440	5340	0
151440	5341	0
151440	5342	0
151440	5343	0
151440	5344	0
151829	3087	0
151829	3088	0
151829	3089	0
151829	3090	0
151829	3091	0
151829	3092	6
151830	3087	0
151830	3088	0
151830	3089	0
151830	3090	0
151830	3091	0
151830	3092	0
151834	3087	0
151834	3088	0
151834	3089	0
151834	3090	0
151834	3091	0
151834	3092	0
151848	5339	0
151848	5340	0
151848	5341	0
151848	5342	0
151848	5343	0
151848	5344	0
151978	3891	0
151978	3892	28
151978	3893	0
151978	3894	2
151978	3895	0
151978	3896	0
152000	2678	0
152000	2679	0
152000	2680	0
152000	2681	0
152000	2682	0
152000	2683	0
152092	2678	0
152092	2679	0
152092	2680	0
152092	2681	0
152092	2682	0
152092	2683	0
152213	6619	0
152213	6620	0
152213	6621	0
152213	6622	0
152213	6623	0
152213	6624	0
152214	6619	0
152214	6620	0
152214	6621	0
152214	6622	0
152214	6623	0
152214	6624	0
152215	6619	2
152215	6620	0
152215	6621	0
152215	6622	0
152215	6623	0
152215	6624	0
152350	2678	1
152350	2679	0
152350	2680	0
152350	2681	0
152350	2682	0
152350	2683	0
152372	3891	50
152372	3892	0
152372	3893	0
152372	3894	0
152372	3895	0
152372	3896	0
152373	3891	5
152373	3892	1
152373	3893	3
152373	3894	0
152373	3895	1
152373	3896	0
152374	3240	0
152374	3241	0
152374	3242	0
152374	3243	0
152374	3244	0
152374	3245	0
152375	3240	0
152375	3241	0
152375	3242	0
152375	3243	0
152375	3244	0
152375	3245	0
152376	3240	0
152376	3241	0
152376	3242	0
152376	3243	1
152376	3244	0
152376	3245	0
152643	6803	0
152643	6804	0
152643	6805	0
152643	6806	0
152643	6807	0
152643	6808	0
152644	6803	0
152644	6804	0
152644	6805	0
152644	6806	0
152644	6807	0
152644	6808	0
152645	6803	0
152645	6804	0
152645	6805	0
152645	6806	0
152645	6807	0
152645	6808	2
152746	6336	0
152746	6337	0
152746	6338	0
152746	6339	0
152746	6340	0
152746	6341	0
152747	6336	0
152747	6337	0
152747	6338	0
152747	6339	0
152747	6340	0
152747	6341	0
152749	6336	0
152749	6337	0
152749	6338	0
152749	6339	0
152749	6340	0
152749	6341	0
152948	2600	0
152948	2601	0
152948	2602	1
152948	2603	2
152948	2604	0
152948	2605	0
152949	5118	0
152949	5119	0
152949	5120	0
152949	5121	0
152949	5122	0
152949	5123	0
152954	2600	0
152954	2601	0
152954	2602	0
152954	2603	0
152954	2604	0
152954	2605	0
152955	5118	2
152955	5119	2
152955	5120	2
152955	5121	1
152955	5122	9
152955	5123	0
152960	2600	0
152960	2601	0
152960	2602	0
152960	2603	0
152960	2604	0
152960	2605	0
152961	5118	0
152961	5119	2
152961	5120	1
152961	5121	2
152961	5122	2
152961	5123	1
153039	3891	0
153039	3892	28
153039	3893	0
153039	3894	2
153039	3895	0
153039	3896	0
153040	3087	0
153040	3088	0
153040	3089	0
153040	3090	0
153040	3091	0
153040	3092	6
153041	3087	0
153041	3088	0
153041	3089	0
153041	3090	0
153041	3091	0
153041	3092	0
153042	3087	0
153042	3088	0
153042	3089	0
153042	3090	0
153042	3091	0
153042	3092	0
153043	3891	50
153043	3892	0
153043	3893	0
153043	3894	0
153043	3895	0
153043	3896	0
153044	3891	5
153044	3892	1
153044	3893	3
153044	3894	0
153044	3895	1
153044	3896	0
153355	6619	0
153355	6620	0
153355	6621	0
153355	6622	0
153355	6623	0
153355	6624	0
153364	6619	0
153364	6620	0
153364	6621	0
153364	6622	0
153364	6623	0
153364	6624	0
153365	6619	2
153365	6620	0
153365	6621	0
153365	6622	0
153365	6623	0
153365	6624	0
153466	7520	0
153466	7521	0
153466	7522	0
153466	7523	0
153466	7524	0
153466	7525	0
153467	7383	0
153467	7384	0
153467	7385	0
153467	7386	0
153467	7387	0
153467	7388	0
153468	7383	0
153468	7384	0
153468	7385	0
153468	7386	0
153468	7387	0
153468	7388	0
153469	7520	0
153469	7521	0
153469	7522	0
153469	7523	0
153469	7524	0
153469	7525	0
153553	6911	2
153553	6912	3
153553	6913	15
153553	6914	0
153553	6915	0
153553	6916	0
153554	6911	0
153554	6912	0
153554	6913	0
153554	6914	0
153554	6915	0
153554	6916	0
153555	6911	0
153555	6912	0
153555	6913	0
153555	6914	0
153555	6915	0
153555	6916	0
153562	6911	0
153562	6912	0
153562	6913	0
153562	6914	0
153562	6915	0
153562	6916	0
153663	6090	0
153663	6091	0
153663	6092	6
153663	6093	0
153663	6095	9
153668	6090	0
153668	6091	1
153668	6092	3
153668	6093	9
153668	6094	3
153668	6095	4
153673	6090	0
153673	6091	0
153673	6092	0
153673	6093	0
153673	6094	0
153673	6095	0
153684	6911	2
153684	6912	3
153684	6913	15
153684	6914	0
153684	6915	0
153684	6916	0
153692	6911	0
153692	6912	0
153692	6913	0
153692	6914	0
153692	6915	0
153692	6916	0
153693	2678	0
153693	2679	0
153693	2680	0
153693	2681	0
153693	2682	0
153693	2683	0
153694	2678	0
153694	2679	0
153694	2680	0
153694	2681	0
153694	2682	0
153694	2683	0
153695	2678	1
153695	2679	0
153695	2680	0
153695	2681	0
153695	2682	0
153695	2683	0
153827	3240	0
153827	3241	0
153827	3242	0
153827	3243	0
153827	3244	0
153827	3245	0
153832	3240	0
153832	3241	0
153832	3242	0
153832	3243	0
153832	3244	0
153832	3245	0
153834	3240	0
153834	3241	0
153834	3242	0
153834	3243	1
153834	3244	0
153834	3245	0
155198	6569	2
155198	6570	28
155198	6571	3
155198	6572	0
155198	6573	0
155198	6574	1
155199	6569	7
155199	6570	38
155199	6571	0
155199	6572	4
155199	6573	4
155199	6574	0
155598	6569	0
155598	6570	7
155598	6571	2
155598	6572	2
155598	6573	0
155598	6574	3
156199	6803	0
156199	6804	0
156199	6805	0
156199	6806	0
156199	6807	0
156199	6808	0
156203	6803	0
156203	6804	0
156203	6805	0
156203	6806	0
156203	6807	0
156203	6808	0
156643	6569	2
156643	6570	28
156643	6571	3
156643	6572	0
156643	6573	0
156643	6574	1
156644	6569	7
156644	6570	38
156644	6571	0
156644	6572	4
156644	6573	4
156644	6574	0
156646	6569	0
156646	6570	7
156646	6571	2
156646	6572	2
156646	6573	0
156646	6574	3
156735	6150	0
156735	6151	0
156735	6152	0
156735	6153	0
156735	6154	0
156735	6155	0
156736	3837	0
156736	3838	0
156736	3839	0
156736	3840	1
156736	3841	0
156736	3842	0
156737	6150	0
156737	6151	0
156737	6152	0
156737	6153	0
156737	6154	0
156737	6155	0
156738	6150	0
156738	6151	0
156738	6152	0
156738	6153	0
156738	6154	0
156738	6155	0
156739	3837	20
156739	3838	80
156739	3839	0
156739	3840	15
156739	3841	0
156739	3842	0
156740	3837	3
156740	3838	13
156740	3839	2
156740	3840	13
156740	3841	1
156740	3842	2
156750	6509	0
156750	6510	0
156750	6511	0
156750	6512	16
156750	6513	0
156750	6514	1
156815	6150	0
156815	6151	0
156815	6152	0
156815	6153	0
156815	6154	0
156815	6155	0
156816	3837	3
156816	3838	13
156816	3839	2
156816	3840	13
156816	3841	1
156816	3842	2
156817	6150	0
156817	6151	0
156817	6152	0
156817	6153	0
156817	6154	0
156817	6155	0
156818	3837	20
156818	3838	80
156818	3839	0
156818	3840	15
156818	3841	0
156818	3842	0
156819	3837	0
156819	3838	0
156819	3839	0
156819	3840	1
156819	3841	0
156819	3842	0
156820	6150	0
156820	6151	0
156820	6152	0
156820	6153	0
156820	6154	0
156820	6155	0
156825	6090	0
156825	6091	10
156825	6092	8
156825	6093	15
156825	6094	0
156825	6095	0
156828	6090	2
156828	6091	6
156828	6092	0
156828	6093	16
156828	6094	0
156828	6095	0
156829	6090	5
156829	6091	8
156829	6092	0
156829	6093	14
156829	6094	0
156829	6095	0
157353	6803	0
157353	6804	5
157353	6805	0
157353	6806	0
157353	6807	0
157353	6808	0
157390	6336	0
157390	6337	0
157390	6338	0
157390	6339	0
157390	6340	0
157390	6341	2
157414	5339	0
157414	5340	0
157414	5341	2
157414	5342	0
157414	5343	0
157414	5344	0
157470	6336	0
157470	6337	0
157470	6338	0
157470	6339	0
157470	6340	0
157470	6341	3
157501	6336	0
157501	6337	0
157501	6338	0
157501	6339	0
157501	6340	0
157501	6341	9
157653	5118	0
157653	5119	3
157653	5120	0
157653	5121	2
157653	5122	0
157653	5123	2
157654	2600	0
157654	2601	0
157654	2602	0
157654	2603	0
157654	2604	0
157654	2605	2
157671	5118	1
157671	5119	0
157671	5120	3
157671	5121	4
157671	5122	3
157671	5123	1
157672	2600	0
157672	2601	0
157672	2602	0
157672	2603	0
157672	2604	0
157672	2605	0
157677	5118	2
157677	5119	3
157677	5120	0
157677	5121	0
157677	5122	6
157677	5123	3
157678	2600	0
157678	2601	0
157678	2602	0
157678	2603	0
157678	2604	0
157678	2605	0
157746	3087	0
157746	3088	4
157746	3089	0
157746	3090	0
157746	3091	0
157746	3092	0
159169	7383	0
159169	7384	0
159169	7385	4
159169	7386	0
159169	7387	0
159169	7388	0
159170	7383	2
159170	7384	9
159170	7385	9
159170	7386	4
159170	7387	0
159170	7388	3
159171	7520	6
159171	7521	6
159171	7522	4
159171	7523	7
159171	7524	7
159171	7525	0
159172	7520	40
159172	7521	38
159172	7522	4
159172	7523	0
159172	7524	0
159172	7525	0
159173	7383	0
159173	7384	0
159173	7385	0
159173	7386	0
159173	7387	3
159173	7388	0
159174	7520	14
159174	7521	5
159174	7522	8
159174	7523	4
159174	7524	0
159174	7525	0
159179	7472	8
159179	7473	0
159179	7474	1
159179	7475	0
159179	7476	0
159179	7477	0
159180	7472	0
159180	7473	4
159180	7474	0
159180	7475	0
159180	7476	0
159180	7477	0
159242	3240	0
159242	3241	0
159242	3242	0
159242	3243	0
159242	3244	0
159242	3245	0
159243	5339	0
159243	5340	0
159243	5341	0
159243	5342	0
159243	5343	0
159243	5344	0
159271	2678	1
159271	2679	0
159271	2680	0
159271	2681	1
159271	2682	0
159271	2683	0
159487	3240	0
159487	3241	0
159487	3242	3
159487	3243	1
159487	3244	0
159487	3245	0
159525	2678	0
159525	2679	0
159525	2680	0
159525	2681	0
159525	2682	5
159525	2683	0
159688	6619	0
159688	6620	0
159688	6621	0
159688	6622	33
159688	6623	0
159688	6624	0
159689	6619	0
159689	6620	0
159689	6621	0
159689	6622	0
159689	6623	0
159689	6624	0
159690	6619	0
159690	6620	0
159690	6621	0
159690	6622	0
159690	6623	0
159690	6624	0
159816	3891	20
159816	3892	0
159816	3893	0
159816	3894	0
159816	3895	0
159816	3896	0
159817	3891	20
159817	3892	0
159817	3893	0
159817	3894	0
159817	3895	0
159817	3896	0
159818	3891	0
159818	3892	5
159818	3893	0
159818	3894	0
159818	3895	0
159818	3896	0
160118	6911	18
160118	6912	5
160118	6913	3
160118	6914	0
160118	6915	0
160118	6916	0
160119	6911	1
160119	6912	20
160119	6913	20
160119	6914	20
160119	6915	0
160119	6916	0
160120	6911	1
160120	6912	20
160120	6913	20
160120	6914	20
160120	6915	0
160120	6916	0
160124	6911	0
160124	6912	0
160124	6913	0
160124	6914	0
160124	6915	0
160124	6916	0
160125	6911	0
160125	6912	0
160125	6913	0
160125	6914	0
160125	6915	0
160125	6916	0
160204	7514	2
160204	7515	0
160204	7516	7
160204	7517	0
160204	7518	0
160204	7519	0
160301	6569	4
160301	6570	54
160301	6571	0
160301	6572	0
160301	6573	0
160301	6574	0
160302	6569	9
160302	6570	45
160302	6571	0
160302	6572	2
160302	6573	8
160302	6574	0
160352	7514	0
160352	7515	0
160352	7516	0
160352	7517	0
160352	7518	0
160352	7519	0
160370	6569	5
160370	6570	17
160370	6571	2
160370	6572	0
160370	6573	0
160370	6574	2
160459	6150	0
160459	6151	3
160459	6152	1
160459	6153	4
160459	6154	0
160459	6155	0
160460	3837	50
160460	3838	110
160460	3839	2
160460	3840	50
160460	3841	0
160460	3842	35
160461	6150	7
160461	6151	0
160461	6152	0
160461	6153	1
160461	6154	5
160461	6155	0
160462	3837	25
160462	3838	50
160462	3839	10
160462	3840	40
160462	3841	13
160462	3842	10
160463	6150	8
160463	6151	0
160463	6152	0
160463	6153	4
160463	6154	1
160463	6155	0
160464	3837	40
160464	3838	70
160464	3839	2
160464	3840	70
160464	3841	8
160464	3842	5
160470	6803	0
160470	6804	0
160470	6805	0
160470	6806	0
160470	6807	0
160470	6808	0
160729	6090	0
160729	6091	0
160729	6092	3
160729	6093	2
160729	6094	3
160729	6095	8
160919	6336	0
160919	6337	0
160919	6338	0
160919	6339	0
160919	6340	0
160919	6341	8
160926	5339	0
160926	5340	0
160926	5341	0
160926	5342	0
160926	5343	2
160926	5344	0
160992	7472	0
160992	7473	5
160992	7474	0
160992	7475	0
160992	7476	0
160992	7477	0
161010	6336	0
161010	6337	0
161010	6338	0
161010	6339	0
161010	6340	0
161010	6341	15
161029	7472	0
161029	7473	0
161029	7474	0
161029	7475	0
161029	7476	0
161029	7477	0
161125	6336	0
161125	6337	0
161125	6338	0
161125	6339	8
161125	6340	0
161125	6341	0
161177	7472	0
161177	7473	0
161177	7474	0
161177	7475	0
161177	7476	0
161177	7477	0
161197	7520	5
161197	7521	0
161197	7522	4
161197	7523	0
161197	7524	0
161197	7525	0
161198	7383	0
161198	7384	0
161198	7385	0
161198	7386	0
161198	7387	1
161198	7388	0
161199	7383	16
161199	7384	0
161199	7385	15
161199	7386	0
161199	7387	11
161199	7388	1
161200	7520	30
161200	7521	23
161200	7522	20
161200	7523	14
161200	7524	5
161200	7525	3
161917	3240	0
161917	3241	0
161917	3242	0
161917	3243	0
161917	3244	0
161917	3245	0
