ObservationID	SubLocationID	Count
146049	5724	0
146049	5725	0
146049	5726	0
146049	5727	0
146049	5728	0
146049	5729	0
146050	5724	0
146050	5725	0
146050	5726	0
146050	5727	0
146050	5728	0
146050	5729	0
146060	6875	0
146060	6876	0
146060	6877	1
146060	6878	0
146060	6879	1
146060	6880	2
146061	6875	0
146061	6876	0
146061	6877	0
146061	6878	0
146061	6879	0
146061	6880	0
146070	3093	0
146070	3094	0
146070	3095	0
146070	3096	1
146070	3097	0
146070	3098	0
146071	3093	0
146071	3094	0
146071	3095	0
146071	3096	0
146071	3097	0
146071	3098	0
146077	2973	1
146077	2974	1
146077	2975	0
146077	2976	0
146078	2973	0
146078	2974	0
146078	2975	0
146078	2976	0
146185	5088	0
146185	5089	0
146185	5090	0
146185	5091	0
146185	5092	1
146185	5093	0
146186	5088	0
146186	5089	0
146186	5090	0
146186	5091	0
146186	5092	3
146186	5093	0
146216	7155	1
146216	7156	0
146216	7157	0
146216	7158	0
146216	7159	0
146216	7160	0
146246	3246	0
146246	3247	0
146246	3248	0
146246	3249	0
146246	3250	1
146246	3251	0
146247	3246	0
146247	3247	0
146247	3248	0
146247	3249	0
146247	3250	0
146247	3251	0
146255	5886	1
146255	5887	0
146255	5888	0
146255	5889	0
146255	5890	0
146255	5891	0
146271	4968	0
146271	4969	0
146271	4970	1
146271	4971	0
146271	4972	0
146271	4973	0
146281	7155	0
146281	7156	0
146281	7157	0
146281	7158	0
146281	7159	1
146281	7160	0
146284	4968	0
146284	4969	0
146284	4970	0
146284	4971	0
146284	4972	0
146284	4973	0
146292	5886	0
146292	5887	0
146292	5888	0
146292	5889	0
146292	5890	0
146292	5891	0
146304	6605	0
146304	6606	0
146304	6607	1
146304	6608	1
146304	6609	1
146304	6610	0
146305	6605	0
146305	6606	0
146305	6607	0
146305	6608	0
146305	6609	0
146305	6610	0
146321	5243	0
146321	5244	1
146321	5245	0
146321	5246	1
146321	5247	0
146321	5248	1
146322	2829	0
146322	2830	0
146322	2831	0
146322	2832	0
146322	2833	0
146322	2834	0
146327	2829	1
146327	2830	0
146327	2831	0
146327	2832	0
146327	2833	0
146327	2834	0
146331	5724	0
146331	5725	0
146331	5726	0
146331	5727	0
146331	5728	0
146331	5729	0
146337	6701	0
146337	6702	0
146337	6703	0
146337	6704	0
146337	6705	0
146337	6706	0
146340	7233	0
146340	7234	0
146340	7235	0
146340	7236	0
146340	7237	0
146340	7238	0
146341	7233	1
146341	7234	1
146341	7235	1
146341	7236	0
146341	7237	1
146341	7238	0
146342	6701	0
146342	6702	0
146342	6703	1
146342	6704	0
146342	6705	1
146342	6706	0
146352	4521	0
146352	4522	0
146352	4523	0
146352	4524	0
146352	4525	0
146352	4526	0
146353	4521	0
146353	4522	0
146353	4523	0
146353	4524	0
146353	4525	0
146353	4526	0
146354	7604	0
146354	7605	0
146354	7606	0
146354	7607	0
146354	7608	0
146354	7609	0
146371	7604	0
146371	7605	0
146371	7606	0
146371	7607	0
146371	7608	1
146371	7609	0
146375	5243	0
146375	5244	1
146375	5245	0
146375	5246	0
146375	5247	1
146375	5248	1
146376	3789	1
146376	3790	0
146376	3791	1
146376	3792	0
146376	3793	0
146376	3794	1
146378	3789	0
146378	3790	0
146378	3791	0
146378	3792	0
146378	3793	0
146378	3794	0
146387	4116	0
146387	4117	0
146387	4118	0
146387	4119	0
146387	4120	0
146388	4116	0
146388	4117	0
146388	4118	0
146388	4119	1
146388	4120	0
146396	4860	0
146396	4861	0
146396	4862	0
146396	4863	0
146396	4864	0
146396	4865	0
146397	4860	0
146397	4861	0
146397	4862	0
146397	4863	0
146397	4864	0
146397	4865	0
146425	6042	0
146425	6043	1
146425	6044	0
146425	6045	1
146425	6046	1
146425	6047	1
146426	6042	0
146426	6043	0
146426	6044	0
146426	6045	0
146426	6046	0
146426	6047	0
146438	5683	0
146438	5684	0
146438	5685	0
146438	5686	0
146438	5687	0
146438	5688	0
146439	5683	0
146439	5684	1
146439	5685	1
146439	5686	0
146439	5687	0
146439	5688	0
146442	3687	1
146442	3688	0
146442	3689	0
146442	3690	1
146442	3691	0
146442	3692	0
146443	3687	0
146443	3688	0
146443	3689	0
146443	3690	0
146443	3691	0
146443	3692	0
146488	7604	0
146488	7605	0
146488	7606	0
146488	7607	0
146488	7608	0
146488	7609	0
146519	3657	0
146519	3658	0
146519	3659	0
146519	3660	0
146519	3661	0
146519	3662	0
146520	3657	0
146520	3658	0
146520	3659	0
146520	3660	0
146520	3661	0
146520	3662	0
146605	5772	0
146605	5773	0
146605	5774	0
146605	5775	0
146605	5776	0
146605	5777	0
146606	5772	0
146606	5773	0
146606	5774	0
146606	5775	0
146606	5776	1
146606	5777	0
146653	2714	1
146653	2715	1
146653	2716	1
146653	2717	1
146653	2718	1
146653	2719	0
146654	2714	1
146654	2715	1
146654	2716	0
146654	2717	0
146654	2718	0
146654	2719	0
146671	3210	0
146671	3211	0
146671	3212	0
146671	3213	0
146671	3214	0
146671	3215	0
146673	3210	0
146673	3211	0
146673	3212	1
146673	3213	0
146673	3214	0
146673	3215	1
146679	6613	0
146679	6614	0
146679	6615	0
146679	6616	0
146679	6617	1
146679	6618	0
146680	3819	1
146680	3820	1
146680	3821	1
146680	3822	2
146680	3823	0
146680	3824	1
146681	6613	0
146681	6614	0
146681	6615	0
146681	6616	0
146681	6617	0
146681	6618	0
146683	3819	0
146683	3820	0
146683	3821	0
146683	3822	0
146683	3823	0
146683	3824	0
146706	6851	0
146706	6852	0
146706	6853	0
146706	6854	0
146706	6855	0
146706	6856	0
146707	5832	0
146707	5833	1
146707	5834	0
146707	5835	1
146707	5836	0
146707	5837	0
146708	5790	0
146708	5791	0
146708	5792	0
146708	5793	0
146708	5794	0
146708	5795	0
146709	7598	0
146709	7599	0
146709	7600	0
146709	7601	0
146709	7602	0
146709	7603	0
146711	6425	0
146711	6426	1
146711	6427	0
146711	6428	1
146711	6429	1
146711	6430	1
146712	6425	0
146712	6426	0
146712	6427	0
146712	6428	0
146712	6429	0
146712	6430	0
146727	3621	1
146727	3622	0
146727	3623	0
146727	3624	0
146727	3625	0
146727	3626	1
146728	3621	0
146728	3622	0
146728	3623	0
146728	3624	0
146728	3625	0
146728	3626	0
146785	5790	0
146785	5791	0
146785	5792	0
146785	5793	0
146785	5794	0
146785	5795	0
146786	5832	0
146786	5833	0
146786	5834	0
146786	5835	1
146786	5836	0
146786	5837	0
146787	6851	0
146787	6852	0
146787	6853	0
146787	6854	0
146787	6855	0
146787	6856	0
146808	7598	0
146808	7599	1
146808	7600	0
146808	7601	0
146808	7602	0
146808	7603	0
146945	4782	0
146945	4783	0
146945	4784	0
146945	4785	0
146945	4786	0
146945	4787	0
146947	4782	0
146947	4783	0
146947	4784	0
146947	4785	0
146947	4786	0
146947	4787	0
146985	3093	0
146985	3094	0
146985	3095	0
146985	3096	1
146985	3097	0
146985	3098	0
146986	3093	0
146986	3094	0
146986	3095	0
146986	3096	0
146986	3097	0
146986	3098	0
147090	5471	0
147090	5472	0
147090	5473	0
147090	5474	0
147090	5475	0
147090	5476	0
147100	5381	0
147100	5382	1
147100	5383	0
147100	5384	0
147100	5385	1
147100	5386	0
147131	4980	1
147131	4981	0
147131	4982	0
147131	4983	0
147131	4984	0
147131	4985	0
147213	4163	0
147213	4164	0
147213	4165	1
147213	4166	1
147213	4167	1
147213	4168	1
147228	5471	0
147228	5472	0
147228	5473	0
147228	5474	0
147228	5475	0
147228	5476	2
147231	3411	0
147231	3412	1
147231	3413	1
147231	3414	1
147231	3415	1
147231	3416	1
147232	3411	1
147232	3412	1
147232	3413	2
147232	3414	1
147232	3415	2
147232	3416	3
147244	4872	0
147244	4873	0
147244	4874	0
147244	4875	0
147244	4876	0
147244	4877	0
147264	4872	0
147264	4873	0
147264	4874	0
147264	4875	0
147264	4876	0
147264	4877	0
147266	2606	0
147266	2607	0
147266	2608	1
147266	2609	0
147266	2610	0
147266	2611	0
147267	2606	0
147267	2607	0
147267	2608	1
147267	2609	0
147267	2610	0
147267	2611	0
147304	3657	0
147304	3658	0
147304	3659	0
147304	3660	0
147304	3661	0
147304	3662	0
147305	3657	0
147305	3658	0
147305	3659	0
147305	3660	0
147305	3661	0
147305	3662	0
147307	5381	0
147307	5382	1
147307	5383	0
147307	5384	0
147307	5385	1
147307	5386	0
147326	4980	0
147326	4981	0
147326	4982	0
147326	4983	0
147326	4984	0
147326	4985	0
147334	6785	0
147334	6786	0
147334	6787	0
147334	6788	0
147334	6789	0
147334	6790	0
147335	6785	1
147335	6786	0
147335	6787	0
147335	6788	0
147335	6789	0
147335	6790	0
147366	2636	0
147366	2637	1
147366	2638	1
147366	2639	1
147366	2640	0
147366	2641	0
147367	2636	0
147367	2637	0
147367	2638	0
147367	2639	0
147367	2640	0
147367	2641	0
147383	4104	0
147383	4105	0
147383	4106	0
147383	4107	0
147383	4108	0
147383	4109	0
147384	4104	0
147384	4105	0
147384	4106	0
147384	4107	0
147384	4108	0
147384	4109	0
147431	5820	0
147431	5821	0
147431	5822	0
147431	5823	0
147431	5824	0
147431	5825	1
147432	5820	0
147432	5821	0
147432	5822	0
147432	5823	0
147432	5824	0
147432	5825	0
147445	4163	0
147445	4164	0
147445	4165	0
147445	4166	0
147445	4167	0
147445	4168	0
147880	4896	0
147880	4898	1
147880	4899	0
147880	4900	0
147880	4901	0
148044	4599	0
148044	4600	0
148044	4601	0
148044	4602	0
148044	4603	0
148044	4604	0
148045	4599	0
148045	4600	0
148045	4601	0
148045	4602	0
148045	4603	0
148045	4604	0
148048	3099	0
148048	3100	0
148048	3101	1
148048	3102	0
148048	3103	1
148048	3104	1
148179	3099	0
148179	3100	0
148179	3101	0
148179	3102	0
148179	3103	0
148179	3104	0
148338	3968	1
148338	3969	1
148338	3970	1
148338	3971	2
148338	3972	1
148338	3973	1
148339	3968	0
148339	3969	0
148339	3970	0
148339	3971	0
148339	3972	0
148339	3973	0
148362	5632	0
148362	5633	0
148362	5634	1
148362	5635	0
148362	5636	1
148362	5637	1
148363	5632	0
148363	5633	0
148363	5634	1
148363	5635	0
148363	5636	0
148363	5637	0
148386	6180	0
148386	6181	1
148386	6182	0
148386	6183	0
148386	6184	0
148386	6185	0
148388	3387	1
148388	3388	0
148388	3389	0
148388	3390	0
148388	3391	1
148388	3392	0
148394	4545	0
148394	4546	1
148394	4547	0
148394	4548	0
148394	4549	0
148394	4550	1
148395	4545	0
148395	4546	0
148395	4547	0
148395	4548	0
148395	4549	0
148395	4550	0
148420	7466	1
148420	7467	1
148420	7468	2
148420	7469	1
148420	7470	1
148420	7471	1
148421	7466	0
148421	7467	0
148421	7468	0
148421	7469	0
148421	7470	0
148421	7471	0
148423	2600	3
148423	2601	1
148423	2602	2
148423	2603	1
148423	2604	1
148423	2605	1
148424	2600	0
148424	2601	0
148424	2602	0
148424	2603	0
148424	2604	0
148424	2605	0
148450	5754	0
148450	5755	1
148450	5756	1
148450	5757	1
148450	5758	1
148450	5759	1
148453	5754	0
148453	5755	0
148453	5756	0
148453	5757	0
148453	5758	1
148453	5759	1
148457	3387	0
148457	3388	0
148457	3389	0
148457	3390	0
148457	3391	0
148457	3392	0
148471	6959	0
148471	6960	1
148471	6961	0
148471	6962	1
148471	6963	0
148471	6964	0
148472	6959	0
148472	6960	0
148472	6961	0
148472	6962	0
148472	6963	0
148472	6964	0
148489	5736	0
148489	5737	0
148489	5738	0
148489	5739	0
148489	5740	0
148489	5741	0
148490	5736	0
148490	5737	0
148490	5738	0
148490	5739	0
148490	5740	0
148490	5741	0
148492	5626	0
148492	5627	0
148492	5628	0
148492	5629	0
148492	5630	0
148492	5631	0
148493	5626	0
148493	5627	0
148493	5628	0
148493	5629	0
148493	5630	0
148493	5631	0
148500	5742	0
148500	5743	1
148500	5744	0
148500	5745	1
148500	5746	1
148500	5747	0
148516	4896	0
148516	4898	0
148516	4899	0
148516	4900	0
148516	4901	0
148518	4896	0
148518	4898	1
148518	4899	0
148518	4900	0
148518	4901	0
148532	3447	1
148532	3448	0
148532	3449	0
148532	3450	2
148532	3451	1
148532	3452	0
148533	3447	1
148533	3448	1
148533	3449	1
148533	3450	1
148533	3451	0
148533	3452	0
148536	3387	1
148536	3388	0
148536	3389	0
148536	3390	0
148536	3391	1
148536	3392	0
148537	3387	0
148537	3388	0
148537	3389	0
148537	3390	0
148537	3391	0
148537	3392	0
148576	6425	0
148576	6426	0
148576	6427	0
148576	6428	0
148576	6429	0
148576	6430	0
148601	3033	1
148601	3034	0
148601	3035	0
148601	3036	0
148601	3037	0
148601	3038	0
148602	3033	0
148602	3034	0
148602	3035	0
148602	3036	0
148602	3037	0
148602	3038	0
148677	4980	1
148677	4981	0
148677	4982	0
148677	4983	0
148677	4984	0
148677	4985	0
148683	4980	0
148683	4981	0
148683	4982	0
148683	4983	0
148683	4984	0
148683	4985	0
148696	3210	0
148696	3211	0
148696	3212	1
148696	3213	0
148696	3214	0
148696	3215	1
148697	3210	0
148697	3211	0
148697	3212	0
148697	3213	0
148697	3214	0
148697	3215	0
149234	5742	0
149234	5743	0
149234	5744	0
149234	5745	0
149234	5746	0
149234	5747	0
151440	5339	1
151440	5340	2
151440	5341	0
151440	5342	1
151440	5343	0
151440	5344	0
151848	5339	1
151848	5340	2
151848	5341	0
151848	5342	1
151848	5343	0
151848	5344	0
152039	3057	1
152039	3058	1
152039	3059	0
152039	3060	1
152039	3061	0
152039	3062	1
152078	3165	0
152078	3166	0
152078	3167	1
152078	3168	0
152078	3169	0
152078	3170	1
152080	5850	1
152080	5851	2
152080	5852	1
152080	5853	1
152080	5854	0
152080	5855	2
152088	7664	0
152088	7665	0
152088	7666	1
152088	7667	0
152088	7668	1
152088	7669	0
152151	2889	0
152151	2890	0
152151	2891	0
152151	2892	1
152151	2893	0
152151	2894	0
152153	6695	1
152153	6696	0
152153	6697	0
152153	6698	0
152153	6699	1
152153	6700	0
152154	6695	0
152154	6696	0
152154	6697	0
152154	6698	0
152154	6699	0
152154	6700	0
152159	6677	0
152159	6678	0
152159	6679	0
152159	6680	0
152159	6681	0
152159	6682	0
152160	6677	0
152160	6678	0
152160	6679	0
152160	6680	0
152160	6681	0
152160	6682	0
152161	6677	0
152161	6678	0
152161	6679	0
152161	6680	0
152161	6681	1
152161	6682	0
152199	3501	1
152199	3502	0
152199	3503	1
152199	3504	0
152199	3505	0
152199	3506	0
152205	3501	0
152205	3502	0
152205	3503	0
152205	3504	0
152205	3505	0
152205	3506	0
152219	2889	0
152219	2890	0
152219	2891	0
152219	2892	0
152219	2893	0
152219	2894	0
152235	3531	0
152235	3532	2
152235	3533	1
152235	3534	1
152235	3535	0
152235	3536	0
152236	3531	0
152236	3532	1
152236	3533	0
152236	3534	0
152236	3535	1
152236	3536	0
152279	7664	0
152279	7665	0
152279	7666	0
152279	7667	0
152279	7668	0
152279	7669	0
152351	4157	0
152351	4158	0
152351	4159	0
152351	4160	0
152351	4161	1
152351	4162	0
152357	5850	0
152357	5851	0
152357	5852	0
152357	5853	0
152357	5854	0
152357	5855	0
152425	4723	0
152425	4725	0
152425	4726	0
152425	4727	0
152425	4728	1
152426	4723	0
152426	4725	0
152426	4726	0
152426	4727	0
152436	7245	0
152436	7246	1
152436	7247	0
152436	7248	1
152436	7249	0
152436	7250	0
152437	7245	0
152437	7246	0
152437	7247	0
152437	7248	0
152437	7249	0
152437	7250	0
152462	4462	0
152462	4463	0
152462	4464	0
152462	4465	0
152462	4466	1
152462	4467	1
152463	4462	0
152463	4463	0
152463	4464	0
152463	4465	0
152463	4466	0
152463	4467	0
152464	4157	0
152464	4158	0
152464	4159	0
152464	4160	0
152464	4161	0
152464	4162	0
152471	6863	0
152471	6864	1
152471	6865	0
152471	6866	0
152471	6867	0
152471	6868	0
152472	6863	0
152472	6864	0
152472	6865	0
152472	6866	0
152472	6867	0
152472	6868	0
152481	6102	1
152481	6103	1
152481	6104	0
152481	6105	0
152481	6106	0
152481	6107	0
152532	5970	0
152532	5971	1
152532	5972	0
152532	5973	0
152532	5974	0
152532	5975	0
152533	5970	0
152533	5971	0
152533	5972	1
152533	5973	0
152533	5974	0
152533	5975	0
152536	5970	0
152536	5971	0
152536	5972	1
152536	5973	0
152536	5974	0
152536	5975	0
152537	5970	0
152537	5971	1
152537	5972	0
152537	5973	0
152537	5974	0
152537	5975	0
152539	2744	1
152539	2745	1
152539	2746	0
152539	2747	1
152539	2748	0
152539	2749	0
152540	2744	0
152540	2745	0
152540	2746	0
152540	2747	0
152540	2748	0
152540	2749	0
152596	4157	0
152596	4158	0
152596	4159	0
152596	4160	0
152596	4161	0
152596	4162	0
152597	4157	0
152597	4158	0
152597	4159	0
152597	4160	0
152597	4161	1
152597	4162	0
152612	5626	0
152612	5627	0
152612	5628	0
152612	5629	0
152612	5630	0
152612	5631	0
152614	5736	0
152614	5737	0
152614	5738	0
152614	5739	0
152614	5740	0
152614	5741	0
152615	5736	0
152615	5737	0
152615	5738	0
152615	5739	0
152615	5740	0
152615	5741	0
152616	5626	0
152616	5627	0
152616	5628	0
152616	5629	0
152616	5630	0
152616	5631	0
152618	6863	0
152618	6864	1
152618	6865	0
152618	6866	0
152618	6867	0
152618	6868	0
152619	6863	0
152619	6864	0
152619	6865	0
152619	6866	0
152619	6867	0
152619	6868	0
152626	4872	0
152626	4873	0
152626	4874	0
152626	4875	0
152626	4876	0
152626	4877	0
152627	4872	0
152627	4873	0
152627	4874	0
152627	4875	0
152627	4876	0
152627	4877	0
152629	4462	0
152629	4463	0
152629	4464	0
152629	4465	0
152629	4466	1
152629	4467	1
152630	4462	0
152630	4463	0
152630	4464	0
152630	4465	0
152630	4466	0
152630	4467	0
152641	4545	0
152641	4546	0
152641	4547	0
152641	4548	0
152641	4549	0
152641	4550	0
152642	4545	0
152642	4546	1
152642	4547	0
152642	4548	0
152642	4549	0
152642	4550	1
152710	5632	0
152710	5633	0
152710	5634	1
152710	5635	0
152710	5636	1
152710	5637	1
152711	5632	0
152711	5633	0
152711	5634	1
152711	5635	0
152711	5636	0
152711	5637	0
152843	3531	0
152843	3532	2
152843	3533	1
152843	3534	1
152843	3535	0
152843	3536	0
152844	3531	0
152844	3532	1
152844	3533	0
152844	3534	0
152844	3535	1
152844	3536	0
152877	2889	0
152877	2890	0
152877	2891	0
152877	2892	1
152877	2893	0
152877	2894	0
152878	2889	0
152878	2890	0
152878	2891	0
152878	2892	0
152878	2893	0
152878	2894	0
152886	5850	1
152886	5851	2
152886	5852	1
152886	5853	1
152886	5854	0
152886	5855	2
152887	5850	0
152887	5851	0
152887	5852	0
152887	5853	0
152887	5854	0
152887	5855	0
152941	4723	0
152941	4725	0
152941	4726	0
152941	4727	0
152941	4728	1
152942	4723	0
152942	4725	0
152942	4726	0
152942	4727	0
152953	7466	1
152953	7467	1
152953	7468	2
152953	7469	1
152953	7470	1
152953	7471	1
152954	2600	3
152954	2601	1
152954	2602	2
152954	2603	1
152954	2604	1
152954	2605	1
152959	7466	0
152959	7467	0
152959	7468	0
152959	7469	0
152959	7470	0
152959	7471	0
152960	2600	0
152960	2601	0
152960	2602	0
152960	2603	0
152960	2604	0
152960	2605	0
152971	5471	0
152971	5472	0
152971	5473	0
152971	5474	0
152971	5475	0
152971	5476	0
152974	5471	0
152974	5472	0
152974	5473	0
152974	5474	0
152974	5475	0
152974	5476	2
153029	3033	1
153029	3034	0
153029	3035	0
153029	3036	0
153029	3037	0
153029	3038	0
153030	3033	0
153030	3034	0
153030	3035	0
153030	3036	0
153030	3037	0
153030	3038	0
153032	6102	1
153032	6103	1
153032	6104	0
153032	6105	0
153032	6106	0
153032	6107	0
153037	7245	0
153037	7246	1
153037	7247	0
153037	7248	1
153037	7249	0
153037	7250	0
153038	7245	0
153038	7246	0
153038	7247	0
153038	7248	0
153038	7249	0
153038	7250	0
153049	3968	1
153049	3969	1
153049	3970	1
153049	3971	2
153049	3972	1
153049	3973	1
153050	3968	0
153050	3969	0
153050	3970	0
153050	3971	0
153050	3972	0
153050	3973	0
153052	7664	0
153052	7665	0
153052	7666	1
153052	7667	0
153052	7668	1
153052	7669	0
153053	7664	0
153053	7665	0
153053	7666	0
153053	7667	0
153053	7668	0
153053	7669	0
153127	3501	1
153127	3502	0
153127	3503	1
153127	3504	0
153127	3505	0
153127	3506	0
153128	2744	1
153128	2745	1
153128	2746	0
153128	2747	1
153128	2748	0
153128	2749	0
153129	2744	0
153129	2745	0
153129	2746	0
153129	2747	0
153129	2748	0
153129	2749	0
153131	3501	0
153131	3502	0
153131	3503	0
153131	3504	0
153131	3505	0
153131	3506	0
153137	2636	0
153137	2637	1
153137	2638	1
153137	2639	1
153137	2640	0
153137	2641	0
153138	2636	0
153138	2637	0
153138	2638	0
153138	2639	0
153138	2640	0
153138	2641	0
153238	4104	0
153238	4105	0
153238	4106	0
153238	4107	0
153238	4108	0
153238	4109	0
153240	4104	0
153240	4105	0
153240	4106	0
153240	4107	0
153240	4108	0
153240	4109	0
153248	3165	0
153248	3166	0
153248	3167	0
153248	3168	0
153248	3169	0
153248	3170	0
153253	3165	0
153253	3166	0
153253	3167	1
153253	3168	0
153253	3169	0
153253	3170	1
153263	4163	0
153263	4164	0
153263	4165	1
153263	4166	1
153263	4167	1
153263	4168	1
153264	4163	0
153264	4164	0
153264	4165	0
153264	4166	0
153264	4167	0
153264	4168	0
153275	6180	0
153275	6181	1
153275	6182	0
153275	6183	0
153275	6184	0
153275	6185	0
153300	6695	1
153300	6696	0
153300	6697	0
153300	6698	0
153300	6699	1
153300	6700	0
153301	6695	0
153301	6696	0
153301	6697	0
153301	6698	0
153301	6699	0
153301	6700	0
153353	6785	0
153353	6786	0
153353	6787	0
153353	6788	0
153353	6789	0
153353	6790	0
153354	6785	1
153354	6786	0
153354	6787	0
153354	6788	0
153354	6789	0
153354	6790	0
153390	3447	1
153390	3448	0
153390	3449	0
153390	3450	2
153390	3451	1
153390	3452	0
153391	3447	1
153391	3448	1
153391	3449	1
153391	3450	1
153391	3451	0
153391	3452	0
153592	5742	0
153592	5743	1
153592	5744	0
153592	5745	1
153592	5746	1
153592	5747	0
153596	5742	0
153596	5743	0
153596	5744	0
153596	5745	0
153596	5746	0
153596	5747	0
153676	6677	0
153676	6678	0
153676	6679	0
153676	6680	0
153676	6681	1
153676	6682	0
153702	3099	0
153702	3100	0
153702	3101	1
153702	3102	0
153702	3103	1
153702	3104	1
153703	3099	0
153703	3100	0
153703	3101	0
153703	3102	0
153703	3103	0
153703	3104	0
153708	5754	0
153708	5755	1
153708	5756	1
153708	5757	1
153708	5758	1
153708	5759	1
153710	5754	0
153710	5755	0
153710	5756	0
153710	5757	0
153710	5758	1
153710	5759	1
153729	3057	1
153729	3058	1
153729	3059	0
153729	3060	1
153729	3061	0
153729	3062	1
153735	4599	0
153735	4600	0
153735	4601	0
153735	4602	0
153735	4603	0
153735	4604	0
153736	4599	0
153736	4600	0
153736	4601	0
153736	4602	0
153736	4603	0
153736	4604	0
153746	6959	0
153746	6960	1
153746	6961	0
153746	6962	1
153746	6963	0
153746	6964	0
153747	6959	0
153747	6960	0
153747	6961	0
153747	6962	0
153747	6963	0
153747	6964	0
153815	3411	0
153815	3412	1
153815	3413	1
153815	3414	1
153815	3415	1
153815	3416	1
153816	3411	1
153816	3412	1
153816	3413	2
153816	3414	1
153816	3415	2
153816	3416	3
154318	3765	0
154318	3766	2
154318	3767	0
154318	3768	0
154318	3769	0
154318	3770	1
154319	3765	0
154319	3766	0
154319	3767	0
154319	3768	0
154319	3769	0
154319	3770	0
154321	6114	1
154321	6115	1
154321	6116	0
154321	6117	1
154321	6118	1
154321	6119	0
154322	6114	0
154322	6115	0
154322	6116	0
154322	6117	0
154322	6118	0
154322	6119	0
154329	2961	0
154329	2962	0
154329	2963	0
154329	2964	0
154329	2965	0
154329	2966	0
154330	2961	0
154330	2962	0
154330	2963	0
154330	2964	0
154330	2965	0
154330	2966	0
154354	3765	0
154354	3766	2
154354	3767	0
154354	3768	0
154354	3769	0
154354	3770	1
154355	3765	0
154355	3766	0
154355	3767	0
154355	3768	0
154355	3769	0
154355	3770	0
154391	2961	0
154391	2962	0
154391	2963	0
154391	2964	1
154391	2965	1
154391	2966	0
154840	5495	0
154840	5496	0
154840	5497	0
154840	5498	0
154840	5499	1
154840	5500	0
154841	5495	0
154841	5496	0
154841	5497	0
154841	5498	0
154841	5499	0
154841	5500	0
154851	3723	0
154851	3724	0
154851	3725	0
154851	3726	0
154851	3727	0
154851	3728	1
154852	3723	0
154852	3724	0
154852	3725	0
154852	3726	0
154852	3727	0
154852	3728	0
154854	4480	0
154854	4481	1
154854	4482	0
154854	4483	0
154854	4484	0
154854	4485	0
154855	4480	0
154855	4481	0
154855	4482	0
154855	4483	0
154855	4484	0
154855	4485	0
155117	7155	0
155117	7156	0
155117	7157	0
155117	7158	0
155117	7159	0
155117	7160	0
155118	4968	0
155118	4969	0
155118	4970	0
155118	4971	0
155118	4972	0
155118	4973	0
155146	5886	0
155146	5887	0
155146	5888	0
155146	5889	0
155146	5890	0
155146	5891	0
155177	2714	1
155177	2715	1
155177	2716	1
155177	2717	0
155177	2718	0
155177	2719	0
155191	5088	0
155191	5089	0
155191	5090	0
155191	5091	0
155191	5092	0
155191	5093	1
155205	3687	0
155205	3688	0
155205	3689	0
155205	3690	0
155205	3691	0
155205	3692	0
155206	4116	0
155206	4117	0
155206	4118	0
155206	4119	0
155206	4120	0
155213	3246	0
155213	3247	0
155213	3248	0
155213	3249	0
155213	3250	0
155213	3251	0
155221	6605	0
155221	6606	1
155221	6607	0
155221	6608	2
155221	6609	0
155221	6610	1
155234	5880	0
155234	5881	1
155234	5882	0
155234	5883	0
155234	5884	0
155234	5885	1
155235	4854	0
155235	4855	0
155235	4856	1
155235	4857	0
155235	4858	0
155235	4859	0
155257	5088	0
155257	5089	0
155257	5090	0
155257	5091	0
155257	5092	0
155257	5093	0
155261	7604	1
155261	7605	1
155261	7606	1
155261	7607	1
155261	7608	0
155261	7609	1
155262	3381	0
155262	3382	0
155262	3383	0
155262	3384	0
155262	3385	1
155262	3386	0
155542	3246	0
155542	3247	0
155542	3248	0
155542	3249	0
155542	3250	0
155542	3251	1
155563	4860	0
155563	4861	0
155563	4862	0
155563	4863	0
155563	4864	0
155563	4865	1
155582	2714	0
155582	2715	1
155582	2716	0
155582	2717	1
155582	2718	0
155582	2719	0
155583	3093	0
155583	3094	0
155583	3095	0
155583	3096	0
155583	3097	0
155583	3098	0
155590	6875	0
155590	6876	0
155590	6877	0
155590	6878	0
155590	6879	1
155590	6880	0
155591	6875	0
155591	6876	0
155591	6877	0
155591	6878	0
155591	6879	0
155591	6880	0
155595	4860	0
155595	4861	0
155595	4862	1
155595	4863	0
155595	4864	0
155595	4865	0
155608	3687	0
155608	3688	0
155608	3689	0
155608	3690	0
155608	3691	0
155608	3692	0
155617	7155	1
155617	7156	0
155617	7157	0
155617	7158	1
155617	7159	1
155617	7160	0
155621	2829	0
155621	2830	0
155621	2831	0
155621	2832	0
155621	2833	0
155621	2834	0
155622	2829	0
155622	2830	0
155622	2831	0
155622	2832	1
155622	2833	0
155622	2834	0
155629	6042	1
155629	6043	0
155629	6044	0
155629	6045	0
155629	6046	0
155629	6047	0
155630	6042	0
155630	6043	0
155630	6044	0
155630	6045	0
155630	6046	0
155630	6047	0
155636	2973	1
155636	2974	0
155636	2975	0
155636	2976	0
155637	2973	0
155637	2974	0
155637	2975	0
155637	2976	0
155640	7604	0
155640	7605	0
155640	7606	0
155640	7607	0
155640	7608	0
155640	7609	0
155647	5880	0
155647	5881	0
155647	5882	0
155647	5883	0
155647	5884	0
155647	5885	0
155649	4854	0
155649	4855	0
155649	4856	0
155649	4857	0
155649	4858	0
155649	4859	0
155653	4968	0
155653	4969	0
155653	4970	0
155653	4971	0
155653	4972	0
155653	4973	1
155654	5886	1
155654	5887	0
155654	5888	1
155654	5889	0
155654	5890	1
155654	5891	0
155662	7323	1
155662	7324	1
155662	7325	0
155662	7326	0
155662	7327	0
155662	7328	0
155663	7323	0
155663	7324	0
155663	7325	0
155663	7326	0
155663	7327	0
155663	7328	0
155669	3789	0
155669	3790	0
155669	3791	0
155669	3792	0
155669	3793	1
155669	3794	1
155670	3789	0
155670	3790	0
155670	3791	0
155670	3792	0
155670	3793	0
155670	3794	0
155784	6605	0
155784	6606	0
155784	6607	0
155784	6608	0
155784	6609	0
155784	6610	0
155790	3381	0
155790	3382	0
155790	3383	0
155790	3384	0
155790	3385	0
155790	3386	0
155795	5790	0
155795	5791	1
155795	5792	0
155795	5793	0
155795	5794	0
155795	5795	1
155796	5790	0
155796	5791	0
155796	5792	0
155796	5793	0
155796	5794	0
155796	5795	0
155797	6851	0
155797	6852	0
155797	6853	1
155797	6854	0
155797	6855	1
155797	6856	0
155798	6851	0
155798	6852	1
155798	6853	1
155798	6854	1
155798	6855	0
155798	6856	0
155799	5832	1
155799	5833	1
155799	5834	1
155799	5835	1
155799	5836	0
155799	5837	1
155800	5832	0
155800	5833	0
155800	5834	0
155800	5835	0
155800	5836	0
155800	5837	0
155801	7598	0
155801	7599	0
155801	7600	1
155801	7601	0
155801	7602	2
155801	7603	0
155881	6613	0
155881	6614	0
155881	6615	0
155881	6616	0
155881	6617	0
155881	6618	0
155884	6613	0
155884	6614	0
155884	6615	0
155884	6616	0
155884	6617	0
155884	6618	0
156073	5790	0
156073	5791	0
156073	5792	0
156073	5793	0
156073	5794	0
156073	5795	0
156074	5832	1
156074	5833	1
156074	5834	1
156074	5835	1
156074	5836	0
156074	5837	1
156124	3093	1
156124	3094	0
156124	3095	0
156124	3096	0
156124	3097	0
156124	3098	0
156334	7323	1
156334	7324	1
156334	7325	0
156334	7326	0
156334	7327	0
156334	7328	0
156335	7323	0
156335	7324	0
156335	7325	0
156335	7326	0
156335	7327	0
156335	7328	0
156349	6605	0
156349	6606	1
156349	6607	0
156349	6608	2
156349	6609	0
156349	6610	1
156350	6605	0
156350	6606	0
156350	6607	0
156350	6608	0
156350	6609	0
156350	6610	0
156362	6042	1
156362	6043	0
156362	6044	0
156362	6045	0
156362	6046	0
156362	6047	0
156363	6042	0
156363	6043	0
156363	6044	0
156363	6045	0
156363	6046	0
156363	6047	0
156378	5495	0
156378	5496	0
156378	5497	0
156378	5498	0
156378	5499	1
156378	5500	0
156379	5495	0
156379	5496	0
156379	5497	0
156379	5498	0
156379	5499	0
156379	5500	0
156400	3246	0
156400	3247	0
156400	3248	0
156400	3249	0
156400	3250	0
156400	3251	0
156402	3246	0
156402	3247	0
156402	3248	0
156402	3249	0
156402	3250	0
156402	3251	1
156425	6114	1
156425	6115	1
156425	6116	0
156425	6117	1
156425	6118	1
156425	6119	0
156427	6114	0
156427	6115	0
156427	6116	0
156427	6117	0
156427	6118	0
156427	6119	0
156442	5088	0
156442	5089	0
156442	5090	0
156442	5091	0
156442	5092	0
156442	5093	1
156443	5088	0
156443	5089	0
156443	5090	0
156443	5091	0
156443	5092	0
156443	5093	0
156448	2714	1
156448	2715	1
156448	2716	1
156448	2717	0
156448	2718	0
156448	2719	0
156449	2714	0
156449	2715	1
156449	2716	0
156449	2717	1
156449	2718	0
156449	2719	0
156476	4860	0
156476	4861	0
156476	4862	1
156476	4863	0
156476	4864	0
156476	4865	0
156478	4860	0
156478	4861	0
156478	4862	0
156478	4863	0
156478	4864	0
156478	4865	1
156509	5243	0
156509	5244	0
156509	5245	1
156509	5246	1
156509	5247	0
156509	5248	0
156511	5243	0
156511	5244	0
156511	5245	0
156511	5246	0
156511	5247	0
156511	5248	0
156532	3723	0
156532	3724	0
156532	3725	0
156532	3726	0
156532	3727	0
156532	3728	1
156533	3723	0
156533	3724	0
156533	3725	0
156533	3726	0
156533	3727	0
156533	3728	0
156535	4480	0
156535	4481	1
156535	4482	0
156535	4483	0
156535	4484	0
156535	4485	0
156536	4480	0
156536	4481	0
156536	4482	0
156536	4483	0
156536	4484	0
156536	4485	0
156538	3687	0
156538	3688	0
156538	3689	0
156538	3690	0
156538	3691	0
156538	3692	0
156540	3687	0
156540	3688	0
156540	3689	0
156540	3690	0
156540	3691	0
156540	3692	0
156543	2829	0
156543	2830	0
156543	2831	0
156543	2832	0
156543	2833	0
156543	2834	0
156544	2829	0
156544	2830	0
156544	2831	0
156544	2832	1
156544	2833	0
156544	2834	0
156560	4968	0
156560	4969	0
156560	4970	0
156560	4971	0
156560	4972	0
156560	4973	0
156561	5886	0
156561	5887	0
156561	5888	0
156561	5889	0
156561	5890	0
156561	5891	0
156562	7155	0
156562	7156	0
156562	7157	0
156562	7158	0
156562	7159	0
156562	7160	0
156566	4968	0
156566	4969	0
156566	4970	0
156566	4971	0
156566	4972	0
156566	4973	1
156567	5886	1
156567	5887	0
156567	5888	1
156567	5889	0
156567	5890	1
156567	5891	0
156569	7155	1
156569	7156	0
156569	7157	0
156569	7158	1
156569	7159	1
156569	7160	0
156608	7604	1
156608	7605	1
156608	7606	1
156608	7607	1
156608	7608	0
156608	7609	1
156609	7604	0
156609	7605	0
156609	7606	0
156609	7607	0
156609	7608	0
156609	7609	0
156618	5880	0
156618	5881	1
156618	5882	0
156618	5883	0
156618	5884	0
156618	5885	1
156619	4854	0
156619	4855	0
156619	4856	1
156619	4857	0
156619	4858	0
156619	4859	0
156620	5880	0
156620	5881	0
156620	5882	0
156620	5883	0
156620	5884	0
156620	5885	0
156621	4854	0
156621	4855	0
156621	4856	0
156621	4857	0
156621	4858	0
156621	4859	0
156649	2973	1
156649	2974	0
156649	2975	0
156649	2976	0
156650	2973	0
156650	2974	0
156650	2975	0
156650	2976	0
156652	5243	0
156652	5244	0
156652	5245	1
156652	5246	1
156652	5247	0
156652	5248	0
156653	5243	0
156653	5244	0
156653	5245	0
156653	5246	0
156653	5247	0
156653	5248	0
156670	6875	0
156670	6876	0
156670	6877	0
156670	6878	0
156670	6879	1
156670	6880	0
156671	6875	0
156671	6876	0
156671	6877	0
156671	6878	0
156671	6879	0
156671	6880	0
156673	3789	0
156673	3790	0
156673	3791	0
156673	3792	0
156673	3793	1
156673	3794	1
156674	3789	0
156674	3790	0
156674	3791	0
156674	3792	0
156674	3793	0
156674	3794	0
156676	6613	0
156676	6614	0
156676	6615	0
156676	6616	0
156676	6617	0
156676	6618	0
156678	6613	0
156678	6614	0
156678	6615	0
156678	6616	0
156678	6617	0
156678	6618	0
156769	3657	1
156769	3658	1
156769	3659	0
156769	3660	0
156769	3661	1
156769	3662	0
156772	3657	1
156772	3658	0
156772	3659	0
156772	3660	1
156772	3661	1
156772	3662	0
156777	4521	0
156777	4522	0
156777	4523	0
156777	4524	0
156777	4525	0
156777	4526	0
156778	4521	0
156778	4522	0
156778	4523	1
156778	4524	0
156778	4525	0
156778	4526	0
156795	4521	0
156795	4522	0
156795	4523	0
156795	4524	0
156795	4525	0
156795	4526	0
156796	4521	0
156796	4522	0
156796	4523	1
156796	4524	0
156796	4525	0
156796	4526	0
156807	3657	1
156807	3658	1
156807	3659	0
156807	3660	0
156807	3661	1
156807	3662	0
156808	3657	1
156808	3658	0
156808	3659	0
156808	3660	1
156808	3661	1
156808	3662	0
156834	5772	0
156834	5773	0
156834	5774	0
156834	5775	0
156834	5776	0
156834	5777	0
156835	5772	0
156835	5773	0
156835	5774	0
156835	5775	0
156835	5776	0
156835	5777	0
156854	6048	0
156854	6049	0
156854	6050	0
156854	6051	0
156854	6052	0
156854	6053	1
156855	6048	0
156855	6049	0
156855	6050	0
156855	6051	0
156855	6052	0
156855	6053	0
156862	5724	0
156862	5725	0
156862	5726	0
156862	5727	2
156862	5728	0
156862	5729	0
156863	5724	0
156863	5725	0
156863	5726	0
156863	5727	1
156863	5728	0
156863	5729	0
156999	3210	0
156999	3211	0
156999	3212	0
156999	3213	0
156999	3214	0
156999	3215	0
157001	3210	0
157001	3211	0
157001	3212	0
157001	3213	0
157001	3214	0
157001	3215	0
157003	3210	0
157003	3211	0
157003	3212	0
157003	3213	0
157003	3214	0
157003	3215	0
157004	3210	0
157004	3211	0
157004	3212	0
157004	3213	0
157004	3214	0
157004	3215	0
157169	5683	0
157169	5684	0
157169	5685	0
157169	5686	0
157169	5687	0
157169	5688	0
157170	5683	0
157170	5684	0
157170	5685	0
157170	5686	1
157170	5687	1
157170	5688	0
157307	4782	1
157307	4783	0
157307	4784	0
157307	4785	0
157307	4786	1
157307	4787	0
157308	4782	0
157308	4783	0
157308	4784	0
157308	4785	0
157308	4786	0
157308	4787	0
157329	3819	0
157329	3820	0
157329	3821	0
157329	3822	0
157329	3823	0
157329	3824	0
157330	3819	0
157330	3820	0
157330	3821	0
157330	3822	0
157330	3823	0
157330	3824	0
157414	5339	0
157414	5340	0
157414	5341	0
157414	5342	0
157414	5343	0
157414	5344	0
157416	5471	0
157416	5472	0
157416	5473	0
157416	5474	1
157416	5475	0
157416	5476	0
157423	2636	0
157423	2637	0
157423	2638	0
157423	2639	0
157423	2640	0
157423	2641	0
157439	3034	0
157442	3411	0
157442	3412	0
157442	3413	0
157442	3414	0
157442	3415	1
157442	3416	2
157451	7329	0
157451	7330	0
157451	7331	0
157451	7332	0
157451	7333	1
157451	7334	0
157452	3777	0
157452	3778	1
157452	3779	0
157452	3780	0
157452	3781	0
157452	3782	0
157466	6785	0
157466	6786	1
157466	6787	0
157466	6788	0
157466	6789	1
157466	6790	0
157479	4980	1
157479	4981	0
157479	4982	0
157479	4983	0
157479	4984	0
157479	4985	1
157502	5471	0
157502	5472	0
157502	5473	0
157502	5474	0
157502	5475	0
157502	5476	0
157505	3411	1
157505	3412	2
157505	3413	0
157505	3414	1
157505	3415	0
157505	3416	0
157509	5820	0
157509	5821	0
157509	5822	0
157509	5823	0
157509	5824	1
157509	5825	0
157510	5820	0
157510	5821	0
157510	5822	0
157510	5823	0
157510	5824	0
157510	5825	0
157515	6785	0
157515	6786	0
157515	6787	0
157515	6788	0
157515	6789	0
157515	6790	1
157517	3387	0
157517	3388	0
157517	3389	0
157517	3390	0
157517	3391	0
157517	3392	0
157518	3387	0
157518	3388	0
157518	3389	0
157518	3390	0
157518	3391	0
157518	3392	0
157541	4896	0
157541	4897	0
157541	4898	0
157541	4899	1
157541	4900	0
157543	4896	0
157543	4897	0
157543	4898	0
157543	4899	1
157543	4900	0
157550	4599	0
157550	4600	0
157550	4601	0
157550	4602	0
157550	4603	0
157550	4604	0
157551	4599	1
157551	4600	0
157551	4601	0
157551	4602	0
157551	4603	0
157551	4604	0
157562	4980	0
157562	4981	0
157562	4982	0
157562	4983	0
157562	4984	1
157562	4985	0
157571	3033	0
157571	3034	0
157571	3035	0
157571	3036	0
157571	3037	1
157571	3038	0
157589	5381	0
157589	5382	0
157589	5383	0
157589	5384	0
157589	5385	0
157589	5386	0
157591	5381	0
157591	5382	0
157591	5383	0
157591	5384	0
157591	5385	0
157591	5386	0
157596	7329	0
157596	7330	0
157596	7331	0
157596	7332	0
157596	7333	0
157596	7334	0
157599	3777	0
157599	3778	0
157599	3779	0
157599	3780	0
157599	3781	0
157599	3782	0
157611	2636	0
157611	2637	0
157611	2638	0
157611	2639	0
157611	2640	0
157611	2641	0
157614	5742	0
157614	5743	0
157614	5744	0
157614	5745	1
157614	5746	0
157614	5747	0
157615	5742	0
157615	5743	0
157615	5744	0
157615	5745	0
157615	5746	0
157615	5747	0
157617	6515	0
157617	6516	0
157617	6517	0
157617	6518	0
157617	6519	1
157617	6520	0
157618	6515	0
157618	6516	0
157618	6517	1
157618	6518	0
157618	6519	0
157618	6520	0
157629	4872	0
157629	4873	0
157629	4874	0
157629	4875	0
157629	4876	0
157629	4877	1
157630	4872	1
157630	4873	0
157630	4874	0
157630	4875	1
157630	4876	1
157630	4877	0
157632	3099	0
157632	3100	0
157632	3101	0
157632	3102	0
157632	3103	0
157632	3104	0
157633	3099	0
157633	3100	0
157633	3101	0
157633	3102	0
157633	3103	0
157633	3104	0
157672	2600	0
157672	2601	1
157672	2602	0
157672	2603	0
157672	2604	1
157672	2605	1
157673	7466	0
157673	7467	0
157673	7468	0
157673	7469	0
157673	7470	0
157673	7471	0
157678	2600	1
157678	2601	0
157678	2602	0
157678	2603	0
157678	2604	1
157678	2605	0
157679	7466	2
157679	7467	1
157679	7468	1
157679	7469	1
157679	7470	1
157679	7471	1
157695	5626	0
157695	5627	0
157695	5628	1
157695	5629	0
157695	5630	0
157695	5631	0
157696	5736	1
157696	5737	1
157696	5738	1
157696	5739	1
157696	5740	1
157696	5741	1
157697	5626	0
157697	5627	0
157697	5628	0
157697	5629	0
157697	5630	0
157697	5631	0
157698	5736	0
157698	5737	0
157698	5738	0
157698	5739	0
157698	5740	0
157698	5741	0
157728	4104	0
157728	4105	1
157728	4106	0
157728	4107	0
157728	4108	0
157728	4109	0
157729	4104	0
157729	4105	0
157729	4106	0
157729	4107	0
157729	4108	0
157729	4109	0
157887	3034	0
157888	3033	0
157888	3034	0
157888	3035	0
157888	3036	0
157888	3037	1
157888	3038	0
157898	3099	0
157898	3100	0
157898	3101	0
157898	3102	0
157898	3103	0
157898	3104	0
157900	3099	0
157900	3100	0
157900	3101	0
157900	3102	0
157900	3103	0
157900	3104	0
157905	5772	0
157905	5773	0
157905	5774	0
157905	5775	0
157905	5776	0
157905	5777	0
157906	5772	0
157906	5773	0
157906	5774	0
157906	5775	0
157906	5776	0
157906	5777	0
158046	5381	0
158046	5382	0
158046	5383	0
158046	5384	0
158046	5385	0
158046	5386	0
158055	5381	0
158055	5382	1
158055	5383	0
158055	5384	0
158055	5385	1
158055	5386	0
158518	3968	1
158518	3969	1
158518	3970	1
158518	3971	1
158518	3972	1
158518	3973	2
158519	3968	0
158519	3969	0
158519	3970	2
158519	3971	1
158519	3972	0
158519	3973	1
158630	5381	0
158630	5382	1
158630	5383	0
158630	5384	0
158630	5385	1
158630	5386	0
158921	3447	2
158921	3448	2
158921	3449	2
158921	3450	1
158921	3451	1
158921	3452	1
158962	3447	1
158962	3448	1
158962	3449	0
158962	3450	1
158962	3451	0
158962	3452	0
159184	2606	0
159184	2607	0
159184	2608	0
159184	2609	0
159184	2610	1
159184	2611	0
159185	2606	0
159185	2607	0
159185	2608	0
159185	2609	0
159185	2610	0
159185	2611	0
159188	5632	0
159188	5633	0
159188	5634	0
159188	5635	0
159188	5636	1
159188	5637	0
159189	5632	0
159189	5633	0
159189	5634	0
159189	5635	0
159189	5636	0
159189	5637	0
159210	5495	1
159210	5496	1
159210	5497	0
159210	5498	0
159210	5499	0
159210	5500	0
159211	5495	0
159211	5496	0
159211	5497	0
159211	5498	0
159211	5499	0
159211	5500	0
159212	3723	0
159212	3724	0
159212	3725	0
159212	3726	0
159212	3727	0
159212	3728	0
159213	3723	0
159213	3724	0
159213	3725	0
159213	3726	0
159213	3727	0
159213	3728	0
159243	5339	0
159243	5340	0
159243	5341	0
159243	5342	1
159243	5343	0
159243	5344	0
159407	3057	0
159407	3058	0
159407	3059	0
159407	3060	1
159407	3061	0
159407	3062	1
159410	3531	1
159410	3532	0
159410	3533	0
159410	3534	0
159410	3535	1
159410	3536	0
159411	6695	1
159411	6696	0
159411	6697	0
159411	6698	0
159411	6699	0
159411	6700	0
159413	6677	0
159413	6678	0
159413	6679	0
159413	6680	1
159413	6681	0
159413	6682	0
159453	7664	1
159453	7665	1
159453	7666	0
159453	7667	0
159453	7668	1
159453	7669	0
159465	6114	0
159465	6115	1
159465	6116	0
159465	6117	0
159465	6118	0
159465	6119	0
159473	6102	1
159473	6103	0
159473	6104	0
159473	6105	0
159473	6106	2
159473	6107	0
159501	6695	0
159501	6696	0
159501	6697	0
159501	6698	0
159501	6699	0
159501	6700	0
159527	4462	2
159527	4463	0
159527	4464	1
159527	4465	0
159527	4466	0
159527	4467	0
159528	4462	0
159528	4463	1
159528	4464	0
159528	4465	0
159528	4466	0
159528	4467	0
159535	3501	0
159535	3502	0
159535	3503	0
159535	3504	0
159535	3505	0
159535	3506	0
159549	7664	0
159549	7665	0
159549	7666	0
159549	7667	0
159549	7668	0
159549	7669	0
159558	3165	0
159558	3166	0
159558	3167	0
159558	3168	0
159558	3169	0
159558	3170	0
159559	3165	0
159559	3166	0
159559	3167	0
159559	3168	1
159559	3169	0
159559	3170	1
159574	5970	0
159574	5971	0
159574	5972	1
159574	5973	0
159574	5974	0
159574	5975	1
159577	5970	0
159577	5971	0
159577	5972	1
159577	5973	0
159577	5974	0
159577	5975	3
159582	3765	0
159582	3766	0
159582	3767	1
159582	3768	0
159582	3769	0
159582	3770	1
159583	3765	0
159583	3766	0
159583	3767	0
159583	3768	0
159583	3769	0
159583	3770	0
159594	3531	0
159594	3532	0
159594	3533	0
159594	3534	0
159594	3535	0
159594	3536	0
159606	6114	0
159606	6115	0
159606	6116	0
159606	6117	0
159606	6118	0
159606	6119	0
159612	7245	0
159612	7246	1
159612	7247	0
159612	7248	0
159612	7249	0
159612	7250	0
159614	7245	0
159614	7246	0
159614	7247	0
159614	7248	0
159614	7249	0
159614	7250	0
159634	3501	0
159634	3502	0
159634	3503	1
159634	3504	0
159634	3505	0
159634	3506	0
159641	2889	0
159641	2890	0
159641	2891	0
159641	2892	1
159641	2893	0
159642	2889	0
159642	2890	0
159642	2891	0
159642	2892	0
159642	2893	0
159656	6863	1
159656	6864	1
159656	6865	1
159656	6866	1
159656	6867	0
159656	6868	0
159681	4723	0
159681	4724	0
159681	4725	0
159681	4726	1
159681	4727	0
159681	4728	0
159683	4723	0
159683	4724	0
159683	4725	0
159683	4726	0
159683	4727	0
159683	4728	0
159708	4480	0
159708	4481	0
159708	4482	1
159708	4483	0
159708	4484	1
159708	4485	0
159709	4480	0
159709	4481	0
159709	4482	1
159709	4483	0
159709	4484	1
159709	4485	0
159711	4480	0
159711	4481	0
159711	4482	0
159711	4483	0
159711	4484	0
159711	4485	0
159712	4480	0
159712	4481	0
159712	4482	0
159712	4483	0
159712	4484	0
159712	4485	0
159736	2961	1
159736	2962	0
159736	2963	0
159736	2964	1
159736	2965	0
159736	2966	0
159737	2961	0
159737	2962	0
159737	2963	0
159737	2964	0
159737	2965	0
159737	2966	0
159749	5850	1
159749	5851	0
159749	5852	0
159749	5853	1
159749	5854	0
159749	5855	1
159751	5850	0
159751	5851	0
159751	5852	0
159751	5853	0
159751	5854	0
159751	5855	0
159864	2744	0
159864	2745	0
159864	2746	0
159864	2747	0
159864	2748	0
159864	2749	0
159865	2744	0
159865	2745	1
159865	2746	0
159865	2747	0
159865	2748	0
159865	2749	0
159883	7598	0
159883	7599	1
159883	7600	0
159883	7601	0
159883	7602	0
159883	7603	0
159885	3447	2
159885	3448	2
159885	3449	2
159885	3450	1
159885	3451	1
159885	3452	1
159886	3447	1
159886	3448	1
159886	3449	0
159886	3450	1
159886	3451	0
159886	3452	0
159990	4157	0
159990	4158	0
159990	4159	0
159990	4160	0
159990	4161	0
159990	4162	0
159991	4157	1
159991	4158	0
159991	4159	1
159991	4160	1
159991	4161	1
159991	4162	0
160133	6497	0
160133	6498	0
160133	6499	0
160133	6500	0
160133	6501	0
160133	6502	1
160134	6497	0
160134	6498	0
160134	6499	0
160134	6500	0
160134	6501	0
160134	6502	0
160206	6959	0
160206	6960	0
160206	6961	0
160206	6962	1
160206	6963	0
160206	6964	0
160261	4968	0
160261	4969	0
160261	4970	0
160261	4971	0
160261	4972	0
160261	4973	0
160267	5088	0
160267	5089	0
160267	5090	0
160267	5091	0
160267	5092	0
160267	5093	0
160275	3093	0
160275	3094	0
160275	3095	0
160275	3096	0
160275	3097	0
160275	3098	0
160278	4116	0
160278	4117	0
160278	4118	0
160278	4119	1
160278	4120	0
160293	3687	0
160293	3688	1
160293	3689	0
160293	3690	0
160293	3691	0
160293	3692	0
160294	2829	0
160294	2830	0
160294	2831	0
160294	2832	1
160294	2833	0
160294	2834	1
160296	6048	0
160296	6049	0
160296	6050	1
160296	6051	0
160296	6052	0
160296	6053	0
160300	5790	0
160300	5791	0
160300	5792	2
160300	5793	0
160300	5794	0
160300	5795	1
160313	3819	0
160313	3820	0
160313	3821	1
160313	3822	0
160313	3823	0
160313	3824	0
160316	5880	0
160316	5881	0
160316	5882	0
160316	5883	0
160316	5884	1
160316	5885	0
160317	4854	1
160317	4855	0
160317	4856	1
160317	4857	0
160317	4858	0
160317	4859	0
160318	2973	1
160318	2974	0
160318	2975	0
160318	2976	0
160321	4782	0
160321	4783	0
160321	4784	0
160321	4785	0
160321	4786	0
160321	4787	0
160323	2714	1
160323	2715	0
160323	2716	0
160323	2717	0
160323	2718	0
160323	2719	0
160329	6425	0
160329	6426	1
160329	6427	0
160329	6428	0
160329	6429	0
160329	6430	0
160333	6497	0
160333	6498	0
160333	6499	1
160333	6500	0
160333	6501	0
160333	6502	0
160346	5088	0
160346	5089	0
160346	5090	0
160346	5091	0
160346	5092	0
160346	5093	0
160347	7233	0
160347	7234	0
160347	7235	0
160347	7236	0
160347	7237	0
160347	7238	0
160349	6875	0
160349	6876	1
160349	6877	0
160349	6878	0
160349	6879	0
160349	6880	0
160350	6875	0
160350	6876	0
160350	6877	1
160350	6878	0
160350	6879	0
160350	6880	1
160378	4521	0
160378	4522	0
160378	4523	0
160378	4524	0
160378	4525	0
160378	4526	0
160379	4521	0
160379	4522	0
160379	4523	0
160379	4524	1
160379	4525	0
160379	4526	0
160387	4968	0
160387	4969	0
160387	4970	0
160387	4971	0
160387	4972	0
160387	4973	0
160390	6425	0
160390	6426	0
160390	6427	0
160390	6428	0
160390	6429	0
160390	6430	0
160391	3093	0
160391	3094	0
160391	3095	0
160391	3096	0
160391	3097	0
160391	3098	0
160401	4782	1
160401	4783	0
160401	4784	0
160401	4785	0
160401	4786	0
160401	4787	0
160403	5790	0
160403	5791	0
160403	5792	0
160403	5793	0
160403	5794	0
160403	5795	0
160418	3819	0
160418	3820	0
160418	3821	0
160418	3822	0
160418	3823	0
160418	3824	0
160430	3789	0
160430	3790	0
160430	3791	0
160430	3792	0
160430	3793	0
160430	3794	0
160431	3789	0
160431	3790	0
160431	3791	0
160431	3792	0
160431	3793	0
160431	3794	0
160434	2714	0
160434	2715	0
160434	2716	0
160434	2717	0
160434	2718	0
160434	2719	0
160438	3687	0
160438	3688	1
160438	3689	0
160438	3690	0
160438	3691	0
160438	3692	0
160439	2829	0
160439	2830	0
160439	2831	0
160439	2832	0
160439	2833	0
160439	2834	0
160448	6042	0
160448	6043	0
160448	6044	0
160448	6045	0
160448	6046	0
160448	6047	0
160449	6042	0
160449	6043	0
160449	6044	0
160449	6045	0
160449	6046	0
160449	6047	0
160451	7604	0
160451	7605	1
160451	7606	0
160451	7607	0
160451	7608	0
160451	7609	1
160468	6048	0
160468	6049	0
160468	6050	0
160468	6051	0
160468	6052	0
160468	6053	0
160474	7233	0
160474	7234	0
160474	7235	0
160474	7236	0
160474	7237	1
160474	7238	0
160476	6497	0
160476	6498	0
160476	6499	0
160476	6500	0
160476	6501	0
160476	6502	0
160478	5772	0
160478	5773	0
160478	5774	0
160478	5775	0
160478	5776	0
160478	5777	1
160479	5772	0
160479	5773	0
160479	5774	0
160479	5775	0
160479	5776	1
160479	5777	0
160480	5243	0
160480	5244	0
160480	5245	0
160480	5246	0
160480	5247	0
160480	5248	0
160485	5243	0
160485	5244	0
160485	5245	0
160485	5246	0
160485	5247	0
160485	5248	0
160487	7323	1
160487	7324	0
160487	7325	1
160487	7326	0
160487	7327	1
160487	7328	0
160488	7323	0
160488	7324	0
160488	7325	0
160488	7326	0
160488	7327	0
160488	7328	0
160489	5880	0
160489	5881	0
160489	5882	0
160489	5883	0
160489	5884	0
160489	5885	0
160490	4854	0
160490	4855	0
160490	4856	0
160490	4857	0
160490	4858	0
160490	4859	0
160503	6613	0
160503	6614	1
160503	6615	0
160503	6616	0
160503	6617	0
160503	6618	1
160504	6613	1
160504	6614	0
160504	6615	0
160504	6616	0
160504	6617	0
160504	6618	0
160528	3246	0
160528	3247	0
160528	3248	0
160528	3249	0
160528	3250	0
160528	3251	0
160530	3246	0
160530	3247	0
160530	3248	0
160530	3249	0
160530	3250	0
160530	3251	0
160578	2973	0
160578	2974	0
160578	2975	0
160578	2976	0
160580	3657	1
160580	3658	0
160580	3659	0
160580	3660	0
160580	3661	0
160580	3662	0
160595	3210	0
160595	3211	0
160595	3212	0
160595	3213	0
160595	3214	0
160595	3215	0
160614	3381	0
160614	3382	0
160614	3383	0
160614	3384	0
160614	3385	0
160614	3386	0
160616	3381	0
160616	3382	0
160616	3383	0
160616	3384	0
160616	3385	1
160616	3386	0
160705	5724	0
160705	5725	0
160705	5726	0
160705	5727	0
160705	5728	0
160705	5729	0
160706	5724	0
160706	5725	1
160706	5726	0
160706	5727	0
160706	5728	0
160706	5729	0
160719	3210	0
160719	3211	1
160719	3212	0
160719	3213	0
160719	3214	0
160719	3215	0
160971	7155	0
160971	7156	0
160971	7157	0
160971	7158	0
160971	7159	0
160971	7160	0
160972	5886	0
160972	5887	0
160972	5888	0
160972	5889	0
160972	5890	0
160972	5891	0
160973	6180	0
160973	6181	0
160973	6182	0
160973	6183	0
160973	6184	0
160973	6185	1
160974	6180	0
160974	6181	0
160974	6182	0
160974	6183	0
160974	6184	0
160974	6185	0
160990	5471	0
160990	5472	0
160990	5473	0
160990	5474	0
160990	5475	1
160990	5476	0
160995	4980	0
160995	4981	0
160995	4982	1
160995	4983	0
160995	4984	0
160995	4985	0
160997	3621	1
160997	3622	1
160997	3623	1
160997	3624	1
160997	3625	1
160997	3626	1
160998	6959	0
160998	6960	0
160998	6961	0
160998	6962	0
160998	6963	0
160998	6964	0
160999	3621	0
160999	3622	0
160999	3623	0
160999	3624	0
160999	3625	1
160999	3626	0
161019	5742	0
161019	5743	0
161019	5744	0
161019	5745	0
161019	5746	0
161019	5747	0
161023	4860	0
161023	4861	0
161023	4862	0
161023	4863	0
161023	4864	1
161023	4865	0
161024	4860	0
161024	4861	0
161024	4862	1
161024	4863	0
161024	4864	1
161024	4865	0
161030	3411	0
161030	3412	0
161030	3413	0
161030	3414	0
161030	3415	0
161030	3416	0
161034	5632	1
161034	5633	0
161034	5634	0
161034	5635	0
161034	5636	1
161034	5637	0
161035	6851	0
161035	6852	1
161035	6853	1
161035	6854	0
161035	6855	0
161035	6856	0
161036	5832	0
161036	5833	0
161036	5834	2
161036	5835	0
161036	5836	0
161036	5837	0
161038	4163	1
161038	4164	1
161038	4165	2
161038	4166	2
161038	4167	1
161038	4168	1
161044	5495	0
161044	5496	0
161044	5497	0
161044	5498	1
161044	5499	0
161044	5500	0
161045	2636	0
161045	2637	1
161045	2638	0
161045	2639	0
161045	2640	0
161045	2641	0
161046	7155	1
161046	7156	1
161046	7157	0
161046	7158	0
161046	7159	0
161046	7160	0
161047	5886	0
161047	5887	0
161047	5888	1
161047	5889	0
161047	5890	1
161047	5891	0
161058	4599	0
161058	4600	1
161058	4601	1
161058	4602	1
161058	4603	0
161058	4604	0
161059	4599	0
161059	4600	0
161059	4601	0
161059	4602	0
161059	4603	0
161059	4604	0
161060	3411	0
161060	3412	0
161060	3413	0
161060	3414	0
161060	3415	0
161060	3416	0
161065	5742	0
161065	5743	0
161065	5744	1
161065	5745	1
161065	5746	0
161065	5747	0
161067	3777	0
161067	3778	0
161067	3779	2
161067	3780	0
161067	3781	0
161067	3782	0
161068	7329	1
161068	7330	0
161068	7331	0
161068	7332	0
161068	7333	0
161068	7334	1
161083	5754	0
161083	5755	0
161083	5756	0
161083	5757	0
161083	5758	0
161083	5759	0
161107	3621	2
161107	3622	1
161107	3623	1
161107	3624	2
161107	3625	0
161107	3626	1
161115	4896	0
161115	4898	0
161115	4899	0
161115	4900	1
161115	4901	0
161116	4896	0
161116	4898	0
161116	4899	0
161116	4900	1
161116	4901	0
161122	4980	0
161122	4981	0
161122	4982	1
161122	4983	0
161122	4984	0
161122	4985	0
161147	3447	2
161147	3448	1
161147	3449	1
161147	3450	2
161147	3451	0
161147	3452	0
161150	3447	0
161150	3448	2
161150	3449	1
161150	3450	0
161150	3451	0
161150	3452	0
161155	7329	0
161155	7330	0
161155	7331	0
161155	7332	0
161155	7333	0
161155	7334	0
161156	3777	0
161156	3778	0
161156	3779	0
161156	3780	0
161156	3781	0
161156	3782	0
161161	6851	0
161161	6852	0
161161	6853	0
161161	6854	0
161161	6855	0
161161	6856	0
161162	5832	0
161162	5833	0
161162	5834	0
161162	5835	0
161162	5836	0
161162	5837	0
161164	4872	0
161164	4873	0
161164	4874	0
161164	4875	0
161164	4876	0
161164	4877	1
161165	4872	0
161165	4873	0
161165	4874	0
161165	4875	0
161165	4876	0
161165	4877	0
161170	2636	0
161170	2637	0
161170	2638	1
161170	2639	0
161170	2640	0
161170	2641	0
161171	5495	0
161171	5496	0
161171	5497	0
161171	5498	0
161171	5499	0
161171	5500	0
161172	4545	0
161172	4547	0
161172	4548	0
161172	4549	0
161172	4550	0
161173	4545	1
161173	4547	0
161173	4548	0
161173	4549	1
161173	4550	0
161175	4163	0
161175	4164	0
161175	4165	0
161175	4166	0
161175	4167	0
161175	4168	0
161194	5632	0
161194	5633	0
161194	5634	0
161194	5635	0
161194	5636	0
161194	5637	0
161195	5754	0
161195	5755	0
161195	5756	0
161195	5757	1
161195	5758	0
161195	5759	0
161202	4104	0
161202	4105	1
161202	4106	0
161202	4107	0
161202	4108	0
161202	4109	0
161203	4104	0
161203	4105	0
161203	4106	0
161203	4107	0
161203	4108	1
161203	4109	0
161207	6180	0
161207	6181	0
161207	6182	0
161207	6183	0
161207	6184	0
161207	6185	0
161208	6180	0
161208	6181	0
161208	6182	0
161208	6183	0
161208	6184	0
161208	6185	0
161218	6701	1
161218	6702	0
161218	6703	0
161218	6704	0
161218	6705	0
161218	6706	0
161219	6701	0
161219	6702	0
161219	6703	0
161219	6704	0
161219	6705	0
161219	6706	0
161220	5496	1
161220	5497	1
161220	5498	0
161220	5499	0
161220	5500	0
161221	5496	1
161221	5497	1
161221	5498	0
161221	5499	0
161221	5500	0
161224	5495	0
161224	5496	0
161224	5497	0
161224	5498	1
161224	5499	0
161224	5500	1
161225	5495	0
161225	5496	0
161225	5497	0
161225	5498	1
161225	5499	0
161225	5500	1
161226	3723	0
161226	3724	0
161226	3725	0
161226	3726	0
161226	3727	0
161226	3728	0
161227	3723	0
161227	3724	0
161227	3725	0
161227	3726	0
161227	3727	0
161227	3728	0
161231	3723	1
161231	3724	0
161231	3725	0
161231	3726	0
161231	3727	0
161231	3728	0
161239	5736	0
161239	5737	0
161239	5738	0
161239	5739	1
161239	5740	0
161239	5741	1
161240	5736	0
161240	5737	0
161240	5738	0
161240	5739	0
161240	5740	0
161240	5741	0
161242	5626	1
161242	5627	0
161242	5628	0
161242	5629	0
161242	5630	0
161242	5631	0
161243	5626	0
161243	5627	0
161243	5628	0
161243	5629	0
161243	5630	0
161243	5631	0
161266	3099	0
161266	3100	0
161266	3101	0
161266	3102	0
161266	3103	0
161266	3104	1
161277	5381	1
161277	5382	0
161277	5383	0
161277	5384	1
161277	5385	0
161277	5386	0
161278	5381	0
161278	5382	0
161278	5383	0
161278	5384	0
161278	5385	0
161278	5386	0
161297	6515	0
161297	6516	0
161297	6517	0
161297	6518	1
161297	6519	0
161297	6520	0
161298	6515	0
161298	6516	0
161298	6517	0
161298	6518	0
161298	6519	0
161298	6520	0
161317	3968	0
161317	3969	1
161317	3970	1
161317	3971	2
161317	3972	0
161317	3973	1
161318	3968	2
161318	3969	1
161318	3970	1
161318	3971	2
161318	3972	1
161318	3973	2
161321	3387	1
161321	3388	0
161321	3389	0
161321	3390	0
161321	3391	0
161321	3392	0
161322	3387	1
161322	3388	1
161322	3389	0
161322	3390	0
161322	3391	0
161322	3392	1
161677	3033	1
161677	3034	1
161677	3035	1
161677	3036	1
161677	3037	0
161677	3038	0
161678	3033	0
161678	3034	0
161678	3035	0
161678	3036	0
161678	3037	0
161678	3038	0
161971	6677	0
161971	6678	0
161971	6679	0
161971	6680	0
161971	6681	0
161971	6682	0
