ObservationID	SubLocationID	Count
146072	3095	0
146072	3096	0
146072	3097	0
146072	3098	2
146072	3099	1
146072	3100	0
146074	3095	0
146074	3096	0
146074	3097	0
146074	3098	0
146074	3099	0
146074	3100	0
146075	3095	0
146075	3096	0
146075	3097	0
146075	3098	0
146075	3099	0
146075	3100	0
146184	4104	0
146184	4105	0
146184	4106	2
146184	4107	1
146184	4108	1
146184	4109	0
146185	4104	0
146185	4105	0
146185	4106	1
146185	4107	0
146185	4108	2
146185	4109	0
146186	4104	0
146186	4105	0
146186	4106	1
146186	4107	0
146186	4108	2
146186	4109	0
146187	5847	0
146187	5848	4
146187	5849	2
146187	5850	2
146187	5851	0
146187	5852	2
146188	5847	2
146188	5848	0
146188	5849	0
146188	5850	0
146188	5851	0
146188	5852	0
146189	5847	0
146189	5848	0
146189	5849	0
146189	5850	0
146189	5851	0
146189	5852	0
146227	7000	0
146227	7001	0
146227	7002	5
146227	7003	0
146227	7004	1
146227	7005	1
146228	7000	0
146228	7001	0
146228	7002	0
146228	7003	0
146228	7004	0
146228	7005	0
146229	7000	0
146229	7001	0
146229	7002	0
146229	7003	0
146229	7004	0
146229	7005	0
146257	2580	0
146257	2581	0
146257	2582	0
146257	2583	0
146257	2584	0
146257	2585	0
146259	2580	0
146259	2581	0
146259	2582	0
146259	2583	0
146259	2584	0
146259	2585	0
146260	2580	0
146260	2581	0
146260	2582	0
146260	2583	0
146260	2584	0
146260	2585	0
146262	3797	1
146262	3798	3
146262	3799	1
146262	3800	3
146262	3801	0
146262	3802	0
146263	3797	2
146263	3798	1
146263	3799	2
146263	3800	2
146263	3801	1
146263	3802	0
146264	3797	1
146264	3798	2
146264	3799	3
146264	3800	1
146264	3801	2
146264	3802	2
146289	4035	0
146289	4036	1
146289	4037	0
146289	4038	0
146289	4039	0
146289	4040	0
146290	4035	0
146290	4036	0
146290	4037	0
146290	4038	0
146290	4039	0
146290	4040	0
146291	4035	0
146291	4036	0
146291	4037	0
146291	4038	0
146291	4039	0
146291	4040	0
146294	3029	0
146294	3030	5
146294	3031	5
146294	3032	0
146294	3033	2
146294	3034	1
146295	3029	0
146295	3030	2
146295	3031	3
146295	3032	0
146295	3033	3
146295	3034	0
146296	3029	0
146296	3030	0
146296	3031	0
146296	3032	3
146296	3033	3
146296	3034	0
146303	6160	0
146303	6161	1
146303	6162	0
146303	6163	1
146303	6164	0
146303	6165	0
146304	6160	0
146304	6161	2
146304	6162	0
146304	6163	0
146304	6164	0
146304	6165	0
146305	6160	1
146305	6161	3
146305	6162	1
146305	6163	1
146305	6164	0
146305	6165	0
146319	3970	0
146319	3971	0
146319	3972	1
146319	3973	0
146319	3974	0
146319	3975	0
146322	3970	0
146322	3971	0
146322	3972	0
146322	3973	0
146322	3974	0
146322	3975	2
146327	3970	0
146327	3971	1
146327	3972	0
146327	3973	0
146327	3974	0
146327	3975	1
146339	3527	0
146339	3528	0
146339	3529	0
146339	3530	0
146339	3531	0
146339	3532	1
146344	3527	0
146344	3528	0
146344	3529	0
146344	3530	0
146344	3531	0
146344	3532	0
146350	6112	0
146350	6113	0
146350	6114	0
146350	6115	0
146350	6116	0
146350	6117	0
146351	4336	0
146351	4337	2
146351	4338	1
146351	4339	0
146351	4340	0
146351	4341	0
146352	4336	0
146352	4337	0
146352	4338	0
146352	4339	3
146352	4340	0
146352	4341	0
146353	4336	0
146353	4337	0
146353	4338	0
146353	4339	0
146353	4340	0
146353	4341	0
146354	7339	2
146354	7340	1
146354	7341	1
146354	7342	0
146354	7343	1
146354	7344	0
146368	6785	0
146368	6786	2
146368	6787	0
146368	6788	0
146368	6789	0
146368	6790	0
146369	6785	0
146369	6786	0
146369	6787	0
146369	6788	0
146369	6789	0
146369	6790	0
146370	6785	0
146370	6786	0
146370	6787	0
146370	6788	0
146370	6789	0
146370	6790	0
146371	7339	0
146371	7340	0
146371	7341	0
146371	7342	0
146371	7343	0
146371	7344	0
146379	2598	0
146379	2599	0
146379	2600	1
146379	2601	0
146379	2602	1
146379	2603	0
146380	2598	0
146380	2599	0
146380	2600	0
146380	2601	2
146380	2602	0
146380	2603	1
146382	5589	0
146382	5590	0
146382	5591	0
146382	5592	0
146382	5593	1
146382	5594	0
146383	5589	0
146383	5590	0
146383	5591	0
146383	5592	0
146383	5593	0
146383	5594	0
146384	5589	0
146384	5590	0
146384	5591	0
146384	5592	0
146384	5593	0
146384	5594	0
146392	5659	0
146392	5660	0
146392	5661	1
146392	5662	2
146392	5663	0
146392	5664	1
146393	5659	0
146393	5660	2
146393	5661	2
146393	5662	0
146393	5663	0
146393	5664	0
146394	5659	0
146394	5660	0
146394	5661	0
146394	5662	0
146394	5663	0
146394	5664	0
146418	5385	0
146418	5386	0
146418	5387	1
146418	5388	0
146418	5389	3
146418	5390	1
146438	5385	0
146438	5386	0
146438	5387	1
146438	5388	1
146438	5389	0
146438	5390	0
146439	5385	0
146439	5386	0
146439	5387	3
146439	5388	1
146439	5389	4
146439	5390	3
146441	3367	0
146441	3368	1
146441	3369	0
146441	3370	0
146441	3371	0
146441	3372	0
146442	3367	0
146442	3368	0
146442	3369	2
146442	3370	0
146442	3371	0
146442	3372	0
146443	3367	0
146443	3368	0
146443	3369	2
146443	3370	0
146443	3371	0
146443	3372	0
146462	4134	0
146462	4135	0
146462	4136	0
146462	4137	0
146462	4138	0
146462	4139	0
146463	4134	0
146463	4135	0
146463	4136	0
146463	4137	0
146463	4138	0
146463	4139	0
146464	4134	0
146464	4135	0
146464	4136	0
146464	4137	0
146464	4138	0
146464	4139	0
146471	3587	0
146471	3588	0
146471	3589	1
146471	3590	0
146471	3591	2
146471	3592	3
146472	3587	0
146472	3588	0
146472	3589	1
146472	3590	0
146472	3591	1
146472	3592	0
146473	3587	0
146473	3588	0
146473	3589	0
146473	3590	0
146473	3591	0
146473	3592	0
146482	4462	0
146482	4463	0
146482	4464	0
146482	4465	3
146482	4466	0
146482	4467	0
146483	4462	1
146483	4463	0
146483	4464	0
146483	4465	1
146483	4466	0
146483	4467	0
146484	4462	3
146484	4463	0
146484	4464	1
146484	4465	0
146484	4466	0
146484	4467	1
146488	7339	0
146488	7340	0
146488	7341	0
146488	7342	0
146488	7343	0
146488	7344	0
146489	3663	0
146489	3664	0
146489	3665	0
146489	3666	0
146489	3667	0
146489	3668	0
146502	4904	0
146502	4905	0
146502	4906	0
146502	4907	0
146502	4908	0
146502	4909	0
146504	4904	0
146504	4905	0
146504	4906	0
146504	4907	0
146504	4908	0
146504	4909	0
146506	4904	0
146506	4905	0
146506	4906	0
146506	4907	0
146506	4908	0
146506	4909	0
146510	3663	0
146510	3664	0
146510	3665	0
146510	3666	0
146510	3667	0
146510	3668	0
146589	7375	0
146589	7376	0
146589	7377	0
146589	7378	0
146589	7379	0
146589	7380	0
146590	7375	0
146590	7376	0
146590	7377	0
146590	7378	1
146590	7379	0
146590	7380	0
146591	7375	2
146591	7376	2
146591	7377	0
146591	7378	1
146591	7379	0
146591	7380	1
146604	6088	2
146604	6089	0
146604	6090	0
146604	6091	0
146604	6092	0
146604	6093	0
146605	6088	0
146605	6089	0
146605	6090	1
146605	6091	0
146605	6092	0
146605	6093	0
146606	6088	0
146606	6089	1
146606	6090	0
146606	6091	0
146606	6092	0
146606	6093	0
146623	4981	0
146623	4982	0
146623	4983	0
146623	4984	0
146623	4985	0
146623	4986	1
146624	4981	0
146624	4982	0
146624	4983	0
146624	4984	0
146624	4985	0
146624	4986	0
146625	4981	0
146625	4982	0
146625	4983	0
146625	4984	0
146625	4985	0
146625	4986	0
146646	4474	0
146646	4475	0
146646	4476	0
146646	4477	0
146646	4478	0
146646	4479	0
146647	4474	0
146647	4475	0
146647	4476	0
146647	4477	0
146647	4478	2
146647	4479	0
146648	4474	0
146648	4475	0
146648	4476	0
146648	4477	0
146648	4478	0
146648	4479	0
146658	5487	0
146658	5488	0
146658	5489	0
146658	5490	0
146658	5491	0
146658	5492	0
146659	5487	0
146659	5488	0
146659	5489	0
146659	5490	0
146659	5491	0
146659	5492	0
146660	5487	0
146660	5488	0
146660	5489	0
146660	5490	0
146660	5491	0
146660	5492	0
146706	5219	0
146706	5220	1
146706	5221	2
146706	5222	1
146706	5223	4
146706	5224	0
146707	6166	0
146707	6167	0
146707	6168	7
146707	6169	0
146707	6170	0
146707	6171	0
146708	5613	0
146708	5614	0
146708	5615	1
146708	5616	3
146708	5617	0
146708	5618	0
146709	5409	5
146709	5410	0
146709	5411	0
146709	5412	0
146709	5413	0
146709	5414	0
146717	2670	0
146717	2671	0
146717	2672	0
146717	2673	0
146717	2674	0
146717	2675	0
146718	3533	0
146718	3534	0
146718	3535	0
146718	3536	0
146718	3537	0
146718	3538	0
146723	6166	0
146723	6167	0
146723	6168	3
146723	6169	0
146723	6170	1
146723	6171	0
146724	5219	2
146724	5220	0
146724	5221	3
146724	5222	0
146724	5223	0
146724	5224	0
146725	5613	0
146725	5614	1
146725	5615	0
146725	5616	4
146725	5617	0
146725	5618	0
146726	3307	0
146726	3308	0
146726	3309	0
146726	3310	0
146726	3311	0
146726	3312	0
146727	3307	0
146727	3308	0
146727	3309	0
146727	3310	0
146727	3311	0
146727	3312	0
146728	3307	0
146728	3308	0
146728	3309	0
146728	3310	1
146728	3311	0
146728	3312	0
146729	6935	2
146729	6936	2
146729	6937	1
146729	6938	3
146729	6939	0
146729	6940	1
146730	6935	0
146730	6936	1
146730	6937	0
146730	6938	0
146730	6939	0
146730	6940	0
146731	6935	0
146731	6936	2
146731	6937	0
146731	6938	0
146731	6939	0
146731	6940	0
146735	4882	2
146735	4883	2
146735	4884	0
146735	4885	5
146736	4882	2
146736	4883	0
146736	4884	0
146736	4885	1
146737	4882	0
146737	4883	0
146737	4884	0
146737	4885	1
146747	4504	1
146747	4505	0
146747	4506	3
146747	4507	0
146748	4504	0
146748	4505	0
146748	4506	0
146748	4507	0
146749	4504	0
146749	4505	0
146749	4506	1
146749	4507	2
146784	6624	0
146784	6625	0
146784	6626	2
146784	6627	5
146784	6628	0
146784	6629	3
146785	5613	0
146785	5614	0
146785	5615	0
146785	5616	0
146785	5617	0
146785	5618	0
146786	6166	0
146786	6167	0
146786	6168	7
146786	6169	0
146786	6170	0
146786	6171	3
146787	5219	0
146787	5220	0
146787	5221	2
146787	5222	2
146787	5223	0
146787	5224	0
146791	3229	0
146791	3230	0
146791	3231	1
146791	3232	1
146791	3233	0
146791	3234	3
146792	3229	0
146792	3230	1
146792	3231	0
146792	3232	1
146792	3233	0
146792	3234	1
146804	2670	0
146804	2671	0
146804	2672	0
146804	2673	0
146804	2674	0
146804	2675	0
146805	2670	0
146805	2671	0
146805	2672	0
146805	2673	0
146805	2674	0
146805	2675	0
146806	5409	0
146806	5410	0
146806	5411	2
146806	5412	0
146806	5413	0
146806	5414	0
146808	5409	0
146808	5410	1
146808	5411	1
146808	5412	0
146808	5413	0
146808	5414	0
146809	3533	0
146809	3534	0
146809	3535	1
146809	3536	0
146809	3537	0
146809	3538	0
146815	7435	2
146815	7436	0
146815	7437	0
146815	7438	0
146815	7439	0
146815	7440	0
146822	3533	0
146822	3534	0
146822	3535	0
146822	3536	0
146822	3537	0
146822	3538	0
146824	6624	0
146824	6625	0
146824	6626	0
146824	6627	1
146824	6628	0
146824	6629	6
146827	3669	2
146827	3670	1
146827	3671	11
146827	3672	2
146827	3673	1
146827	3674	0
146828	7435	0
146828	7436	0
146828	7437	0
146828	7438	0
146828	7439	0
146828	7440	0
146829	7435	0
146829	7436	0
146829	7437	0
146829	7438	0
146829	7439	0
146829	7440	0
146892	4134	0
146892	4135	0
146892	4136	0
146892	4137	0
146892	4138	0
146892	4139	0
147008	3455	0
147008	3456	0
147008	3457	0
147008	3458	0
147008	3459	0
147008	3460	4
147009	3455	0
147009	3456	0
147009	3457	0
147009	3458	0
147009	3459	0
147009	3460	0
147010	3455	0
147010	3456	0
147010	3457	0
147010	3458	0
147010	3459	0
147010	3460	0
147026	6767	0
147026	6768	0
147026	6769	0
147026	6770	0
147026	6771	0
147026	6772	0
147034	5793	0
147034	5794	0
147034	5795	0
147034	5796	1
147034	5797	0
147034	5798	0
147036	4216	1
147036	4217	0
147036	4218	0
147036	4219	0
147036	4220	1
147036	4221	0
147053	7552	0
147053	7553	0
147053	7554	0
147053	7555	0
147053	7556	0
147053	7557	0
147066	2856	1
147066	2857	1
147066	2858	4
147066	2859	0
147066	2860	0
147066	2861	2
147071	3845	0
147071	3846	12
147071	3847	0
147071	3848	22
147071	3849	0
147071	3850	3
147072	5367	0
147072	5368	0
147072	5369	1
147072	5370	0
147072	5371	0
147072	5372	0
147082	7237	0
147082	7238	0
147082	7239	0
147082	7240	0
147083	7237	0
147083	7238	0
147083	7239	1
147083	7240	2
147084	7237	0
147084	7238	0
147084	7239	0
147084	7240	0
147090	5793	0
147090	5794	0
147090	5795	0
147090	5796	1
147090	5797	0
147090	5798	0
147123	4574	0
147123	4575	0
147123	4576	2
147123	4577	0
147123	4578	0
147123	4579	0
147124	4574	0
147124	4575	0
147124	4576	0
147124	4577	0
147124	4578	1
147124	4579	0
147142	6767	0
147142	6768	1
147142	6769	0
147142	6770	0
147142	6771	0
147142	6772	0
147172	5367	0
147172	5368	0
147172	5369	3
147172	5370	0
147172	5371	0
147172	5372	0
147219	7552	0
147219	7553	1
147219	7554	0
147219	7555	0
147219	7556	0
147219	7557	0
147228	5793	0
147228	5794	0
147228	5795	0
147228	5796	2
147228	5797	0
147228	5798	0
147240	3845	0
147240	3846	0
147240	3847	0
147240	3848	0
147240	3849	0
147240	3850	0
147241	6672	0
147241	6673	0
147241	6674	0
147241	6675	1
147241	6676	0
147241	6677	0
147247	4508	0
147247	4509	0
147247	4510	2
147247	4511	0
147247	4512	2
147247	4513	1
147248	4508	0
147248	4509	0
147248	4510	0
147248	4511	0
147248	4512	0
147248	4513	0
147249	4508	0
147249	4509	0
147249	4510	0
147249	4511	0
147249	4512	0
147249	4513	2
147300	3095	0
147300	3096	0
147300	3097	0
147300	3098	2
147300	3099	1
147300	3100	0
147301	3095	0
147301	3096	0
147301	3097	0
147301	3098	0
147301	3099	0
147301	3100	0
147302	3095	0
147302	3096	0
147302	3097	0
147302	3098	0
147302	3099	0
147302	3100	0
147366	2856	1
147366	2857	1
147366	2858	2
147366	2859	0
147366	2860	0
147366	2861	2
147367	2856	0
147367	2857	0
147367	2858	0
147367	2859	0
147367	2860	0
147367	2861	0
147385	7237	0
147385	7238	0
147385	7239	0
147385	7240	0
147421	5367	0
147421	5368	0
147421	5369	2
147421	5370	0
147421	5371	0
147421	5372	0
147422	5769	0
147422	5770	0
147422	5771	0
147422	5772	1
147422	5773	2
147422	5774	0
147423	4634	1
147423	4635	0
147423	4636	0
147423	4637	1
147423	4638	0
147423	4639	0
147424	5769	0
147424	5770	0
147424	5771	0
147424	5772	0
147424	5773	0
147424	5774	0
147425	4634	0
147425	4635	0
147425	4636	0
147425	4637	0
147425	4638	0
147425	4639	1
147426	5769	1
147426	5770	0
147426	5771	1
147426	5772	0
147426	5773	0
147426	5774	0
147427	4634	0
147427	4635	0
147427	4636	0
147427	4637	0
147427	4638	0
147427	4639	0
147512	4216	0
147512	4217	0
147512	4218	0
147512	4219	0
147512	4220	0
147512	4221	0
147518	4574	0
147518	4575	0
147518	4576	0
147518	4577	0
147518	4578	1
147518	4579	1
147529	7552	0
147529	7553	0
147529	7554	0
147529	7555	0
147529	7556	0
147529	7557	0
147857	4216	0
147857	4217	0
147857	4218	0
147857	4219	0
147857	4220	0
147857	4221	0
147866	5255	0
147866	5256	0
147866	5257	0
147866	5258	0
147866	5259	0
147866	5260	0
147867	5255	0
147867	5256	0
147867	5257	0
147867	5258	0
147867	5259	0
147867	5260	0
147868	5255	0
147868	5256	0
147868	5257	0
147868	5258	0
147868	5259	0
147868	5260	0
147869	4748	0
147869	4749	0
147869	4750	0
147869	4751	0
147869	4752	0
147869	4753	0
147870	4748	0
147870	4749	0
147870	4750	1
147870	4751	0
147870	4752	0
147870	4753	0
147881	3235	0
147881	3236	0
147881	3237	0
147881	3238	0
147881	3239	0
147881	3240	0
147883	3235	0
147883	3236	0
147883	3237	0
147883	3238	0
147883	3239	0
147883	3240	0
147885	3235	0
147885	3236	0
147885	3237	0
147885	3238	0
147885	3239	1
147885	3240	0
147893	6767	0
147893	6768	0
147893	6769	1
147893	6770	0
147893	6771	0
147893	6772	0
148367	4432	0
148367	4433	0
148367	4434	0
148367	4435	0
148367	4436	0
148367	4437	0
148369	4432	0
148369	4433	0
148369	4434	0
148369	4435	0
148369	4436	0
148369	4437	0
148371	4432	3
148371	4433	0
148371	4434	0
148371	4435	0
148371	4436	3
148371	4437	0
148491	6232	0
148491	6233	0
148491	6234	0
148491	6235	0
148491	6236	0
148491	6237	0
148492	6232	0
148492	6233	1
148492	6234	0
148492	6235	0
148492	6236	0
148492	6237	0
148493	6232	0
148493	6233	0
148493	6234	0
148493	6235	0
148493	6236	0
148493	6237	0
148510	4216	1
148510	4217	0
148510	4218	0
148510	4219	0
148510	4220	1
148510	4221	0
148511	4216	0
148511	4217	0
148511	4218	0
148511	4219	0
148511	4220	0
148511	4221	0
148584	7066	0
148584	7067	0
148584	7068	0
148584	7069	0
148584	7070	0
148584	7071	0
148603	7066	0
148603	7067	0
148603	7068	0
148603	7069	1
148603	7070	0
148603	7071	0
148604	7066	0
148604	7067	0
148604	7068	0
148604	7069	0
148604	7070	0
148604	7071	0
148640	3437	0
148640	3438	1
148640	3439	0
148640	3440	4
148640	3441	0
148640	3442	0
148702	3271	0
148702	3272	0
148702	3273	0
148702	3274	0
148702	3275	0
148702	3276	0
148703	3271	0
148703	3272	0
148703	3273	0
148703	3274	0
148703	3275	0
148703	3276	0
148719	3437	0
148719	3438	1
148719	3439	0
148719	3440	1
148719	3441	0
148719	3442	0
148720	3437	0
148720	3438	0
148720	3439	0
148720	3440	1
148720	3441	0
148720	3442	0
150173	3443	0
150173	3444	0
150173	3445	0
150173	3446	0
150173	3447	0
150173	3448	0
150174	3443	0
150174	3444	0
150174	3445	2
150174	3446	0
150174	3447	0
150174	3448	0
150175	3443	0
150175	3444	1
150175	3445	1
150175	3446	0
150175	3447	1
150175	3448	0
150518	4748	0
150518	4749	0
150518	4750	0
150518	4751	0
150518	4752	0
150518	4753	0
150525	5255	0
150525	5256	0
150525	5257	0
150525	5258	0
150525	5259	0
150525	5260	0
150532	4748	0
150532	4749	0
150532	4750	1
150532	4751	0
150532	4752	0
150532	4753	0
150542	5255	0
150542	5256	0
150542	5257	0
150542	5258	0
150542	5259	0
150542	5260	0
151835	3663	2
151835	3664	0
151835	3665	0
151835	3666	0
151835	3667	0
151835	3668	0
151836	3437	0
151836	3438	1
151836	3439	0
151836	3440	4
151836	3441	0
151836	3442	0
151837	3437	0
151837	3438	1
151837	3439	0
151837	3440	1
151837	3441	0
151837	3442	0
151838	3437	0
151838	3438	0
151838	3439	0
151838	3440	1
151838	3441	0
151838	3442	0
152028	7405	0
152028	7406	0
152028	7407	0
152028	7408	2
152028	7409	0
152028	7410	1
152031	2826	3
152031	2827	0
152031	2828	0
152031	2829	0
152031	2830	0
152031	2831	0
152039	2772	0
152039	2773	0
152039	2774	0
152039	2775	0
152039	2776	0
152039	2777	0
152078	2826	0
152078	2827	1
152078	2828	0
152078	2829	2
152078	2830	0
152078	2831	1
152159	6714	0
152159	6715	0
152159	6716	0
152159	6717	0
152159	6718	0
152159	6719	0
152160	6714	0
152160	6715	0
152160	6716	0
152160	6717	0
152160	6718	0
152160	6719	0
152161	6714	1
152161	6715	0
152161	6716	0
152161	6717	0
152161	6718	0
152161	6719	0
152164	3833	0
152164	3834	0
152164	3835	0
152164	3836	0
152164	3837	2
152164	3838	0
152165	3833	0
152165	3834	0
152165	3835	0
152165	3836	0
152165	3837	0
152165	3838	0
152206	3473	0
152206	3474	0
152206	3475	0
152206	3476	0
152206	3477	0
152206	3478	0
152207	3473	0
152207	3474	0
152207	3475	0
152207	3476	0
152207	3477	0
152207	3478	0
152208	3473	0
152208	3474	0
152208	3475	0
152208	3476	0
152208	3477	0
152208	3478	0
152231	7606	0
152231	7607	0
152231	7608	0
152231	7609	1
152231	7610	0
152231	7611	0
152232	7606	0
152232	7607	0
152232	7608	0
152232	7609	1
152232	7610	0
152232	7611	0
152234	7606	0
152234	7607	0
152234	7608	1
152234	7609	2
152234	7610	0
152234	7611	2
152237	7606	0
152237	7607	0
152237	7608	1
152237	7609	2
152237	7610	0
152237	7611	2
152246	5017	0
152246	5018	0
152246	5019	0
152246	5020	0
152246	5021	3
152246	5022	0
152247	5017	0
152247	5018	0
152247	5019	0
152247	5020	0
152247	5021	0
152247	5022	0
152248	5017	0
152248	5018	0
152248	5019	0
152248	5020	0
152248	5021	0
152248	5022	0
152351	4963	2
152351	4964	2
152351	4965	2
152351	4966	3
152351	4967	0
152351	4968	1
152464	4963	3
152464	4964	3
152464	4965	0
152464	4966	2
152464	4967	0
152464	4968	2
152465	4963	4
152465	4964	1
152465	4965	2
152465	4966	1
152465	4967	1
152465	4968	3
152504	3235	0
152504	3236	0
152504	3237	0
152504	3238	0
152504	3239	0
152504	3240	0
152509	3235	0
152509	3236	0
152509	3237	0
152509	3238	0
152509	3239	0
152509	3240	0
152512	3235	0
152512	3236	0
152512	3237	0
152512	3238	0
152512	3239	1
152512	3240	0
152584	3663	2
152584	3664	0
152584	3665	0
152584	3666	0
152584	3667	0
152584	3668	0
152589	4574	0
152589	4575	0
152589	4576	2
152589	4577	0
152589	4578	0
152589	4579	0
152590	4574	0
152590	4575	0
152590	4576	0
152590	4577	0
152590	4578	1
152590	4579	0
152591	4574	0
152591	4575	0
152591	4576	0
152591	4577	0
152591	4578	1
152591	4579	1
152595	4963	4
152595	4964	1
152595	4965	2
152595	4966	1
152595	4967	1
152595	4968	3
152596	4963	3
152596	4964	3
152596	4965	0
152596	4966	2
152596	4967	0
152596	4968	2
152597	4963	2
152597	4964	2
152597	4965	2
152597	4966	3
152597	4967	0
152597	4968	1
152604	7066	0
152604	7067	0
152604	7068	0
152604	7069	0
152604	7070	0
152604	7071	0
152605	7066	0
152605	7067	0
152605	7068	0
152605	7069	1
152605	7070	0
152605	7071	0
152606	7066	0
152606	7067	0
152606	7068	0
152606	7069	0
152606	7070	0
152606	7071	0
152610	6232	0
152610	6233	0
152610	6234	0
152610	6235	0
152610	6236	0
152610	6237	0
152612	6232	0
152612	6233	1
152612	6234	0
152612	6235	0
152612	6236	0
152612	6237	0
152616	6232	0
152616	6233	0
152616	6234	0
152616	6235	0
152616	6236	0
152616	6237	0
152895	5017	0
152895	5018	0
152895	5019	0
152895	5020	0
152895	5021	3
152895	5022	0
152901	5017	0
152901	5018	0
152901	5019	0
152901	5020	0
152901	5021	0
152901	5022	0
152910	5017	0
152910	5018	0
152910	5019	0
152910	5020	0
152910	5021	0
152910	5022	0
152933	4432	0
152933	4433	0
152933	4434	0
152933	4435	0
152933	4436	0
152933	4437	0
152935	4432	0
152935	4433	0
152935	4434	0
152935	4435	0
152935	4436	0
152935	4437	0
152937	4432	3
152937	4433	0
152937	4434	0
152937	4435	0
152937	4436	3
152937	4437	0
152970	5793	0
152970	5794	0
152970	5795	0
152970	5796	1
152970	5797	0
152970	5798	0
152971	5793	0
152971	5794	0
152971	5795	0
152971	5796	1
152971	5797	0
152971	5798	0
152974	5793	0
152974	5794	0
152974	5795	0
152974	5796	2
152974	5797	0
152974	5798	0
152986	5769	0
152986	5770	0
152986	5771	0
152986	5772	1
152986	5773	2
152986	5774	0
152987	5769	0
152987	5770	0
152987	5771	0
152987	5772	0
152987	5773	0
152987	5774	0
152988	4634	1
152988	4635	0
152988	4636	0
152988	4637	1
152988	4638	0
152988	4639	0
152989	4634	0
152989	4635	0
152989	4636	0
152989	4637	0
152989	4638	0
152989	4639	1
152990	5769	1
152990	5770	0
152990	5771	1
152990	5772	0
152990	5773	0
152990	5774	0
152991	4634	0
152991	4635	0
152991	4636	0
152991	4637	0
152991	4638	0
152991	4639	0
153024	3271	0
153024	3272	0
153024	3273	0
153024	3274	0
153024	3275	0
153024	3276	0
153025	3271	0
153025	3272	0
153025	3273	0
153025	3274	0
153025	3275	0
153025	3276	0
153136	2856	1
153136	2857	1
153136	2858	4
153136	2859	0
153136	2860	0
153136	2861	2
153137	2856	1
153137	2857	1
153137	2858	2
153137	2859	0
153137	2860	0
153137	2861	2
153138	2856	0
153138	2857	0
153138	2858	0
153138	2859	0
153138	2860	0
153138	2861	0
153141	3443	0
153141	3444	0
153141	3445	2
153141	3446	0
153141	3447	0
153141	3448	0
153142	3443	0
153142	3444	0
153142	3445	0
153142	3446	0
153142	3447	0
153142	3448	0
153143	3443	0
153143	3444	1
153143	3445	1
153143	3446	0
153143	3447	1
153143	3448	0
153248	2826	0
153248	2827	0
153248	2828	0
153248	2829	1
153248	2830	1
153248	2831	0
153252	2826	3
153252	2827	0
153252	2828	0
153252	2829	1
153252	2830	0
153252	2831	3
153253	2826	0
153253	2827	1
153253	2828	0
153253	2829	2
153253	2830	0
153253	2831	1
153265	5367	0
153265	5368	0
153265	5369	1
153265	5370	0
153265	5371	0
153265	5372	0
153266	5367	0
153266	5368	0
153266	5369	2
153266	5370	0
153266	5371	0
153266	5372	0
153267	5367	0
153267	5368	0
153267	5369	3
153267	5370	0
153267	5371	0
153267	5372	0
153268	7405	0
153268	7406	0
153268	7407	0
153268	7408	2
153268	7409	0
153268	7410	1
153383	7552	0
153383	7553	0
153383	7554	0
153383	7555	0
153383	7556	0
153383	7557	0
153384	7552	0
153384	7553	1
153384	7554	0
153384	7555	0
153384	7556	0
153384	7557	0
153385	7552	0
153385	7553	0
153385	7554	0
153385	7555	0
153385	7556	0
153385	7557	0
153466	6672	0
153466	6673	0
153466	6674	0
153466	6675	1
153466	6676	0
153466	6677	0
153467	3845	0
153467	3846	12
153467	3847	0
153467	3848	22
153467	3849	0
153467	3850	3
153468	3845	0
153468	3846	0
153468	3847	0
153468	3848	0
153468	3849	0
153468	3850	0
153469	6672	0
153469	6673	0
153469	6674	0
153469	6675	1
153469	6676	0
153469	6677	0
153633	7606	0
153633	7607	0
153633	7608	1
153633	7609	2
153633	7610	0
153633	7611	2
153634	7606	0
153634	7607	0
153634	7608	1
153634	7609	2
153634	7610	0
153634	7611	2
153676	6714	1
153676	6715	0
153676	6716	0
153676	6717	0
153676	6718	0
153676	6719	0
153681	3833	0
153681	3834	0
153681	3835	0
153681	3836	0
153681	3837	2
153681	3838	0
153682	3833	0
153682	3834	0
153682	3835	0
153682	3836	0
153682	3837	0
153682	3838	0
153683	7405	0
153683	7406	0
153683	7407	0
153683	7408	1
153683	7409	1
153683	7410	1
153729	2772	0
153729	2773	0
153729	2774	0
153729	2775	0
153729	2776	0
153729	2777	0
153733	3473	0
153733	3474	0
153733	3475	0
153733	3476	0
153733	3477	0
153733	3478	0
153737	3473	0
153737	3474	0
153737	3475	0
153737	3476	0
153737	3477	0
153737	3478	0
153738	3473	0
153738	3474	0
153738	3475	0
153738	3476	0
153738	3477	0
153738	3478	0
153806	3669	2
153806	3670	1
153806	3671	11
153806	3672	2
153806	3673	1
153806	3674	0
153809	6767	0
153809	6768	0
153809	6769	0
153809	6770	0
153809	6771	0
153809	6772	0
153810	6767	0
153810	6768	1
153810	6769	0
153810	6770	0
153810	6771	0
153810	6772	0
153811	6767	0
153811	6768	0
153811	6769	1
153811	6770	0
153811	6771	0
153811	6772	0
153923	7405	0
153923	7406	0
153923	7407	0
153923	7408	1
153923	7409	1
153923	7410	1
154263	4682	0
154263	4683	0
154263	4684	0
154263	4685	1
154263	4686	1
154263	4687	0
154264	4682	0
154264	4683	0
154264	4684	0
154264	4685	0
154264	4686	0
154264	4687	0
154267	4813	2
154267	4814	3
154267	4815	1
154267	4816	0
154267	4817	0
154267	4818	0
154268	4813	0
154268	4814	1
154268	4815	0
154268	4816	1
154268	4817	0
154268	4818	1
154269	4813	1
154269	4814	1
154269	4815	1
154269	4816	1
154269	4817	3
154269	4818	2
154331	4813	2
154331	4814	3
154331	4815	1
154331	4816	0
154331	4817	0
154331	4818	0
154332	4813	0
154332	4814	1
154332	4815	0
154332	4816	1
154332	4817	0
154332	4818	1
154333	4813	1
154333	4814	1
154333	4815	1
154333	4816	1
154333	4817	3
154333	4818	2
154334	4682	0
154334	4683	0
154334	4684	0
154334	4685	1
154334	4686	1
154334	4687	0
154335	4682	0
154335	4683	0
154335	4684	0
154335	4685	0
154335	4686	0
154335	4687	0
154829	5076	0
154829	5077	0
154829	5078	0
154829	5079	0
154829	5080	0
154829	5081	0
154830	5076	0
154830	5077	0
154830	5078	0
154830	5079	0
154830	5080	0
154830	5081	0
154831	5076	0
154831	5077	2
154831	5078	0
154831	5079	0
154831	5080	0
154831	5081	0
154848	2946	0
154848	2947	0
154848	2948	0
154848	2949	0
154848	2950	0
154848	2951	0
154849	2946	0
154849	2947	0
154849	2948	0
154849	2949	0
154849	2950	3
154849	2951	0
154850	2574	0
154850	2575	0
154850	2576	0
154850	2577	0
154850	2578	0
154850	2579	0
154851	2574	0
154851	2575	0
154851	2576	0
154851	2577	0
154851	2578	0
154851	2579	0
154852	2574	0
154852	2575	0
154852	2576	0
154852	2577	0
154852	2578	0
154852	2579	0
154856	4372	2
154856	4373	1
154856	4374	4
154856	4375	0
154856	4376	1
154856	4377	0
154857	4372	0
154857	4373	0
154857	4374	0
154857	4375	0
154857	4376	0
154857	4377	0
154858	4372	0
154858	4373	0
154858	4374	0
154858	4375	0
154858	4376	0
154858	4377	0
154872	3797	0
154872	3798	1
154872	3799	1
154872	3800	1
154872	3801	0
154872	3802	3
154873	4462	1
154873	4463	0
154873	4464	2
154873	4465	3
154873	4466	0
154873	4467	2
155019	3763	0
155019	3764	0
155019	3765	0
155019	3766	0
155019	3767	1
155019	3768	0
155025	3367	0
155025	3368	0
155025	3369	2
155025	3370	0
155025	3371	0
155025	3372	0
155042	4104	0
155042	4105	0
155042	4106	2
155042	4107	1
155042	4108	2
155042	4109	1
155074	5659	1
155074	5660	1
155074	5661	0
155074	5662	3
155074	5663	1
155074	5664	0
155075	3229	0
155075	3230	1
155075	3231	0
155075	3232	1
155075	3233	0
155075	3234	0
155089	5589	0
155089	5590	0
155089	5591	0
155089	5592	0
155089	5593	0
155089	5594	0
155112	6160	0
155112	6161	4
155112	6162	0
155112	6163	3
155112	6164	0
155112	6165	0
155120	3663	0
155120	3664	0
155120	3665	0
155120	3666	0
155120	3667	0
155120	3668	0
155189	4462	1
155189	4463	0
155189	4464	0
155189	4465	0
155189	4466	0
155189	4467	0
155191	4104	0
155191	4105	0
155191	4106	0
155191	4107	0
155191	4108	1
155191	4109	0
155205	3367	0
155205	3368	0
155205	3369	0
155205	3370	0
155205	3371	0
155205	3372	0
155207	7339	1
155207	7340	1
155207	7341	2
155207	7342	1
155207	7343	0
155207	7344	0
155217	3797	0
155217	3798	1
155217	3799	0
155217	3800	1
155217	3801	0
155217	3802	0
155219	5659	0
155219	5660	0
155219	5661	0
155219	5662	0
155219	5663	0
155219	5664	0
155221	6160	0
155221	6161	0
155221	6162	0
155221	6163	0
155221	6164	0
155221	6165	0
155229	2598	0
155229	2599	0
155229	2600	0
155229	2601	0
155229	2602	0
155229	2603	1
155230	2598	0
155230	2599	0
155230	2600	0
155230	2601	0
155230	2602	0
155230	2603	0
155236	7375	0
155236	7376	0
155236	7377	0
155236	7378	4
155236	7379	0
155236	7380	2
155242	3587	0
155242	3588	0
155242	3589	0
155242	3590	0
155242	3591	0
155242	3592	0
155245	3587	0
155245	3588	0
155245	3589	0
155245	3590	0
155245	3591	2
155245	3592	5
155254	3229	0
155254	3230	2
155254	3231	0
155254	3232	0
155254	3233	2
155254	3234	2
155257	4104	0
155257	4105	0
155257	4106	2
155257	4107	0
155257	4108	1
155257	4109	0
155261	7339	0
155261	7340	0
155261	7341	0
155261	7342	0
155261	7343	0
155261	7344	0
155547	3797	0
155547	3798	0
155547	3799	2
155547	3800	1
155547	3801	0
155547	3802	0
155574	3455	0
155574	3456	0
155574	3457	0
155574	3458	0
155574	3459	0
155574	3460	0
155575	3455	0
155575	3456	0
155575	3457	0
155575	3458	0
155575	3459	0
155575	3460	2
155576	3455	0
155576	3456	2
155576	3457	0
155576	3458	0
155576	3459	0
155576	3460	1
155608	3367	0
155608	3368	0
155608	3369	0
155608	3370	0
155608	3371	0
155608	3372	0
155609	4134	0
155609	4135	1
155609	4136	1
155609	4137	0
155609	4138	0
155609	4139	2
155612	4134	0
155612	4135	0
155612	4136	0
155612	4137	0
155612	4138	0
155612	4139	0
155614	4134	0
155614	4135	0
155614	4136	0
155614	4137	0
155614	4138	0
155614	4139	0
155618	4462	1
155618	4463	0
155618	4464	0
155618	4465	2
155618	4466	0
155618	4467	0
155620	3970	0
155620	3971	0
155620	3972	1
155620	3973	0
155620	3974	0
155620	3975	2
155621	3970	0
155621	3971	0
155621	3972	0
155621	3973	0
155621	3974	0
155621	3975	1
155622	3970	0
155622	3971	0
155622	3972	0
155622	3973	0
155622	3974	0
155622	3975	0
155632	3229	0
155632	3230	8
155632	3231	0
155632	3232	3
155632	3233	0
155632	3234	2
155638	5589	0
155638	5590	0
155638	5591	0
155638	5592	0
155638	5593	0
155638	5594	0
155639	5589	0
155639	5590	0
155639	5591	0
155639	5592	0
155639	5593	0
155639	5594	0
155640	7339	0
155640	7340	0
155640	7341	0
155640	7342	0
155640	7343	0
155640	7344	0
155644	5153	0
155644	5154	0
155644	5155	0
155644	5156	0
155644	5157	0
155644	5158	0
155645	5153	0
155645	5154	0
155645	5155	0
155645	5156	0
155645	5157	0
155645	5158	0
155646	5153	0
155646	5154	0
155646	5155	0
155646	5156	0
155646	5157	1
155646	5158	0
155648	2598	0
155648	2599	0
155648	2600	0
155648	2601	0
155648	2602	0
155648	2603	0
155784	6160	0
155784	6161	3
155784	6162	0
155784	6163	0
155784	6164	0
155784	6165	0
155788	5659	0
155788	5660	0
155788	5661	0
155788	5662	1
155788	5663	0
155788	5664	0
155793	6624	0
155793	6625	0
155793	6626	0
155793	6627	1
155793	6628	0
155793	6629	1
155794	6624	0
155794	6625	0
155794	6626	0
155794	6627	2
155794	6628	0
155794	6629	0
155795	5613	0
155795	5614	0
155795	5615	0
155795	5616	2
155795	5617	0
155795	5618	0
155796	5613	0
155796	5614	2
155796	5615	0
155796	5616	1
155796	5617	0
155796	5618	0
155797	5219	0
155797	5220	1
155797	5221	2
155797	5222	1
155797	5223	0
155797	5224	0
155798	5219	3
155798	5220	0
155798	5221	1
155798	5222	0
155798	5223	0
155798	5224	0
155799	6166	0
155799	6167	0
155799	6168	4
155799	6169	0
155799	6170	0
155799	6171	1
155800	6166	0
155800	6167	0
155800	6168	1
155800	6169	0
155800	6170	0
155800	6171	0
155801	5409	0
155801	5410	0
155801	5411	0
155801	5412	0
155801	5413	0
155801	5414	0
155803	4981	0
155803	4982	0
155803	4983	0
155803	4984	0
155803	4985	0
155803	4986	0
155804	3095	0
155804	3096	0
155804	3097	0
155804	3098	1
155804	3099	0
155804	3100	0
155805	3095	0
155805	3096	0
155805	3097	0
155805	3098	0
155805	3099	0
155805	3100	0
155806	3095	0
155806	3096	0
155806	3097	0
155806	3098	0
155806	3099	0
155806	3100	0
155809	3533	0
155809	3534	0
155809	3535	0
155809	3536	0
155809	3537	0
155809	3538	0
155824	3533	0
155824	3534	0
155824	3535	2
155824	3536	0
155824	3537	0
155824	3538	0
155991	7000	0
155991	7001	0
155991	7002	0
155991	7003	0
155991	7004	0
155991	7005	2
156000	7000	0
156000	7001	0
156000	7002	0
156000	7003	0
156000	7004	0
156000	7005	0
156008	7000	0
156008	7001	0
156008	7002	0
156008	7003	0
156008	7004	0
156008	7005	0
156061	4981	0
156061	4982	0
156061	4983	0
156061	4984	0
156061	4985	0
156061	4986	1
156073	5613	0
156073	5614	2
156073	5615	0
156073	5616	1
156073	5617	0
156073	5618	0
156074	6166	0
156074	6167	0
156074	6168	4
156074	6169	0
156074	6170	0
156074	6171	1
156121	5487	0
156121	5488	0
156121	5489	1
156121	5490	0
156121	5491	0
156121	5492	0
156122	5487	0
156122	5488	0
156122	5489	0
156122	5490	0
156122	5491	0
156122	5492	0
156123	5487	0
156123	5488	0
156123	5489	0
156123	5490	0
156123	5491	0
156123	5492	0
156304	5847	0
156304	5848	0
156304	5849	0
156304	5850	0
156304	5851	0
156304	5852	0
156348	6160	0
156348	6161	4
156348	6162	0
156348	6163	3
156348	6164	0
156348	6165	0
156349	6160	0
156349	6161	0
156349	6162	0
156349	6163	0
156349	6164	0
156349	6165	0
156350	6160	0
156350	6161	3
156350	6162	0
156350	6163	0
156350	6164	0
156350	6165	0
156386	3095	0
156386	3096	0
156386	3097	0
156386	3098	1
156386	3099	0
156386	3100	0
156387	3095	0
156387	3096	0
156387	3097	0
156387	3098	0
156387	3099	0
156387	3100	0
156388	3095	0
156388	3096	0
156388	3097	0
156388	3098	0
156388	3099	0
156388	3100	0
156433	5487	0
156433	5488	0
156433	5489	1
156433	5490	0
156433	5491	0
156433	5492	0
156435	5487	0
156435	5488	0
156435	5489	0
156435	5490	0
156435	5491	0
156435	5492	0
156437	5487	0
156437	5488	0
156437	5489	0
156437	5490	0
156437	5491	0
156437	5492	0
156441	4104	0
156441	4105	0
156441	4106	2
156441	4107	1
156441	4108	2
156441	4109	1
156442	4104	0
156442	4105	0
156442	4106	0
156442	4107	0
156442	4108	1
156442	4109	0
156443	4104	0
156443	4105	0
156443	4106	2
156443	4107	0
156443	4108	1
156443	4109	0
156463	4981	0
156463	4982	0
156463	4983	0
156463	4984	0
156463	4985	0
156463	4986	0
156467	3797	0
156467	3798	0
156467	3799	2
156467	3800	1
156467	3801	0
156467	3802	0
156468	3797	0
156468	3798	1
156468	3799	1
156468	3800	1
156468	3801	0
156468	3802	3
156469	3797	0
156469	3798	1
156469	3799	0
156469	3800	1
156469	3801	0
156469	3802	0
156470	3229	0
156470	3230	1
156470	3231	0
156470	3232	1
156470	3233	0
156470	3234	0
156471	3229	0
156471	3230	2
156471	3231	0
156471	3232	0
156471	3233	2
156471	3234	2
156472	3229	0
156472	3230	8
156472	3231	0
156472	3232	3
156472	3233	0
156472	3234	2
156503	5589	0
156503	5590	0
156503	5591	0
156503	5592	0
156503	5593	0
156503	5594	0
156504	5589	0
156504	5590	0
156504	5591	0
156504	5592	0
156504	5593	0
156504	5594	0
156505	5589	0
156505	5590	0
156505	5591	0
156505	5592	0
156505	5593	0
156505	5594	0
156531	2574	0
156531	2575	0
156531	2576	0
156531	2577	0
156531	2578	0
156531	2579	0
156532	2574	0
156532	2575	0
156532	2576	0
156532	2577	0
156532	2578	0
156532	2579	0
156533	2574	0
156533	2575	0
156533	2576	0
156533	2577	0
156533	2578	0
156533	2579	0
156537	5659	1
156537	5660	1
156537	5661	0
156537	5662	3
156537	5663	1
156537	5664	0
156538	3367	0
156538	3368	0
156538	3369	0
156538	3370	0
156538	3371	0
156538	3372	0
156539	5659	0
156539	5660	0
156539	5661	0
156539	5662	0
156539	5663	0
156539	5664	0
156540	3367	0
156540	3368	0
156540	3369	0
156540	3370	0
156540	3371	0
156540	3372	0
156541	5659	0
156541	5660	0
156541	5661	0
156541	5662	1
156541	5663	0
156541	5664	0
156542	3970	0
156542	3971	0
156542	3972	1
156542	3973	0
156542	3974	0
156542	3975	2
156543	3970	0
156543	3971	0
156543	3972	0
156543	3973	0
156543	3974	0
156543	3975	1
156544	3970	0
156544	3971	0
156544	3972	0
156544	3973	0
156544	3974	0
156544	3975	0
156581	4462	1
156581	4463	0
156581	4464	2
156581	4465	3
156581	4466	0
156581	4467	2
156582	4462	1
156582	4463	0
156582	4464	0
156582	4465	0
156582	4466	0
156582	4467	0
156583	4462	1
156583	4463	0
156583	4464	0
156583	4465	2
156583	4466	0
156583	4467	0
156607	7339	1
156607	7340	1
156607	7341	2
156607	7342	1
156607	7343	0
156607	7344	0
156608	7339	0
156608	7340	0
156608	7341	0
156608	7342	0
156608	7343	0
156608	7344	0
156609	7339	0
156609	7340	0
156609	7341	0
156609	7342	0
156609	7343	0
156609	7344	0
156610	2598	0
156610	2599	0
156610	2600	0
156610	2601	0
156610	2602	0
156610	2603	1
156611	2598	0
156611	2599	0
156611	2600	0
156611	2601	0
156611	2602	0
156611	2603	0
156612	2598	0
156612	2599	0
156612	2600	0
156612	2601	0
156612	2602	0
156612	2603	0
156625	5153	0
156625	5154	0
156625	5155	0
156625	5156	0
156625	5157	0
156625	5158	0
156626	5153	0
156626	5154	0
156626	5155	0
156626	5156	0
156626	5157	0
156626	5158	0
156627	5153	0
156627	5154	0
156627	5155	0
156627	5156	0
156627	5157	1
156627	5158	0
156683	5076	0
156683	5077	2
156683	5078	0
156683	5079	0
156683	5080	0
156683	5081	0
156685	5076	0
156685	5077	0
156685	5078	0
156685	5079	0
156685	5080	0
156685	5081	0
156687	5076	0
156687	5077	0
156687	5078	0
156687	5079	0
156687	5080	0
156687	5081	0
156689	3455	0
156689	3456	0
156689	3457	0
156689	3458	0
156689	3459	0
156689	3460	0
156690	3455	0
156690	3456	0
156690	3457	0
156690	3458	0
156690	3459	0
156690	3460	2
156691	3455	0
156691	3456	2
156691	3457	0
156691	3458	0
156691	3459	0
156691	3460	1
156698	7000	0
156698	7001	0
156698	7002	0
156698	7003	0
156698	7004	0
156698	7005	2
156699	7000	0
156699	7001	0
156699	7002	0
156699	7003	0
156699	7004	0
156699	7005	0
156700	7000	0
156700	7001	0
156700	7002	0
156700	7003	0
156700	7004	0
156700	7005	0
156701	4372	2
156701	4373	1
156701	4374	4
156701	4375	0
156701	4376	1
156701	4377	0
156702	4372	0
156702	4373	0
156702	4374	0
156702	4375	0
156702	4376	0
156702	4377	0
156703	4372	0
156703	4373	0
156703	4374	0
156703	4375	0
156703	4376	0
156703	4377	0
156705	4134	0
156705	4135	1
156705	4136	1
156705	4137	0
156705	4138	0
156705	4139	2
156706	4134	0
156706	4135	0
156706	4136	0
156706	4137	0
156706	4138	0
156706	4139	0
156708	4134	0
156708	4135	0
156708	4136	0
156708	4137	0
156708	4138	0
156708	4139	0
156744	4474	0
156744	4475	0
156744	4476	0
156744	4477	0
156744	4478	0
156744	4479	0
156746	4474	0
156746	4475	0
156746	4476	0
156746	4477	0
156746	4478	0
156746	4479	0
156748	4474	0
156748	4475	0
156748	4476	0
156748	4477	0
156748	4478	0
156748	4479	0
156761	6785	6
156761	6786	0
156761	6787	0
156761	6788	0
156761	6789	0
156761	6790	0
156762	6785	0
156762	6786	0
156762	6787	0
156762	6788	0
156762	6789	0
156762	6790	0
156763	6785	1
156763	6786	0
156763	6787	0
156763	6788	0
156763	6789	0
156763	6790	0
156776	4336	0
156776	4337	0
156776	4338	1
156776	4339	0
156776	4340	0
156776	4341	0
156777	4336	0
156777	4337	0
156777	4338	0
156777	4339	0
156777	4340	0
156777	4341	0
156778	4336	0
156778	4337	0
156778	4338	0
156778	4339	1
156778	4340	0
156778	4341	0
156785	4474	0
156785	4475	0
156785	4476	0
156785	4477	0
156785	4478	0
156785	4479	0
156788	4474	0
156788	4475	0
156788	4476	0
156788	4477	0
156788	4478	0
156788	4479	0
156790	4474	0
156790	4475	0
156790	4476	0
156790	4477	0
156790	4478	0
156790	4479	0
156794	4336	0
156794	4337	0
156794	4338	1
156794	4339	0
156794	4340	0
156794	4341	0
156795	4336	0
156795	4337	0
156795	4338	0
156795	4339	0
156795	4340	0
156795	4341	0
156796	4336	0
156796	4337	0
156796	4338	0
156796	4339	1
156796	4340	0
156796	4341	0
156797	6785	6
156797	6786	0
156797	6787	0
156797	6788	0
156797	6789	0
156797	6790	0
156798	6785	0
156798	6786	0
156798	6787	0
156798	6788	0
156798	6789	0
156798	6790	0
156799	6785	1
156799	6786	0
156799	6787	0
156799	6788	0
156799	6789	0
156799	6790	0
156812	4981	0
156812	4982	0
156812	4983	0
156812	4984	0
156812	4985	0
156812	4986	1
156813	4981	0
156813	4982	0
156813	4983	0
156813	4984	0
156813	4985	0
156813	4986	0
156814	4981	0
156814	4982	0
156814	4983	0
156814	4984	0
156814	4985	0
156814	4986	0
156830	3029	2
156830	3030	0
156830	3031	1
156830	3032	3
156830	3033	1
156830	3034	2
156831	3029	2
156831	3030	1
156831	3031	3
156831	3032	1
156831	3033	2
156831	3034	2
156833	6088	1
156833	6089	0
156833	6090	0
156833	6091	0
156833	6092	0
156833	6093	0
156834	6088	0
156834	6089	0
156834	6090	0
156834	6091	0
156834	6092	0
156834	6093	0
156835	6088	0
156835	6089	0
156835	6090	0
156835	6091	0
156835	6092	0
156835	6093	0
156842	4035	0
156842	4036	0
156842	4037	0
156842	4038	0
156842	4039	1
156842	4040	0
156843	4035	0
156843	4036	0
156843	4037	0
156843	4038	0
156843	4039	0
156843	4040	0
156844	4035	0
156844	4036	0
156844	4037	0
156844	4038	0
156844	4039	0
156844	4040	0
156852	6112	0
156852	6113	0
156852	6114	2
156852	6115	0
156852	6116	1
156852	6117	1
156937	3663	0
156937	3664	0
156937	3665	0
156937	3666	0
156937	3667	0
156937	3668	0
156957	2670	0
156957	2671	1
156957	2672	0
156957	2673	0
156957	2674	0
156957	2675	0
156958	2670	0
156958	2671	0
156958	2672	0
156958	2673	0
156958	2674	0
156958	2675	0
156959	2670	0
156959	2671	0
156959	2672	0
156959	2673	0
156959	2674	0
156959	2675	0
157054	3527	0
157054	3528	0
157054	3529	0
157054	3530	1
157054	3531	0
157054	3532	3
157061	4904	0
157061	4905	0
157061	4906	0
157061	4907	4
157061	4908	0
157061	4909	2
157062	4904	0
157062	4905	0
157062	4906	0
157062	4907	0
157062	4908	0
157062	4909	0
157168	5385	0
157168	5386	2
157168	5387	0
157168	5388	0
157168	5389	1
157168	5390	0
157169	5385	0
157169	5386	0
157169	5387	0
157169	5388	0
157169	5389	0
157169	5390	0
157170	5385	0
157170	5386	0
157170	5387	0
157170	5388	0
157170	5389	0
157170	5390	0
157181	5847	0
157181	5848	0
157181	5849	0
157181	5850	0
157181	5851	0
157181	5852	0
157182	3663	1
157182	3664	0
157182	3665	0
157182	3666	0
157182	3667	0
157182	3668	0
157313	2580	0
157313	2581	0
157313	2582	0
157313	2583	0
157313	2584	0
157313	2585	0
157314	2580	0
157314	2581	0
157314	2582	0
157314	2583	0
157314	2584	0
157314	2585	0
157315	2580	0
157315	2581	0
157315	2582	1
157315	2583	0
157315	2584	0
157315	2585	0
157325	4574	0
157325	4575	0
157325	4576	0
157325	4577	0
157325	4578	4
157325	4579	2
157326	2856	0
157326	2857	0
157326	2858	0
157326	2859	0
157326	2860	1
157326	2861	1
157333	2946	0
157333	2947	0
157333	2948	0
157333	2949	0
157333	2950	0
157333	2951	0
157334	2946	0
157334	2947	0
157334	2948	0
157334	2949	0
157334	2950	2
157334	2951	0
157335	2946	0
157335	2947	0
157335	2948	0
157335	2949	0
157335	2950	0
157335	2951	0
157338	3443	1
157338	3444	1
157338	3445	2
157338	3446	1
157338	3447	2
157338	3448	2
157341	2574	0
157341	2575	0
157341	2576	0
157341	2577	0
157341	2578	0
157341	2579	0
157344	4634	1
157344	4635	0
157344	4636	1
157344	4637	0
157344	4638	0
157344	4639	0
157346	5769	1
157346	5770	0
157346	5771	1
157346	5772	5
157346	5773	0
157346	5774	0
157349	5793	0
157349	5794	0
157349	5795	0
157349	5796	0
157349	5797	1
157349	5798	0
157364	6935	0
157364	6936	1
157364	6937	0
157364	6938	0
157364	6939	0
157364	6940	1
157365	6935	0
157365	6936	1
157365	6937	0
157365	6938	0
157365	6939	0
157365	6940	0
157366	4372	0
157366	4373	0
157366	4374	0
157366	4375	0
157366	4376	0
157366	4377	1
157377	6767	0
157377	6768	0
157377	6769	0
157377	6770	0
157377	6771	0
157377	6772	0
157416	5793	0
157416	5794	0
157416	5795	0
157416	5796	0
157416	5797	0
157416	5798	0
157417	4504	0
157417	4505	0
157417	4506	0
157417	4507	1
157418	4504	2
157418	4505	0
157418	4506	1
157418	4507	2
157421	4882	0
157421	4883	0
157421	4884	0
157421	4885	3
157422	4882	0
157422	4883	0
157422	4884	0
157422	4885	1
157423	2856	0
157423	2857	0
157423	2858	0
157423	2859	0
157423	2860	0
157423	2861	0
157424	4574	0
157424	4575	0
157424	4576	0
157424	4577	0
157424	4578	2
157424	4579	0
157438	3443	0
157438	3444	0
157438	3445	2
157438	3446	0
157438	3447	1
157438	3448	2
157456	4372	0
157456	4373	0
157456	4374	0
157456	4375	0
157456	4376	0
157456	4377	0
157485	4508	0
157485	4509	0
157485	4510	0
157485	4511	3
157485	4512	0
157485	4513	0
157486	4508	0
157486	4509	0
157486	4510	0
157486	4511	1
157486	4512	0
157486	4513	0
157487	4508	0
157487	4509	2
157487	4510	0
157487	4511	0
157487	4512	0
157487	4513	0
157502	5793	0
157502	5794	0
157502	5795	0
157502	5796	0
157502	5797	0
157502	5798	0
157581	4574	0
157581	4575	0
157581	4576	0
157581	4577	0
157581	4578	0
157581	4579	1
157586	3235	0
157586	3236	0
157586	3237	0
157586	3238	0
157586	3239	0
157586	3240	0
157587	3235	0
157587	3236	0
157587	3237	0
157587	3238	0
157587	3239	0
157587	3240	0
157588	3235	0
157588	3236	0
157588	3237	0
157588	3238	0
157588	3239	0
157588	3240	0
157595	7552	0
157595	7553	0
157595	7554	0
157595	7555	0
157595	7556	0
157595	7557	0
157597	7552	0
157597	7553	0
157597	7554	0
157597	7555	0
157597	7556	0
157597	7557	0
157598	7552	0
157598	7553	0
157598	7554	0
157598	7555	0
157598	7556	0
157598	7557	0
157611	2856	0
157611	2857	0
157611	2858	1
157611	2859	0
157611	2860	0
157611	2861	0
157621	4372	0
157621	4373	0
157621	4374	0
157621	4375	0
157621	4376	0
157621	4377	0
157627	3443	0
157627	3444	0
157627	3445	1
157627	3446	0
157627	3447	0
157627	3448	0
157645	7066	0
157645	7067	0
157645	7068	0
157645	7069	0
157645	7070	0
157645	7071	0
157646	7066	1
157646	7067	0
157646	7068	0
157646	7069	0
157646	7070	0
157646	7071	0
157647	7066	0
157647	7067	0
157647	7068	0
157647	7069	0
157647	7070	0
157647	7071	0
157648	6767	0
157648	6768	0
157648	6769	0
157648	6770	0
157648	6771	0
157648	6772	0
157669	4748	0
157669	4749	0
157669	4750	0
157669	4751	4
157669	4752	0
157669	4753	0
157670	4748	0
157670	4749	0
157670	4750	0
157670	4751	0
157670	4752	0
157670	4753	0
157694	6232	0
157694	6233	1
157694	6234	0
157694	6235	2
157694	6236	0
157694	6237	0
157695	6232	0
157695	6233	0
157695	6234	0
157695	6235	0
157695	6236	0
157695	6237	0
157697	6232	0
157697	6233	0
157697	6234	0
157697	6235	0
157697	6236	0
157697	6237	0
157708	4216	0
157708	4217	0
157708	4218	0
157708	4219	0
157708	4220	0
157708	4221	0
157709	4216	0
157709	4217	0
157709	4218	0
157709	4219	0
157709	4220	0
157709	4221	0
157710	4216	0
157710	4217	0
157710	4218	0
157710	4219	0
157710	4220	0
157710	4221	0
157711	5017	3
157711	5018	0
157711	5019	0
157711	5020	1
157711	5021	1
157711	5022	0
157712	5017	0
157712	5018	0
157712	5019	0
157712	5020	0
157712	5021	0
157712	5022	0
157713	5017	0
157713	5018	0
157713	5019	0
157713	5020	0
157713	5021	0
157713	5022	0
157732	5255	0
157732	5256	0
157732	5257	0
157732	5258	4
157732	5259	0
157732	5260	0
157733	5255	0
157733	5256	0
157733	5257	1
157733	5258	0
157733	5259	0
157733	5260	1
157749	4432	0
157749	4433	0
157749	4434	0
157749	4435	0
157749	4436	0
157749	4437	0
157751	4432	0
157751	4433	0
157751	4434	2
157751	4435	0
157751	4436	0
157751	4437	0
157877	2946	0
157877	2947	0
157877	2948	0
157877	2949	0
157877	2950	0
157877	2951	0
157879	2946	0
157879	2947	0
157879	2948	0
157879	2949	0
157879	2950	3
157879	2951	0
157880	2946	0
157880	2947	0
157880	2948	0
157880	2949	0
157880	2950	0
157880	2951	0
157881	2946	0
157881	2947	0
157881	2948	0
157881	2949	0
157881	2950	2
157881	2951	0
157882	2946	0
157882	2947	0
157882	2948	0
157882	2949	0
157882	2950	0
157882	2951	0
157895	4372	0
157895	4373	0
157895	4374	0
157895	4375	0
157895	4376	0
157895	4377	1
157896	4372	0
157896	4373	0
157896	4374	0
157896	4375	0
157896	4376	0
157896	4377	0
157897	4372	0
157897	4373	0
157897	4374	0
157897	4375	0
157897	4376	0
157897	4377	0
157904	6088	1
157904	6089	0
157904	6090	0
157904	6091	0
157904	6092	0
157904	6093	0
157905	6088	0
157905	6089	0
157905	6090	0
157905	6091	0
157905	6092	0
157905	6093	0
157906	6088	0
157906	6089	0
157906	6090	0
157906	6091	0
157906	6092	0
157906	6093	0
157922	7066	0
157922	7067	0
157922	7068	0
157922	7069	0
157922	7070	0
157922	7071	0
157923	7066	1
157923	7067	0
157923	7068	0
157923	7069	0
157923	7070	0
157923	7071	0
157924	7066	0
157924	7067	0
157924	7068	0
157924	7069	0
157924	7070	0
157924	7071	0
159006	3029	2
159006	3030	0
159006	3031	1
159006	3032	3
159006	3033	1
159006	3034	2
159007	3029	2
159007	3030	1
159007	3031	3
159007	3032	1
159007	3033	2
159007	3034	2
159009	5255	0
159009	5256	0
159009	5257	0
159009	5258	4
159009	5259	0
159009	5260	0
159014	5255	0
159014	5256	0
159014	5257	1
159014	5258	0
159014	5259	0
159014	5260	1
159015	4748	0
159015	4749	0
159015	4750	0
159015	4751	4
159015	4752	0
159015	4753	0
159019	4748	0
159019	4749	0
159019	4750	0
159019	4751	0
159019	4752	0
159019	4753	0
159164	3437	0
159164	3438	0
159164	3439	0
159164	3440	2
159164	3441	0
159164	3442	0
159165	3437	0
159165	3438	1
159165	3439	0
159165	3440	1
159165	3441	0
159165	3442	0
159166	3437	0
159166	3438	0
159166	3439	0
159166	3440	0
159166	3441	0
159166	3442	0
159169	3845	0
159169	3846	0
159169	3847	0
159169	3848	0
159169	3849	0
159169	3850	0
159170	3845	0
159170	3846	0
159170	3847	0
159170	3848	0
159170	3849	0
159170	3850	0
159171	6672	1
159171	6673	0
159171	6674	0
159171	6675	0
159171	6676	0
159171	6677	0
159172	6672	0
159172	6673	1
159172	6674	0
159172	6675	1
159172	6676	0
159172	6677	0
159173	3845	0
159173	3846	0
159173	3847	0
159173	3848	0
159173	3849	0
159173	3850	0
159174	6672	0
159174	6673	0
159174	6674	0
159174	6675	0
159174	6676	0
159174	6677	0
159190	3833	0
159190	3834	0
159190	3835	30
159190	3836	0
159190	3837	2
159190	3838	0
159212	2574	0
159212	2575	0
159212	2576	0
159212	2577	1
159212	2578	0
159212	2579	0
159213	2574	0
159213	2575	0
159213	2576	0
159213	2577	0
159213	2578	0
159213	2579	0
159218	6714	0
159218	6715	0
159218	6716	0
159218	6717	0
159218	6718	0
159218	6719	0
159236	2772	0
159236	2773	0
159236	2774	1
159236	2775	2
159236	2776	0
159236	2777	0
159250	2826	0
159250	2827	0
159250	2828	0
159250	2829	0
159250	2830	0
159250	2831	3
159340	3763	0
159340	3764	0
159340	3765	0
159340	3766	0
159340	3767	0
159340	3768	0
159342	3763	0
159342	3764	0
159342	3765	0
159342	3766	0
159342	3767	0
159342	3768	0
159386	5076	3
159386	5077	0
159386	5078	0
159386	5079	0
159386	5080	2
159386	5081	0
159400	5625	0
159400	5626	0
159400	5627	0
159400	5628	1
159400	5629	0
159400	5630	0
159401	5625	0
159401	5626	0
159401	5627	0
159401	5628	0
159401	5629	0
159401	5630	0
159407	2772	0
159407	2773	1
159407	2774	0
159407	2775	0
159407	2776	0
159407	2777	0
159413	6714	0
159413	6715	0
159413	6716	1
159413	6717	0
159413	6718	0
159413	6719	0
159556	5625	0
159556	5626	0
159556	5627	0
159556	5628	0
159556	5629	0
159556	5630	0
159558	2826	0
159558	2827	0
159558	2828	1
159558	2829	2
159558	2830	2
159558	2831	3
159559	2826	0
159559	2827	1
159559	2828	0
159559	2829	1
159559	2830	0
159559	2831	1
159591	3473	0
159591	3474	0
159591	3475	0
159591	3476	0
159591	3477	0
159591	3478	0
159592	3473	0
159592	3474	0
159592	3475	0
159592	3476	0
159592	3477	0
159592	3478	0
159593	3473	3
159593	3474	0
159593	3475	0
159593	3476	0
159593	3477	0
159593	3478	0
159610	7405	0
159610	7406	0
159610	7407	0
159610	7408	1
159610	7409	0
159610	7410	0
159611	7405	0
159611	7406	1
159611	7407	0
159611	7408	0
159611	7409	0
159611	7410	1
159694	7606	0
159694	7607	0
159694	7608	0
159694	7609	1
159694	7610	0
159694	7611	1
159828	7606	1
159828	7607	0
159828	7608	1
159828	7609	0
159828	7610	0
159828	7611	0
159829	7606	0
159829	7607	0
159829	7608	2
159829	7609	1
159829	7610	0
159829	7611	0
159849	4813	0
159849	4814	0
159849	4815	0
159849	4816	0
159849	4817	1
159849	4818	3
159850	4813	0
159850	4814	1
159850	4815	0
159850	4816	0
159850	4817	0
159850	4818	2
159851	4813	0
159851	4814	0
159851	4815	1
159851	4816	1
159851	4817	0
159851	4818	0
159852	4682	0
159852	4683	1
159852	4684	0
159852	4685	0
159852	4686	4
159852	4687	3
159853	4682	0
159853	4683	0
159853	4684	0
159853	4685	0
159853	4686	0
159853	4687	0
159866	4682	0
159866	4683	0
159866	4684	0
159866	4685	0
159866	4686	0
159866	4687	0
159883	5409	2
159883	5410	0
159883	5411	0
159883	5412	0
159883	5413	0
159883	5414	0
159990	4963	4
159990	4964	4
159990	4965	2
159990	4966	6
159990	4967	2
159990	4968	3
159991	4963	1
159991	4964	2
159991	4965	2
159991	4966	2
159991	4967	2
159991	4968	1
160148	3663	0
160148	3664	0
160148	3665	0
160148	3666	0
160148	3667	0
160148	3668	0
160152	4104	0
160152	4105	0
160152	4106	0
160152	4107	0
160152	4108	0
160152	4109	0
160154	5659	0
160154	5660	0
160154	5661	2
160154	5662	0
160154	5663	0
160154	5664	0
160157	3367	0
160157	3368	0
160157	3369	0
160157	3370	0
160157	3371	1
160157	3372	0
160160	7237	0
160160	7238	0
160160	7239	0
160160	7240	5
160160	7241	0
160160	7242	0
160172	3970	0
160172	3971	0
160172	3972	1
160172	3973	0
160172	3974	0
160172	3975	0
160189	5589	0
160189	5590	0
160189	5591	2
160189	5592	0
160189	5593	2
160189	5594	0
160192	3763	0
160192	3764	0
160192	3765	0
160192	3766	0
160192	3767	1
160192	3768	0
160197	5613	2
160197	5614	2
160197	5615	0
160197	5616	1
160197	5617	0
160197	5618	1
160199	4134	1
160199	4135	0
160199	4136	0
160199	4137	0
160199	4138	0
160199	4139	0
160202	5385	0
160202	5386	0
160202	5387	0
160202	5388	1
160202	5389	2
160202	5390	0
160208	3663	0
160208	3664	0
160208	3665	0
160208	3666	0
160208	3667	0
160208	3668	0
160267	4104	0
160267	4105	0
160267	4106	1
160267	4107	0
160267	4108	0
160267	4109	0
160271	7435	0
160271	7436	0
160271	7437	0
160271	7438	1
160271	7439	0
160271	7440	1
160272	3669	1
160272	3670	0
160272	3671	1
160272	3672	0
160272	3673	0
160272	3674	0
160273	3669	0
160273	3670	0
160273	3671	0
160273	3672	0
160273	3673	0
160273	3674	2
160274	7435	0
160274	7436	0
160274	7437	0
160274	7438	0
160274	7439	0
160274	7440	0
160277	5659	0
160277	5660	0
160277	5661	1
160277	5662	0
160277	5663	0
160277	5664	0
160282	7339	0
160282	7340	0
160282	7341	0
160282	7342	2
160282	7343	0
160282	7344	4
160293	3367	0
160293	3368	0
160293	3369	0
160293	3370	0
160293	3371	0
160293	3372	0
160294	3970	0
160294	3971	0
160294	3972	0
160294	3973	0
160294	3974	0
160294	3975	0
160300	5613	0
160300	5614	0
160300	5615	0
160300	5616	1
160300	5617	0
160300	5618	0
160306	3763	0
160306	3764	0
160306	3765	0
160306	3766	0
160306	3767	0
160306	3768	0
160309	7237	0
160309	7238	0
160309	7239	0
160309	7240	2
160309	7241	0
160309	7242	0
160310	4134	0
160310	4135	0
160310	4136	0
160310	4137	0
160310	4138	0
160310	4139	0
160315	5487	0
160315	5488	0
160315	5489	0
160315	5490	0
160315	5491	0
160315	5492	0
160330	4035	0
160330	4036	0
160330	4037	0
160330	4038	0
160330	4039	0
160330	4040	0
160337	3797	0
160337	3798	0
160337	3799	0
160337	3800	0
160337	3801	0
160337	3802	0
160343	3663	0
160343	3664	0
160343	3665	0
160343	3666	0
160343	3667	0
160343	3668	0
160346	4104	0
160346	4105	0
160346	4106	0
160346	4107	0
160346	4108	0
160346	4109	0
160358	7237	0
160358	7238	0
160358	7239	0
160358	7240	0
160358	7241	0
160358	7242	0
160377	4336	0
160377	4337	0
160377	4338	1
160377	4339	0
160377	4340	2
160377	4341	0
160378	4336	0
160378	4337	0
160378	4338	0
160378	4339	0
160378	4340	0
160378	4341	0
160379	4336	0
160379	4337	0
160379	4338	0
160379	4339	0
160379	4340	0
160379	4341	0
160382	3455	0
160382	3456	0
160382	3457	0
160382	3458	0
160382	3459	0
160382	3460	1
160383	3455	0
160383	3456	0
160383	3457	0
160383	3458	0
160383	3459	0
160383	3460	0
160384	3455	0
160384	3456	0
160384	3457	0
160384	3458	0
160384	3459	0
160384	3460	1
160393	5847	0
160393	5848	0
160393	5849	0
160393	5850	0
160393	5851	0
160393	5852	0
160394	5847	0
160394	5848	0
160394	5849	0
160394	5850	0
160394	5851	0
160394	5852	0
160395	5847	0
160395	5848	0
160395	5849	0
160395	5850	3
160395	5851	1
160395	5852	0
160396	5847	0
160396	5848	0
160396	5849	0
160396	5850	3
160396	5851	1
160396	5852	0
160397	5847	0
160397	5848	0
160397	5849	0
160397	5850	0
160397	5851	0
160397	5852	0
160398	5847	0
160398	5848	0
160398	5849	0
160398	5850	0
160398	5851	0
160398	5852	0
160403	5613	0
160403	5614	0
160403	5615	0
160403	5616	0
160403	5617	0
160403	5618	0
160407	5487	0
160407	5488	0
160407	5489	0
160407	5490	0
160407	5491	0
160407	5492	0
160408	3763	0
160408	3764	0
160408	3765	0
160408	3766	0
160408	3767	0
160408	3768	0
160409	3029	0
160409	3030	3
160409	3031	0
160409	3032	6
160409	3033	1
160409	3034	1
160410	3029	1
160410	3030	1
160410	3031	3
160410	3032	1
160410	3033	1
160410	3034	0
160419	3095	0
160419	3096	0
160419	3097	0
160419	3098	0
160419	3099	2
160419	3100	0
160420	3095	0
160420	3096	0
160420	3097	0
160420	3098	0
160420	3099	0
160420	3100	0
160421	3095	0
160421	3096	0
160421	3097	0
160421	3098	0
160421	3099	0
160421	3100	0
160423	3669	0
160423	3670	0
160423	3671	0
160423	3672	0
160423	3673	0
160423	3674	0
160424	7435	0
160424	7436	0
160424	7437	0
160424	7438	0
160424	7439	0
160424	7440	0
160425	4134	0
160425	4135	0
160425	4136	0
160425	4137	0
160425	4138	0
160425	4139	0
160437	5659	0
160437	5660	0
160437	5661	0
160437	5662	2
160437	5663	0
160437	5664	0
160438	3367	0
160438	3368	0
160438	3369	0
160438	3370	0
160438	3371	0
160438	3372	0
160439	3970	0
160439	3971	0
160439	3972	0
160439	3973	0
160439	3974	0
160439	3975	0
160451	7339	0
160451	7340	1
160451	7341	1
160451	7342	1
160451	7343	0
160451	7344	1
160456	2598	0
160456	2599	0
160456	2600	1
160456	2601	0
160456	2602	1
160456	2603	1
160457	2598	0
160457	2599	0
160457	2600	0
160457	2601	1
160457	2602	0
160457	2603	1
160458	2598	0
160458	2599	0
160458	2600	0
160458	2601	0
160458	2602	0
160458	2603	0
160471	3797	0
160471	3798	1
160471	3799	0
160471	3800	0
160471	3801	0
160471	3802	0
160475	5589	0
160475	5590	0
160475	5591	0
160475	5592	0
160475	5593	0
160475	5594	0
160477	6088	0
160477	6089	0
160477	6090	0
160477	6091	1
160477	6092	2
160477	6093	0
160478	6088	0
160478	6089	0
160478	6090	0
160478	6091	0
160478	6092	0
160478	6093	0
160479	6088	1
160479	6089	0
160479	6090	0
160479	6091	0
160479	6092	0
160479	6093	0
160494	4474	0
160494	4475	0
160494	4476	0
160494	4477	0
160494	4478	0
160494	4479	0
160496	4474	0
160496	4475	0
160496	4476	1
160496	4477	0
160496	4478	0
160496	4479	0
160498	4474	0
160498	4475	0
160498	4476	0
160498	4477	0
160498	4478	0
160498	4479	0
160508	2670	0
160508	2671	0
160508	2672	0
160508	2673	0
160508	2674	0
160508	2675	1
160509	2670	0
160509	2671	0
160509	2672	0
160509	2673	0
160509	2674	0
160509	2675	0
160510	2670	0
160510	2671	0
160510	2672	0
160510	2673	0
160510	2674	0
160510	2675	0
160548	6785	3
160548	6786	0
160548	6787	0
160548	6788	0
160548	6789	0
160548	6790	0
160549	6785	2
160549	6786	0
160549	6787	0
160549	6788	0
160549	6789	0
160549	6790	0
160550	6785	0
160550	6786	0
160550	6787	0
160550	6788	0
160550	6789	0
160550	6790	0
160566	4462	0
160566	4463	2
160566	4464	0
160566	4465	1
160566	4466	0
160566	4467	0
160568	4462	0
160568	4463	0
160568	4464	0
160568	4465	0
160568	4466	1
160568	4467	1
160570	4462	0
160570	4463	1
160570	4464	0
160570	4465	1
160570	4466	0
160570	4467	0
160618	3271	0
160618	3272	0
160618	3273	0
160618	3274	1
160618	3275	0
160618	3276	14
160619	3271	0
160619	3272	0
160619	3273	0
160619	3274	0
160619	3275	0
160619	3276	0
160632	4904	0
160632	4905	0
160632	4906	0
160632	4907	0
160632	4908	2
160632	4909	0
160633	4904	0
160633	4905	0
160633	4906	0
160633	4907	0
160633	4908	0
160633	4909	0
160643	5153	0
160643	5154	0
160643	5155	0
160643	5156	0
160643	5157	1
160643	5158	0
160644	5153	0
160644	5154	0
160644	5155	0
160644	5156	0
160644	5157	0
160644	5158	0
160645	5153	0
160645	5154	0
160645	5155	0
160645	5156	0
160645	5157	0
160645	5158	0
160646	2580	0
160646	2581	0
160646	2582	0
160646	2583	1
160646	2584	0
160646	2585	0
160647	2580	0
160647	2581	0
160647	2582	0
160647	2583	0
160647	2584	0
160647	2585	0
160648	2580	0
160648	2581	0
160648	2582	0
160648	2583	0
160648	2584	0
160648	2585	0
160666	2946	0
160666	2947	0
160666	2948	0
160666	2949	0
160666	2950	0
160666	2951	0
160667	2946	0
160667	2947	0
160667	2948	0
160667	2949	0
160667	2950	0
160667	2951	0
160668	2946	0
160668	2947	0
160668	2948	0
160668	2949	0
160668	2950	0
160668	2951	0
160669	2946	0
160669	2947	0
160669	2948	0
160669	2949	0
160669	2950	0
160669	2951	0
160670	2946	0
160670	2947	0
160670	2948	0
160670	2949	0
160670	2950	0
160670	2951	0
160671	2946	0
160671	2947	0
160671	2948	0
160671	2949	0
160671	2950	0
160671	2951	0
160694	5487	1
160694	5488	0
160694	5489	0
160694	5490	0
160694	5491	0
160694	5492	0
160728	3587	0
160728	3588	0
160728	3589	0
160728	3590	0
160728	3591	0
160728	3592	0
160867	3437	0
160867	3438	0
160867	3439	0
160867	3440	0
160867	3441	0
160867	3442	0
160920	5793	0
160920	5794	0
160920	5795	0
160920	5796	0
160920	5797	0
160920	5798	0
160942	3443	0
160942	3444	1
160942	3445	1
160942	3446	2
160942	3447	0
160942	3448	3
160955	5219	0
160955	5220	0
160955	5221	0
160955	5222	8
160955	5223	0
160955	5224	0
160956	7552	0
160956	7553	1
160956	7554	0
160956	7555	0
160956	7556	0
160956	7557	1
160957	6166	1
160957	6167	2
160957	6168	0
160957	6169	3
160957	6170	0
160957	6171	0
160962	2856	0
160962	2857	0
160962	2858	0
160962	2859	1
160962	2860	0
160962	2861	0
160969	3437	0
160969	3438	0
160969	3439	0
160969	3440	0
160969	3441	0
160969	3442	0
160985	3307	0
160985	3308	0
160985	3309	0
160985	3310	0
160985	3311	0
160985	3312	0
160990	5793	0
160990	5794	0
160990	5795	0
160990	5796	0
160990	5797	0
160990	5798	0
160997	3307	0
160997	3308	0
160997	3309	0
160997	3310	0
160997	3311	0
160997	3312	0
160999	3307	0
160999	3308	0
160999	3309	0
160999	3310	1
160999	3311	0
160999	3312	0
161017	3443	0
161017	3444	0
161017	3445	0
161017	3446	1
161017	3447	1
161017	3448	1
161032	5367	0
161032	5368	1
161032	5369	3
161032	5370	0
161032	5371	0
161032	5372	0
161035	5219	0
161035	5220	0
161035	5221	0
161035	5222	0
161035	5223	0
161035	5224	0
161036	6166	0
161036	6167	0
161036	6168	0
161036	6169	0
161036	6170	0
161036	6171	0
161039	5367	0
161039	5368	0
161039	5369	1
161039	5370	0
161039	5371	0
161039	5372	0
161045	2856	0
161045	2857	0
161045	2858	0
161045	2859	1
161045	2860	0
161045	2861	0
161048	3437	0
161048	3438	0
161048	3439	0
161048	3440	0
161048	3441	0
161048	3442	0
161107	3307	0
161107	3308	0
161107	3309	0
161107	3310	0
161107	3311	0
161107	3312	0
161132	5255	0
161132	5256	0
161132	5257	0
161132	5258	0
161132	5259	0
161132	5260	0
161133	5255	0
161133	5256	0
161133	5257	0
161133	5258	0
161133	5259	0
161133	5260	2
161134	5255	0
161134	5256	0
161134	5257	0
161134	5258	0
161134	5259	0
161134	5260	0
161157	4748	0
161157	4749	0
161157	4750	0
161157	4751	0
161157	4752	0
161157	4753	0
161158	4748	0
161158	4749	0
161158	4750	0
161158	4751	0
161158	4752	0
161158	4753	0
161161	5219	0
161161	5220	0
161161	5221	0
161161	5222	0
161161	5223	0
161161	5224	0
161162	6166	0
161162	6167	1
161162	6168	0
161162	6169	0
161162	6170	0
161162	6171	0
161168	4748	1
161168	4749	0
161168	4750	1
161168	4751	0
161168	4752	2
161168	4753	0
161169	4748	0
161169	4749	0
161169	4750	0
161169	4751	0
161169	4752	0
161169	4753	0
161170	2856	0
161170	2857	0
161170	2858	0
161170	2859	0
161170	2860	0
161170	2861	0
161176	3235	5
161176	3236	0
161176	3237	0
161176	3238	0
161176	3239	0
161176	3240	0
161178	3235	0
161178	3236	0
161178	3237	0
161178	3238	0
161178	3239	0
161178	3240	1
161179	5367	0
161179	5368	1
161179	5369	2
161179	5370	0
161179	5371	0
161179	5372	0
161181	3235	0
161181	3236	0
161181	3237	0
161181	3238	0
161181	3239	0
161181	3240	0
161188	3443	0
161188	3444	0
161188	3445	0
161188	3446	0
161188	3447	0
161188	3448	0
161191	4216	0
161191	4217	1
161191	4218	0
161191	4219	0
161191	4220	0
161191	4221	1
161192	4216	0
161192	4217	1
161192	4218	0
161192	4219	0
161192	4220	0
161192	4221	1
161193	4216	0
161193	4217	1
161193	4218	0
161193	4219	1
161193	4220	0
161193	4221	0
161197	6672	0
161197	6673	0
161197	6674	0
161197	6675	0
161197	6676	0
161197	6677	0
161198	3845	0
161198	3846	0
161198	3847	0
161198	3848	0
161198	3849	0
161198	3850	0
161199	3845	1
161199	3846	1
161199	3847	1
161199	3848	0
161199	3849	2
161199	3850	0
161200	6672	0
161200	6673	0
161200	6674	0
161200	6675	1
161200	6676	0
161200	6677	0
161226	2574	0
161226	2575	0
161226	2576	0
161226	2577	0
161226	2578	0
161226	2579	0
161227	2574	0
161227	2575	0
161227	2576	0
161227	2577	0
161227	2578	0
161227	2579	0
161228	2574	0
161228	2575	0
161228	2576	0
161228	2577	0
161228	2578	0
161228	2579	0
161229	2574	0
161229	2575	0
161229	2576	0
161229	2577	0
161229	2578	0
161229	2579	0
161230	2574	0
161230	2575	0
161230	2576	0
161230	2577	0
161230	2578	0
161230	2579	0
161231	2574	0
161231	2575	1
161231	2576	0
161231	2577	0
161231	2578	0
161231	2579	0
161232	7552	0
161232	7553	0
161232	7554	0
161232	7555	0
161232	7556	0
161232	7557	0
161233	7552	0
161233	7553	0
161233	7554	0
161233	7555	0
161233	7556	0
161233	7557	0
161241	6232	0
161241	6233	0
161241	6234	0
161241	6235	0
161241	6236	0
161241	6237	0
161242	6232	0
161242	6233	0
161242	6234	0
161242	6235	0
161242	6236	0
161242	6237	0
161243	6232	0
161243	6233	0
161243	6234	0
161243	6235	0
161243	6236	0
161243	6237	0
161295	4372	0
161295	4373	0
161295	4374	0
161295	4375	0
161295	4376	0
161295	4377	0
161313	4372	1
161313	4373	16
161313	4374	0
161313	4375	0
161313	4376	0
161313	4377	1
161314	4372	0
161314	4373	0
161314	4374	1
161314	4375	0
161314	4376	0
161314	4377	0
161332	3271	0
161332	3272	1
161332	3273	0
161332	3274	6
161332	3275	0
161332	3276	4
161347	6767	0
161347	6768	0
161347	6769	0
161347	6770	0
161347	6771	0
161347	6772	0
161348	6767	0
161348	6768	0
161348	6769	0
161348	6770	0
161348	6771	0
161348	6772	0
161349	6767	1
161349	6768	0
161349	6769	0
161349	6770	1
161349	6771	0
161349	6772	0
161740	3663	0
161740	3664	0
161740	3665	0
161740	3666	0
161740	3667	0
161740	3668	0
161767	6714	0
161767	6715	0
161767	6716	0
161767	6717	0
161767	6718	0
161767	6719	0
161772	3473	1
161772	3474	0
161772	3475	0
161772	3476	0
161772	3477	0
161772	3478	0
161916	2772	1
161916	2773	0
161916	2774	0
161916	2775	1
161916	2776	3
161916	2777	0
161929	3533	0
161929	3534	0
161929	3535	0
161929	3536	0
161929	3537	0
161929	3538	0
161933	6112	0
161933	6113	6
161933	6115	6
161933	6116	0
161933	6117	0
161934	5625	0
161934	5626	3
161934	5627	0
161934	5628	10
161934	5629	0
161934	5630	0
