ObservationID	Count
205	0
206	0
207	0
208	0
209	2
210	2
224	0
226	0
227	0
228	0
230	0
232	0
233	0
234	0
236	0
238	0
239	0
240	0
247	0
248	0
249	0
250	0
251	0
252	0
253	1
254	0
255	0
256	0
257	0
258	0
259	0
260	0
261	0
262	0
263	0
264	0
451	0
452	0
453	0
454	0
455	0
456	0
463	0
464	0
465	0
466	0
467	0
468	0
475	0
476	0
477	1
478	0
479	0
480	0
667	0
668	0
669	0
670	0
671	1
672	0
697	0
698	0
699	0
700	0
701	1
702	0
859	0
860	0
861	3
862	0
863	2
864	0
865	0
866	0
867	0
868	0
869	0
870	0
871	0
872	0
873	1
874	0
875	0
876	0
1519	0
1520	0
1521	0
1522	0
1523	3
1524	0
1525	0
1526	0
1527	1
1528	1
1529	1
1530	0
1531	0
1532	0
1533	1
1534	0
1535	0
1536	0
1567	0
1568	0
1569	0
1570	0
1571	0
1572	0
1573	0
1574	0
1575	0
1576	0
1577	0
1578	0
1579	0
1580	2
1581	0
1582	1
1583	0
1584	0
1585	0
1586	0
1587	0
1588	0
1589	0
1590	0
1825	0
1826	1
1827	0
1828	2
1829	0
1830	3
1873	0
1874	0
1875	0
1876	0
1877	0
1878	0
1879	0
1880	0
1881	0
1882	0
1883	0
1884	0
2371	0
2372	0
2373	0
2374	0
2375	0
2376	0
2377	0
2378	0
2379	0
2380	0
2381	0
2382	1
2383	0
2384	2
2385	1
2386	0
2387	1
2388	0
2425	0
2426	0
2427	0
2428	0
2429	0
2430	0
2437	0
2438	0
2439	0
2440	0
2441	1
2442	0
2617	1
2618	0
2619	2
2620	0
2621	0
2622	0
2623	1
2624	0
2625	0
2626	0
2627	0
2628	0
2629	1
2630	0
2631	0
2632	0
2633	0
2634	0
2653	1
2654	0
2655	0
2656	2
2657	0
2658	0
2659	0
2660	0
2661	0
2662	0
2663	0
2664	0
2785	0
2786	0
2787	0
2788	0
2789	0
2790	1
2809	0
2810	0
2811	1
2812	0
2813	0
2814	0
2815	0
2816	0
2817	0
2818	0
2819	0
2820	0
2917	0
2918	0
2919	0
2920	0
2921	0
2922	0
3109	0
3110	0
3111	0
3112	0
3113	0
3114	0
3115	0
3116	0
3117	0
3118	1
3119	0
3120	0
3121	0
3122	1
3123	0
3124	0
3125	0
3126	0
3721	0
3722	0
3723	0
3724	0
3725	0
3726	0
3829	0
3830	0
3831	0
3832	2
3833	0
3834	0
3841	1
3842	0
3843	1
3844	1
3845	0
3846	0
3847	0
3848	0
3849	2
3850	2
3851	0
3852	0
3853	0
3854	0
3855	3
3856	0
3857	0
3858	0
3949	1
3950	1
3951	2
3952	1
3953	0
3954	0
3955	0
3956	0
3957	0
3958	1
3959	0
3960	0
3961	0
3962	0
3963	0
3964	3
3965	0
3966	0
3969	0
3970	1
3971	2
3972	0
3975	0
3976	0
3977	1
3978	1
3981	0
3982	0
3983	3
3984	1
4021	0
4022	0
4023	0
4024	4
4025	0
4026	0
4027	0
4028	0
4029	0
4030	0
4031	0
4032	0
4033	0
4034	0
4035	1
4036	0
4037	2
4038	1
4039	0
4040	0
4041	0
4042	1
4043	0
4044	0
4045	0
4046	2
4047	0
4048	0
4049	0
4050	0
4051	0
4052	0
4053	1
4054	0
4055	0
4056	0
4189	0
4190	0
4191	0
4192	0
4193	0
4194	0
4771	0
4772	0
4773	0
4774	0
4775	0
4776	0
4777	0
4778	0
4779	0
4780	0
4781	0
4782	0
4783	0
4784	0
4785	1
4786	0
4787	1
4788	0
6199	0
6200	0
6201	0
6202	1
6203	0
6204	0
6205	1
6206	0
6207	0
6208	0
6209	0
6210	0
6211	0
6212	0
6213	0
6214	0
6215	0
6216	0
6217	0
6218	0
6219	0
6220	0
6221	0
6222	1
6223	0
6224	0
6225	0
6226	0
6227	0
6228	0
6229	0
6230	1
6231	0
6232	0
6233	0
6234	0
6301	0
6302	0
6303	1
6304	0
6305	0
6306	0
6307	0
6308	0
6309	0
6310	0
6311	0
6312	0
6313	0
6314	0
6315	2
6316	0
6317	0
6318	0
8713	0
8714	0
8715	0
8716	0
8717	0
8718	1
9457	0
9458	1
9459	0
9460	2
9461	0
9462	3
9481	0
9482	0
9483	0
9484	0
9485	1
9486	0
9505	0
9506	0
9507	0
9508	0
9509	0
9510	0
9571	0
9572	0
9573	0
9574	0
9575	0
9576	0
9697	0
9698	0
9699	0
9700	0
9701	0
9702	0
9703	1
9704	0
9705	0
9706	0
9707	0
9708	0
9709	1
9710	0
9711	0
9712	0
9713	0
9714	0
11125	0
11126	0
11127	0
11128	1
11129	0
11130	0
11131	0
11132	0
11133	0
11134	0
11135	0
11136	0
11137	0
11138	0
11139	0
11140	0
11141	0
11142	0
11155	0
11156	0
11157	0
11158	0
11159	0
11160	0
11161	0
11162	0
11163	0
11164	0
11165	0
11166	0
14809	0
14810	0
14811	0
14812	0
14813	0
14814	0
14815	0
14816	0
14817	0
14818	0
14819	1
14820	0
14833	0
14834	0
14835	0
14836	1
14837	0
14838	0
14845	0
14846	0
14847	0
14848	0
14849	1
14850	1
14851	0
14852	0
14853	1
14854	0
14855	0
14856	1
14857	0
14858	0
14859	0
14860	0
14861	0
14862	0
14869	0
14870	2
14871	0
14872	1
14873	0
14874	0
14875	1
14876	1
14877	0
14878	0
14879	0
14880	0
14881	3
14882	1
14883	2
14884	1
14885	1
14886	1
14887	3
14888	1
14889	2
14890	3
14891	1
14892	2
14893	3
14894	3
14895	4
14896	2
14897	0
14898	2
15439	1
15440	0
15441	0
15442	0
15443	1
15444	0
15445	1
15446	0
15447	1
15448	1
15449	2
15450	1
15451	1
15452	0
15453	4
15454	0
15455	2
15456	0
17311	0
17312	0
17313	1
17314	0
17315	2
17316	3
17359	0
17360	0
17361	0
17362	0
17363	1
17364	0
17371	0
17372	0
17373	0
17374	0
17375	2
17376	0
17599	0
17600	0
17601	0
17602	0
17603	0
17604	2
17605	0
17606	0
17607	0
17608	1
17609	0
17610	0
17611	0
17612	0
17613	0
17614	1
17615	2
17616	2
18127	0
18128	0
18129	0
18130	0
18131	1
18132	0
18133	0
18134	0
18135	0
18136	1
18137	1
18138	0
18139	0
18140	0
18141	0
18142	1
18143	2
18144	0
18145	0
18146	0
18147	0
18148	0
18149	1
18150	0
18151	0
18152	0
18153	0
18154	0
18155	0
18156	0
18157	0
18158	0
18159	2
18160	0
18161	1
18162	0
18163	0
18164	0
18165	0
18166	0
18167	0
18168	0
18169	0
18170	0
18171	0
18172	0
18173	0
18174	1
18175	0
18176	0
18177	0
18178	0
18179	0
18180	0
18181	0
18182	0
18183	0
18184	0
18185	0
18186	0
18187	0
18188	2
18189	0
18190	0
18191	2
18192	0
18193	0
18194	0
18195	0
18196	0
18197	2
18198	0
18331	3
18332	0
18333	0
18334	0
18335	0
18336	0
18337	1
18338	0
18339	0
18340	0
18341	0
18342	0
18343	0
18344	0
18345	0
18346	0
18347	0
18348	0
18601	1
18602	0
18603	0
18604	0
18605	0
18606	0
18631	0
18632	0
18633	0
18634	0
18635	0
18636	0
18649	0
18650	0
18651	0
18652	0
18653	0
18654	0
18673	0
18674	0
18675	0
18676	0
18677	0
18678	0
18883	0
18884	0
18885	0
18886	0
18887	0
18888	0
18889	0
18890	0
18891	0
18892	0
18893	1
18894	0
18895	0
18896	0
18897	0
18898	0
18899	0
18900	0
19057	1
19058	0
19059	0
19060	0
19061	0
19062	0
19063	1
19064	0
19065	0
19066	0
19067	0
19068	0
19069	0
19070	0
19071	0
19072	0
19073	0
19074	0
19243	0
19244	0
19245	0
19246	0
19247	0
19248	0
19249	0
19250	0
19251	0
19252	0
19253	0
19254	0
19255	0
19256	0
19257	0
19258	0
19259	0
19260	0
19627	0
19628	0
19629	0
19630	0
19631	0
19632	0
19633	0
19634	0
19635	0
19636	0
19637	0
19638	0
19639	0
19640	1
19641	0
19642	0
19643	0
19644	0
19663	0
19664	0
19665	0
19666	0
19667	0
19668	0
19669	0
19670	0
19671	0
19672	0
19673	0
19674	0
20287	0
20288	0
20289	0
20290	2
20291	0
20292	0
20299	0
20300	0
20301	0
20302	0
20303	0
20304	0
20317	0
20318	0
20319	0
20320	0
20321	0
20322	0
20329	0
20330	0
20331	0
20332	0
20333	1
20334	0
20341	0
20342	0
20343	0
20344	0
20345	0
20346	0
21715	0
21716	2
21717	1
21718	1
21719	0
21720	0
21721	0
21722	0
21723	0
21724	1
21725	1
21726	0
21727	0
21728	0
21729	1
21730	1
21731	0
21732	0
23569	0
23570	0
23571	0
23572	0
23573	0
23574	0
23857	0
23858	0
23859	0
23860	0
23861	0
23862	0
23863	0
23864	0
23865	0
23866	0
23867	0
23868	0
24811	0
24812	0
24813	0
24814	0
24815	2
24816	0
25429	0
25430	0
25431	0
25432	0
25433	0
25434	0
25435	0
25436	0
25437	0
25438	0
25439	0
25440	0
25609	0
25610	0
25611	0
25612	0
25613	0
25614	1
25615	0
25616	1
25617	0
25618	3
25619	0
25620	1
25807	0
25808	0
25809	0
25810	1
25811	0
25812	1
25963	0
25964	0
25965	0
25966	0
25967	0
25968	0
25969	0
25970	0
25971	0
25972	0
25973	1
25974	0
25975	0
25976	0
25977	0
25978	0
25979	0
25980	0
26107	0
26108	1
26109	0
26110	0
26111	0
26112	0
26113	1
26114	1
26115	0
26116	0
26117	0
26118	1
26119	1
26120	1
26121	0
26122	1
26123	0
26124	1
26665	0
26666	0
26667	0
26668	0
26669	1
26670	0
26671	0
26672	0
26673	0
26674	0
26675	1
26676	0
26677	0
26678	0
26679	0
26680	0
26681	1
26682	0
27163	0
27164	0
27165	0
27166	1
27167	1
27168	0
27247	0
27248	0
27249	0
27250	1
27251	0
27252	0
27259	0
27260	1
27261	0
27262	0
27263	0
27264	0
27289	1
27290	0
27291	0
27292	0
27293	0
27294	0
27295	1
27296	0
27297	0
27298	0
27299	0
27300	0
27301	1
27302	0
27303	0
27304	0
27305	0
27306	0
27505	4
27506	0
27507	0
27508	0
27509	0
27510	1
27511	1
27512	0
27513	0
27514	0
27515	0
27516	0
27517	3
27518	0
27519	0
27520	0
27521	0
27522	2
27661	0
27662	0
27663	0
27664	0
27665	0
27666	0
27667	0
27668	0
27669	0
27670	0
27671	0
27672	0
27673	2
27674	1
27675	1
27676	0
27677	0
27678	1
27715	0
27716	0
27717	0
27718	0
27719	0
27720	0
27727	0
27728	0
27729	0
27730	0
27731	0
27732	0
27739	0
27740	0
27741	0
27742	0
27743	0
27744	1
27908	0
27910	0
27911	0
27912	0
27914	0
27916	0
27917	0
27918	0
27920	0
27922	1
27923	0
27924	0
28003	0
28004	0
28005	0
28006	1
28007	1
28008	0
28015	0
28016	0
28017	0
28018	2
28019	1
28020	0
28027	0
28028	0
28029	0
28030	1
28031	2
28032	0
28675	0
28676	0
28677	0
28678	0
28679	0
28680	0
28681	0
28682	0
28683	0
28684	0
28685	0
28686	0
28687	0
28688	0
28689	0
28690	0
28691	0
28692	0
29011	2
29012	1
29013	1
29014	1
29015	1
29016	0
29029	2
29030	0
29031	0
29032	0
29033	1
29034	0
29077	1
29078	2
29079	0
29080	2
29081	1
29082	1
29089	0
29090	0
29091	1
29092	0
29093	2
29094	2
29095	0
29096	0
29097	0
29098	0
29099	1
29100	1
29101	1
29102	0
29103	1
29104	0
29105	0
29106	1
29155	0
29156	3
29157	0
29158	0
29159	0
29160	1
29197	1
29198	0
29199	0
29200	0
29201	0
29202	0
29203	0
29204	0
29205	0
29206	0
29207	0
29208	0
29305	0
29306	0
29307	0
29308	0
29309	1
29310	2
29647	1
29648	0
29649	0
29650	0
29651	0
29652	0
29791	0
29792	0
29793	0
29794	0
29795	0
29796	0
29881	0
29882	0
29883	0
29884	0
29885	0
29886	0
29917	0
29918	0
29919	0
29920	0
29921	2
29922	1
29923	0
29924	0
29925	0
29926	0
29927	1
29928	0
29953	1
29954	0
29955	0
29956	0
29957	0
29958	0
29995	0
29996	0
29997	0
29998	0
29999	0
30000	1
30091	0
30092	1
30093	0
30094	1
30095	0
30096	0
30223	0
30224	0
30225	2
30226	2
30227	0
30228	1
30265	0
30266	0
30267	0
30268	1
30269	2
30270	0
30271	0
30272	1
30273	2
30274	2
30275	0
30276	0
30283	0
30284	1
30285	1
30286	0
30287	2
30288	2
30289	0
30290	0
30291	3
30292	3
30293	1
30294	0
30379	0
30380	0
30381	0
30382	0
30383	0
30384	1
30391	1
30392	0
30393	0
30394	0
30395	0
30396	0
30471	0
30472	0
30473	0
30474	2
30477	0
30478	1
30479	1
30480	1
30505	0
30506	0
30507	2
30508	0
30509	0
30510	0
30511	0
30512	0
30513	0
30514	0
30515	0
30516	0
30565	1
30566	0
30567	0
30568	0
30569	0
30570	0
30589	0
30590	1
30591	0
30592	0
30593	1
30594	0
30637	0
30638	2
30639	0
30640	0
30641	0
30642	0
30649	4
30650	1
30651	0
30652	1
30653	0
30654	0
30655	0
30656	0
30657	0
30658	0
30659	0
30660	0
30793	0
30794	0
30795	0
30796	2
30797	2
30798	0
30829	0
30830	0
30831	1
30832	1
30833	1
30834	0
30919	0
30920	0
30921	0
30922	0
30923	1
30924	0
30967	0
30968	0
30969	0
30970	1
30971	0
30972	0
31093	0
31094	0
31095	0
31096	0
31097	0
31098	0
31207	1
31208	0
31209	0
31210	0
31211	0
31212	0
31225	0
31226	0
31227	1
31228	2
31229	2
31230	0
31423	0
31424	0
31425	0
31426	0
31427	0
31428	1
31531	6
31532	0
31533	0
31534	0
31535	0
31536	0
31555	0
31556	0
31557	2
31558	1
31559	0
31560	0
31603	0
31604	0
31605	0
31606	0
31607	2
31608	0
31699	0
31700	0
31701	1
31702	0
31703	0
31704	1
31927	0
31928	0
31929	0
31930	0
31931	0
31932	0
31933	0
31934	0
31935	0
31936	0
31937	0
31938	0
31939	0
31940	0
31941	0
31942	0
31943	0
31944	0
32491	0
32492	0
32493	0
32494	0
32495	0
32496	0
32497	0
32498	0
32499	0
32500	0
32501	0
32502	0
32683	0
32684	0
32685	0
32686	0
32687	0
32688	0
32689	0
32690	0
32691	0
32692	0
32693	0
32694	0
32695	0
32696	0
32697	0
32698	0
32699	1
32700	0
33331	0
33332	0
33333	1
33334	3
33335	0
33336	2
33337	0
33338	0
33339	1
33340	2
33341	0
33342	2
33343	0
33344	0
33345	0
33346	1
33347	0
33348	1
33547	0
33548	0
33549	1
33550	1
33551	0
33552	0
33553	0
33554	0
33555	0
33556	0
33557	0
33558	0
33559	0
33560	0
33561	0
33562	0
33563	0
33564	0
33589	0
33590	0
33591	0
33592	0
33593	0
33594	0
33697	0
33698	0
33699	0
33700	0
33701	2
33702	0
33703	0
33704	0
33705	0
33706	0
33707	0
33708	0
33709	0
33710	1
33711	0
33712	0
33713	1
33714	0
33775	0
33776	0
33777	0
33778	0
33779	0
33780	0
33781	0
33782	0
33783	0
33784	1
33785	0
33786	0
33793	0
33794	0
33795	0
33796	0
33797	0
33798	0
33895	1
33896	0
33897	0
33898	0
33899	0
33900	0
33901	0
33902	0
33903	0
33904	0
33905	0
33906	0
33907	1
33908	0
33909	0
33910	0
33911	0
33912	0
34117	1
34118	0
34119	0
34120	0
34121	0
34122	0
34159	0
34160	0
34161	1
34162	0
34163	0
34164	0
34165	1
34166	0
34167	1
34168	0
34169	1
34170	1
34195	0
34196	0
34197	0
34198	0
34199	1
34200	0
34279	0
34280	0
34281	2
34282	0
34283	0
34284	0
34465	0
34466	0
34467	0
34468	0
34469	0
34470	0
34471	0
34472	0
34473	0
34474	0
34475	0
34476	0
34561	0
34562	0
34563	1
34564	0
34565	0
34566	0
34645	1
34646	0
34647	2
34648	0
34649	2
34650	0
34675	0
34676	0
34677	3
34678	0
34679	2
34680	0
34783	0
34784	0
34785	0
34786	0
34787	0
34788	0
34795	0
34796	0
34797	0
34798	0
34799	0
34800	0
34801	0
34802	1
34803	2
34804	2
34805	1
34806	0
34825	0
34826	0
34827	0
34828	0
34829	1
34830	0
34891	0
34892	0
34893	0
34894	0
34895	0
34896	0
35053	1
35054	0
35055	0
35056	0
35057	2
35058	0
35083	0
35084	0
35085	0
35086	0
35087	0
35088	0
35131	0
35132	0
35133	0
35134	1
35135	0
35136	0
35167	0
35168	0
35169	0
35170	0
35171	1
35172	0
35227	0
35228	0
35229	0
35230	0
35231	1
35232	0
35359	0
35360	0
35361	0
35362	0
35363	0
35364	0
35371	1
35372	0
35373	0
35374	0
35375	0
35376	0
35449	0
35450	0
35451	0
35452	2
35453	1
35454	0
35461	0
35462	0
35463	2
35464	1
35465	1
35466	0
35659	0
35660	1
35661	0
35662	2
35663	0
35664	0
35695	0
35696	0
35697	0
35698	0
35699	0
35700	0
35779	0
35780	0
35781	0
35782	0
35783	0
35784	1
35785	0
35786	0
35787	0
35788	0
35789	0
35790	0
36091	0
36092	0
36093	0
36094	0
36095	0
36096	0
36097	0
36098	0
36099	0
36100	0
36101	0
36102	0
36103	0
36104	0
36105	0
36106	0
36107	0
36108	0
36163	0
36164	0
36165	0
36166	0
36167	0
36168	0
36175	0
36176	0
36177	0
36178	0
36179	0
36180	0
36181	0
36182	0
36183	0
36184	0
36185	0
36186	0
36253	0
36254	1
36255	0
36256	3
36257	0
36258	0
36271	0
36272	0
36273	0
36274	2
36275	0
36276	0
36277	0
36278	0
36279	0
36280	0
36281	0
36282	0
36655	0
36656	0
36657	0
36658	2
36659	1
36660	4
36661	0
36662	0
36663	1
36664	2
36665	1
36666	3
36667	0
36668	0
36669	0
36670	3
36671	0
36672	1
37243	0
37244	0
37245	0
37246	0
37247	0
37248	1
37249	0
37250	0
37251	0
37252	0
37253	0
37254	0
37255	0
37256	0
37257	0
37258	0
37259	0
37260	0
37285	0
37286	2
37287	0
37288	1
37289	0
37290	0
37291	0
37292	0
37293	0
37294	0
37295	0
37296	0
37297	2
37298	1
37299	0
37300	0
37301	0
37302	0
37471	2
37472	0
37473	1
37474	2
37475	1
37476	0
37477	0
37478	0
37479	2
37480	3
37481	1
37482	2
37699	0
37700	0
37701	0
37702	0
37703	0
37704	0
37706	0
37708	1
37709	0
37710	0
37723	0
37724	0
37725	0
37726	2
37727	1
37728	1
37729	1
37730	0
37731	0
37732	0
37733	0
37734	0
37741	0
37742	1
37743	0
37744	1
37745	0
37746	1
37747	0
37748	0
37749	0
37750	0
37751	0
37752	0
37753	0
37754	0
37755	0
37756	0
37757	0
37758	0
37765	0
37766	0
37767	0
37768	0
37769	0
37770	0
38017	0
38018	0
38019	0
38020	0
38021	1
38022	0
38029	0
38030	0
38031	0
38032	1
38033	2
38034	0
38059	0
38060	0
38061	0
38062	0
38063	0
38064	0
38065	0
38066	0
38067	0
38068	0
38069	0
38070	11
38083	0
38084	0
38085	0
38086	0
38087	0
38088	2
38173	0
38174	0
38175	0
38176	0
38177	0
38178	0
38221	0
38222	0
38223	1
38224	1
38225	0
38226	0
38227	0
38228	0
38229	0
38230	0
38231	0
38232	0
38329	0
38330	0
38331	0
38332	0
38333	0
38334	0
38341	0
38342	0
38343	0
38344	0
38345	2
38346	1
38347	0
38348	0
38349	0
38350	0
38351	0
38352	4
38353	0
38354	2
38355	0
38356	2
38357	0
38358	2
38359	0
38360	0
38361	0
38362	3
38363	0
38364	2
38455	0
38456	0
38457	0
38458	0
38459	0
38460	0
38467	0
38468	0
38469	0
38470	0
38471	0
38472	0
38480	0
38482	1
38483	0
38484	0
38629	0
38630	0
38631	0
38632	0
38633	0
38634	0
38647	0
38648	0
38649	0
38650	0
38651	0
38652	0
38695	0
38696	0
38697	0
38698	0
38699	0
38700	1
38779	1
38780	0
38781	0
38782	0
38783	0
38784	0
38857	0
38858	0
38859	0
38860	0
38861	0
38862	0
38917	0
38918	0
38919	0
38920	0
38921	0
38922	1
39025	0
39026	0
39027	0
39028	0
39029	1
39030	0
39031	1
39032	0
39033	0
39034	0
39035	0
39036	0
39037	0
39038	0
39039	2
39040	0
39041	0
39042	0
39163	0
39164	0
39165	0
39166	0
39167	0
39168	0
39169	0
39170	0
39171	0
39172	0
39173	0
39174	0
39199	0
39200	0
39201	0
39202	0
39203	0
39204	0
39259	0
39260	0
39261	0
39262	0
39263	0
39264	0
39361	0
39362	6
39363	0
39364	2
39365	0
39366	2
39367	0
39368	1
39369	0
39370	1
39371	0
39372	4
39415	0
39416	0
39417	0
39418	0
39419	0
39420	0
39421	0
39422	0
39423	0
39424	0
39425	0
39426	0
39427	0
39428	0
39429	0
39430	0
39431	0
39432	0
39487	0
39488	0
39489	0
39490	0
39491	0
39492	0
39703	0
39704	0
39705	0
39706	0
39707	0
39708	0
39709	0
39710	0
39711	0
39712	0
39713	0
39714	0
39715	0
39716	0
39717	0
39718	0
39719	0
39720	0
39751	0
39752	1
39753	2
39754	0
39755	0
39756	0
39757	0
39758	0
39759	0
39760	0
39761	0
39762	0
39763	0
39764	0
39765	0
39766	0
39767	0
39768	0
39949	1
39950	0
39951	0
39952	0
39953	0
39954	2
39961	1
39962	0
39963	0
39964	0
39965	1
39966	2
39973	1
39974	0
39975	0
39976	0
39977	0
39978	1
40022	1
40024	1
40025	0
40026	0
41065	1
41066	0
41067	0
41068	0
41069	0
41070	0
41125	2
41126	0
41127	0
41128	0
41129	0
41130	0
41155	0
41156	0
41157	1
41158	3
41159	0
41160	1
41161	0
41162	0
41163	1
41164	3
41165	0
41166	2
41167	0
41168	0
41169	0
41170	1
41171	0
41172	1
41245	1
41246	1
41247	0
41248	0
41249	0
41250	0
41317	0
41318	0
41319	0
41320	0
41321	0
41322	1
41389	1
41390	0
41391	0
41392	0
41393	0
41394	0
41503	0
41504	1
41505	1
41506	1
41507	0
41508	0
41515	0
41516	0
41517	0
41518	0
41519	0
41520	1
41593	0
41594	0
41595	2
41596	0
41597	0
41598	0
41617	0
41618	0
41619	0
41620	4
41621	0
41622	0
41629	0
41630	0
41631	0
41632	0
41633	0
41634	1
41671	0
41672	0
41673	0
41674	0
41675	0
41676	0
41767	1
41768	0
41769	0
41770	0
41771	0
41772	0
41773	0
41774	0
41775	0
41776	0
41777	0
41778	0
41839	0
41840	0
41841	0
41842	1
41843	0
41844	0
41851	0
41852	0
41853	1
41854	1
41855	0
41856	0
41863	0
41864	0
41865	0
41866	0
41867	0
41868	0
41875	0
41876	0
41877	0
41878	0
41879	2
41880	0
41959	0
41960	0
41961	0
41962	1
41963	0
41964	1
41965	0
41966	1
41967	0
41968	1
41969	1
41970	1
41983	0
41984	0
41985	0
41986	1
41987	0
41988	0
42037	0
42038	0
42039	1
42040	1
42041	0
42042	0
42043	0
42044	0
42045	1
42046	0
42047	0
42048	0
42067	0
42068	0
42069	0
42070	0
42071	0
42072	0
42085	0
42086	0
42087	0
42088	0
42089	0
42090	0
42127	0
42128	0
42129	0
42130	0
42131	0
42132	0
42145	0
42146	0
42147	0
42148	0
42149	0
42150	0
42181	1
42182	1
42183	0
42184	0
42185	0
42186	0
42211	0
42212	0
42213	0
42214	2
42215	0
42216	0
42253	2
42254	0
42255	0
42256	0
42257	0
42258	0
42295	1
42296	0
42297	0
42298	0
42299	0
42300	0
42343	4
42344	2
42345	4
42346	1
42347	0
42348	0
42493	0
42494	0
42495	1
42496	1
42497	0
42498	0
42553	0
42554	1
42555	0
42556	1
42557	0
42558	1
42685	0
42686	0
42687	0
42688	0
42689	0
42690	0
42727	0
42728	0
42729	0
42730	0
42731	0
42732	0
42733	0
42734	0
42735	0
42736	0
42737	0
42738	0
42751	1
42752	0
42753	0
42754	0
42755	0
42756	0
42787	0
42788	0
42789	0
42790	0
42791	0
42792	0
42817	0
42818	0
42819	0
42820	0
42821	0
42822	0
42871	0
42872	0
42873	0
42874	0
42875	0
42876	0
42901	0
42902	0
42903	0
42904	0
42905	0
42906	0
42979	0
42980	0
42981	1
42982	0
42983	0
42984	0
42985	0
42986	0
42987	1
42988	0
42989	0
42990	0
43675	2
43676	0
43677	0
43678	0
43679	0
43680	0
43687	0
43688	0
43689	0
43690	0
43691	0
43692	0
43705	0
43706	0
43707	0
43708	0
43709	0
43710	0
43747	0
43748	0
43749	1
43750	2
43751	0
43752	2
43753	0
43754	0
43755	0
43756	3
43757	0
43758	2
43759	0
43760	0
43761	1
43762	4
43763	1
43764	2
45361	0
45362	2
45363	0
45364	0
45365	0
45366	0
45367	1
45368	1
45369	0
45370	0
45371	1
45372	0
45373	0
45374	1
45375	0
45376	1
45377	1
45378	0
45397	0
45398	0
45399	0
45400	0
45401	0
45402	0
