ObservationID	SubLocationID	Count
146049	5724	0
146049	5725	0
146049	5726	0
146049	5727	0
146049	5728	0
146049	5729	0
146050	5724	0
146050	5725	0
146050	5726	0
146050	5727	0
146050	5728	0
146050	5729	0
146051	2865	0
146051	2866	0
146051	2867	0
146051	2868	0
146051	2869	0
146051	2870	1
146052	2865	0
146052	2866	0
146052	2867	0
146052	2868	0
146052	2869	0
146052	2870	0
146053	2865	0
146053	2866	3
146053	2867	0
146053	2868	0
146053	2869	0
146053	2870	2
146059	6875	0
146059	6876	0
146059	6877	0
146059	6878	0
146059	6879	0
146059	6880	0
146060	6875	0
146060	6876	0
146060	6877	0
146060	6878	0
146060	6879	0
146060	6880	0
146061	6875	0
146061	6876	0
146061	6877	0
146061	6878	0
146061	6879	1
146061	6880	0
146073	6048	0
146073	6049	0
146073	6050	0
146073	6051	0
146073	6052	1
146073	6053	0
146076	2973	0
146076	2974	0
146076	2975	0
146076	2976	0
146077	2973	0
146077	2974	0
146077	2975	0
146077	2976	5
146078	2973	0
146078	2974	0
146078	2975	0
146078	2976	0
146080	6797	0
146080	6798	0
146080	6799	3
146080	6800	1
146080	6801	0
146080	6802	0
146081	6797	0
146081	6798	0
146081	6799	0
146081	6800	0
146081	6801	0
146081	6802	0
146082	6797	1
146082	6798	0
146082	6799	2
146082	6800	0
146082	6801	0
146082	6802	0
146115	7389	0
146115	7390	1
146115	7391	0
146115	7392	0
146115	7393	0
146115	7394	0
146116	4647	0
146116	4648	0
146116	4649	0
146116	4650	0
146116	4651	0
146116	4652	1
146117	7389	2
146117	7390	1
146117	7391	0
146117	7392	0
146117	7393	0
146117	7394	0
146118	4647	0
146118	4648	0
146118	4649	0
146118	4650	0
146118	4651	0
146118	4652	0
146119	7389	0
146119	7390	0
146119	7391	0
146119	7392	0
146119	7393	0
146119	7394	0
146120	4647	0
146120	4648	0
146120	4649	0
146120	4650	0
146120	4651	0
146120	4652	0
146144	5994	0
146144	5995	1
146144	5996	0
146144	5997	2
146144	5998	0
146144	5999	0
146149	5994	1
146149	5995	2
146149	5996	0
146149	5997	0
146149	5998	0
146149	5999	0
146153	5994	0
146153	5995	0
146153	5996	1
146153	5997	0
146153	5998	0
146153	5999	0
146171	4884	0
146171	4885	1
146171	4886	0
146171	4887	0
146171	4888	0
146171	4889	0
146191	4327	0
146191	4328	0
146191	4329	1
146191	4330	0
146191	4331	0
146191	4332	0
146192	4327	0
146192	4328	0
146192	4329	0
146192	4330	0
146192	4331	0
146192	4332	0
146204	4968	0
146204	4969	0
146204	4970	1
146204	4971	0
146204	4972	1
146204	4973	1
146205	5886	1
146205	5887	1
146205	5888	1
146205	5889	1
146205	5890	0
146205	5891	1
146211	3933	0
146211	3934	0
146211	3935	1
146211	3936	0
146211	3937	0
146211	3938	0
146214	5196	0
146214	5197	0
146214	5198	0
146214	5199	1
146214	5200	2
146214	5201	1
146215	4884	0
146215	4885	0
146215	4886	0
146215	4887	0
146215	4888	0
146215	4889	0
146216	7155	0
146216	7156	0
146216	7157	0
146216	7158	1
146216	7159	0
146216	7160	0
146234	4740	3
146234	4741	2
146234	4742	0
146234	4743	2
146234	4744	0
146234	4745	1
146235	4740	2
146235	4741	1
146235	4742	2
146235	4743	2
146235	4744	1
146235	4745	0
146236	4740	2
146236	4741	0
146236	4742	0
146236	4743	0
146236	4744	0
146236	4745	0
146242	5363	0
146242	5364	0
146242	5365	0
146242	5366	0
146242	5367	0
146242	5368	0
146244	5363	0
146244	5364	0
146244	5365	0
146244	5366	0
146244	5367	2
146244	5368	0
146245	5363	0
146245	5364	0
146245	5365	0
146245	5366	0
146245	5367	1
146245	5368	0
146250	6563	0
146250	6564	1
146250	6565	0
146250	6566	1
146250	6567	2
146250	6568	1
146255	5886	2
146255	5887	0
146255	5888	0
146255	5889	0
146255	5890	0
146255	5891	0
146261	6563	0
146261	6564	0
146261	6565	1
146261	6566	0
146261	6567	1
146261	6568	1
146265	4968	1
146265	4969	1
146265	4970	0
146265	4971	1
146265	4972	0
146265	4973	0
146270	3933	0
146270	3934	0
146270	3935	1
146270	3936	0
146270	3937	0
146270	3938	0
146271	4968	0
146271	4969	0
146271	4970	0
146271	4971	0
146271	4972	0
146271	4973	0
146272	5166	0
146272	5167	0
146272	5168	0
146272	5169	0
146272	5170	0
146272	5171	0
146273	5196	0
146273	5197	0
146273	5198	1
146273	5199	0
146273	5200	0
146273	5201	1
146277	4764	0
146277	4765	1
146277	4766	0
146277	4767	0
146277	4768	0
146277	4769	0
146278	4764	0
146278	4765	0
146278	4766	0
146278	4767	0
146278	4768	0
146278	4769	0
146279	4764	0
146279	4765	0
146279	4766	4
146279	4767	0
146279	4768	1
146279	4769	0
146280	4884	0
146280	4885	0
146280	4886	0
146280	4887	0
146280	4888	0
146280	4889	0
146281	7155	0
146281	7156	0
146281	7157	0
146281	7158	1
146281	7159	0
146281	7160	0
146283	6563	0
146283	6564	0
146283	6565	2
146283	6566	2
146283	6567	0
146283	6568	0
146284	4968	0
146284	4969	0
146284	4970	1
146284	4971	0
146284	4972	0
146284	4973	0
146292	5886	1
146292	5887	1
146292	5888	0
146292	5889	1
146292	5890	0
146292	5891	1
146293	5196	0
146293	5197	0
146293	5198	0
146293	5199	0
146293	5200	0
146293	5201	1
146294	3357	0
146294	3358	0
146294	3359	0
146294	3360	0
146294	3361	0
146294	3362	1
146295	3357	0
146295	3358	0
146295	3359	0
146295	3360	0
146295	3361	0
146295	3362	0
146296	3357	1
146296	3358	0
146296	3359	0
146296	3360	0
146296	3361	0
146296	3362	0
146303	6605	0
146303	6606	0
146303	6607	0
146303	6608	0
146303	6609	0
146303	6610	0
146304	6605	0
146304	6606	0
146304	6607	0
146304	6608	0
146304	6609	0
146304	6610	1
146305	6605	0
146305	6606	0
146305	6607	0
146305	6608	0
146305	6609	0
146305	6610	1
146331	5724	0
146331	5725	0
146331	5726	0
146331	5727	0
146331	5728	0
146331	5729	0
146351	4521	1
146351	4522	0
146351	4523	0
146351	4524	1
146351	4525	0
146351	4526	0
146352	4521	0
146352	4522	0
146352	4523	1
146352	4524	0
146352	4525	0
146352	4526	0
146353	4521	0
146353	4522	1
146353	4523	0
146353	4524	3
146353	4525	0
146353	4526	0
146362	6593	1
146362	6594	0
146362	6595	1
146362	6596	0
146362	6597	1
146362	6598	0
146363	6593	0
146363	6594	0
146363	6595	0
146363	6596	0
146363	6597	0
146363	6598	0
146364	6593	1
146364	6594	0
146364	6595	0
146364	6596	0
146364	6597	0
146364	6598	0
146376	3789	0
146376	3790	0
146376	3791	0
146376	3792	0
146376	3793	0
146376	3794	0
146377	3789	1
146377	3790	3
146377	3791	0
146377	3792	0
146377	3793	0
146377	3794	0
146378	3789	0
146378	3790	0
146378	3791	0
146378	3792	0
146378	3793	0
146378	3794	0
146415	3519	0
146415	3520	1
146415	3521	2
146415	3522	0
146415	3523	0
146415	3524	1
146416	3519	1
146416	3520	0
146416	3521	1
146416	3522	0
146416	3523	2
146416	3524	0
146417	3519	0
146417	3520	0
146417	3521	0
146417	3522	1
146417	3523	0
146417	3524	1
146489	2660	0
146489	2661	0
146489	2662	0
146489	2663	1
146489	2664	0
146489	2665	1
146492	4227	0
146492	4228	0
146492	4229	0
146492	4230	0
146492	4231	0
146492	4232	0
146493	4227	0
146493	4228	0
146493	4229	0
146493	4230	0
146493	4231	0
146493	4232	0
146494	4227	1
146494	4228	0
146494	4229	0
146494	4230	0
146494	4231	0
146494	4232	2
146510	2660	0
146510	2661	0
146510	2662	0
146510	2663	1
146510	2664	0
146510	2665	1
146521	6503	0
146521	6504	1
146521	6505	0
146521	6506	0
146521	6507	0
146521	6508	0
146537	5166	0
146537	5167	0
146537	5168	0
146537	5169	0
146537	5170	0
146537	5171	0
146538	5166	0
146538	5167	0
146538	5168	0
146538	5169	0
146538	5170	0
146538	5171	0
146678	6613	0
146678	6614	0
146678	6615	0
146678	6616	0
146678	6617	0
146678	6618	0
146679	6613	0
146679	6614	0
146679	6615	0
146679	6616	0
146679	6617	0
146679	6618	0
146681	6613	0
146681	6614	0
146681	6615	0
146681	6616	0
146681	6617	0
146681	6618	0
146704	6923	0
146704	6924	0
146704	6925	0
146704	6926	0
146704	6927	0
146704	6928	0
146705	6631	0
146705	6632	0
146705	6633	0
146705	6634	0
146705	6635	0
146705	6636	2
146706	6851	0
146706	6852	0
146706	6853	0
146706	6854	0
146706	6855	0
146706	6856	1
146707	5832	0
146707	5833	0
146707	5834	0
146707	5835	0
146707	5836	0
146707	5837	0
146708	5790	0
146708	5791	0
146708	5792	0
146708	5793	0
146708	5794	0
146708	5795	0
146716	4908	0
146716	4909	0
146716	4910	1
146716	4911	0
146716	4912	0
146716	4913	0
146717	4414	0
146717	4415	0
146717	4416	0
146717	4417	0
146717	4418	0
146717	4419	0
146718	3105	1
146718	3106	0
146718	3107	0
146718	3108	0
146718	3109	0
146718	3110	0
146719	6631	0
146719	6632	0
146719	6633	1
146719	6634	0
146719	6635	1
146719	6636	1
146720	4908	1
146720	4909	0
146720	4910	0
146720	4911	2
146720	4912	0
146720	4913	0
146721	4908	0
146721	4909	1
146721	4910	0
146721	4911	2
146721	4912	0
146721	4913	0
146722	6923	0
146722	6924	0
146722	6925	1
146722	6926	0
146722	6927	2
146722	6928	0
146723	5832	0
146723	5833	1
146723	5834	0
146723	5835	0
146723	5836	0
146723	5837	0
146724	6851	0
146724	6852	0
146724	6853	0
146724	6854	1
146724	6855	0
146724	6856	0
146725	5790	0
146725	5791	0
146725	5792	1
146725	5793	0
146725	5794	0
146725	5795	0
146785	5790	0
146785	5791	0
146785	5792	0
146785	5793	0
146785	5794	0
146785	5795	2
146786	5832	1
146786	5833	0
146786	5834	0
146786	5835	0
146786	5836	0
146786	5837	0
146787	6851	0
146787	6852	0
146787	6853	0
146787	6854	0
146787	6855	0
146787	6856	2
146788	4092	0
146788	4093	0
146788	4094	1
146788	4095	0
146788	4096	0
146788	4097	0
146804	4414	0
146804	4415	1
146804	4416	1
146804	4417	1
146804	4418	0
146804	4419	0
146805	4414	2
146805	4415	0
146805	4416	0
146805	4417	0
146805	4418	0
146805	4419	1
146807	6631	1
146807	6632	1
146807	6633	0
146807	6634	0
146807	6635	0
146807	6636	2
146809	3105	0
146809	3106	2
146809	3107	0
146809	3108	0
146809	3109	0
146809	3110	2
146821	4092	0
146821	4093	0
146821	4094	0
146821	4095	0
146821	4096	0
146821	4097	0
146822	3105	0
146822	3106	0
146822	3107	0
146822	3108	0
146822	3109	0
146822	3110	0
146823	6923	2
146823	6924	0
146823	6925	0
146823	6926	0
146823	6927	1
146823	6928	0
146831	2761	0
146831	2762	0
146831	2763	0
146831	2764	2
146831	2765	0
146831	2766	0
146832	6899	0
146832	6900	0
146832	6901	0
146832	6902	0
146832	6903	0
146832	6904	0
146833	6899	0
146833	6900	0
146833	6901	0
146833	6902	0
146833	6903	0
146833	6904	0
146834	2761	1
146834	2762	0
146834	2763	0
146834	2764	0
146834	2765	0
146834	2766	0
146835	2761	0
146835	2762	0
146835	2763	0
146835	2764	0
146835	2765	2
146835	2766	2
146836	6899	0
146836	6900	0
146836	6901	0
146836	6902	0
146836	6903	0
146836	6904	0
146866	5724	0
146866	5725	0
146866	5726	0
146866	5727	0
146866	5728	0
146866	5729	0
146870	4818	1
146870	4819	1
146870	4820	0
146870	4821	0
146870	4822	0
146870	4823	1
146945	4782	1
146945	4783	0
146945	4784	0
146945	4785	0
146945	4786	1
146945	4787	0
146946	4782	0
146946	4783	1
146946	4784	0
146946	4785	0
146946	4786	0
146946	4787	1
146947	4782	0
146947	4783	1
146947	4784	0
146947	4785	2
146947	4786	0
146947	4787	0
146997	6437	0
146997	6438	0
146997	6439	0
146997	6440	0
146997	6441	1
146997	6442	0
147014	5058	1
147014	5059	0
147014	5060	0
147014	5061	0
147014	5062	0
147014	5063	0
147015	5058	1
147015	5059	0
147015	5060	0
147015	5061	0
147015	5062	0
147015	5063	1
147017	5058	0
147017	5059	0
147017	5060	0
147017	5061	0
147017	5062	0
147017	5063	0
147028	7155	1
147028	7156	0
147028	7157	0
147028	7158	1
147028	7159	0
147028	7160	0
147041	6443	0
147041	6444	0
147041	6445	0
147041	6446	0
147041	6447	0
147041	6448	0
147042	2750	1
147042	2751	0
147042	2752	0
147042	2753	0
147042	2754	0
147042	2755	0
147043	2750	1
147043	2751	0
147043	2752	0
147043	2753	0
147043	2754	0
147043	2755	1
147044	2750	0
147044	2751	0
147044	2752	0
147044	2753	0
147044	2754	0
147044	2755	0
147045	5058	0
147045	5059	0
147045	5060	0
147045	5061	0
147045	5062	1
147045	5063	0
147046	5058	0
147046	5059	0
147046	5060	0
147046	5061	0
147046	5062	0
147046	5063	0
147047	5058	0
147047	5059	0
147047	5060	0
147047	5061	0
147047	5062	0
147047	5063	0
147056	7263	0
147056	7264	0
147056	7265	0
147056	7266	0
147056	7267	0
147056	7268	0
147067	6360	0
147067	6361	0
147067	6362	0
147067	6363	0
147067	6364	1
147067	6365	0
147068	3609	1
147068	3610	0
147068	3611	0
147068	3612	0
147068	3613	2
147068	3614	2
147081	6443	0
147081	6444	0
147081	6445	0
147081	6446	0
147081	6447	0
147081	6448	0
147085	7203	0
147085	7204	0
147085	7205	0
147085	7206	0
147085	7207	1
147085	7208	2
147096	6437	0
147096	6438	0
147096	6439	0
147096	6440	0
147096	6441	0
147096	6442	0
147173	7203	1
147173	7204	0
147173	7205	0
147173	7206	0
147173	7207	2
147173	7208	1
147204	7676	1
147204	7677	0
147204	7678	1
147204	7679	0
147204	7680	0
147204	7681	0
147206	7311	0
147206	7312	1
147206	7313	2
147206	7314	1
147206	7315	0
147206	7316	1
147220	7263	0
147220	7264	0
147220	7265	0
147220	7266	0
147220	7267	0
147220	7268	1
147252	6503	0
147252	6504	0
147252	6505	0
147252	6506	0
147252	6507	0
147252	6508	0
147319	3322	0
147319	3323	0
147319	3324	2
147319	3325	0
147319	3326	0
147319	3327	0
147320	3322	0
147320	3323	0
147320	3324	0
147320	3325	0
147320	3326	0
147320	3327	0
147321	3322	0
147321	3323	0
147321	3324	0
147321	3325	0
147321	3326	0
147321	3327	0
147327	7203	0
147327	7204	2
147327	7205	2
147327	7206	0
147327	7207	0
147327	7208	0
147328	3609	0
147328	3610	2
147328	3611	0
147328	3612	0
147328	3613	0
147328	3614	2
147340	6461	0
147340	6462	0
147340	6463	0
147340	6464	0
147340	6465	0
147340	6466	6
147342	6437	0
147342	6438	0
147342	6439	0
147342	6440	0
147342	6441	0
147342	6442	0
147365	6360	0
147365	6361	0
147365	6362	0
147365	6363	0
147365	6364	0
147365	6365	0
147375	6443	0
147375	6444	0
147375	6445	1
147375	6446	0
147375	6447	0
147375	6448	0
147415	6360	0
147415	6361	0
147415	6362	1
147415	6363	0
147415	6364	0
147415	6365	0
147416	3609	0
147416	3610	0
147416	3611	0
147416	3612	2
147416	3613	3
147416	3614	1
147519	3693	0
147519	3694	1
147519	3695	1
147519	3696	0
147519	3697	0
147519	3698	0
147520	3693	0
147520	3694	0
147520	3695	0
147520	3696	0
147520	3697	0
147520	3698	0
147527	7263	0
147527	7264	0
147527	7265	0
147527	7266	1
147527	7267	0
147527	7268	0
147872	7311	0
147872	7312	2
147872	7313	1
147872	7314	0
147872	7315	0
147872	7316	1
147874	7676	0
147874	7677	2
147874	7678	0
147874	7679	2
147874	7680	0
147874	7681	0
147875	7311	1
147875	7312	1
147875	7313	2
147875	7314	1
147875	7315	0
147875	7316	1
147877	7676	2
147877	7677	0
147877	7678	0
147877	7679	0
147877	7680	1
147877	7681	5
147896	5934	0
147896	5935	0
147896	5936	0
147896	5937	0
147896	5938	0
147896	5939	2
147897	5934	0
147897	5935	0
147897	5936	0
147897	5937	0
147897	5938	0
147897	5939	0
148176	7437	0
148176	7438	0
148176	7439	0
148176	7440	0
148176	7441	2
148176	7442	0
148177	7437	0
148177	7438	0
148177	7439	0
148177	7440	0
148177	7441	0
148177	7442	0
148334	7574	0
148334	7575	0
148334	7576	0
148334	7577	0
148334	7578	0
148334	7579	0
148336	7574	0
148336	7575	4
148336	7576	2
148336	7577	0
148336	7578	0
148336	7579	2
148340	6096	0
148340	6097	0
148340	6098	0
148340	6099	1
148340	6100	0
148340	6101	0
148366	3693	0
148366	3694	0
148366	3695	0
148366	3696	0
148366	3697	0
148366	3698	0
148368	2756	0
148368	2757	3
148368	2758	0
148368	2759	1
148368	2760	1
148370	2756	0
148370	2757	0
148370	2758	0
148370	2759	0
148370	2760	0
148372	2756	0
148372	2757	0
148372	2758	1
148372	2759	0
148372	2760	0
148373	2797	1
148373	2798	1
148373	2799	2
148373	2800	0
148373	2801	0
148373	2802	1
148374	2797	1
148374	2798	0
148374	2799	0
148374	2800	0
148374	2801	0
148374	2802	0
148375	2797	0
148375	2798	0
148375	2799	1
148375	2800	0
148375	2801	0
148375	2802	0
148396	6318	0
148396	6319	0
148396	6320	1
148396	6321	0
148396	6322	0
148396	6323	0
148397	6096	0
148397	6097	0
148397	6098	1
148397	6099	0
148397	6100	2
148397	6101	0
148398	6318	0
148398	6319	4
148398	6320	0
148398	6321	1
148398	6322	0
148398	6323	1
148399	6318	0
148399	6319	0
148399	6320	0
148399	6321	1
148399	6322	0
148399	6323	1
148400	6222	2
148400	6223	0
148400	6224	0
148400	6225	0
148400	6226	0
148400	6227	1
148401	6222	2
148401	6223	5
148401	6224	1
148401	6225	1
148401	6226	0
148401	6227	0
148402	6222	1
148402	6223	0
148402	6224	0
148402	6225	0
148402	6226	3
148402	6227	2
148403	6905	0
148403	6906	0
148403	6907	0
148403	6908	0
148403	6909	0
148403	6910	0
148404	6905	0
148404	6906	0
148404	6907	1
148404	6908	0
148404	6909	2
148404	6910	0
148405	6905	0
148405	6906	0
148405	6907	0
148405	6908	0
148405	6909	0
148405	6910	0
148406	6228	0
148406	6229	1
148406	6230	1
148406	6231	1
148406	6232	1
148406	6233	0
148407	6228	0
148407	6229	0
148407	6230	0
148407	6231	0
148407	6232	0
148407	6233	0
148408	6228	0
148408	6229	1
148408	6230	0
148408	6231	2
148408	6232	0
148408	6233	0
148413	6989	0
148413	6990	1
148413	6991	0
148413	6992	0
148413	6993	0
148413	6994	3
148414	6989	0
148414	6990	0
148414	6991	0
148414	6992	0
148414	6993	0
148414	6994	0
148415	6989	0
148415	6990	0
148415	6991	0
148415	6992	1
148415	6993	0
148415	6994	2
148416	4378	0
148416	4379	1
148416	4380	0
148416	4381	0
148416	4382	1
148416	4383	0
148417	4378	1
148417	4379	0
148417	4380	0
148417	4381	1
148417	4382	1
148417	4383	0
148418	4378	1
148418	4379	0
148418	4380	0
148418	4381	0
148418	4382	4
148418	4383	0
148419	7466	0
148419	7467	0
148419	7468	0
148419	7469	0
148419	7470	0
148419	7471	0
148420	7466	0
148420	7467	0
148420	7468	0
148420	7469	0
148420	7470	2
148420	7471	0
148421	7466	0
148421	7467	0
148421	7468	0
148421	7469	0
148421	7470	0
148421	7471	1
148470	6959	0
148470	6960	0
148470	6961	0
148470	6962	0
148470	6963	0
148470	6964	1
148471	6959	0
148471	6960	0
148471	6961	0
148471	6962	0
148471	6963	0
148471	6964	0
148472	6959	0
148472	6960	0
148472	6961	0
148472	6962	0
148472	6963	0
148472	6964	0
148502	7073	0
148502	7074	0
148502	7075	1
148502	7076	0
148502	7077	2
148502	7078	0
148503	7073	0
148503	7074	0
148503	7075	0
148503	7076	0
148503	7077	1
148503	7078	2
148504	7073	0
148504	7074	1
148504	7075	0
148504	7076	0
148504	7077	0
148504	7078	2
148505	5826	1
148505	5827	0
148505	5828	0
148505	5829	0
148505	5830	0
148505	5831	1
148506	5826	1
148506	5827	0
148506	5828	0
148506	5829	0
148506	5830	0
148506	5831	1
148507	5826	0
148507	5827	1
148507	5828	0
148507	5829	1
148507	5830	0
148507	5831	0
148508	2907	0
148508	2908	0
148508	2909	0
148508	2910	0
148508	2911	0
148508	2912	0
148509	2907	0
148509	2908	1
148509	2909	0
148509	2910	0
148509	2911	0
148509	2912	0
148512	2907	0
148512	2908	5
148512	2909	0
148512	2910	0
148512	2911	0
148512	2912	0
148513	2767	0
148513	2768	0
148513	2769	0
148513	2770	0
148513	2771	0
148513	2772	0
148514	2767	1
148514	2768	0
148514	2769	1
148514	2770	1
148514	2771	0
148514	2772	0
148517	2767	0
148517	2768	1
148517	2769	0
148517	2770	0
148517	2771	0
148517	2772	0
148590	6312	1
148590	6313	0
148590	6314	0
148590	6315	0
148590	6316	0
148590	6317	0
148591	6312	0
148591	6313	0
148591	6314	0
148591	6315	0
148591	6316	0
148591	6317	0
148592	6312	0
148592	6313	0
148592	6314	0
148592	6315	0
148592	6316	0
148592	6317	0
148593	7377	0
148593	7378	0
148593	7379	1
148593	7380	2
148593	7381	0
148593	7382	0
148594	7377	0
148594	7378	0
148594	7379	0
148594	7380	0
148594	7381	0
148594	7382	0
148667	6461	0
148667	6462	0
148667	6463	0
148667	6464	0
148667	6465	0
148667	6466	6
148742	3322	0
148742	3323	0
148742	3324	2
148742	3325	0
148742	3326	0
148742	3327	0
148747	3322	0
148747	3323	0
148747	3324	0
148747	3325	0
148747	3326	0
148747	3327	0
148751	3322	0
148751	3323	0
148751	3324	0
148751	3325	0
148751	3326	0
148751	3327	0
150531	3693	0
150531	3694	1
150531	3695	1
150531	3696	0
150531	3697	0
150531	3698	0
150536	3693	0
150536	3694	0
150536	3695	0
150536	3696	0
150536	3697	0
150536	3698	0
150546	5934	0
150546	5935	0
150546	5936	0
150546	5937	0
150546	5938	0
150546	5939	2
150557	3693	0
150557	3694	0
150557	3695	0
150557	3696	0
150557	3697	0
150557	3698	0
150559	5934	0
150559	5935	0
150559	5936	0
150559	5937	0
150559	5938	0
150559	5939	0
151733	4004	0
151733	4005	0
151733	4006	0
151733	4007	0
151733	4008	0
151733	4009	0
151734	4004	0
151734	4005	0
151734	4006	0
151734	4007	0
151734	4008	0
151734	4009	0
151735	4004	0
151735	4005	0
151735	4006	0
151735	4007	0
151735	4008	0
151735	4009	0
151835	2660	0
151835	2661	0
151835	2662	1
151835	2663	0
151835	2664	0
151835	2665	0
151841	4004	0
151841	4005	0
151841	4006	0
151841	4007	0
151841	4008	0
151841	4009	0
151842	4004	0
151842	4005	0
151842	4006	0
151842	4007	0
151842	4008	0
151842	4009	0
151872	6264	0
151872	6265	0
151872	6266	0
151872	6267	1
151872	6268	0
151872	6269	0
151884	4998	0
151884	4999	0
151884	5000	0
151884	5001	0
151884	5002	0
151884	5003	0
151885	2807	0
151885	2808	0
151885	2809	0
151885	2810	0
151885	2811	0
151885	2812	0
151974	7245	0
151974	7246	0
151974	7247	0
151974	7248	0
151974	7249	0
151974	7250	0
151981	7144	0
151981	7145	0
151981	7146	0
151981	7147	0
151981	7148	0
151981	7149	0
152009	6264	0
152009	6265	1
152009	6266	0
152009	6267	1
152009	6268	0
152009	6269	1
152084	4998	0
152084	4999	0
152084	5000	0
152084	5001	0
152084	5002	1
152084	5003	0
152105	7144	0
152105	7145	0
152105	7146	0
152105	7147	0
152105	7148	0
152105	7149	0
152187	4333	0
152187	4334	0
152187	4335	1
152187	4337	0
152193	3063	0
152193	3064	0
152193	3065	0
152193	3066	0
152193	3067	0
152193	3068	2
152194	3063	0
152194	3064	0
152194	3065	0
152194	3066	0
152194	3067	5
152194	3068	0
152231	7341	0
152231	7342	0
152231	7343	0
152231	7344	0
152231	7345	0
152231	7346	0
152232	7341	0
152232	7342	0
152232	7343	0
152232	7344	0
152232	7345	0
152232	7346	0
152234	7341	0
152234	7342	0
152234	7343	0
152234	7344	0
152234	7345	0
152234	7346	0
152237	7341	0
152237	7342	0
152237	7343	0
152237	7344	0
152237	7345	1
152237	7346	0
152240	3603	2
152240	3604	0
152240	3605	0
152240	3606	0
152240	3607	0
152240	3608	0
152241	3603	0
152241	3604	0
152241	3605	1
152241	3606	0
152241	3607	0
152241	3608	0
152242	3603	0
152242	3604	0
152242	3605	0
152242	3606	1
152242	3607	0
152242	3608	1
152243	4986	1
152243	4987	1
152243	4988	1
152243	4989	2
152243	4990	0
152243	4991	0
152244	4986	1
152244	4987	0
152244	4988	0
152244	4989	0
152244	4990	0
152244	4991	0
152245	4986	0
152245	4987	0
152245	4988	0
152245	4989	0
152245	4990	0
152245	4991	0
152246	4788	0
152246	4789	0
152246	4790	0
152246	4791	0
152246	4792	0
152246	4793	1
152247	4788	0
152247	4789	0
152247	4790	0
152247	4791	0
152247	4792	0
152247	4793	0
152248	4788	0
152248	4789	0
152248	4790	0
152248	4791	0
152248	4792	0
152248	4793	0
152286	7144	0
152286	7145	0
152286	7146	0
152286	7147	0
152286	7148	0
152286	7149	0
152288	4333	1
152288	4334	0
152288	4335	1
152288	4337	0
152289	4333	0
152289	4334	1
152289	4335	0
152289	4337	0
152290	4333	0
152290	4334	0
152290	4335	1
152290	4337	0
152291	4998	0
152291	4999	0
152291	5000	0
152291	5001	0
152291	5002	0
152291	5003	2
152326	3063	0
152326	3064	0
152326	3065	1
152326	3066	0
152326	3067	0
152326	3068	0
152368	6707	0
152368	6708	0
152368	6709	2
152368	6710	0
152368	6711	2
152368	6712	0
152369	6707	0
152369	6708	0
152369	6709	0
152369	6710	0
152369	6711	0
152369	6712	0
152370	6707	0
152370	6708	2
152370	6709	1
152370	6710	0
152370	6711	0
152370	6712	1
152400	2807	0
152400	2808	0
152400	2809	2
152400	2810	1
152400	2811	0
152400	2812	0
152423	6372	0
152423	6373	0
152423	6374	0
152423	6375	0
152423	6376	0
152423	6377	2
152424	6372	0
152424	6373	0
152424	6374	0
152424	6375	0
152424	6376	0
152424	6377	0
152425	4723	0
152425	4725	0
152425	4726	0
152425	4727	0
152425	4728	0
152426	4723	0
152426	4725	0
152426	4726	0
152426	4727	1
152427	6372	0
152427	6373	0
152427	6374	1
152427	6375	0
152427	6376	2
152427	6377	0
152436	7245	0
152436	7246	0
152436	7247	0
152436	7248	0
152436	7249	2
152436	7250	0
152437	7245	0
152437	7246	0
152437	7247	0
152437	7248	0
152437	7249	0
152437	7250	0
152438	2807	4
152438	2808	0
152438	2809	0
152438	2810	1
152438	2811	0
152438	2812	0
152583	4004	0
152583	4005	0
152583	4006	0
152583	4007	0
152583	4008	0
152583	4009	0
152584	2660	0
152584	2661	0
152584	2662	1
152584	2663	0
152584	2664	0
152584	2665	0
152662	6437	0
152662	6438	0
152662	6439	0
152662	6440	0
152662	6441	1
152662	6442	0
152663	6437	0
152663	6438	0
152663	6439	0
152663	6440	0
152663	6441	0
152663	6442	0
152664	6437	0
152664	6438	0
152664	6439	0
152664	6440	0
152664	6441	0
152664	6442	0
152738	6264	0
152738	6265	0
152738	6266	0
152738	6267	0
152738	6268	0
152738	6269	1
152757	6264	0
152757	6265	0
152757	6266	0
152757	6267	1
152757	6268	0
152757	6269	0
152758	6264	0
152758	6265	1
152758	6266	0
152758	6267	1
152758	6268	0
152758	6269	1
152873	2797	1
152873	2798	0
152873	2799	0
152873	2800	0
152873	2801	0
152873	2802	0
152874	2797	1
152874	2798	1
152874	2799	2
152874	2800	0
152874	2801	0
152874	2802	1
152875	2797	0
152875	2798	0
152875	2799	1
152875	2800	0
152875	2801	0
152875	2802	0
152890	7073	0
152890	7074	0
152890	7075	1
152890	7076	0
152890	7077	2
152890	7078	0
152891	5826	1
152891	5827	0
152891	5828	0
152891	5829	0
152891	5830	0
152891	5831	1
152892	2767	0
152892	2768	0
152892	2769	0
152892	2770	0
152892	2771	0
152892	2772	0
152893	2907	0
152893	2908	0
152893	2909	0
152893	2910	0
152893	2911	0
152893	2912	0
152894	3603	0
152894	3604	0
152894	3605	0
152894	3606	1
152894	3607	0
152894	3608	1
152895	4788	0
152895	4789	0
152895	4790	0
152895	4791	0
152895	4792	0
152895	4793	1
152896	4986	1
152896	4987	1
152896	4988	1
152896	4989	2
152896	4990	0
152896	4991	0
152897	7073	0
152897	7074	0
152897	7075	0
152897	7076	0
152897	7077	1
152897	7078	2
152898	5826	1
152898	5827	0
152898	5828	0
152898	5829	0
152898	5830	0
152898	5831	1
152899	2907	0
152899	2908	1
152899	2909	0
152899	2910	0
152899	2911	0
152899	2912	0
152900	2767	1
152900	2768	0
152900	2769	1
152900	2770	1
152900	2771	0
152900	2772	0
152901	4788	0
152901	4789	0
152901	4790	0
152901	4791	0
152901	4792	0
152901	4793	0
152902	3603	0
152902	3604	0
152902	3605	1
152902	3606	0
152902	3607	0
152902	3608	0
152903	4986	1
152903	4987	0
152903	4988	0
152903	4989	0
152903	4990	0
152903	4991	0
152904	7073	0
152904	7074	1
152904	7075	0
152904	7076	0
152904	7077	0
152904	7078	2
152905	5826	0
152905	5827	1
152905	5828	0
152905	5829	1
152905	5830	0
152905	5831	0
152906	2907	0
152906	2908	5
152906	2909	0
152906	2910	0
152906	2911	0
152906	2912	0
152907	2767	0
152907	2768	1
152907	2769	0
152907	2770	0
152907	2771	0
152907	2772	0
152908	3603	2
152908	3604	0
152908	3605	0
152908	3606	0
152908	3607	0
152908	3608	0
152909	4986	0
152909	4987	0
152909	4988	0
152909	4989	0
152909	4990	0
152909	4991	0
152910	4788	0
152910	4789	0
152910	4790	0
152910	4791	0
152910	4792	0
152910	4793	0
152926	4723	1
152926	4724	1
152926	4725	0
152926	4726	0
152926	4727	0
152926	4728	0
152927	2761	0
152927	2762	0
152927	2763	0
152927	2764	2
152927	2765	0
152927	2766	0
152928	6899	0
152928	6900	0
152928	6901	0
152928	6902	0
152928	6903	0
152928	6904	0
152929	6899	0
152929	6900	0
152929	6901	0
152929	6902	0
152929	6903	0
152929	6904	0
152930	2761	1
152930	2762	0
152930	2763	0
152930	2764	0
152930	2765	0
152930	2766	0
152931	2761	0
152931	2762	0
152931	2763	0
152931	2764	0
152931	2765	2
152931	2766	2
152932	6899	0
152932	6900	0
152932	6901	0
152932	6902	0
152932	6903	0
152932	6904	0
152934	2756	0
152934	2757	3
152934	2758	0
152934	2759	1
152934	2760	1
152936	2756	0
152936	2757	0
152936	2758	0
152936	2759	0
152936	2760	0
152938	2756	0
152938	2757	0
152938	2758	1
152938	2759	0
152938	2760	0
152939	6372	0
152939	6373	0
152939	6374	0
152939	6375	0
152939	6376	0
152939	6377	2
152940	6372	0
152940	6373	0
152940	6374	0
152940	6375	0
152940	6376	0
152940	6377	0
152941	4723	0
152941	4725	0
152941	4726	0
152941	4727	0
152941	4728	0
152942	4723	0
152942	4725	0
152942	4726	0
152942	4727	1
152943	6372	0
152943	6373	0
152943	6374	1
152943	6375	0
152943	6376	2
152943	6377	0
152944	6228	0
152944	6229	1
152944	6230	1
152944	6231	1
152944	6232	1
152944	6233	0
152945	6989	0
152945	6990	1
152945	6991	0
152945	6992	0
152945	6993	0
152945	6994	3
152946	4378	0
152946	4379	1
152946	4380	0
152946	4381	0
152946	4382	1
152946	4383	0
152947	7466	0
152947	7467	0
152947	7468	0
152947	7469	0
152947	7470	0
152947	7471	0
152950	6228	0
152950	6229	0
152950	6230	0
152950	6231	0
152950	6232	0
152950	6233	0
152951	6989	0
152951	6990	0
152951	6991	0
152951	6992	0
152951	6993	0
152951	6994	0
152952	4378	1
152952	4379	0
152952	4380	0
152952	4381	1
152952	4382	1
152952	4383	0
152953	7466	0
152953	7467	0
152953	7468	0
152953	7469	0
152953	7470	2
152953	7471	0
152956	6228	0
152956	6229	1
152956	6230	0
152956	6231	2
152956	6232	0
152956	6233	0
152957	6989	0
152957	6990	0
152957	6991	0
152957	6992	1
152957	6993	0
152957	6994	2
152958	4378	1
152958	4379	0
152958	4380	0
152958	4381	0
152958	4382	4
152958	4383	0
152959	7466	0
152959	7467	0
152959	7468	0
152959	7469	0
152959	7470	0
152959	7471	1
152995	6312	1
152995	6313	0
152995	6314	0
152995	6315	0
152995	6316	0
152995	6317	0
152996	7377	0
152996	7378	0
152996	7379	1
152996	7380	2
152996	7381	0
152996	7382	0
152997	7377	0
152997	7378	0
152997	7379	0
152997	7380	0
152997	7381	0
152997	7382	0
152998	6312	0
152998	6313	0
152998	6314	0
152998	6315	0
152998	6316	0
152998	6317	0
152999	6312	0
152999	6313	0
152999	6314	0
152999	6315	0
152999	6316	0
152999	6317	0
153033	7574	0
153033	7575	0
153033	7576	0
153033	7577	2
153033	7578	3
153033	7579	0
153034	7574	0
153034	7575	4
153034	7576	2
153034	7577	0
153034	7578	0
153034	7579	2
153035	7574	0
153035	7575	0
153035	7576	0
153035	7577	0
153035	7578	0
153035	7579	0
153036	7245	0
153036	7246	0
153036	7247	0
153036	7248	0
153036	7249	0
153036	7250	0
153037	7245	0
153037	7246	0
153037	7247	0
153037	7248	0
153037	7249	2
153037	7250	0
153038	7245	0
153038	7246	0
153038	7247	0
153038	7248	0
153038	7249	0
153038	7250	0
153065	2807	0
153065	2808	0
153065	2809	0
153065	2810	0
153065	2811	0
153065	2812	0
153066	3609	1
153066	3610	0
153066	3611	0
153066	3612	0
153066	3613	2
153066	3614	2
153067	3609	0
153067	3610	2
153067	3611	0
153067	3612	0
153067	3613	0
153067	3614	2
153068	3609	0
153068	3610	0
153068	3611	0
153068	3612	2
153068	3613	3
153068	3614	1
153069	4998	0
153069	4999	0
153069	5000	0
153069	5001	0
153069	5002	0
153069	5003	0
153070	4998	0
153070	4999	0
153070	5000	0
153070	5001	0
153070	5002	1
153070	5003	0
153071	2807	0
153071	2808	0
153071	2809	2
153071	2810	1
153071	2811	0
153071	2812	0
153072	4998	0
153072	4999	0
153072	5000	0
153072	5001	0
153072	5002	0
153072	5003	2
153073	2807	4
153073	2808	0
153073	2809	0
153073	2810	1
153073	2811	0
153073	2812	0
153074	6318	0
153074	6319	0
153074	6320	1
153074	6321	0
153074	6322	0
153074	6323	0
153075	6222	2
153075	6223	0
153075	6224	0
153075	6225	0
153075	6226	0
153075	6227	1
153076	6905	0
153076	6906	0
153076	6907	0
153076	6908	0
153076	6909	0
153076	6910	0
153077	6318	0
153077	6319	4
153077	6320	0
153077	6321	1
153077	6322	0
153077	6323	1
153078	6905	0
153078	6906	0
153078	6907	1
153078	6908	0
153078	6909	2
153078	6910	0
153079	6222	2
153079	6223	5
153079	6224	1
153079	6225	1
153079	6226	0
153079	6227	0
153080	6318	0
153080	6319	0
153080	6320	0
153080	6321	1
153080	6322	0
153080	6323	1
153081	6222	1
153081	6223	0
153081	6224	0
153081	6225	0
153081	6226	3
153081	6227	2
153082	6905	0
153082	6906	0
153082	6907	0
153082	6908	0
153082	6909	0
153082	6910	0
153177	5196	0
153177	5197	0
153177	5198	0
153177	5199	1
153177	5200	2
153177	5201	1
153178	5196	0
153178	5197	0
153178	5198	1
153178	5199	0
153178	5200	0
153178	5201	1
153179	5196	0
153179	5197	0
153179	5198	0
153179	5199	0
153179	5200	0
153179	5201	1
153235	6096	0
153235	6097	0
153235	6098	0
153235	6099	1
153235	6100	0
153235	6101	0
153236	6096	0
153236	6097	0
153236	6098	1
153236	6099	0
153236	6100	2
153236	6101	0
153305	7144	0
153305	7145	0
153305	7146	0
153305	7147	0
153305	7148	0
153305	7149	0
153307	7144	0
153307	7145	0
153307	7146	0
153307	7147	0
153307	7148	0
153307	7149	0
153309	7144	0
153309	7145	0
153309	7146	0
153309	7147	0
153309	7148	0
153309	7149	0
153323	6707	0
153323	6708	0
153323	6709	2
153323	6710	0
153323	6711	2
153323	6712	0
153324	6707	0
153324	6708	0
153324	6709	0
153324	6710	0
153324	6711	0
153324	6712	0
153325	6707	0
153325	6708	2
153325	6709	1
153325	6710	0
153325	6711	0
153325	6712	1
153327	3063	0
153327	3064	0
153327	3065	0
153327	3066	0
153327	3067	0
153327	3068	2
153328	3063	0
153328	3064	0
153328	3065	0
153328	3066	0
153328	3067	5
153328	3068	0
153331	3063	0
153331	3064	0
153331	3065	1
153331	3066	0
153331	3067	0
153331	3068	0
153395	4818	1
153395	4819	1
153395	4820	0
153395	4821	0
153395	4822	0
153395	4823	1
153412	5868	0
153412	5869	0
153412	5870	0
153412	5871	0
153412	5872	0
153412	5873	0
153413	2989	1
153413	2990	0
153413	2991	0
153413	2992	0
153413	2993	0
153413	2994	0
153414	7001	0
153414	7002	0
153414	7003	1
153414	7004	1
153414	7005	0
153414	7006	0
153416	2989	0
153416	2990	0
153416	2991	0
153416	2992	0
153416	2993	0
153416	2994	0
153417	5868	0
153417	5869	0
153417	5870	0
153417	5871	0
153417	5872	1
153417	5873	1
153418	2989	0
153418	2990	0
153418	2991	1
153418	2992	0
153418	2993	0
153418	2994	0
153419	7001	0
153419	7002	0
153419	7003	1
153419	7004	0
153419	7005	0
153419	7006	0
153557	7001	0
153557	7002	0
153557	7003	1
153557	7004	0
153557	7005	0
153557	7006	0
153618	7437	0
153618	7438	0
153618	7439	0
153618	7440	0
153618	7441	0
153618	7442	0
153619	7437	0
153619	7438	0
153619	7439	0
153619	7440	0
153619	7441	2
153619	7442	0
153620	7437	0
153620	7438	0
153620	7439	0
153620	7440	0
153620	7441	0
153620	7442	0
153633	7341	0
153633	7342	0
153633	7343	0
153633	7344	0
153633	7345	0
153633	7346	0
153634	7341	0
153634	7342	0
153634	7343	0
153634	7344	0
153634	7345	1
153634	7346	0
153650	6360	0
153650	6361	0
153650	6362	0
153650	6363	0
153650	6364	1
153650	6365	0
153651	6360	0
153651	6361	0
153651	6362	0
153651	6363	0
153651	6364	0
153651	6365	0
153652	6360	0
153652	6361	0
153652	6362	1
153652	6363	0
153652	6364	0
153652	6365	0
153745	6959	0
153745	6960	0
153745	6961	0
153745	6962	0
153745	6963	0
153745	6964	1
153746	6959	0
153746	6960	0
153746	6961	0
153746	6962	0
153746	6963	0
153746	6964	0
153747	6959	0
153747	6960	0
153747	6961	0
153747	6962	0
153747	6963	0
153747	6964	0
153748	7203	0
153748	7204	0
153748	7205	0
153748	7206	0
153748	7207	1
153748	7208	2
153749	7203	1
153749	7204	0
153749	7205	0
153749	7206	0
153749	7207	2
153749	7208	1
153750	7203	0
153750	7204	2
153750	7205	2
153750	7206	0
153750	7207	0
153750	7208	0
153899	7001	0
153899	7002	0
153899	7003	1
153899	7004	0
153899	7005	0
153899	7006	0
153900	5868	0
153900	5869	0
153900	5870	0
153900	5871	0
153900	5872	1
153900	5873	1
153901	2989	0
153901	2990	0
153901	2991	1
153901	2992	0
153901	2993	0
153901	2994	0
153902	2989	0
153902	2990	0
153902	2991	0
153902	2992	0
153902	2993	0
153902	2994	0
153903	5868	0
153903	5869	0
153903	5870	0
153903	5871	0
153903	5872	0
153903	5873	0
153904	2989	1
153904	2990	0
153904	2991	0
153904	2992	0
153904	2993	0
153904	2994	0
153905	7001	0
153905	7002	0
153905	7003	1
153905	7004	1
153905	7005	0
153905	7006	0
154321	6114	0
154321	6115	0
154321	6116	0
154321	6117	0
154321	6118	0
154321	6119	0
154322	6114	0
154322	6115	1
154322	6116	0
154322	6117	0
154322	6118	0
154322	6119	0
154323	4962	0
154323	4963	0
154323	4964	0
154323	4965	0
154323	4966	0
154323	4967	0
154324	4962	0
154324	4963	0
154324	4964	0
154324	4965	1
154324	4966	0
154324	4967	0
154325	4962	0
154325	4963	0
154325	4964	0
154325	4965	0
154325	4966	0
154325	4967	0
154380	6114	0
154380	6115	0
154380	6116	0
154380	6117	0
154380	6118	0
154380	6119	0
154393	7377	0
154393	7378	0
154393	7379	0
154393	7380	0
154393	7381	0
154393	7382	0
154702	5190	0
154702	5191	0
154702	5192	0
154702	5193	0
154702	5194	0
154702	5195	0
154703	5190	0
154703	5191	0
154703	5192	0
154703	5193	1
154703	5194	0
154703	5195	0
154704	5190	0
154704	5191	0
154704	5192	0
154704	5193	0
154704	5194	0
154704	5195	0
154722	4321	0
154722	4322	0
154722	4323	0
154722	4324	4
154722	4325	0
154722	4326	0
154728	4321	0
154728	4322	0
154728	4323	0
154728	4324	2
154728	4325	0
154728	4326	0
154732	4321	0
154732	4322	1
154732	4323	0
154732	4324	2
154732	4325	0
154732	4326	0
154733	5190	0
154733	5191	0
154733	5192	0
154733	5193	0
154733	5194	0
154733	5195	0
154734	5190	0
154734	5191	0
154734	5192	0
154734	5193	1
154734	5194	0
154734	5195	0
154871	4764	0
154871	4765	1
154871	4766	3
154871	4767	0
154871	4768	2
154871	4769	0
154925	5994	1
154925	5995	1
154925	5996	0
154925	5997	0
154925	5998	0
154925	5999	1
154926	5166	0
154926	5167	0
154926	5168	0
154926	5169	0
154926	5170	0
154926	5171	0
154968	5196	0
154968	5197	0
154968	5198	0
154968	5199	0
154968	5200	1
154968	5201	1
154981	6563	1
154981	6564	0
154981	6565	0
154981	6566	0
154981	6567	0
154981	6568	1
154997	4884	0
154997	4885	0
154997	4886	0
154997	4887	1
154997	4888	0
154997	4889	0
155008	7155	0
155008	7156	0
155008	7157	0
155008	7158	0
155008	7159	0
155008	7160	0
155009	5886	0
155009	5887	0
155009	5888	1
155009	5889	2
155009	5890	0
155009	5891	1
155013	6797	0
155013	6798	0
155013	6799	1
155013	6800	1
155013	6801	0
155013	6802	0
155016	5058	0
155016	5059	0
155016	5060	0
155016	5061	1
155016	5062	0
155016	5063	0
155017	2750	2
155017	2751	0
155017	2752	1
155017	2753	0
155017	2754	0
155017	2755	0
155018	4968	1
155018	4969	0
155018	4970	0
155018	4971	0
155018	4972	0
155018	4973	0
155023	4647	0
155023	4648	0
155023	4649	0
155023	4650	0
155023	4651	0
155023	4652	0
155108	3519	0
155108	3520	0
155108	3521	0
155108	3522	0
155108	3523	1
155108	3524	1
155112	6605	0
155112	6606	0
155112	6607	0
155112	6608	0
155112	6609	0
155112	6610	0
155114	4764	1
155114	4765	0
155114	4766	1
155114	4767	0
155114	4768	0
155114	4769	0
155115	4647	0
155115	4648	0
155115	4649	0
155115	4650	0
155115	4651	0
155115	4652	1
155117	7155	0
155117	7156	0
155117	7157	0
155117	7158	0
155117	7159	0
155117	7160	0
155118	4968	1
155118	4969	0
155118	4970	0
155118	4971	1
155118	4972	0
155118	4973	0
155120	2660	0
155120	2661	0
155120	2662	0
155120	2663	0
155120	2664	0
155120	2665	1
155121	4004	0
155121	4005	0
155121	4006	0
155121	4007	0
155121	4008	0
155121	4009	0
155146	5886	0
155146	5887	1
155146	5888	1
155146	5889	1
155146	5890	0
155146	5891	2
155176	5196	0
155176	5197	0
155176	5198	0
155176	5199	1
155176	5200	0
155176	5201	0
155178	4884	0
155178	4885	0
155178	4886	0
155178	4887	0
155178	4888	0
155178	4889	0
155179	6797	1
155179	6798	0
155179	6799	2
155179	6800	0
155179	6801	0
155179	6802	0
155188	6563	0
155188	6564	0
155188	6565	1
155188	6566	0
155188	6567	2
155188	6568	1
155208	2750	0
155208	2751	0
155208	2752	0
155208	2753	0
155208	2754	0
155208	2755	0
155209	5058	0
155209	5059	0
155209	5060	0
155209	5061	0
155209	5062	0
155209	5063	0
155218	5994	0
155218	5995	0
155218	5996	0
155218	5997	0
155218	5998	0
155218	5999	0
155221	6605	0
155221	6606	0
155221	6607	0
155221	6608	0
155221	6609	1
155221	6610	0
155228	3519	2
155228	3520	1
155228	3521	0
155228	3522	0
155228	3523	0
155228	3524	1
155252	6503	0
155252	6504	0
155252	6505	2
155252	6506	0
155252	6507	0
155252	6508	0
155253	6503	0
155253	6504	0
155253	6505	0
155253	6506	0
155253	6507	0
155253	6508	0
155260	6797	0
155260	6798	0
155260	6799	0
155260	6800	1
155260	6801	1
155260	6802	0
155268	4764	2
155268	4765	0
155268	4766	0
155268	4767	1
155268	4768	0
155268	4769	0
155541	5994	0
155541	5995	0
155541	5996	0
155541	5997	0
155541	5998	0
155541	5999	0
155552	5058	0
155552	5059	1
155552	5060	2
155552	5061	0
155552	5062	1
155552	5063	1
155553	2750	0
155553	2751	1
155553	2752	0
155553	2753	0
155553	2754	0
155553	2755	0
155554	7508	2
155554	7509	0
155554	7510	0
155554	7511	0
155554	7512	0
155554	7513	0
155555	7508	0
155555	7509	0
155555	7510	0
155555	7511	0
155555	7512	0
155555	7513	0
155556	7508	0
155556	7509	0
155556	7510	0
155556	7511	0
155556	7512	0
155556	7513	0
155578	6593	0
155578	6594	1
155578	6595	0
155578	6596	0
155578	6597	0
155578	6598	0
155580	6593	0
155580	6594	1
155580	6595	0
155580	6596	0
155580	6597	0
155580	6598	0
155581	6593	0
155581	6594	0
155581	6595	0
155581	6596	0
155581	6597	1
155581	6598	0
155588	4647	0
155588	4648	0
155588	4649	0
155588	4650	0
155588	4651	0
155588	4652	0
155589	6875	0
155589	6876	1
155589	6877	0
155589	6878	0
155589	6879	1
155589	6880	0
155590	6875	0
155590	6876	0
155590	6877	0
155590	6878	0
155590	6879	0
155590	6880	0
155591	6875	0
155591	6876	0
155591	6877	0
155591	6878	0
155591	6879	0
155591	6880	0
155600	6563	0
155600	6564	1
155600	6565	0
155600	6566	1
155600	6567	2
155600	6568	0
155603	5196	0
155603	5197	0
155603	5198	0
155603	5199	0
155603	5200	1
155603	5201	1
155606	5166	0
155606	5167	0
155606	5168	2
155606	5169	0
155606	5170	0
155606	5171	0
155616	4884	0
155616	4885	0
155616	4886	0
155616	4887	0
155616	4888	0
155616	4889	0
155617	7155	0
155617	7156	0
155617	7157	0
155617	7158	0
155617	7159	0
155617	7160	0
155633	6503	0
155633	6504	0
155633	6505	0
155633	6506	0
155633	6507	0
155633	6508	0
155635	2973	0
155635	2974	1
155635	2975	0
155635	2976	0
155636	2973	0
155636	2974	0
155636	2975	0
155636	2976	2
155637	2973	1
155637	2974	0
155637	2975	1
155637	2976	1
155653	4968	0
155653	4969	1
155653	4970	0
155653	4971	0
155653	4972	0
155653	4973	0
155654	5886	0
155654	5887	0
155654	5888	1
155654	5889	1
155654	5890	0
155654	5891	1
155655	5166	0
155655	5167	0
155655	5168	1
155655	5169	0
155655	5170	0
155655	5171	0
155661	7323	0
155661	7324	0
155661	7325	0
155661	7326	3
155661	7327	5
155661	7328	3
155662	7323	1
155662	7324	0
155662	7325	0
155662	7326	0
155662	7327	1
155662	7328	0
155663	7323	0
155663	7324	0
155663	7325	0
155663	7326	0
155663	7327	0
155663	7328	0
155668	3789	2
155668	3790	2
155668	3791	0
155668	3792	0
155668	3793	0
155668	3794	1
155669	3789	0
155669	3790	0
155669	3791	0
155669	3792	0
155669	3793	0
155669	3794	0
155670	3789	0
155670	3790	0
155670	3791	0
155670	3792	0
155670	3793	0
155670	3794	0
155784	6605	0
155784	6606	0
155784	6607	0
155784	6608	0
155784	6609	0
155784	6610	0
155795	5790	0
155795	5791	0
155795	5792	0
155795	5793	0
155795	5794	0
155795	5795	0
155796	5790	0
155796	5791	0
155796	5792	0
155796	5793	0
155796	5794	0
155796	5795	0
155797	6851	0
155797	6852	0
155797	6853	0
155797	6854	0
155797	6855	0
155797	6856	0
155798	6851	0
155798	6852	0
155798	6853	0
155798	6854	2
155798	6855	0
155798	6856	0
155799	5832	0
155799	5833	0
155799	5834	0
155799	5835	0
155799	5836	0
155799	5837	0
155800	5832	0
155800	5833	0
155800	5834	0
155800	5835	0
155800	5836	1
155800	5837	0
155809	3105	0
155809	3106	1
155809	3107	0
155809	3108	1
155809	3109	0
155809	3110	0
155810	6923	1
155810	6924	0
155810	6925	0
155810	6926	0
155810	6927	0
155810	6928	0
155814	6923	0
155814	6924	0
155814	6925	0
155814	6926	3
155814	6927	0
155814	6928	0
155824	3105	0
155824	3106	1
155824	3107	0
155824	3108	0
155824	3109	0
155824	3110	2
155830	6631	0
155830	6632	0
155830	6633	0
155830	6634	0
155830	6635	0
155830	6636	0
155837	6631	0
155837	6632	0
155837	6633	0
155837	6634	0
155837	6635	0
155837	6636	2
155846	4092	0
155846	4093	0
155846	4094	0
155846	4095	0
155846	4096	0
155846	4097	0
155868	6613	0
155868	6614	0
155868	6615	0
155868	6616	0
155868	6617	0
155868	6618	0
155881	6613	0
155881	6614	0
155881	6615	0
155881	6616	0
155881	6617	0
155881	6618	0
155884	6613	0
155884	6614	0
155884	6615	0
155884	6616	1
155884	6617	0
155884	6618	0
155887	3831	1
155887	3832	0
155887	3833	1
155887	3834	0
155887	3835	0
155887	3836	0
155895	3831	0
155895	3832	0
155895	3833	0
155895	3834	0
155895	3835	0
155895	3836	0
155965	3831	1
155965	3832	0
155965	3833	1
155965	3834	0
155965	3835	0
155965	3836	0
155966	3831	1
155966	3832	0
155966	3833	0
155966	3834	0
155966	3835	0
155966	3836	0
156073	5790	0
156073	5791	0
156073	5792	0
156073	5793	0
156073	5794	0
156073	5795	0
156074	5832	0
156074	5833	0
156074	5834	0
156074	5835	0
156074	5836	0
156074	5837	0
156078	3519	0
156078	3520	0
156078	3521	0
156078	3522	2
156078	3523	2
156078	3524	2
156333	7323	0
156333	7324	0
156333	7325	0
156333	7326	3
156333	7327	5
156333	7328	3
156334	7323	1
156334	7324	0
156334	7325	0
156334	7326	0
156334	7327	1
156334	7328	0
156335	7323	0
156335	7324	0
156335	7325	0
156335	7326	0
156335	7327	0
156335	7328	0
156342	7508	2
156342	7509	0
156342	7510	0
156342	7511	0
156342	7512	0
156342	7513	0
156343	7508	0
156343	7509	0
156343	7510	0
156343	7511	0
156343	7512	0
156343	7513	0
156344	7508	0
156344	7509	0
156344	7510	0
156344	7511	0
156344	7512	0
156344	7513	0
156345	6503	0
156345	6504	0
156345	6505	2
156345	6506	0
156345	6507	0
156345	6508	0
156346	6503	0
156346	6504	0
156346	6505	0
156346	6506	0
156346	6507	0
156346	6508	0
156347	6503	0
156347	6504	0
156347	6505	0
156347	6506	0
156347	6507	0
156347	6508	0
156348	6605	0
156348	6606	0
156348	6607	0
156348	6608	0
156348	6609	0
156348	6610	0
156349	6605	0
156349	6606	0
156349	6607	0
156349	6608	0
156349	6609	1
156349	6610	0
156350	6605	0
156350	6606	0
156350	6607	0
156350	6608	0
156350	6609	0
156350	6610	0
156364	5994	1
156364	5995	1
156364	5996	0
156364	5997	0
156364	5998	0
156364	5999	1
156365	5994	0
156365	5995	0
156365	5996	0
156365	5997	0
156365	5998	0
156365	5999	0
156366	5994	0
156366	5995	0
156366	5996	0
156366	5997	0
156366	5998	0
156366	5999	0
156367	4321	0
156367	4322	0
156367	4323	0
156367	4324	4
156367	4325	0
156367	4326	0
156368	4321	0
156368	4322	1
156368	4323	0
156368	4324	2
156368	4325	0
156368	4326	0
156369	4321	0
156369	4322	0
156369	4323	0
156369	4324	2
156369	4325	0
156369	4326	0
156370	5190	0
156370	5191	0
156370	5192	0
156370	5193	0
156370	5194	0
156370	5195	0
156423	4962	0
156423	4963	0
156423	4964	0
156423	4965	0
156423	4966	0
156423	4967	0
156424	6114	0
156424	6115	0
156424	6116	0
156424	6117	0
156424	6118	0
156424	6119	0
156425	6114	0
156425	6115	0
156425	6116	0
156425	6117	0
156425	6118	0
156425	6119	0
156426	4962	0
156426	4963	0
156426	4964	0
156426	4965	1
156426	4966	0
156426	4967	0
156427	6114	0
156427	6115	1
156427	6116	0
156427	6117	0
156427	6118	0
156427	6119	0
156428	4962	0
156428	4963	0
156428	4964	0
156428	4965	0
156428	4966	0
156428	4967	0
156438	6593	0
156438	6594	1
156438	6595	0
156438	6596	0
156438	6597	0
156438	6598	0
156439	6593	0
156439	6594	1
156439	6595	0
156439	6596	0
156439	6597	0
156439	6598	0
156440	6593	0
156440	6594	0
156440	6595	0
156440	6596	0
156440	6597	1
156440	6598	0
156450	7377	0
156450	7378	0
156450	7379	0
156450	7380	0
156450	7381	0
156450	7382	0
156454	7377	0
156454	7378	0
156454	7379	0
156454	7380	0
156454	7381	0
156454	7382	0
156462	7377	0
156462	7378	0
156462	7379	0
156462	7380	0
156462	7381	0
156462	7382	0
156545	6797	0
156545	6798	0
156545	6799	1
156545	6800	1
156545	6801	0
156545	6802	0
156546	6797	1
156546	6798	0
156546	6799	2
156546	6800	0
156546	6801	0
156546	6802	0
156547	6797	0
156547	6798	0
156547	6799	0
156547	6800	1
156547	6801	1
156547	6802	0
156551	4647	0
156551	4648	0
156551	4649	0
156551	4650	0
156551	4651	0
156551	4652	0
156552	4647	0
156552	4648	0
156552	4649	0
156552	4650	0
156552	4651	0
156552	4652	1
156553	4647	0
156553	4648	0
156553	4649	0
156553	4650	0
156553	4651	0
156553	4652	0
156554	4968	1
156554	4969	0
156554	4970	0
156554	4971	0
156554	4972	0
156554	4973	0
156555	5886	0
156555	5887	0
156555	5888	1
156555	5889	2
156555	5890	0
156555	5891	1
156556	7155	0
156556	7156	0
156556	7157	0
156556	7158	0
156556	7159	0
156556	7160	0
156557	4884	0
156557	4885	0
156557	4886	0
156557	4887	1
156557	4888	0
156557	4889	0
156558	6563	1
156558	6564	0
156558	6565	0
156558	6566	0
156558	6567	0
156558	6568	1
156559	5196	0
156559	5197	0
156559	5198	0
156559	5199	0
156559	5200	1
156559	5201	1
156560	4968	1
156560	4969	0
156560	4970	0
156560	4971	1
156560	4972	0
156560	4973	0
156561	5886	0
156561	5887	1
156561	5888	1
156561	5889	1
156561	5890	0
156561	5891	2
156562	7155	0
156562	7156	0
156562	7157	0
156562	7158	0
156562	7159	0
156562	7160	0
156563	6563	0
156563	6564	0
156563	6565	1
156563	6566	0
156563	6567	2
156563	6568	1
156564	5196	0
156564	5197	0
156564	5198	0
156564	5199	1
156564	5200	0
156564	5201	0
156565	4884	0
156565	4885	0
156565	4886	0
156565	4887	0
156565	4888	0
156565	4889	0
156566	4968	0
156566	4969	1
156566	4970	0
156566	4971	0
156566	4972	0
156566	4973	0
156567	5886	0
156567	5887	0
156567	5888	1
156567	5889	1
156567	5890	0
156567	5891	1
156568	4884	0
156568	4885	0
156568	4886	0
156568	4887	0
156568	4888	0
156568	4889	0
156569	7155	0
156569	7156	0
156569	7157	0
156569	7158	0
156569	7159	0
156569	7160	0
156570	5196	0
156570	5197	0
156570	5198	0
156570	5199	0
156570	5200	1
156570	5201	1
156571	6563	0
156571	6564	1
156571	6565	0
156571	6566	1
156571	6567	2
156571	6568	0
156575	5166	0
156575	5167	0
156575	5168	0
156575	5169	0
156575	5170	0
156575	5171	0
156576	5166	0
156576	5167	0
156576	5168	2
156576	5169	0
156576	5170	0
156576	5171	0
156577	5166	0
156577	5167	0
156577	5168	1
156577	5169	0
156577	5170	0
156577	5171	0
156584	2750	2
156584	2751	0
156584	2752	1
156584	2753	0
156584	2754	0
156584	2755	0
156585	5058	0
156585	5059	0
156585	5060	0
156585	5061	1
156585	5062	0
156585	5063	0
156586	2750	0
156586	2751	0
156586	2752	0
156586	2753	0
156586	2754	0
156586	2755	0
156587	5058	0
156587	5059	0
156587	5060	0
156587	5061	0
156587	5062	0
156587	5063	0
156588	5058	0
156588	5059	1
156588	5060	2
156588	5061	0
156588	5062	1
156588	5063	1
156589	2750	0
156589	2751	1
156589	2752	0
156589	2753	0
156589	2754	0
156589	2755	0
156604	4764	1
156604	4765	0
156604	4766	1
156604	4767	0
156604	4768	0
156604	4769	0
156605	4764	0
156605	4765	1
156605	4766	3
156605	4767	0
156605	4768	2
156605	4769	0
156606	4764	2
156606	4765	0
156606	4766	0
156606	4767	1
156606	4768	0
156606	4769	0
156648	2973	0
156648	2974	1
156648	2975	0
156648	2976	0
156649	2973	0
156649	2974	0
156649	2975	0
156649	2976	2
156650	2973	1
156650	2974	0
156650	2975	1
156650	2976	1
156669	6875	0
156669	6876	1
156669	6877	0
156669	6878	0
156669	6879	1
156669	6880	0
156670	6875	0
156670	6876	0
156670	6877	0
156670	6878	0
156670	6879	0
156670	6880	0
156671	6875	0
156671	6876	0
156671	6877	0
156671	6878	0
156671	6879	0
156671	6880	0
156672	3789	2
156672	3790	2
156672	3791	0
156672	3792	0
156672	3793	0
156672	3794	1
156673	3789	0
156673	3790	0
156673	3791	0
156673	3792	0
156673	3793	0
156673	3794	0
156674	3789	0
156674	3790	0
156674	3791	0
156674	3792	0
156674	3793	0
156674	3794	0
156675	6613	0
156675	6614	0
156675	6615	0
156675	6616	0
156675	6617	0
156675	6618	0
156676	6613	0
156676	6614	0
156676	6615	0
156676	6616	0
156676	6617	0
156676	6618	0
156677	3831	1
156677	3832	0
156677	3833	0
156677	3834	0
156677	3835	0
156677	3836	0
156678	6613	0
156678	6614	0
156678	6615	0
156678	6616	1
156678	6617	0
156678	6618	0
156679	3831	0
156679	3832	0
156679	3833	0
156679	3834	0
156679	3835	0
156679	3836	0
156692	3519	0
156692	3520	0
156692	3521	0
156692	3522	0
156692	3523	1
156692	3524	1
156693	3519	2
156693	3520	1
156693	3521	0
156693	3522	0
156693	3523	0
156693	3524	1
156694	3519	0
156694	3520	0
156694	3521	0
156694	3522	2
156694	3523	2
156694	3524	2
156741	3933	0
156741	3934	0
156741	3935	0
156741	3936	0
156741	3937	0
156741	3938	0
156742	3933	0
156742	3934	0
156742	3935	1
156742	3936	0
156742	3937	0
156742	3938	0
156757	4227	1
156757	4228	1
156757	4229	0
156757	4230	0
156757	4231	0
156757	4232	0
156776	4521	1
156776	4522	0
156776	4523	1
156776	4524	0
156776	4525	1
156776	4526	1
156777	4521	0
156777	4522	0
156777	4523	0
156777	4524	0
156777	4525	0
156777	4526	2
156778	4521	0
156778	4522	0
156778	4523	0
156778	4524	1
156778	4525	0
156778	4526	0
156794	4521	1
156794	4522	0
156794	4523	1
156794	4524	0
156794	4525	1
156794	4526	1
156795	4521	0
156795	4522	0
156795	4523	0
156795	4524	0
156795	4525	0
156795	4526	2
156796	4521	0
156796	4522	0
156796	4523	0
156796	4524	1
156796	4525	0
156796	4526	0
156830	3357	0
156830	3358	0
156830	3359	0
156830	3360	0
156830	3361	0
156830	3362	1
156831	3357	0
156831	3358	0
156831	3359	0
156831	3360	0
156831	3361	0
156831	3362	0
156853	6048	1
156853	6049	0
156853	6050	1
156853	6051	0
156853	6052	1
156853	6053	0
156854	6048	1
156854	6049	0
156854	6050	1
156854	6051	0
156854	6052	0
156854	6053	0
156855	6048	0
156855	6049	0
156855	6050	0
156855	6051	0
156855	6052	0
156855	6053	0
156859	5724	1
156859	5725	0
156859	5726	0
156859	5727	0
156859	5728	0
156859	5729	0
156860	4740	0
156860	4741	0
156860	4742	0
156860	4743	0
156860	4744	0
156860	4745	2
156861	4740	2
156861	4741	2
156861	4742	3
156861	4743	3
156861	4744	0
156861	4745	0
156862	5724	0
156862	5725	0
156862	5726	0
156862	5727	0
156862	5728	0
156862	5729	0
156863	5724	0
156863	5725	0
156863	5726	0
156863	5727	0
156863	5728	0
156863	5729	0
156865	5363	0
156865	5364	0
156865	5365	2
156865	5366	0
156865	5367	1
156865	5368	0
156866	5363	0
156866	5364	0
156866	5365	0
156866	5366	0
156866	5367	0
156866	5368	1
156867	5363	1
156867	5364	0
156867	5365	0
156867	5366	0
156867	5367	0
156867	5368	0
156930	4004	0
156930	4005	0
156930	4006	0
156930	4007	1
156930	4008	0
156930	4009	0
156937	2660	0
156937	2661	0
156937	2662	0
156937	2663	0
156937	2664	0
156937	2665	0
156957	4414	0
156957	4415	0
156957	4416	2
156957	4417	0
156957	4418	0
156957	4419	0
156958	4414	0
156958	4415	0
156958	4416	0
156958	4417	0
156958	4418	0
156958	4419	0
156959	4414	0
156959	4415	2
156959	4416	1
156959	4417	0
156959	4418	0
156959	4419	0
156960	5363	0
156960	5364	0
156960	5365	2
156960	5366	0
156960	5367	1
156960	5368	0
156961	5363	0
156961	5364	0
156961	5365	0
156961	5366	0
156961	5367	0
156961	5368	1
156962	5363	1
156962	5364	0
156962	5365	0
156962	5366	0
156962	5367	0
156962	5368	0
156963	4740	0
156963	4741	0
156963	4742	0
156963	4743	0
156963	4744	0
156963	4745	2
156964	4740	2
156964	4741	2
156964	4742	3
156964	4743	3
156964	4744	0
156964	4745	0
156976	4327	0
156976	4328	0
156976	4329	0
156976	4330	0
156976	4331	0
156976	4332	2
156983	7377	0
156983	7378	0
156983	7379	1
156983	7380	0
156983	7381	0
156983	7382	1
157005	2761	0
157005	2762	0
157005	2763	1
157005	2764	0
157005	2765	0
157005	2766	0
157006	6899	0
157006	6900	1
157006	6901	0
157006	6902	0
157006	6903	0
157006	6904	0
157007	2761	0
157007	2762	0
157007	2763	0
157007	2764	0
157007	2765	1
157007	2766	0
157008	6899	0
157008	6900	0
157008	6901	0
157008	6902	1
157008	6903	0
157008	6904	0
157072	2865	0
157072	2866	2
157072	2867	0
157072	2868	0
157072	2869	0
157072	2870	1
157073	2865	0
157073	2866	0
157073	2867	0
157073	2868	0
157073	2869	0
157073	2870	0
157074	2865	2
157074	2866	4
157074	2867	0
157074	2868	1
157074	2869	0
157074	2870	4
157105	2865	0
157105	2866	2
157105	2867	0
157105	2868	0
157105	2869	0
157105	2870	1
157106	2865	0
157106	2866	0
157106	2867	0
157106	2868	0
157106	2869	0
157106	2870	0
157107	2865	2
157107	2866	4
157107	2867	0
157107	2868	1
157107	2869	0
157107	2870	4
157171	3328	0
157171	3329	0
157171	3330	0
157171	3331	0
157171	3332	2
157171	3333	0
157172	3328	0
157172	3329	0
157172	3330	0
157172	3331	0
157172	3332	1
157172	3333	0
157173	3328	0
157173	3329	0
157173	3330	0
157173	3331	0
157173	3332	1
157173	3333	0
157182	2660	0
157182	2661	0
157182	2662	0
157182	2663	0
157182	2664	0
157182	2665	0
157302	6443	0
157302	6444	0
157302	6445	0
157302	6446	0
157302	6447	0
157302	6448	0
157306	4782	1
157306	4783	1
157306	4784	0
157306	4785	1
157306	4786	1
157306	4787	0
157307	4782	0
157307	4783	0
157307	4784	0
157307	4785	1
157307	4786	2
157307	4787	0
157308	4782	0
157308	4783	0
157308	4784	0
157308	4785	2
157308	4786	0
157308	4787	0
157316	6437	0
157316	6438	0
157316	6439	0
157316	6440	0
157316	6441	0
157316	6442	0
157321	7574	0
157321	7575	2
157321	7576	0
157321	7577	2
157321	7578	2
157321	7579	2
157340	6360	0
157340	6361	0
157340	6362	0
157340	6363	0
157340	6364	0
157340	6365	0
157343	3322	0
157343	3323	0
157343	3324	0
157343	3325	0
157343	3326	0
157343	3327	0
157345	3609	0
157345	3610	0
157345	3611	0
157345	3612	0
157345	3613	0
157345	3614	0
157372	5934	0
157372	5935	0
157372	5936	0
157372	5937	0
157372	5938	2
157372	5939	0
157381	7263	0
157381	7264	0
157381	7265	0
157381	7266	0
157381	7267	0
157381	7268	0
157389	7676	0
157389	7677	0
157389	7678	0
157389	7679	0
157389	7680	1
157389	7681	0
157409	6437	0
157409	6438	0
157409	6439	1
157409	6440	1
157409	6441	0
157409	6442	0
157410	3322	0
157410	3323	0
157410	3324	0
157410	3325	0
157410	3326	0
157410	3327	0
157426	7574	0
157426	7575	1
157426	7576	2
157426	7577	1
157426	7578	0
157426	7579	0
157427	5934	1
157427	5935	0
157427	5936	0
157427	5937	0
157427	5938	2
157427	5939	0
157467	7676	0
157467	7677	1
157467	7678	0
157467	7679	0
157467	7680	0
157467	7681	1
157473	7263	0
157473	7264	0
157473	7265	0
157473	7266	0
157473	7267	0
157473	7268	0
157503	6443	0
157503	6444	0
157503	6445	0
157503	6446	0
157503	6447	0
157503	6448	0
157504	6443	0
157504	6444	0
157504	6445	0
157504	6446	0
157504	6447	0
157504	6448	0
157506	7203	1
157506	7204	0
157506	7205	0
157506	7206	1
157506	7207	0
157506	7208	1
157507	7203	1
157507	7204	0
157507	7205	0
157507	7206	1
157507	7207	0
157507	7208	1
157519	6437	0
157519	6438	0
157519	6439	0
157519	6440	0
157519	6441	0
157519	6442	0
157532	3609	0
157532	3610	0
157532	3611	0
157532	3612	0
157532	3613	0
157532	3614	0
157533	6360	0
157533	6361	0
157533	6362	0
157533	6363	0
157533	6364	0
157533	6365	0
157534	2797	0
157534	2798	0
157534	2799	4
157534	2800	0
157534	2801	0
157534	2802	0
157535	2797	0
157535	2798	1
157535	2799	0
157535	2800	0
157535	2801	0
157535	2802	0
157536	2797	0
157536	2798	0
157536	2799	0
157536	2800	0
157536	2801	0
157536	2802	0
157537	5934	1
157537	5935	0
157537	5936	0
157537	5937	0
157537	5938	0
157537	5939	0
157544	3609	0
157544	3610	0
157544	3611	0
157544	3612	0
157544	3613	0
157544	3614	0
157546	7263	0
157546	7264	0
157546	7265	0
157546	7266	0
157546	7267	0
157546	7268	0
157559	6312	0
157559	6313	0
157559	6314	0
157559	6315	0
157559	6316	0
157559	6317	0
157560	6312	3
157560	6313	0
157560	6314	0
157560	6315	0
157560	6316	1
157560	6317	2
157561	6360	0
157561	6361	0
157561	6362	0
157561	6363	0
157561	6364	0
157561	6365	0
157566	3322	1
157566	3323	0
157566	3324	0
157566	3325	0
157566	3326	0
157566	3327	0
157609	7574	0
157609	7575	2
157609	7576	0
157609	7577	1
157609	7578	1
157609	7579	2
157634	7437	1
157634	7438	0
157634	7439	1
157634	7440	0
157634	7441	0
157634	7442	0
157635	7437	0
157635	7438	0
157635	7439	0
157635	7440	0
157635	7441	0
157635	7442	0
157636	7437	0
157636	7438	0
157636	7439	0
157636	7440	0
157636	7441	0
157636	7442	0
157650	6228	2
157650	6229	0
157650	6230	0
157650	6231	1
157650	6232	0
157650	6233	1
157651	6989	0
157651	6990	0
157651	6991	0
157651	6992	0
157651	6993	0
157651	6994	0
157652	4378	0
157652	4379	0
157652	4380	2
157652	4381	0
157652	4382	2
157652	4383	1
157655	7466	0
157655	7467	0
157655	7468	0
157655	7469	0
157655	7470	0
157655	7471	1
157656	6905	0
157656	6906	0
157656	6907	1
157656	6908	1
157656	6909	3
157656	6910	0
157657	6318	0
157657	6319	1
157657	6320	0
157657	6321	1
157657	6322	1
157657	6323	1
157658	6222	0
157658	6223	0
157658	6224	0
157658	6225	0
157658	6226	0
157658	6227	0
157659	6228	2
157659	6229	2
157659	6230	1
157659	6231	0
157659	6232	0
157659	6233	0
157660	6989	0
157660	6990	0
157660	6991	0
157660	6992	1
157660	6993	0
157660	6994	0
157661	4378	1
157661	4379	0
157661	4380	1
157661	4381	1
157661	4382	0
157661	4383	0
157662	6318	0
157662	6319	2
157662	6320	0
157662	6321	0
157662	6322	0
157662	6323	1
157663	6905	0
157663	6906	0
157663	6907	0
157663	6908	0
157663	6909	1
157663	6910	0
157664	6222	1
157664	6223	0
157664	6224	2
157664	6225	0
157664	6226	0
157664	6227	0
157673	7466	0
157673	7467	0
157673	7468	0
157673	7469	0
157673	7470	0
157673	7471	2
157674	6228	1
157674	6229	0
157674	6230	2
157674	6231	0
157674	6232	0
157674	6233	0
157676	4378	0
157676	4379	0
157676	4380	1
157676	4381	1
157676	4382	0
157676	4383	0
157679	7466	0
157679	7467	0
157679	7468	0
157679	7469	0
157679	7470	0
157679	7471	1
157680	6318	0
157680	6319	1
157680	6320	0
157680	6321	1
157680	6322	0
157680	6323	1
157681	6222	1
157681	6223	0
157681	6224	1
157681	6225	0
157681	6226	1
157681	6227	1
157705	3603	0
157705	3604	1
157705	3605	1
157705	3606	1
157705	3607	0
157705	3608	1
157706	3603	0
157706	3604	0
157706	3605	0
157706	3606	0
157706	3607	0
157706	3608	1
157707	3603	0
157707	3604	1
157707	3605	0
157707	3606	0
157707	3607	0
157707	3608	0
157711	4788	0
157711	4789	0
157711	4790	1
157711	4791	0
157711	4792	0
157711	4793	0
157712	4788	0
157712	4789	0
157712	4790	0
157712	4791	0
157712	4792	0
157712	4793	0
157713	4788	2
157713	4789	0
157713	4790	0
157713	4791	0
157713	4792	0
157713	4793	0
157716	4986	0
157716	4987	1
157716	4988	0
157716	4989	0
157716	4990	0
157716	4991	0
157718	4986	0
157718	4987	0
157718	4988	0
157718	4989	0
157718	4990	0
157718	4991	0
157719	4986	0
157719	4987	0
157719	4988	0
157719	4989	0
157719	4990	0
157719	4991	0
157724	5826	0
157724	5827	0
157724	5828	0
157724	5829	0
157724	5830	0
157724	5831	0
157725	5826	1
157725	5827	1
157725	5828	0
157725	5829	0
157725	5830	0
157725	5831	0
157726	5826	0
157726	5827	0
157726	5828	0
157726	5829	1
157726	5830	0
157726	5831	0
157737	2907	0
157737	2908	0
157737	2909	0
157737	2910	0
157737	2911	0
157737	2912	0
157738	2907	0
157738	2908	0
157738	2909	0
157738	2910	0
157738	2911	0
157738	2912	0
157739	2907	0
157739	2908	1
157739	2909	0
157739	2910	0
157739	2911	0
157739	2912	0
157740	2767	0
157740	2768	1
157740	2769	0
157740	2770	0
157740	2771	0
157740	2772	0
157741	2767	0
157741	2768	0
157741	2769	0
157741	2770	0
157741	2771	0
157741	2772	0
157742	2767	0
157742	2768	0
157742	2769	0
157742	2770	0
157742	2771	0
157742	2772	0
157743	7073	1
157743	7074	0
157743	7075	0
157743	7076	0
157743	7077	1
157743	7078	0
157744	7073	0
157744	7074	1
157744	7075	0
157744	7076	0
157744	7077	0
157744	7078	0
157745	7073	0
157745	7074	0
157745	7075	0
157745	7076	0
157745	7077	2
157745	7078	1
157748	2756	1
157748	2757	0
157748	2758	0
157748	2759	0
157748	2760	0
157750	2756	0
157750	2757	0
157750	2758	0
157750	2759	0
157750	2760	0
157752	2756	3
157752	2757	0
157752	2758	0
157752	2759	0
157752	2760	1
157883	7574	0
157883	7575	2
157883	7576	0
157883	7577	2
157883	7578	2
157883	7579	2
157884	7574	0
157884	7575	1
157884	7576	2
157884	7577	1
157884	7578	0
157884	7579	0
157885	7574	0
157885	7575	2
157885	7576	0
157885	7577	1
157885	7578	1
157885	7579	2
157892	5934	0
157892	5935	0
157892	5936	0
157892	5937	0
157892	5938	2
157892	5939	0
157893	5934	1
157893	5935	0
157893	5936	0
157893	5937	0
157893	5938	2
157893	5939	0
157894	5934	1
157894	5935	0
157894	5936	0
157894	5937	0
157894	5938	0
157894	5939	0
157901	6443	0
157901	6444	0
157901	6445	0
157901	6446	0
157901	6447	0
157901	6448	0
157902	6443	0
157902	6444	0
157902	6445	0
157902	6446	0
157902	6447	0
157902	6448	0
157903	6443	0
157903	6444	0
157903	6445	0
157903	6446	0
157903	6447	0
157903	6448	0
158646	3603	0
158646	3604	1
158646	3605	1
158646	3606	1
158646	3607	0
158646	3608	1
158647	3603	0
158647	3604	0
158647	3605	0
158647	3606	0
158647	3607	0
158647	3608	1
158648	3603	0
158648	3604	1
158648	3605	0
158648	3606	0
158648	3607	0
158648	3608	0
159006	3357	0
159006	3358	0
159006	3359	0
159006	3360	0
159006	3361	0
159006	3362	1
159007	3357	0
159007	3358	0
159007	3359	0
159007	3360	0
159007	3361	0
159007	3362	0
159181	4327	0
159181	4328	0
159181	4329	0
159181	4330	0
159181	4331	0
159181	4332	2
159259	4333	0
159259	4334	0
159259	4335	1
159259	4336	0
159259	4337	1
159263	7144	0
159263	7145	0
159263	7146	0
159263	7147	0
159263	7148	0
159263	7149	2
159341	7245	1
159341	7246	0
159341	7247	0
159341	7248	0
159341	7249	0
159341	7250	1
159400	5802	0
159400	5803	0
159400	5804	0
159400	5805	0
159400	5806	0
159400	5807	0
159401	5802	1
159401	5803	0
159401	5804	0
159401	5805	0
159401	5806	0
159401	5807	0
159412	4333	0
159412	4334	0
159412	4335	1
159412	4336	0
159412	4337	0
159445	3063	1
159445	3064	0
159445	3065	1
159445	3066	1
159445	3067	1
159445	3068	0
159464	6114	0
159464	6115	0
159464	6116	0
159464	6117	0
159464	6118	0
159464	6119	0
159465	6114	0
159465	6115	1
159465	6116	0
159465	6117	1
159465	6118	0
159465	6119	0
159519	7144	0
159519	7145	0
159519	7146	0
159519	7147	0
159519	7148	0
159519	7149	0
159556	5802	0
159556	5803	0
159556	5804	1
159556	5805	0
159556	5806	0
159556	5807	0
159560	4333	0
159560	4334	0
159560	4335	0
159560	4336	0
159560	4337	0
159580	3063	0
159580	3064	0
159580	3065	1
159580	3066	0
159580	3067	0
159580	3068	1
159606	6114	0
159606	6115	0
159606	6116	0
159606	6117	0
159606	6118	0
159606	6119	0
159612	7245	0
159612	7246	0
159612	7247	0
159612	7248	0
159612	7249	2
159612	7250	0
159614	7245	0
159614	7246	0
159614	7247	0
159614	7248	0
159614	7249	0
159614	7250	0
159638	6707	0
159638	6708	0
159638	6709	0
159638	6710	0
159638	6711	2
159638	6712	0
159639	6707	0
159639	6708	1
159639	6709	0
159639	6710	1
159639	6711	0
159639	6712	0
159640	6707	2
159640	6708	0
159640	6709	0
159640	6710	1
159640	6711	0
159640	6712	1
159658	3063	0
159658	3064	0
159658	3065	0
159658	3066	0
159658	3067	1
159658	3068	0
159681	4723	1
159681	4724	0
159681	4725	0
159681	4726	0
159681	4727	0
159681	4728	0
159682	6372	1
159682	6373	0
159682	6374	2
159682	6375	1
159682	6376	1
159682	6377	2
159683	4723	5
159683	4724	0
159683	4725	0
159683	4726	0
159683	4727	1
159683	4728	0
159694	7341	0
159694	7342	0
159694	7343	0
159694	7344	0
159694	7345	1
159694	7346	0
159716	4998	1
159716	4999	2
159716	5000	0
159716	5001	0
159716	5002	0
159716	5003	0
159717	4998	1
159717	4999	0
159717	5000	0
159717	5001	0
159717	5002	1
159717	5003	0
159718	4998	0
159718	4999	0
159718	5000	0
159718	5001	0
159718	5002	1
159718	5003	0
159719	2807	1
159719	2808	0
159719	2809	1
159719	2810	0
159719	2811	0
159719	2812	0
159720	2807	0
159720	2808	0
159720	2809	0
159720	2810	0
159720	2811	0
159720	2812	0
159819	6264	0
159819	6265	0
159819	6266	0
159819	6267	0
159819	6268	0
159819	6269	0
159820	6264	0
159820	6265	1
159820	6266	0
159820	6267	0
159820	6268	0
159820	6269	0
159828	7341	0
159828	7342	0
159828	7343	0
159828	7344	0
159828	7345	0
159828	7346	0
159829	7341	0
159829	7342	0
159829	7343	0
159829	7344	0
159829	7345	0
159829	7346	0
159840	5868	0
159840	5869	0
159840	5870	1
159840	5871	0
159840	5872	0
159840	5873	0
159855	4321	0
159855	4322	0
159855	4323	0
159855	4324	0
159855	4325	0
159855	4326	2
159856	4321	0
159856	4322	0
159856	4323	0
159856	4324	1
159856	4325	0
159856	4326	0
159858	5190	0
159858	5191	0
159858	5192	0
159858	5193	0
159858	5194	0
159858	5195	0
159859	5190	0
159859	5191	0
159859	5192	0
159859	5193	0
159859	5194	0
159859	5195	0
159860	5190	0
159860	5191	0
159860	5192	0
159860	5193	2
159860	5194	0
159860	5195	0
159873	4908	0
159873	4909	0
159873	4910	0
159873	4911	0
159873	4912	0
159873	4913	0
159874	4908	0
159874	4909	1
159874	4910	1
159874	4911	0
159874	4912	0
159874	4913	0
159875	4908	0
159875	4909	0
159875	4910	0
159875	4911	0
159875	4912	0
159875	4913	0
159876	4908	0
159876	4909	0
159876	4910	0
159876	4911	0
159876	4912	0
159876	4913	1
159877	4818	1
159877	4819	0
159877	4820	0
159877	4821	0
159877	4822	0
159877	4823	0
159878	4818	0
159878	4819	0
159878	4820	0
159878	4821	0
159878	4822	0
159878	4823	0
159879	4818	0
159879	4819	0
159879	4820	0
159879	4821	0
159879	4822	0
159879	4823	0
159882	4092	0
159882	4093	0
159882	4094	0
159882	4095	0
159882	4096	0
159882	4097	0
160143	4227	0
160143	4228	0
160143	4229	0
160143	4230	1
160143	4231	0
160143	4232	0
160145	6503	0
160145	6504	0
160145	6505	0
160145	6506	0
160145	6507	0
160145	6508	0
160148	2660	0
160148	2661	0
160148	2662	0
160148	2663	0
160148	2664	0
160148	2665	1
160149	2973	0
160149	2974	0
160149	2975	0
160149	2976	0
160153	6797	0
160153	6798	0
160153	6799	1
160153	6800	0
160153	6801	0
160153	6802	0
160156	4004	0
160156	4005	1
160156	4006	0
160156	4007	0
160156	4008	0
160156	4009	0
160161	4647	0
160161	4648	0
160161	4649	0
160161	4650	0
160161	4651	1
160161	4652	0
160171	6593	0
160171	6594	0
160171	6595	0
160171	6596	0
160171	6597	0
160171	6598	0
160183	6923	0
160183	6924	1
160183	6925	0
160183	6926	1
160183	6927	0
160183	6928	1
160194	3328	0
160194	3329	0
160194	3330	0
160194	3331	1
160194	3332	1
160194	3333	0
160195	3328	0
160195	3329	0
160195	3330	0
160195	3331	0
160195	3332	2
160195	3333	0
160197	5790	0
160197	5791	0
160197	5792	2
160197	5793	0
160197	5794	0
160197	5795	0
160200	3328	0
160200	3329	0
160200	3330	0
160200	3331	0
160200	3332	0
160200	3333	0
160201	7389	0
160201	7390	0
160201	7391	0
160201	7392	0
160201	7393	0
160201	7394	0
160205	6959	0
160205	6960	0
160205	6961	0
160205	6962	0
160205	6963	1
160205	6964	0
160206	6959	0
160206	6960	0
160206	6961	0
160206	6962	0
160206	6963	2
160206	6964	0
160207	4764	0
160207	4765	0
160207	4766	0
160207	4767	0
160207	4768	1
160207	4769	1
160208	2660	0
160208	2661	0
160208	2662	0
160208	2663	0
160208	2664	1
160208	2665	0
160211	4647	0
160211	4648	0
160211	4649	0
160211	4650	0
160211	4651	0
160211	4652	0
160212	4004	0
160212	4005	1
160212	4006	0
160212	4007	0
160212	4008	0
160212	4009	0
160254	3519	0
160254	3520	0
160254	3521	1
160254	3522	0
160254	3523	0
160254	3524	0
160255	7377	0
160255	7378	0
160255	7379	0
160255	7380	0
160255	7381	0
160255	7382	0
160257	4884	0
160257	4885	0
160257	4886	0
160257	4887	1
160257	4888	0
160257	4889	0
160258	4968	0
160258	4969	1
160258	4970	0
160258	4971	1
160258	4972	0
160258	4973	0
160261	4968	0
160261	4969	1
160261	4970	1
160261	4971	0
160261	4972	0
160261	4973	1
160264	4884	0
160264	4885	0
160264	4886	0
160264	4887	0
160264	4888	0
160264	4889	0
160268	5994	0
160268	5995	1
160268	5996	2
160268	5997	1
160268	5998	0
160268	5999	0
160269	6503	0
160269	6504	0
160269	6505	0
160269	6506	0
160269	6507	0
160269	6508	0
160276	6797	0
160276	6798	0
160276	6799	3
160276	6800	0
160276	6801	0
160276	6802	0
160287	4764	1
160287	4765	3
160287	4766	1
160287	4767	0
160287	4768	0
160287	4769	0
160291	7377	0
160291	7378	0
160291	7379	0
160291	7380	0
160291	7381	0
160291	7382	0
160295	6048	0
160295	6049	0
160295	6050	0
160295	6051	0
160295	6052	1
160295	6053	0
160296	6048	0
160296	6049	0
160296	6050	0
160296	6051	0
160296	6052	0
160296	6053	0
160297	6461	1
160297	6462	0
160297	6463	1
160297	6464	0
160297	6465	0
160297	6466	0
160298	6461	1
160298	6462	0
160298	6463	0
160298	6464	0
160298	6465	0
160298	6466	0
160299	4227	0
160299	4228	1
160299	4229	0
160299	4230	0
160299	4231	0
160299	4232	0
160300	5790	0
160300	5791	0
160300	5792	0
160300	5793	0
160300	5794	0
160300	5795	0
160318	2973	0
160318	2974	0
160318	2975	0
160318	2976	0
160320	4782	0
160320	4783	0
160320	4784	0
160320	4785	0
160320	4786	0
160320	4787	0
160321	4782	0
160321	4783	0
160321	4784	0
160321	4785	0
160321	4786	0
160321	4787	0
160322	5994	0
160322	5995	1
160322	5996	0
160322	5997	0
160322	5998	0
160322	5999	0
160343	2660	0
160343	2661	0
160343	2662	0
160343	2663	0
160343	2664	0
160343	2665	0
160348	6875	0
160348	6876	0
160348	6877	0
160348	6878	0
160348	6879	0
160348	6880	0
160349	6875	0
160349	6876	0
160349	6877	0
160349	6878	0
160349	6879	0
160349	6880	0
160350	6875	0
160350	6876	0
160350	6877	0
160350	6878	0
160350	6879	0
160350	6880	0
160354	4004	0
160354	4005	0
160354	4006	0
160354	4007	0
160354	4008	0
160354	4009	0
160359	6593	0
160359	6594	0
160359	6595	0
160359	6596	0
160359	6597	0
160359	6598	0
160361	4764	0
160361	4765	0
160361	4766	0
160361	4767	0
160361	4768	0
160361	4769	0
160363	4740	0
160363	4741	0
160363	4742	2
160363	4743	3
160363	4744	0
160363	4745	0
160364	4740	0
160364	4741	0
160364	4742	0
160364	4743	2
160364	4744	1
160364	4745	0
160366	7676	0
160366	7677	1
160366	7678	0
160366	7679	0
160366	7680	0
160366	7681	0
160368	6797	0
160368	6798	0
160368	6799	1
160368	6800	0
160368	6801	0
160368	6802	0
160369	4227	0
160369	4228	0
160369	4229	0
160369	4230	0
160369	4231	0
160369	4232	0
160371	4740	1
160371	4741	0
160371	4742	1
160371	4743	3
160371	4744	1
160371	4745	0
160377	4521	1
160377	4522	0
160377	4523	1
160377	4524	1
160377	4525	1
160377	4526	1
160378	4521	0
160378	4522	1
160378	4523	1
160378	4524	0
160378	4525	0
160378	4526	2
160379	4521	0
160379	4522	0
160379	4523	1
160379	4524	0
160379	4525	0
160379	4526	0
160380	4647	0
160380	4648	0
160380	4649	0
160380	4650	0
160380	4651	0
160380	4652	0
160381	7389	1
160381	7390	0
160381	7391	0
160381	7392	0
160381	7393	0
160381	7394	0
160386	4884	0
160386	4885	0
160386	4886	0
160386	4887	0
160386	4888	0
160386	4889	0
160387	4968	1
160387	4969	0
160387	4970	0
160387	4971	0
160387	4972	0
160387	4973	0
160400	5994	0
160400	5995	0
160400	5996	0
160400	5997	0
160400	5998	0
160400	5999	0
160401	4782	0
160401	4783	0
160401	4784	0
160401	4785	1
160401	4786	0
160401	4787	0
160403	5790	0
160403	5791	0
160403	5792	0
160403	5793	0
160403	5794	0
160403	5795	0
160409	3357	0
160409	3358	0
160409	3359	0
160409	3360	0
160409	3361	0
160409	3362	0
160410	3357	0
160410	3358	0
160410	3359	0
160410	3360	0
160410	3361	0
160410	3362	0
160427	3789	0
160427	3790	0
160427	3791	0
160427	3792	0
160427	3793	0
160427	3794	0
160430	3789	0
160430	3790	0
160430	3791	0
160430	3792	0
160430	3793	0
160430	3794	0
160431	3789	0
160431	3790	0
160431	3791	0
160431	3792	0
160431	3793	0
160431	3794	0
160432	7389	0
160432	7390	1
160432	7391	0
160432	7392	0
160432	7393	0
160432	7394	1
160435	6923	0
160435	6924	0
160435	6925	0
160435	6926	0
160435	6927	0
160435	6928	0
160436	6593	0
160436	6594	0
160436	6595	0
160436	6596	0
160436	6597	0
160436	6598	0
160453	3519	0
160453	3520	0
160453	3521	0
160453	3522	0
160453	3523	1
160453	3524	0
160455	3519	0
160455	3520	0
160455	3521	5
160455	3522	1
160455	3523	1
160455	3524	0
160465	6593	0
160465	6594	1
160465	6595	0
160465	6596	0
160465	6597	0
160465	6598	0
160468	6048	0
160468	6049	0
160468	6050	0
160468	6051	0
160468	6052	4
160468	6053	0
160469	6461	0
160469	6462	0
160469	6463	1
160469	6464	0
160469	6465	0
160469	6466	0
160486	7323	0
160486	7324	0
160486	7325	0
160486	7326	2
160486	7327	0
160486	7328	0
160487	7323	0
160487	7324	0
160487	7325	0
160487	7326	0
160487	7327	0
160487	7328	0
160488	7323	0
160488	7324	0
160488	7325	0
160488	7326	0
160488	7327	0
160488	7328	0
160500	7377	0
160500	7378	0
160500	7379	0
160500	7380	0
160500	7381	0
160500	7382	0
160502	6613	0
160502	6614	0
160502	6615	0
160502	6616	0
160502	6617	0
160502	6618	0
160503	6613	0
160503	6614	1
160503	6615	0
160503	6616	0
160503	6617	0
160503	6618	0
160504	6613	0
160504	6614	0
160504	6615	0
160504	6616	0
160504	6617	0
160504	6618	0
160505	3831	0
160505	3832	0
160505	3833	0
160505	3834	0
160505	3835	0
160505	3836	0
160506	3831	0
160506	3832	2
160506	3833	0
160506	3834	1
160506	3835	1
160506	3836	1
160507	3831	0
160507	3832	0
160507	3833	0
160507	3834	0
160507	3835	1
160507	3836	0
160508	4414	0
160508	4415	0
160508	4416	0
160508	4417	0
160508	4418	0
160508	4419	0
160509	4414	0
160509	4415	0
160509	4416	0
160509	4417	0
160509	4418	0
160509	4419	0
160510	4414	0
160510	4415	0
160510	4416	0
160510	4417	0
160510	4418	0
160510	4419	0
160514	5868	1
160514	5869	0
160514	5870	0
160514	5871	1
160514	5872	1
160514	5873	0
160515	2989	0
160515	2990	0
160515	2991	0
160515	2992	0
160515	2993	0
160515	2994	0
160516	7001	0
160516	7002	1
160516	7003	0
160516	7004	0
160516	7005	0
160516	7006	0
160517	5868	0
160517	5869	0
160517	5870	0
160517	5871	1
160517	5872	0
160517	5873	0
160518	2989	0
160518	2990	0
160518	2991	0
160518	2992	0
160518	2993	0
160518	2994	0
160519	7001	0
160519	7002	0
160519	7003	0
160519	7004	0
160519	7005	0
160519	7006	0
160520	5868	8
160520	5869	0
160520	5870	0
160520	5871	6
160520	5872	0
160520	5873	0
160521	2989	0
160521	2990	5
160521	2991	0
160521	2992	2
160521	2993	1
160521	2994	5
160522	7001	0
160522	7002	0
160522	7003	0
160522	7004	0
160522	7005	0
160522	7006	1
160524	6923	0
160524	6924	0
160524	6925	0
160524	6926	0
160524	6927	0
160524	6928	0
160533	4818	0
160533	4819	0
160533	4820	0
160533	4821	0
160533	4822	0
160533	4823	0
160534	4818	0
160534	4819	0
160534	4820	0
160534	4821	0
160534	4822	0
160534	4823	0
160535	4818	0
160535	4819	0
160535	4820	0
160535	4821	0
160535	4822	0
160535	4823	0
160536	4908	1
160536	4909	0
160536	4910	0
160536	4911	0
160536	4912	0
160536	4913	0
160537	4908	1
160537	4909	0
160537	4910	1
160537	4911	0
160537	4912	0
160537	4913	0
160538	4908	0
160538	4909	0
160538	4910	0
160538	4911	0
160538	4912	0
160538	4913	0
160575	7508	0
160575	7509	0
160575	7510	0
160575	7511	0
160575	7512	0
160575	7513	0
160576	7508	1
160576	7509	0
160576	7510	0
160576	7511	0
160576	7512	0
160576	7513	0
160578	2973	0
160578	2974	0
160578	2975	0
160578	2976	0
160585	3693	0
160585	3694	0
160585	3695	0
160585	3696	0
160585	3697	0
160585	3698	0
160586	3693	0
160586	3694	0
160586	3695	0
160586	3696	0
160586	3697	0
160586	3698	0
160587	3693	1
160587	3694	0
160587	3695	0
160587	3696	0
160587	3697	0
160587	3698	0
160591	5363	0
160591	5364	0
160591	5365	0
160591	5366	0
160591	5367	0
160591	5368	0
160592	5363	0
160592	5364	0
160592	5365	0
160592	5366	0
160592	5368	0
160593	5363	0
160593	5364	0
160593	5365	0
160593	5366	0
160593	5367	1
160593	5368	0
160598	6899	0
160598	6900	0
160598	6901	0
160598	6902	0
160598	6903	0
160598	6904	2
160599	2761	0
160599	2762	0
160599	2763	0
160599	2764	0
160599	2765	1
160599	2766	0
160600	6899	0
160600	6900	0
160600	6901	0
160600	6902	0
160600	6903	0
160600	6904	0
160601	2761	0
160601	2762	1
160601	2763	0
160601	2764	0
160601	2765	0
160601	2766	0
160602	6899	0
160602	6900	1
160602	6901	0
160602	6902	3
160602	6903	0
160602	6904	1
160603	2761	2
160603	2762	0
160603	2763	0
160603	2764	0
160603	2765	0
160603	2766	1
160604	5166	0
160604	5167	0
160604	5168	3
160604	5169	0
160604	5170	0
160604	5171	0
160605	5166	1
160605	5167	0
160605	5168	0
160605	5169	0
160605	5170	0
160605	5171	0
160606	5166	0
160606	5167	0
160606	5168	0
160606	5169	1
160606	5170	0
160606	5171	2
160704	5724	0
160704	5725	0
160704	5726	0
160704	5727	0
160704	5728	0
160704	5729	0
160705	5724	0
160705	5725	0
160705	5726	0
160705	5727	0
160705	5728	0
160705	5729	0
160706	5724	0
160706	5725	0
160706	5726	0
160706	5727	1
160706	5728	0
160706	5729	0
160825	6096	1
160825	6097	0
160825	6098	2
160825	6099	0
160825	6100	0
160825	6101	1
160826	6096	0
160826	6097	0
160826	6098	0
160826	6099	0
160826	6100	0
160826	6101	0
160863	3831	0
160863	3832	0
160863	3833	0
160863	3834	0
160863	3835	0
160863	3836	0
160864	3831	0
160864	3832	2
160864	3833	0
160864	3834	1
160864	3835	1
160864	3836	1
160865	3831	0
160865	3832	0
160865	3833	0
160865	3834	0
160865	3835	1
160865	3836	0
160872	3322	0
160872	3323	0
160872	3324	1
160872	3325	0
160872	3326	0
160872	3327	0
160887	6959	0
160887	6960	0
160887	6961	0
160887	6962	0
160887	6963	0
160887	6964	0
160924	4092	0
160924	4093	0
160924	4094	0
160924	4095	0
160924	4096	0
160924	4097	0
160943	7263	0
160943	7264	0
160943	7265	0
160943	7266	0
160943	7267	0
160943	7268	0
160944	7676	0
160944	7677	2
160944	7678	0
160944	7679	0
160944	7680	1
160944	7681	2
160949	6312	0
160949	6313	0
160949	6314	0
160949	6315	0
160949	6316	0
160949	6317	0
160950	7377	0
160950	7378	1
160950	7379	0
160950	7380	0
160950	7381	0
160950	7382	0
160951	6312	2
160951	6313	0
160951	6314	0
160951	6315	0
160951	6316	1
160951	6317	0
160955	6851	0
160955	6852	0
160955	6853	0
160955	6854	1
160955	6855	0
160955	6856	0
160957	5832	0
160957	5833	0
160957	5834	0
160957	5835	0
160957	5836	1
160957	5837	0
160968	7155	0
160968	7156	0
160968	7157	0
160968	7158	1
160968	7159	0
160968	7160	0
160970	5886	2
160970	5887	0
160970	5888	0
160970	5889	0
160970	5890	0
160970	5891	0
160971	7155	0
160971	7156	0
160971	7157	0
160971	7158	0
160971	7159	0
160971	7160	0
160972	5886	0
160972	5887	0
160972	5888	1
160972	5889	0
160972	5890	0
160972	5891	0
160988	6312	0
160988	6313	0
160988	6314	1
160988	6315	0
160988	6316	0
160988	6317	0
160993	7311	0
160993	7312	0
160993	7313	1
160993	7314	0
160993	7315	0
160993	7316	0
160994	2797	0
160994	2798	1
160994	2799	1
160994	2800	0
160994	2801	0
160994	2802	0
160998	6959	0
160998	6960	0
160998	6961	0
160998	6962	0
160998	6963	0
160998	6964	0
161004	7676	0
161004	7677	0
161004	7678	0
161004	7679	0
161004	7680	0
161004	7681	0
161007	6437	0
161007	6438	0
161007	6439	0
161007	6440	0
161007	6441	0
161007	6442	0
161008	6437	0
161008	6438	0
161008	6439	2
161008	6440	1
161008	6441	0
161008	6442	0
161014	7263	0
161014	7264	0
161014	7265	0
161014	7266	0
161014	7267	0
161014	7268	1
161015	4092	0
161015	4093	0
161015	4094	0
161015	4095	0
161015	4096	0
161015	4097	2
161028	7311	0
161028	7312	0
161028	7313	0
161028	7314	0
161028	7315	0
161028	7316	0
161035	6851	0
161035	6852	0
161035	6853	0
161035	6854	0
161035	6855	0
161035	6856	0
161036	5832	1
161036	5833	0
161036	5834	0
161036	5835	0
161036	5836	1
161036	5837	1
161046	7155	1
161046	7156	0
161046	7157	0
161046	7158	0
161046	7159	0
161046	7160	0
161047	5886	1
161047	5887	0
161047	5888	1
161047	5889	0
161047	5890	0
161047	5891	0
161053	6312	0
161053	6313	0
161053	6314	0
161053	6315	2
161053	6316	0
161053	6317	0
161056	2797	0
161056	2798	0
161056	2799	0
161056	2800	0
161056	2801	0
161056	2802	0
161077	7437	1
161077	7438	0
161077	7439	2
161077	7440	0
161077	7441	0
161077	7442	0
161078	7437	0
161078	7438	0
161078	7439	0
161078	7440	0
161078	7441	0
161078	7442	0
161081	7437	0
161081	7438	0
161081	7439	0
161081	7440	0
161081	7441	0
161081	7442	0
161085	4092	0
161085	4093	0
161085	4094	0
161085	4095	0
161085	4096	0
161085	4097	0
161111	7263	0
161111	7264	0
161111	7265	0
161111	7266	0
161111	7267	0
161111	7268	3
161121	3322	0
161121	3323	0
161121	3324	0
161121	3325	0
161121	3326	0
161121	3327	0
161130	6437	0
161130	6438	0
161130	6439	0
161130	6440	0
161130	6441	0
161130	6442	0
161152	6443	1
161152	6444	0
161152	6445	0
161152	6446	0
161152	6447	0
161152	6448	0
161153	6443	0
161153	6444	0
161153	6445	0
161153	6446	0
161153	6447	0
161153	6448	0
161154	6443	0
161154	6444	0
161154	6445	0
161154	6446	0
161154	6447	0
161154	6448	0
161161	6851	0
161161	6852	0
161161	6853	0
161161	6854	0
161161	6855	0
161161	6856	1
161162	5832	3
161162	5833	2
161162	5834	0
161162	5835	0
161162	5836	0
161162	5837	0
161174	7676	2
161174	7677	0
161174	7678	0
161174	7679	0
161174	7680	0
161174	7681	0
161180	7311	0
161180	7312	0
161180	7313	0
161180	7314	0
161180	7315	0
161180	7316	0
161262	7203	2
161262	7204	0
161262	7205	0
161262	7206	0
161262	7207	0
161262	7208	2
161263	7203	0
161263	7204	1
161263	7205	0
161263	7206	0
161263	7207	1
161263	7208	0
161264	7203	3
161264	7204	2
161264	7205	3
161264	7206	0
161264	7207	1
161264	7208	0
161350	6360	0
161350	6361	1
161350	6362	0
161350	6363	0
161350	6364	0
161350	6365	0
161351	6360	0
161351	6361	0
161351	6362	0
161351	6363	0
161351	6364	0
161351	6365	0
161352	3609	0
161352	3610	0
161352	3611	0
161352	3612	0
161352	3613	2
161352	3614	0
161353	3609	1
161353	3610	0
161353	3611	0
161353	3612	0
161353	3613	0
161353	3614	0
161740	2660	0
161740	2661	0
161740	2662	0
161740	2663	0
161740	2664	0
161740	2665	0
161741	6563	0
161741	6564	0
161741	6565	3
161741	6566	1
161741	6567	2
161741	6568	0
161742	5196	0
161742	5197	0
161742	5198	1
161742	5199	1
161742	5200	2
161742	5201	1
161913	6114	0
161913	6115	0
161913	6116	0
161913	6117	0
161913	6118	0
161913	6119	0
161915	4962	0
161915	4963	0
161915	4964	0
161915	4965	0
161915	4966	0
161915	4967	2
161928	7245	0
161928	7246	0
161928	7247	0
161928	7248	0
161928	7249	0
161928	7250	0
161929	3105	0
161929	3106	0
161929	3107	0
161929	3108	0
161929	3109	0
161929	3110	0
161934	5802	0
161934	5803	0
161934	5804	0
161934	5805	2
161934	5806	1
161934	5807	0
161956	7144	0
161956	7145	0
161956	7146	0
161956	7147	0
161956	7148	0
161956	7149	1
161968	2660	0
161968	2661	0
161968	2662	0
161968	2663	0
161968	2664	0
161968	2665	0
