ObservationID	SubLocationID	Count
146047	3976	0
146047	3977	0
146047	3978	0
146047	3979	1
146047	3980	0
146047	3981	0
146048	3976	0
146048	3977	0
146048	3978	0
146048	3979	1
146048	3980	0
146048	3981	0
146051	3205	0
146051	3206	2
146051	3207	0
146051	3208	0
146051	3209	0
146051	3210	3
146052	3205	0
146052	3206	2
146052	3207	0
146052	3208	1
146052	3209	2
146052	3210	2
146053	3205	2
146053	3206	2
146053	3207	0
146053	3208	2
146053	3209	0
146053	3210	1
146059	7072	0
146059	7073	0
146059	7074	0
146059	7075	0
146059	7076	0
146059	7077	0
146060	7072	1
146060	7073	0
146060	7074	0
146060	7075	0
146060	7076	0
146060	7077	0
146061	7072	0
146061	7073	0
146061	7074	0
146061	7075	0
146061	7076	0
146061	7077	0
146064	3976	0
146064	3977	0
146064	3978	0
146064	3979	0
146064	3980	0
146064	3981	0
146065	3976	0
146065	3977	1
146065	3978	0
146065	3979	0
146065	3980	0
146065	3981	0
146073	6244	0
146073	6245	0
146073	6246	0
146073	6247	0
146073	6248	2
146073	6249	0
146076	3433	0
146076	3434	0
146076	3435	0
146076	3436	0
146077	3433	0
146077	3434	0
146077	3435	0
146077	3436	0
146078	3433	0
146078	3434	0
146078	3435	0
146078	3436	0
146080	6654	0
146080	6655	1
146080	6656	2
146080	6657	0
146080	6658	0
146080	6659	2
146081	6654	0
146081	6655	1
146081	6656	0
146081	6657	1
146081	6658	0
146081	6659	1
146082	6654	0
146082	6655	0
146082	6656	1
146082	6657	0
146082	6658	1
146082	6659	1
146115	7648	0
146115	7649	0
146115	7650	0
146115	7651	1
146115	7652	0
146115	7653	0
146117	7648	0
146117	7649	0
146117	7650	1
146117	7651	0
146117	7652	0
146117	7653	0
146119	7648	0
146119	7649	0
146119	7650	0
146119	7651	0
146119	7652	0
146119	7653	0
146144	6298	0
146144	6299	0
146144	6300	0
146144	6301	0
146144	6302	0
146144	6303	0
146149	6298	0
146149	6299	1
146149	6300	0
146149	6301	2
146149	6302	0
146149	6303	0
146153	6298	0
146153	6299	1
146153	6300	0
146153	6301	2
146153	6302	0
146153	6303	1
146171	4175	0
146171	4176	1
146171	4177	0
146171	4178	0
146171	4179	0
146171	4180	0
146204	5697	0
146204	5698	1
146204	5699	0
146204	5700	0
146204	5701	0
146204	5702	0
146205	5565	0
146205	5566	0
146205	5567	0
146205	5568	2
146205	5569	0
146205	5570	0
146214	5607	0
146214	5608	0
146214	5609	2
146214	5610	0
146214	5611	0
146214	5612	1
146215	4175	0
146215	4176	1
146215	4177	1
146215	4178	0
146215	4179	0
146215	4180	0
146216	7504	0
146216	7505	0
146216	7506	0
146216	7507	1
146216	7508	0
146216	7509	0
146222	6442	1
146222	6443	0
146222	6444	1
146222	6445	0
146222	6446	0
146222	6447	0
146223	6442	0
146223	6443	0
146223	6444	0
146223	6445	0
146223	6446	0
146223	6447	0
146225	6442	0
146225	6443	1
146225	6444	0
146225	6445	0
146225	6446	0
146225	6447	0
146234	4348	0
146234	4349	2
146234	4350	0
146234	4351	0
146234	4352	1
146234	4353	0
146235	4348	1
146235	4349	0
146235	4350	0
146235	4351	2
146235	4352	1
146235	4353	0
146236	4348	1
146236	4349	1
146236	4350	0
146236	4351	0
146236	4352	1
146236	4353	0
146242	5195	0
146242	5196	0
146242	5197	0
146242	5198	0
146242	5199	2
146242	5200	0
146244	5195	0
146244	5196	0
146244	5197	0
146244	5198	0
146244	5199	0
146244	5200	0
146245	5195	0
146245	5196	0
146245	5197	0
146245	5198	0
146245	5199	0
146245	5200	0
146250	7357	0
146250	7358	1
146250	7359	0
146250	7360	0
146250	7361	0
146250	7362	0
146255	5565	0
146255	5566	2
146255	5567	1
146255	5568	0
146255	5569	0
146255	5570	1
146261	7357	0
146261	7358	1
146261	7359	0
146261	7360	0
146261	7361	0
146261	7362	0
146265	5697	1
146265	5698	1
146265	5699	0
146265	5700	2
146265	5701	0
146265	5702	0
146271	5697	0
146271	5698	1
146271	5699	0
146271	5700	1
146271	5701	0
146271	5702	0
146273	5607	0
146273	5608	0
146273	5609	0
146273	5610	0
146273	5611	1
146273	5612	1
146277	4384	1
146277	4385	0
146277	4386	1
146277	4387	0
146277	4388	0
146277	4389	2
146278	4384	0
146278	4385	0
146278	4386	1
146278	4387	0
146278	4388	0
146278	4389	0
146279	4384	0
146279	4385	2
146279	4386	0
146279	4387	0
146279	4388	0
146279	4389	0
146280	4175	0
146280	4176	0
146280	4177	0
146280	4178	1
146280	4179	0
146280	4180	1
146281	7504	0
146281	7505	0
146281	7506	1
146281	7507	0
146281	7508	0
146281	7509	0
146283	7357	1
146283	7358	0
146283	7359	0
146283	7360	1
146283	7361	0
146283	7362	1
146284	5697	2
146284	5698	2
146284	5699	0
146284	5700	1
146284	5701	0
146284	5702	1
146292	5565	0
146292	5566	0
146292	5567	1
146292	5568	0
146292	5569	0
146292	5570	1
146293	5607	0
146293	5608	0
146293	5609	0
146293	5610	0
146293	5611	0
146293	5612	1
146308	7534	0
146308	7535	0
146308	7536	0
146308	7537	0
146308	7538	0
146308	7539	0
146309	7534	0
146309	7535	0
146309	7536	0
146309	7537	0
146309	7538	0
146309	7539	0
146310	7534	0
146310	7535	0
146310	7536	0
146310	7537	0
146310	7538	5
146310	7539	0
146311	4580	1
146311	4581	0
146311	4582	0
146311	4583	0
146311	4584	0
146311	4585	0
146312	4580	0
146312	4581	0
146312	4582	0
146312	4583	0
146312	4584	0
146312	4585	0
146313	4580	0
146313	4581	0
146313	4582	0
146313	4583	0
146313	4584	0
146313	4585	0
146315	5990	0
146315	5991	0
146315	5992	0
146315	5993	0
146315	5994	0
146315	5995	0
146316	4110	1
146316	4111	0
146316	4112	0
146316	4113	0
146316	4114	0
146316	4115	0
146323	4110	0
146323	4111	0
146323	4112	1
146323	4113	1
146323	4114	0
146323	4115	0
146324	5990	0
146324	5991	0
146324	5992	0
146324	5993	0
146324	5994	0
146324	5995	0
146325	5990	0
146325	5991	0
146325	5992	0
146325	5993	0
146325	5994	0
146325	5995	1
146326	4110	0
146326	4111	0
146326	4112	1
146326	4113	0
146326	4114	0
146326	4115	0
146360	4181	0
146360	4182	0
146360	4183	1
146360	4184	2
146360	4185	1
146360	4186	0
146362	7558	2
146362	7559	2
146362	7560	0
146362	7561	0
146362	7562	0
146362	7563	0
146363	7558	2
146363	7559	0
146363	7560	0
146363	7561	0
146363	7562	0
146363	7563	0
146364	7558	0
146364	7559	0
146364	7560	1
146364	7561	0
146364	7562	0
146364	7563	0
146376	2724	0
146376	2725	0
146376	2726	0
146376	2727	0
146376	2728	0
146376	2729	4
146377	2724	0
146377	2725	0
146377	2726	0
146377	2727	0
146377	2728	0
146377	2729	0
146378	2724	0
146378	2725	0
146378	2726	0
146378	2727	0
146378	2728	0
146378	2729	0
146398	3188	2
146398	3189	0
146398	3190	0
146398	3191	0
146398	3192	0
146398	3193	2
146399	3188	1
146399	3189	0
146399	3190	0
146399	3191	1
146399	3192	0
146399	3193	1
146400	3188	0
146400	3189	0
146400	3190	0
146400	3191	0
146400	3192	0
146400	3193	0
146415	2898	0
146415	2899	0
146415	2900	0
146415	2901	0
146415	2902	0
146415	2903	1
146416	2898	0
146416	2899	2
146416	2900	1
146416	2901	1
146416	2902	1
146416	2903	0
146417	2898	1
146417	2899	0
146417	2900	0
146417	2901	1
146417	2902	1
146417	2903	0
146427	6472	0
146427	6473	0
146427	6474	0
146427	6475	0
146427	6476	0
146427	6477	0
146428	6472	1
146428	6473	2
146428	6474	1
146428	6475	0
146428	6476	0
146428	6477	0
146429	6472	0
146429	6473	0
146429	6474	0
146429	6475	0
146429	6476	0
146429	6477	0
146434	4586	0
146434	4587	0
146434	4588	0
146434	4589	0
146434	4590	0
146434	4591	0
146436	4586	2
146436	4587	0
146436	4588	0
146436	4589	0
146436	4590	0
146436	4591	0
146437	4586	0
146437	4587	0
146437	4588	0
146437	4589	0
146437	4590	0
146437	4591	0
146492	4450	0
146492	4451	0
146492	4452	0
146492	4453	1
146492	4454	0
146492	4455	1
146493	4450	2
146493	4451	0
146493	4452	0
146493	4453	1
146493	4454	1
146493	4455	0
146494	4450	1
146494	4451	0
146494	4452	2
146494	4453	0
146494	4454	0
146494	4455	0
146502	4904	0
146502	4905	0
146502	4906	0
146502	4907	0
146502	4908	0
146502	4909	0
146504	4904	0
146504	4905	0
146504	4906	1
146504	4907	0
146504	4908	0
146504	4909	0
146506	4904	0
146506	4905	0
146506	4906	0
146506	4907	0
146506	4908	0
146506	4909	0
146521	6582	0
146521	6583	0
146521	6584	2
146521	6585	0
146521	6586	0
146521	6587	0
146528	4158	0
146528	4159	1
146528	4160	0
146528	4161	0
146528	4162	1
146528	4163	0
146529	4158	0
146529	4159	1
146529	4160	0
146529	4161	0
146529	4162	1
146529	4163	0
146530	4158	0
146530	4159	0
146530	4160	0
146530	4161	1
146530	4162	1
146530	4163	0
146535	4181	0
146535	4182	0
146535	4183	1
146535	4184	0
146535	4185	0
146535	4186	1
146536	4181	0
146536	4182	0
146536	4183	0
146536	4184	0
146536	4185	0
146536	4186	0
146615	2664	0
146615	2665	0
146615	2666	0
146615	2667	0
146615	2668	1
146615	2669	0
146616	2664	0
146616	2665	1
146616	2666	0
146616	2667	0
146616	2668	0
146616	2669	0
146617	2664	0
146617	2665	1
146617	2666	0
146617	2667	0
146617	2668	0
146617	2669	0
146706	5219	0
146706	5220	0
146706	5221	0
146706	5222	0
146706	5223	0
146706	5224	2
146717	2670	0
146717	2671	0
146717	2672	0
146717	2673	0
146717	2674	0
146717	2675	0
146724	5219	0
146724	5220	0
146724	5221	0
146724	5222	0
146724	5223	0
146724	5224	0
146787	5219	0
146787	5220	0
146787	5221	0
146787	5222	0
146787	5223	0
146787	5224	0
146804	2670	0
146804	2671	0
146804	2672	0
146804	2673	0
146804	2674	0
146804	2675	0
146805	2670	0
146805	2671	0
146805	2672	0
146805	2673	0
146805	2674	0
146805	2675	0
146832	7125	0
146832	7126	0
146832	7127	0
146832	7128	0
146832	7129	0
146832	7130	0
146833	7125	0
146833	7126	0
146833	7127	0
146833	7128	0
146833	7129	0
146833	7130	1
146836	7125	0
146836	7126	0
146836	7127	0
146836	7128	0
146836	7129	0
146836	7130	0
146862	3964	1
146862	3965	0
146862	3966	0
146862	3967	0
146862	3968	0
146862	3969	0
146863	3964	1
146863	3965	0
146863	3966	0
146863	3967	0
146863	3968	0
146863	3969	0
146864	7155	1
146864	7156	0
146864	7157	0
146864	7158	0
146864	7159	0
146864	7160	2
146865	7155	0
146865	7156	0
146865	7157	0
146865	7158	1
146865	7159	1
146865	7160	1
146945	5046	0
146945	5047	1
146945	5048	0
146945	5049	0
146945	5050	0
146945	5051	1
146946	5046	1
146946	5047	1
146946	5048	0
146946	5049	2
146946	5050	0
146946	5051	1
146947	5046	1
146947	5047	2
146947	5048	0
146947	5049	1
146947	5050	0
146947	5051	0
146981	6738	2
146981	6739	0
146981	6740	0
146981	6741	0
146981	6742	0
146981	6743	0
146997	6702	0
146997	6703	0
146997	6704	0
146997	6705	0
146997	6706	3
146997	6707	2
147004	2808	0
147004	2809	0
147004	2810	0
147004	2811	0
147004	2812	0
147004	2813	0
147005	2808	1
147005	2809	0
147005	2810	0
147005	2811	0
147005	2812	0
147005	2813	0
147007	2808	1
147007	2809	0
147007	2810	0
147007	2811	0
147007	2812	0
147007	2813	0
147014	3916	3
147014	3917	0
147014	3918	1
147014	3919	0
147014	3920	4
147014	3921	5
147015	3916	4
147015	3917	0
147015	3918	1
147015	3919	1
147015	3920	1
147015	3921	2
147017	3916	0
147017	3917	0
147017	3918	0
147017	3919	1
147017	3920	3
147017	3921	3
147023	4987	0
147023	4988	0
147023	4989	0
147023	4990	1
147023	4991	0
147023	4992	0
147028	7504	0
147028	7505	0
147028	7506	2
147028	7507	1
147028	7508	0
147028	7509	0
147041	6726	0
147041	6727	0
147041	6728	1
147041	6729	1
147041	6730	2
147041	6731	0
147042	3141	3
147042	3142	0
147042	3143	1
147042	3144	0
147042	3145	4
147042	3146	5
147043	3141	4
147043	3142	0
147043	3143	1
147043	3144	1
147043	3145	1
147043	3146	2
147044	3141	0
147044	3142	0
147044	3143	0
147044	3144	1
147044	3145	3
147044	3146	3
147045	3916	0
147045	3917	0
147045	3918	0
147045	3919	5
147045	3920	1
147045	3921	0
147046	3916	0
147046	3917	0
147046	3918	0
147046	3919	2
147046	3920	0
147046	3921	0
147047	3916	0
147047	3917	0
147047	3918	0
147047	3919	0
147047	3920	0
147047	3921	0
147056	7450	0
147056	7451	0
147056	7452	0
147056	7453	0
147056	7454	0
147056	7455	1
147063	4140	0
147063	4141	0
147063	4142	0
147063	4143	0
147063	4144	0
147063	4145	0
147076	7231	1
147076	7232	2
147076	7233	1
147076	7234	0
147076	7235	0
147076	7236	0
147081	6726	0
147081	6727	0
147081	6728	1
147081	6729	0
147081	6730	0
147081	6731	0
147085	7492	1
147085	7493	2
147085	7494	0
147085	7495	0
147085	7496	0
147085	7497	0
147096	6702	0
147096	6703	0
147096	6704	0
147096	6705	1
147096	6706	1
147096	6707	0
147119	4987	0
147119	4988	0
147119	4989	0
147119	4990	0
147119	4991	0
147119	4992	0
147173	7492	0
147173	7493	6
147173	7494	0
147173	7495	0
147173	7496	0
147173	7497	0
147180	6738	1
147180	6739	0
147180	6740	0
147180	6741	0
147180	6742	0
147180	6743	0
147204	7243	0
147204	7244	0
147204	7245	0
147204	7246	0
147204	7247	2
147204	7248	0
147208	3545	2
147208	3546	1
147208	3547	0
147208	3548	1
147208	3549	1
147208	3550	1
147220	7450	0
147220	7451	1
147220	7452	0
147220	7453	1
147220	7454	1
147220	7455	2
147230	3077	1
147230	3078	0
147230	3079	0
147230	3080	0
147230	3081	0
147230	3082	0
147231	3077	0
147231	3078	0
147231	3079	0
147231	3080	0
147231	3081	0
147231	3082	0
147232	3077	0
147232	3078	0
147232	3079	0
147232	3080	0
147232	3081	0
147232	3082	0
147252	6582	0
147252	6583	0
147252	6584	2
147252	6585	0
147252	6586	0
147252	6587	1
147312	6738	0
147312	6739	0
147312	6740	0
147312	6741	0
147312	6742	0
147312	6743	1
147319	3599	2
147319	3600	1
147319	3601	0
147319	3602	0
147319	3603	1
147319	3604	0
147320	3599	2
147320	3600	0
147320	3601	0
147320	3602	0
147320	3603	0
147320	3604	1
147321	3599	1
147321	3600	0
147321	3601	0
147321	3602	0
147321	3603	0
147321	3604	0
147327	7492	2
147327	7493	4
147327	7494	0
147327	7495	0
147327	7496	0
147327	7497	1
147342	6702	0
147342	6703	0
147342	6704	0
147342	6705	1
147342	6706	2
147342	6707	0
147375	6726	0
147375	6727	0
147375	6728	0
147375	6729	0
147375	6730	2
147375	6731	0
147418	4520	0
147418	4521	0
147418	4522	0
147418	4523	0
147418	4524	0
147418	4525	0
147419	4520	1
147419	4521	0
147419	4522	0
147419	4523	0
147419	4524	0
147419	4525	0
147420	4520	2
147420	4521	0
147420	4522	1
147420	4523	0
147420	4524	0
147420	4525	0
147429	7231	0
147429	7232	0
147429	7233	0
147429	7234	0
147429	7235	2
147429	7236	0
147510	4987	0
147510	4988	1
147510	4989	0
147510	4990	0
147510	4991	0
147510	4992	0
147514	5451	0
147514	5452	0
147514	5453	0
147514	5454	0
147514	5455	0
147514	5456	0
147515	5451	0
147515	5452	0
147515	5453	0
147515	5454	1
147515	5455	0
147515	5456	0
147516	5451	0
147516	5452	0
147516	5453	0
147516	5454	0
147516	5455	0
147516	5456	0
147519	7108	2
147519	7109	0
147519	7110	0
147519	7111	0
147519	7112	0
147519	7113	0
147520	7108	2
147520	7109	2
147520	7110	0
147520	7111	0
147520	7112	1
147520	7113	0
147527	7450	1
147527	7451	0
147527	7452	0
147527	7453	0
147527	7454	0
147527	7455	1
147874	7243	2
147874	7244	1
147874	7245	0
147874	7246	3
147874	7247	0
147874	7248	0
147877	7243	0
147877	7244	0
147877	7245	0
147877	7246	1
147877	7247	0
147877	7248	4
148051	3545	2
148051	3546	0
148051	3547	0
148051	3548	0
148051	3549	0
148051	3550	0
148052	3545	0
148052	3546	1
148052	3547	0
148052	3548	0
148052	3549	0
148052	3550	0
148176	6424	0
148176	6425	1
148176	6426	0
148176	6427	0
148176	6428	0
148176	6429	0
148177	6424	0
148177	6425	0
148177	6426	0
148177	6427	3
148177	6428	0
148177	6429	0
148180	6887	0
148180	6888	0
148180	6889	0
148180	6890	0
148180	6891	0
148180	6892	0
148185	6887	1
148185	6888	0
148185	6889	0
148185	6890	0
148185	6891	0
148185	6892	0
148194	6887	0
148194	6888	0
148194	6889	0
148194	6890	0
148194	6891	0
148194	6892	0
148334	3551	0
148334	3552	2
148334	3553	1
148334	3554	0
148334	3555	1
148334	3556	0
148336	3551	0
148336	3552	2
148336	3553	1
148336	3554	2
148336	3555	0
148336	3556	0
148366	7108	1
148366	7109	0
148366	7110	0
148366	7111	0
148366	7112	0
148366	7113	0
148368	3147	0
148368	3148	0
148368	3149	0
148368	3150	0
148368	3151	0
148370	3147	1
148370	3148	0
148370	3149	0
148370	3150	0
148370	3151	0
148372	3147	0
148372	3148	0
148372	3149	0
148372	3150	0
148372	3151	0
148373	3152	1
148373	3153	0
148373	3154	2
148373	3155	0
148373	3156	1
148373	3157	0
148374	3152	0
148374	3153	0
148374	3154	1
148374	3155	2
148374	3156	0
148374	3157	0
148375	3152	0
148375	3153	0
148375	3154	1
148375	3155	2
148375	3156	0
148375	3157	0
148392	4520	0
148392	4521	0
148392	4522	0
148392	4523	0
148392	4524	0
148392	4525	0
148396	7078	1
148396	7079	1
148396	7080	0
148396	7081	1
148396	7082	3
148396	7083	1
148398	7078	0
148398	7079	0
148398	7080	0
148398	7081	2
148398	7082	2
148398	7083	2
148399	7078	0
148399	7079	3
148399	7080	0
148399	7081	2
148399	7082	2
148399	7083	0
148400	5907	1
148400	5908	0
148400	5909	2
148400	5910	0
148400	5911	1
148400	5912	1
148401	5907	0
148401	5908	0
148401	5909	1
148401	5910	0
148401	5911	0
148401	5912	2
148402	5907	2
148402	5908	0
148402	5909	1
148402	5910	1
148402	5911	1
148402	5912	3
148403	7131	0
148403	7132	1
148403	7133	1
148403	7134	0
148403	7135	0
148403	7136	0
148404	7131	0
148404	7132	1
148404	7133	1
148404	7134	1
148404	7135	1
148404	7136	0
148405	7131	0
148405	7132	0
148405	7133	0
148405	7134	1
148405	7135	1
148405	7136	0
148406	5273	0
148406	5274	0
148406	5275	0
148406	5276	0
148406	5277	0
148406	5278	0
148407	5273	0
148407	5274	1
148407	5275	0
148407	5276	1
148407	5277	0
148407	5278	1
148408	5273	0
148408	5274	1
148408	5275	0
148408	5276	1
148408	5277	0
148408	5278	1
148409	2706	0
148409	2707	0
148409	2708	0
148409	2709	0
148409	2710	0
148409	2711	0
148410	2706	0
148410	2707	0
148410	2708	0
148410	2709	2
148410	2710	0
148410	2711	0
148411	2706	0
148411	2707	0
148411	2708	0
148411	2709	0
148411	2710	1
148411	2711	0
148413	6606	0
148413	6607	2
148413	6608	0
148413	6609	1
148413	6610	1
148413	6611	0
148414	6606	0
148414	6607	0
148414	6608	0
148414	6609	0
148414	6610	1
148414	6611	1
148415	6606	0
148415	6607	0
148415	6608	0
148415	6609	0
148415	6610	0
148415	6611	2
148416	4670	0
148416	4671	1
148416	4672	1
148416	4673	0
148416	4674	2
148416	4675	0
148417	4670	0
148417	4671	0
148417	4672	2
148417	4673	0
148417	4674	1
148417	4675	0
148418	4670	1
148418	4671	0
148418	4672	0
148418	4673	0
148418	4674	1
148418	4675	0
148470	6642	1
148470	6643	0
148470	6644	0
148470	6645	0
148470	6646	1
148470	6647	0
148471	6642	0
148471	6643	0
148471	6644	0
148471	6645	0
148471	6646	2
148471	6647	1
148472	6642	0
148472	6643	0
148472	6644	0
148472	6645	1
148472	6646	1
148472	6647	1
148486	4736	0
148486	4737	0
148486	4738	0
148486	4739	1
148486	4740	0
148486	4741	0
148487	4736	0
148487	4737	0
148487	4738	0
148487	4739	0
148487	4740	0
148487	4741	0
148496	4736	0
148496	4737	0
148496	4738	0
148496	4739	3
148496	4740	0
148496	4741	0
148563	4444	0
148563	4445	0
148563	4446	2
148563	4447	0
148563	4448	0
148563	4449	1
148564	4444	0
148564	4445	0
148564	4446	0
148564	4447	1
148564	4448	2
148564	4449	1
148565	4444	0
148565	4445	0
148565	4446	0
148565	4447	0
148565	4448	0
148565	4449	0
148580	4426	0
148580	4427	3
148580	4428	0
148580	4429	5
148580	4430	0
148580	4431	0
148581	4426	2
148581	4427	0
148581	4428	0
148581	4429	0
148581	4430	0
148581	4431	0
148582	4426	0
148582	4427	0
148582	4428	0
148582	4429	0
148582	4430	0
148582	4431	4
148587	3827	0
148587	3828	0
148587	3829	0
148587	3830	0
148587	3831	0
148587	3832	0
148588	3827	0
148588	3828	0
148588	3829	1
148588	3830	0
148588	3831	0
148588	3832	0
148589	3827	0
148589	3828	0
148589	3829	4
148589	3830	0
148589	3831	0
148589	3832	0
148590	5403	0
148590	5404	0
148590	5405	0
148590	5406	0
148590	5407	1
148590	5408	1
148591	5403	1
148591	5404	0
148591	5405	0
148591	5406	0
148591	5407	0
148591	5408	1
148592	5403	0
148592	5404	0
148592	5405	1
148592	5406	0
148592	5407	1
148592	5408	0
148593	6911	1
148593	6912	1
148593	6913	1
148593	6914	0
148593	6915	0
148593	6916	0
148594	6911	0
148594	6912	0
148594	6913	1
148594	6914	0
148594	6915	0
148594	6916	1
148605	4898	0
148605	4899	2
148605	4900	0
148605	4901	0
148605	4902	0
148605	4903	0
148606	4288	0
148606	4289	0
148606	4290	0
148606	4291	0
148606	4292	2
148606	4293	0
148611	7155	0
148611	7156	0
148611	7157	0
148611	7158	1
148611	7159	2
148611	7160	0
148612	3964	0
148612	3965	0
148612	3966	0
148612	3967	0
148612	3968	0
148612	3969	0
148621	4898	0
148621	4899	2
148621	4900	0
148621	4901	0
148621	4902	0
148621	4903	0
148622	4288	0
148622	4289	0
148622	4290	0
148622	4291	0
148622	4292	0
148622	4293	0
148625	4898	0
148625	4899	0
148625	4900	0
148625	4901	0
148625	4902	0
148625	4903	0
148626	4288	0
148626	4289	0
148626	4290	0
148626	4291	0
148626	4292	0
148626	4293	0
148646	4140	0
148646	4141	0
148646	4142	1
148646	4143	0
148646	4144	0
148646	4145	0
148647	4140	0
148647	4141	1
148647	4142	0
148647	4143	0
148647	4144	0
148647	4145	0
148742	3599	2
148742	3600	1
148742	3601	0
148742	3602	0
148742	3603	1
148742	3604	0
148747	3599	2
148747	3600	0
148747	3601	0
148747	3602	0
148747	3603	0
148747	3604	1
148751	3599	1
148751	3600	0
148751	3601	0
148751	3602	0
148751	3603	0
148751	3604	0
150012	6029	0
150012	6030	0
150012	6031	0
150012	6032	0
150012	6033	0
150012	6034	0
150013	6029	0
150013	6030	1
150013	6031	0
150013	6032	0
150013	6033	0
150013	6034	0
150014	6029	0
150014	6030	0
150014	6031	0
150014	6032	0
150014	6033	0
150014	6034	0
150352	4933	0
150352	4934	0
150352	4935	1
150352	4936	0
150352	4937	0
150352	4938	0
150382	4933	0
150382	4934	0
150382	4935	0
150382	4936	0
150382	4937	0
150382	4938	0
150406	6208	0
150406	6209	0
150406	6210	0
150406	6211	0
150406	6212	2
150406	6213	0
150531	7108	2
150531	7109	0
150531	7110	0
150531	7111	0
150531	7112	0
150531	7113	0
150536	7108	1
150536	7109	0
150536	7110	0
150536	7111	0
150536	7112	0
150536	7113	0
150557	7108	2
150557	7109	2
150557	7110	0
150557	7111	0
150557	7112	1
150557	7113	0
150566	4933	0
150566	4934	0
150566	4935	0
150566	4936	0
150566	4937	0
150566	4938	0
150569	6208	0
150569	6209	0
150569	6210	0
150569	6211	0
150569	6212	1
150569	6213	0
151110	6208	0
151110	6209	0
151110	6210	0
151110	6211	0
151110	6212	1
151110	6213	0
151112	4933	0
151112	4934	0
151112	4935	0
151112	4936	0
151112	4937	0
151112	4938	0
151144	6208	0
151144	6209	0
151144	6210	0
151144	6211	0
151144	6212	2
151144	6213	0
151146	4933	0
151146	4934	0
151146	4935	0
151146	4936	0
151146	4937	0
151146	4938	0
151148	4933	0
151148	4934	0
151148	4935	1
151148	4936	0
151148	4937	0
151148	4938	0
151733	4234	0
151733	4235	0
151733	4236	0
151733	4237	0
151733	4238	0
151733	4239	0
151734	4234	0
151734	4235	0
151734	4236	0
151734	4237	0
151734	4238	0
151734	4239	0
151735	4234	0
151735	4235	0
151735	4236	0
151735	4237	0
151735	4238	0
151735	4239	0
151841	4234	0
151841	4235	0
151841	4236	0
151841	4237	0
151841	4238	0
151841	4239	0
151842	4234	0
151842	4235	0
151842	4236	0
151842	4237	0
151842	4238	0
151842	4239	0
151872	6448	0
151872	6449	1
151872	6450	0
151872	6451	0
151872	6452	1
151872	6453	0
151879	5373	0
151879	5374	0
151879	5375	0
151879	5376	0
151879	5377	0
151879	5378	0
151974	7528	0
151974	7529	0
151974	7530	0
151974	7531	0
151974	7532	0
151974	7533	0
151976	7213	0
151976	7214	0
151976	7215	0
151976	7216	0
151976	7217	0
151976	7218	0
151977	7468	0
151977	7469	0
151977	7470	0
151977	7471	0
151977	7472	0
151977	7473	1
151981	6773	0
151981	6774	0
151981	6775	0
151981	6776	0
151981	6777	0
151981	6778	0
151999	5817	0
151999	5818	0
151999	5819	0
151999	5820	0
151999	5821	0
151999	5822	0
152003	5373	0
152003	5374	0
152003	5375	0
152003	5376	0
152003	5377	0
152003	5378	2
152009	6448	0
152009	6449	0
152009	6450	1
152009	6451	0
152009	6452	0
152009	6453	1
152057	7213	0
152057	7214	0
152057	7215	0
152057	7216	0
152057	7217	0
152057	7218	0
152058	7468	0
152058	7469	0
152058	7470	0
152058	7471	0
152058	7472	0
152058	7473	0
152103	5817	0
152103	5818	0
152103	5819	1
152103	5820	1
152103	5821	0
152103	5822	0
152105	6773	0
152105	6774	0
152105	6775	0
152105	6776	0
152105	6777	0
152105	6778	0
152150	3253	0
152150	3254	0
152150	3255	0
152150	3256	0
152150	3257	1
152150	3258	0
152151	3253	0
152151	3254	0
152151	3255	0
152151	3256	0
152151	3257	0
152151	3258	0
152155	4062	0
152155	4063	1
152155	4064	0
152155	4065	0
152155	4066	0
152155	4067	1
152156	4062	0
152156	4063	0
152156	4064	0
152156	4065	1
152156	4066	0
152156	4067	0
152187	4012	0
152187	4013	0
152187	4014	2
152187	4016	0
152193	2802	0
152193	2803	0
152193	2804	0
152193	2805	0
152193	2806	0
152193	2807	0
152194	2802	0
152194	2803	0
152194	2804	0
152194	2805	0
152194	2806	1
152194	2807	0
152203	5817	0
152203	5818	0
152203	5819	0
152203	5820	0
152203	5821	0
152203	5822	0
152219	3253	0
152219	3254	0
152219	3255	0
152219	3256	0
152219	3257	3
152219	3258	0
152228	4062	0
152228	4063	0
152228	4064	0
152228	4065	0
152228	4066	0
152228	4067	0
152229	3881	0
152229	3882	0
152229	3883	1
152229	3884	0
152229	3885	0
152229	3886	0
152230	7213	2
152230	7214	0
152230	7215	0
152230	7216	0
152230	7217	0
152230	7218	0
152233	7468	0
152233	7469	0
152233	7470	1
152233	7471	3
152233	7472	0
152233	7473	0
152235	3881	0
152235	3882	0
152235	3883	0
152235	3884	0
152235	3885	0
152235	3886	1
152236	3881	0
152236	3882	0
152236	3883	1
152236	3884	0
152236	3885	0
152236	3886	2
152286	6773	1
152286	6774	0
152286	6775	0
152286	6776	0
152286	6777	0
152286	6778	0
152288	4012	0
152288	4013	0
152288	4014	2
152288	4016	0
152289	4012	0
152289	4013	1
152289	4014	0
152289	4016	0
152290	4012	0
152290	4013	0
152290	4014	0
152290	4016	1
152293	6929	0
152293	6930	0
152293	6932	0
152293	6933	0
152293	6934	1
152326	2802	0
152326	2803	0
152326	2804	0
152326	2805	0
152326	2806	0
152326	2807	0
152344	6929	0
152344	6930	0
152344	6932	0
152344	6933	0
152344	6934	0
152347	3887	0
152347	3888	0
152347	3889	0
152347	3890	0
152347	3891	0
152347	3892	0
152348	3887	0
152348	3888	0
152348	3889	1
152348	3890	0
152348	3891	0
152348	3892	0
152349	3887	0
152349	3888	0
152349	3889	0
152349	3890	0
152349	3891	0
152349	3892	0
152352	6809	0
152352	6810	0
152352	6811	0
152352	6812	0
152352	6813	0
152352	6814	1
152353	6809	0
152353	6810	0
152353	6811	0
152353	6812	0
152353	6813	0
152353	6814	1
152354	6810	0
152354	6811	0
152354	6812	0
152354	6813	0
152354	6814	0
152362	6594	0
152362	6595	0
152362	6596	2
152362	6597	0
152362	6598	0
152362	6599	0
152363	6594	0
152363	6595	0
152363	6596	0
152363	6597	1
152363	6598	0
152363	6599	0
152364	6594	0
152364	6595	0
152364	6596	0
152364	6597	0
152364	6598	0
152364	6599	0
152368	3893	0
152368	3894	0
152368	3895	0
152368	3896	0
152368	3897	0
152368	3898	0
152369	3893	0
152369	3894	0
152369	3895	0
152369	3896	0
152369	3897	0
152369	3898	0
152370	3893	0
152370	3894	0
152370	3895	0
152370	3896	0
152370	3897	1
152370	3898	0
152436	7528	0
152436	7529	0
152436	7530	0
152436	7531	0
152436	7532	0
152436	7533	0
152437	7528	0
152437	7529	0
152437	7530	0
152437	7531	0
152437	7532	0
152437	7533	1
152482	5919	0
152482	5920	0
152482	5921	0
152482	5922	0
152482	5923	0
152482	5924	0
152483	5919	0
152483	5920	0
152483	5921	0
152483	5922	0
152483	5923	0
152483	5924	0
152484	5919	0
152484	5920	0
152484	5921	2
152484	5922	0
152484	5923	0
152484	5924	0
152485	5595	1
152485	5596	0
152485	5597	0
152485	5598	0
152485	5599	0
152485	5600	0
152513	5373	0
152513	5374	0
152513	5375	0
152513	5376	0
152513	5377	0
152513	5378	0
152516	5373	0
152516	5374	0
152516	5375	0
152516	5376	0
152516	5377	0
152516	5378	2
152519	5373	0
152519	5374	0
152519	5375	0
152519	5376	0
152519	5377	0
152519	5378	0
152531	5595	1
152531	5596	0
152531	5597	0
152531	5598	0
152531	5599	0
152531	5600	0
152532	5595	0
152532	5596	0
152532	5597	0
152532	5598	0
152532	5599	0
152532	5600	0
152533	5595	1
152533	5596	0
152533	5597	0
152533	5598	0
152533	5599	0
152533	5600	0
152536	5595	1
152536	5596	0
152536	5597	0
152536	5598	0
152536	5599	0
152536	5600	0
152537	5595	0
152537	5596	0
152537	5597	0
152537	5598	0
152537	5599	0
152537	5600	0
152583	4234	0
152583	4235	0
152583	4236	0
152583	4237	0
152583	4238	0
152583	4239	0
152643	6472	0
152643	6473	0
152643	6474	0
152643	6475	0
152643	6476	0
152643	6477	0
152644	6472	1
152644	6473	2
152644	6474	1
152644	6475	0
152644	6476	0
152644	6477	0
152645	6472	0
152645	6473	0
152645	6474	0
152645	6475	0
152645	6476	0
152645	6477	0
152662	6702	0
152662	6703	0
152662	6704	0
152662	6705	0
152662	6706	3
152662	6707	2
152663	6702	0
152663	6703	0
152663	6704	0
152663	6705	1
152663	6706	1
152663	6707	0
152664	6702	0
152664	6703	0
152664	6704	0
152664	6705	1
152664	6706	2
152664	6707	0
152673	6929	0
152673	6930	0
152673	6932	0
152673	6933	0
152673	6934	0
152674	6929	0
152674	6930	0
152674	6932	0
152674	6933	0
152674	6934	1
152675	5451	0
152675	5452	0
152675	5453	0
152675	5454	0
152675	5455	0
152675	5456	0
152676	5451	0
152676	5452	0
152676	5453	0
152676	5454	1
152676	5455	0
152676	5456	0
152677	5451	0
152677	5452	0
152677	5453	0
152677	5454	0
152677	5455	0
152677	5456	0
152678	4140	0
152678	4141	0
152678	4142	0
152678	4143	0
152678	4144	0
152678	4145	0
152679	4140	0
152679	4141	0
152679	4142	1
152679	4143	0
152679	4144	0
152679	4145	0
152680	4140	0
152680	4141	1
152680	4142	0
152680	4143	0
152680	4144	0
152680	4145	0
152724	6594	0
152724	6595	0
152724	6596	2
152724	6597	0
152724	6598	0
152724	6599	0
152725	6594	0
152725	6595	0
152725	6596	0
152725	6597	1
152725	6598	0
152725	6599	0
152726	6594	0
152726	6595	0
152726	6596	0
152726	6597	0
152726	6598	0
152726	6599	0
152727	6809	0
152727	6810	0
152727	6811	0
152727	6812	0
152727	6813	0
152727	6814	1
152728	6809	0
152728	6810	0
152728	6811	0
152728	6812	0
152728	6813	0
152728	6814	1
152729	6810	0
152729	6811	0
152729	6812	0
152729	6813	0
152729	6814	0
152738	6448	0
152738	6449	0
152738	6450	0
152738	6451	0
152738	6452	1
152738	6453	1
152757	6448	0
152757	6449	1
152757	6450	0
152757	6451	0
152757	6452	1
152757	6453	0
152758	6448	0
152758	6449	0
152758	6450	1
152758	6451	0
152758	6452	0
152758	6453	1
152781	4736	0
152781	4737	0
152781	4738	0
152781	4739	0
152781	4740	0
152781	4741	0
152783	4736	0
152783	4737	0
152783	4738	0
152783	4739	3
152783	4740	0
152783	4741	0
152784	4736	0
152784	4737	0
152784	4738	0
152784	4739	1
152784	4740	0
152784	4741	0
152787	6029	0
152787	6030	0
152787	6031	0
152787	6032	0
152787	6033	0
152787	6034	0
152788	6029	0
152788	6030	1
152788	6031	0
152788	6032	0
152788	6033	0
152788	6034	0
152789	6029	0
152789	6030	0
152789	6031	0
152789	6032	0
152789	6033	0
152789	6034	0
152796	4426	0
152796	4427	3
152796	4428	0
152796	4429	5
152796	4430	0
152796	4431	0
152797	4426	2
152797	4427	0
152797	4428	0
152797	4429	0
152797	4430	0
152797	4431	0
152798	4426	0
152798	4427	0
152798	4428	0
152798	4429	0
152798	4430	0
152798	4431	4
152799	3827	0
152799	3828	0
152799	3829	1
152799	3830	0
152799	3831	0
152799	3832	0
152800	3827	0
152800	3828	0
152800	3829	0
152800	3830	0
152800	3831	0
152800	3832	0
152801	3827	0
152801	3828	0
152801	3829	4
152801	3830	0
152801	3831	0
152801	3832	0
152804	5919	0
152804	5920	0
152804	5921	0
152804	5922	0
152804	5923	0
152804	5924	0
152805	5919	0
152805	5920	0
152805	5921	0
152805	5922	0
152805	5923	0
152805	5924	0
152806	5919	0
152806	5920	0
152806	5921	2
152806	5922	0
152806	5923	0
152806	5924	0
152842	3881	0
152842	3882	0
152842	3883	1
152842	3884	0
152842	3885	0
152842	3886	0
152843	3881	0
152843	3882	0
152843	3883	0
152843	3884	0
152843	3885	0
152843	3886	1
152844	3881	0
152844	3882	0
152844	3883	1
152844	3884	0
152844	3885	0
152844	3886	2
152845	4062	0
152845	4063	1
152845	4064	0
152845	4065	0
152845	4066	0
152845	4067	1
152846	4062	0
152846	4063	0
152846	4064	0
152846	4065	1
152846	4066	0
152846	4067	0
152847	4062	0
152847	4063	0
152847	4064	0
152847	4065	0
152847	4066	0
152847	4067	0
152851	4444	0
152851	4445	0
152851	4446	2
152851	4447	0
152851	4448	0
152851	4449	1
152852	4444	0
152852	4445	0
152852	4446	0
152852	4447	1
152852	4448	2
152852	4449	1
152853	4444	0
152853	4445	0
152853	4446	0
152853	4447	0
152853	4448	0
152853	4449	0
152873	3152	0
152873	3153	0
152873	3154	1
152873	3155	2
152873	3156	0
152873	3157	0
152874	3152	1
152874	3153	0
152874	3154	2
152874	3155	0
152874	3156	1
152874	3157	0
152875	3152	0
152875	3153	0
152875	3154	1
152875	3155	2
152875	3156	0
152875	3157	0
152876	3253	0
152876	3254	0
152876	3255	0
152876	3256	0
152876	3257	1
152876	3258	0
152877	3253	0
152877	3254	0
152877	3255	0
152877	3256	0
152877	3257	0
152877	3258	0
152878	3253	0
152878	3254	0
152878	3255	0
152878	3256	0
152878	3257	3
152878	3258	0
152928	7125	0
152928	7126	0
152928	7127	0
152928	7128	0
152928	7129	0
152928	7130	0
152929	7125	0
152929	7126	0
152929	7127	0
152929	7128	0
152929	7129	0
152929	7130	1
152932	7125	0
152932	7126	0
152932	7127	0
152932	7128	0
152932	7129	0
152932	7130	0
152934	3147	0
152934	3148	0
152934	3149	0
152934	3150	0
152934	3151	0
152936	3147	1
152936	3148	0
152936	3149	0
152936	3150	0
152936	3151	0
152938	3147	0
152938	3148	0
152938	3149	0
152938	3150	0
152938	3151	0
152944	5273	0
152944	5274	0
152944	5275	0
152944	5276	0
152944	5277	0
152944	5278	0
152945	6606	0
152945	6607	2
152945	6608	0
152945	6609	1
152945	6610	1
152945	6611	0
152946	4670	0
152946	4671	1
152946	4672	1
152946	4673	0
152946	4674	2
152946	4675	0
152950	5273	0
152950	5274	1
152950	5275	0
152950	5276	1
152950	5277	0
152950	5278	1
152951	6606	0
152951	6607	0
152951	6608	0
152951	6609	0
152951	6610	1
152951	6611	1
152952	4670	0
152952	4671	0
152952	4672	2
152952	4673	0
152952	4674	1
152952	4675	0
152956	5273	0
152956	5274	1
152956	5275	0
152956	5276	1
152956	5277	0
152956	5278	1
152957	6606	0
152957	6607	0
152957	6608	0
152957	6609	0
152957	6610	0
152957	6611	2
152958	4670	1
152958	4671	0
152958	4672	0
152958	4673	0
152958	4674	1
152958	4675	0
152977	3545	2
152977	3546	1
152977	3547	0
152977	3548	1
152977	3549	1
152977	3550	1
152978	3545	2
152978	3546	0
152978	3547	0
152978	3548	0
152978	3549	0
152978	3550	0
152979	3545	0
152979	3546	1
152979	3547	0
152979	3548	0
152979	3549	0
152979	3550	0
152995	5403	0
152995	5404	0
152995	5405	0
152995	5406	0
152995	5407	1
152995	5408	1
152996	6911	1
152996	6912	1
152996	6913	1
152996	6914	0
152996	6915	0
152996	6916	0
152997	6911	0
152997	6912	0
152997	6913	1
152997	6914	0
152997	6915	0
152997	6916	1
152998	5403	1
152998	5404	0
152998	5405	0
152998	5406	0
152998	5407	0
152998	5408	1
152999	5403	0
152999	5404	0
152999	5405	1
152999	5406	0
152999	5407	1
152999	5408	0
153033	3551	1
153033	3552	0
153033	3553	1
153033	3554	4
153033	3555	0
153033	3556	0
153034	3551	0
153034	3552	2
153034	3553	1
153034	3554	2
153034	3555	0
153034	3556	0
153035	3551	0
153035	3552	2
153035	3553	1
153035	3554	0
153035	3555	1
153035	3556	0
153036	7528	0
153036	7529	0
153036	7530	0
153036	7531	0
153036	7532	0
153036	7533	0
153037	7528	0
153037	7529	0
153037	7530	0
153037	7531	0
153037	7532	0
153037	7533	0
153038	7528	0
153038	7529	0
153038	7530	0
153038	7531	0
153038	7532	0
153038	7533	1
153062	6887	0
153062	6888	0
153062	6889	0
153062	6890	0
153062	6891	0
153062	6892	0
153063	6887	1
153063	6888	0
153063	6889	0
153063	6890	0
153063	6891	0
153063	6892	0
153064	6887	0
153064	6888	0
153064	6889	0
153064	6890	0
153064	6891	0
153064	6892	0
153074	7078	1
153074	7079	1
153074	7080	0
153074	7081	1
153074	7082	3
153074	7083	1
153075	5907	1
153075	5908	0
153075	5909	2
153075	5910	0
153075	5911	1
153075	5912	1
153076	7131	0
153076	7132	1
153076	7133	1
153076	7134	0
153076	7135	0
153076	7136	0
153077	7078	0
153077	7079	0
153077	7080	0
153077	7081	2
153077	7082	2
153077	7083	2
153078	7131	0
153078	7132	1
153078	7133	1
153078	7134	1
153078	7135	1
153078	7136	0
153079	5907	0
153079	5908	0
153079	5909	1
153079	5910	0
153079	5911	0
153079	5912	2
153080	7078	0
153080	7079	3
153080	7080	0
153080	7081	2
153080	7082	2
153080	7083	0
153081	5907	2
153081	5908	0
153081	5909	1
153081	5910	1
153081	5911	1
153081	5912	3
153082	7131	0
153082	7132	0
153082	7133	0
153082	7134	1
153082	7135	1
153082	7136	0
153177	5607	0
153177	5608	0
153177	5609	2
153177	5610	0
153177	5611	0
153177	5612	1
153178	5607	0
153178	5608	0
153178	5609	0
153178	5610	0
153178	5611	1
153178	5612	1
153179	5607	0
153179	5608	0
153179	5609	0
153179	5610	0
153179	5611	0
153179	5612	1
153239	4520	1
153239	4521	0
153239	4522	0
153239	4523	0
153239	4524	0
153239	4525	0
153241	4520	2
153241	4521	0
153241	4522	1
153241	4523	0
153241	4524	0
153241	4525	0
153242	3887	0
153242	3888	0
153242	3889	0
153242	3890	0
153242	3891	0
153242	3892	0
153243	3887	0
153243	3888	0
153243	3889	1
153243	3890	0
153243	3891	0
153243	3892	0
153244	3887	0
153244	3888	0
153244	3889	0
153244	3890	0
153244	3891	0
153244	3892	0
153305	6773	0
153305	6774	0
153305	6775	0
153305	6776	0
153305	6777	0
153305	6778	0
153307	6773	0
153307	6774	0
153307	6775	0
153307	6776	0
153307	6777	0
153307	6778	0
153309	6773	1
153309	6774	0
153309	6775	0
153309	6776	0
153309	6777	0
153309	6778	0
153323	3893	0
153323	3894	0
153323	3895	0
153323	3896	0
153323	3897	0
153323	3898	0
153324	3893	0
153324	3894	0
153324	3895	0
153324	3896	0
153324	3897	0
153324	3898	0
153325	3893	0
153325	3894	0
153325	3895	0
153325	3896	0
153325	3897	1
153325	3898	0
153327	2802	0
153327	2803	0
153327	2804	0
153327	2805	0
153327	2806	0
153327	2807	0
153328	2802	0
153328	2803	0
153328	2804	0
153328	2805	0
153328	2806	1
153328	2807	0
153331	2802	0
153331	2803	0
153331	2804	0
153331	2805	0
153331	2806	0
153331	2807	0
153340	2706	0
153340	2707	0
153340	2708	0
153340	2709	0
153340	2710	0
153340	2711	0
153341	2706	0
153341	2707	0
153341	2708	0
153341	2709	2
153341	2710	0
153341	2711	0
153342	2706	0
153342	2707	0
153342	2708	0
153342	2709	0
153342	2710	1
153342	2711	0
153356	6738	2
153356	6739	0
153356	6740	0
153356	6741	0
153356	6742	0
153356	6743	0
153359	6738	1
153359	6739	0
153359	6740	0
153359	6741	0
153359	6742	0
153359	6743	0
153361	6738	0
153361	6739	0
153361	6740	0
153361	6741	0
153361	6742	0
153361	6743	1
153412	5529	0
153412	5530	1
153412	5531	0
153412	5532	0
153412	5533	0
153412	5534	0
153413	2652	1
153413	2653	0
153413	2654	0
153413	2655	0
153413	2656	0
153413	2657	0
153414	6466	0
153414	6467	1
153414	6468	0
153414	6469	0
153414	6470	0
153414	6471	0
153416	2652	0
153416	2653	0
153416	2654	0
153416	2655	0
153416	2656	1
153416	2657	0
153417	5529	0
153417	5530	0
153417	5531	0
153417	5532	0
153417	5533	0
153417	5534	0
153418	2652	0
153418	2653	0
153418	2654	0
153418	2655	0
153418	2656	0
153418	2657	0
153419	6466	0
153419	6467	0
153419	6468	0
153419	6469	0
153419	6470	0
153419	6471	0
153474	6893	1
153474	6894	1
153474	6895	0
153474	6896	0
153474	6897	0
153474	6898	0
153475	6893	0
153475	6894	0
153475	6895	0
153475	6896	0
153475	6897	1
153475	6898	0
153476	6893	0
153476	6894	1
153476	6895	0
153476	6896	0
153476	6897	0
153476	6898	0
153557	6466	0
153557	6467	1
153557	6468	0
153557	6469	0
153557	6470	0
153557	6471	0
153618	6424	0
153618	6425	0
153618	6426	0
153618	6427	0
153618	6428	0
153618	6429	0
153619	6424	0
153619	6425	1
153619	6426	0
153619	6427	0
153619	6428	0
153619	6429	0
153620	6424	0
153620	6425	0
153620	6426	0
153620	6427	3
153620	6428	0
153620	6429	0
153635	7231	1
153635	7232	2
153635	7233	1
153635	7234	0
153635	7235	0
153635	7236	0
153636	7231	0
153636	7232	0
153636	7233	0
153636	7234	0
153636	7235	2
153636	7236	0
153638	7213	0
153638	7214	0
153638	7215	0
153638	7216	0
153638	7217	0
153638	7218	0
153639	7468	0
153639	7469	0
153639	7470	0
153639	7471	0
153639	7472	0
153639	7473	1
153640	7213	0
153640	7214	0
153640	7215	0
153640	7216	0
153640	7217	0
153640	7218	0
153641	7468	0
153641	7469	0
153641	7470	0
153641	7471	0
153641	7472	0
153641	7473	0
153642	7213	2
153642	7214	0
153642	7215	0
153642	7216	0
153642	7217	0
153642	7218	0
153643	7468	0
153643	7469	0
153643	7470	1
153643	7471	3
153643	7472	0
153643	7473	0
153665	4158	0
153665	4159	1
153665	4160	0
153665	4161	0
153665	4162	1
153665	4163	0
153667	4158	0
153667	4159	1
153667	4160	0
153667	4161	0
153667	4162	1
153667	4163	0
153672	4158	0
153672	4159	0
153672	4160	0
153672	4161	1
153672	4162	1
153672	4163	0
153721	4987	0
153721	4988	0
153721	4989	0
153721	4990	1
153721	4991	0
153721	4992	0
153722	4987	0
153722	4988	0
153722	4989	0
153722	4990	0
153722	4991	0
153722	4992	0
153723	4987	0
153723	4988	1
153723	4989	0
153723	4990	0
153723	4991	0
153723	4992	0
153745	6642	1
153745	6643	0
153745	6644	0
153745	6645	0
153745	6646	1
153745	6647	0
153746	6642	0
153746	6643	0
153746	6644	0
153746	6645	0
153746	6646	2
153746	6647	1
153747	6642	0
153747	6643	0
153747	6644	0
153747	6645	1
153747	6646	1
153747	6647	1
153748	7492	1
153748	7493	2
153748	7494	0
153748	7495	0
153748	7496	0
153748	7497	0
153749	7492	0
153749	7493	6
153749	7494	0
153749	7495	0
153749	7496	0
153749	7497	0
153750	7492	2
153750	7493	4
153750	7494	0
153750	7495	0
153750	7496	0
153750	7497	1
153752	5817	0
153752	5818	0
153752	5819	0
153752	5820	0
153752	5821	0
153752	5822	0
153753	5817	0
153753	5818	0
153753	5819	1
153753	5820	1
153753	5821	0
153753	5822	0
153754	5817	0
153754	5818	0
153754	5819	0
153754	5820	0
153754	5821	0
153754	5822	0
153814	3077	1
153814	3078	0
153814	3079	0
153814	3080	0
153814	3081	0
153814	3082	0
153815	3077	0
153815	3078	0
153815	3079	0
153815	3080	0
153815	3081	0
153815	3082	0
153816	3077	0
153816	3078	0
153816	3079	0
153816	3080	0
153816	3081	0
153816	3082	0
153820	4486	0
153820	4487	0
153820	4488	1
153820	4489	0
153820	4490	0
153820	4491	0
153821	4486	0
153821	4487	0
153821	4488	0
153821	4489	0
153821	4490	0
153821	4491	0
153822	4486	0
153822	4487	0
153822	4488	0
153822	4489	0
153822	4490	0
153822	4491	0
153889	4486	0
153889	4487	0
153889	4488	1
153889	4489	0
153889	4490	0
153889	4491	0
153890	4486	0
153890	4487	0
153890	4488	0
153890	4489	0
153890	4490	0
153890	4491	0
153891	4486	0
153891	4487	0
153891	4488	0
153891	4489	0
153891	4490	0
153891	4491	0
153899	6466	0
153899	6467	0
153899	6468	0
153899	6469	0
153899	6470	0
153899	6471	0
153900	5529	0
153900	5530	0
153900	5531	0
153900	5532	0
153900	5533	0
153900	5534	0
153901	2652	0
153901	2653	0
153901	2654	0
153901	2655	0
153901	2656	0
153901	2657	0
153902	2652	0
153902	2653	0
153902	2654	0
153902	2655	0
153902	2656	1
153902	2657	0
153903	5529	0
153903	5530	1
153903	5531	0
153903	5532	0
153903	5533	0
153903	5534	0
153904	2652	1
153904	2653	0
153904	2654	0
153904	2655	0
153904	2656	0
153904	2657	0
153905	6466	0
153905	6467	1
153905	6468	0
153905	6469	0
153905	6470	0
153905	6471	0
153915	6893	1
153915	6894	1
153915	6895	0
153915	6896	0
153915	6897	0
153915	6898	0
153916	6893	0
153916	6894	0
153916	6895	0
153916	6896	0
153916	6897	1
153916	6898	0
153917	6893	0
153917	6894	1
153917	6895	0
153917	6896	0
153917	6897	0
153917	6898	0
154393	6911	0
154393	6912	0
154393	6913	0
154393	6914	0
154393	6915	1
154393	6916	1
154488	7333	0
154488	7334	0
154488	7335	2
154488	7336	0
154488	7337	0
154488	7338	0
154489	7333	0
154489	7334	0
154489	7335	0
154489	7336	0
154489	7337	0
154489	7338	0
154490	7333	0
154490	7334	0
154490	7335	0
154490	7336	0
154490	7337	0
154490	7338	0
154702	4205	1
154702	4206	0
154702	4207	0
154702	4208	0
154702	4209	0
154702	4210	1
154703	4205	0
154703	4206	0
154703	4207	0
154703	4208	1
154703	4209	0
154703	4210	1
154704	4205	0
154704	4206	0
154704	4207	0
154704	4208	3
154704	4209	2
154704	4210	0
154722	4604	0
154722	4605	0
154722	4606	2
154722	4607	2
154722	4608	0
154722	4609	1
154728	4604	0
154728	4605	2
154728	4606	1
154728	4607	2
154728	4608	0
154728	4609	1
154732	4604	0
154732	4605	2
154732	4606	1
154732	4607	0
154732	4608	0
154732	4609	0
154733	4205	0
154733	4206	0
154733	4207	0
154733	4208	3
154733	4209	2
154733	4210	0
154734	4205	0
154734	4206	0
154734	4207	0
154734	4208	1
154734	4209	0
154734	4210	1
154861	4580	1
154861	4581	0
154861	4582	0
154861	4583	0
154861	4584	0
154861	4585	0
154869	4110	0
154869	4111	0
154869	4112	0
154869	4113	0
154869	4114	0
154869	4115	0
154870	5990	0
154870	5991	0
154870	5992	0
154870	5993	0
154870	5994	0
154870	5995	0
154871	4384	0
154871	4385	0
154871	4386	0
154871	4387	0
154871	4388	12
154871	4389	0
154925	6298	0
154925	6299	0
154925	6300	0
154925	6301	0
154925	6302	0
154925	6303	1
154927	4586	0
154927	4587	0
154927	4588	0
154927	4589	0
154927	4590	0
154927	4591	0
154928	4181	0
154928	4182	0
154928	4183	4
154928	4184	2
154928	4185	0
154928	4186	0
154968	5607	0
154968	5608	0
154968	5609	0
154968	5610	0
154968	5611	1
154968	5612	0
154981	7357	0
154981	7358	0
154981	7359	0
154981	7360	0
154981	7361	0
154981	7362	0
154997	4175	0
154997	4176	0
154997	4177	0
154997	4178	0
154997	4179	0
154997	4180	0
155008	7504	0
155008	7505	0
155008	7506	0
155008	7507	0
155008	7508	0
155008	7509	0
155009	5565	0
155009	5566	0
155009	5567	1
155009	5568	2
155009	5569	0
155009	5570	2
155013	6654	0
155013	6655	0
155013	6656	0
155013	6657	1
155013	6658	0
155013	6659	0
155016	3916	0
155016	3917	0
155016	3918	0
155016	3919	1
155016	3920	2
155016	3921	0
155017	3141	0
155017	3142	0
155017	3143	0
155017	3144	3
155017	3145	1
155017	3146	0
155018	5697	1
155018	5698	1
155018	5699	0
155018	5700	1
155018	5701	0
155018	5702	0
155019	3763	0
155019	3764	0
155019	3765	0
155019	3766	0
155019	3767	0
155019	3768	0
155080	3188	0
155080	3189	0
155080	3190	0
155080	3191	0
155080	3192	0
155080	3193	0
155108	2898	2
155108	2899	0
155108	2900	0
155108	2901	0
155108	2902	0
155108	2903	0
155114	4384	0
155114	4385	0
155114	4386	0
155114	4387	1
155114	4388	0
155114	4389	0
155117	7504	0
155117	7505	0
155117	7506	0
155117	7507	0
155117	7508	0
155117	7509	0
155118	5697	0
155118	5698	0
155118	5699	0
155118	5700	0
155118	5701	0
155118	5702	0
155121	4234	0
155121	4235	1
155121	4236	0
155121	4237	0
155121	4238	0
155121	4239	0
155146	5565	0
155146	5566	0
155146	5567	0
155146	5568	0
155146	5569	0
155146	5570	0
155176	5607	0
155176	5608	0
155176	5609	0
155176	5610	0
155176	5611	1
155176	5612	0
155178	4175	0
155178	4176	0
155178	4177	0
155178	4178	0
155178	4179	0
155178	4180	0
155179	6654	0
155179	6655	0
155179	6656	0
155179	6657	1
155179	6658	0
155179	6659	0
155181	4110	0
155181	4111	0
155181	4112	0
155181	4113	0
155181	4114	0
155181	4115	0
155182	5990	0
155182	5991	0
155182	5992	0
155182	5993	0
155182	5994	1
155182	5995	0
155188	7357	1
155188	7358	0
155188	7359	0
155188	7360	0
155188	7361	0
155188	7362	0
155200	4580	0
155200	4581	0
155200	4582	0
155200	4583	0
155200	4584	0
155200	4585	0
155208	3141	0
155208	3142	0
155208	3143	0
155208	3144	0
155208	3145	0
155208	3146	1
155209	3916	2
155209	3917	0
155209	3918	0
155209	3919	0
155209	3920	2
155209	3921	0
155218	6298	1
155218	6299	1
155218	6300	0
155218	6301	0
155218	6302	0
155218	6303	0
155228	2898	0
155228	2899	0
155228	2900	0
155228	2901	1
155228	2902	0
155228	2903	0
155243	4158	0
155243	4159	0
155243	4160	0
155243	4161	0
155243	4162	0
155243	4163	1
155251	4586	0
155251	4587	0
155251	4588	0
155251	4589	0
155251	4590	0
155251	4591	0
155252	6582	0
155252	6583	0
155252	6584	2
155252	6585	0
155252	6586	0
155252	6587	0
155253	6582	0
155253	6583	0
155253	6584	0
155253	6585	0
155253	6586	0
155253	6587	0
155260	6654	0
155260	6655	0
155260	6656	0
155260	6657	1
155260	6658	0
155260	6659	0
155268	4384	0
155268	4385	0
155268	4386	1
155268	4387	0
155268	4388	1
155268	4389	0
155477	7387	0
155477	7388	0
155477	7389	2
155477	7390	0
155477	7391	0
155477	7392	0
155478	7387	0
155478	7388	0
155478	7389	0
155478	7390	0
155478	7391	0
155478	7392	0
155479	7387	0
155479	7388	0
155479	7389	1
155479	7390	0
155479	7391	0
155479	7392	0
155541	6298	1
155541	6299	1
155541	6300	1
155541	6301	0
155541	6302	0
155541	6303	0
155543	5990	0
155543	5991	0
155543	5992	0
155543	5993	0
155543	5994	0
155543	5995	0
155544	4110	0
155544	4111	0
155544	4112	0
155544	4113	0
155544	4114	0
155544	4115	0
155552	3916	1
155552	3917	2
155552	3918	1
155552	3919	1
155552	3920	5
155552	3921	0
155553	3141	0
155553	3142	0
155553	3143	0
155553	3144	0
155553	3145	0
155553	3146	1
155562	3188	0
155562	3189	0
155562	3190	0
155562	3191	0
155562	3192	0
155562	3193	0
155570	7534	0
155570	7535	0
155570	7536	0
155570	7537	0
155570	7538	0
155570	7539	0
155571	7534	0
155571	7535	0
155571	7536	0
155571	7537	0
155571	7538	1
155571	7539	0
155578	7558	0
155578	7559	0
155578	7560	0
155578	7561	0
155578	7562	0
155578	7563	0
155580	7558	1
155580	7559	1
155580	7560	0
155580	7561	0
155580	7562	0
155580	7563	0
155581	7558	0
155581	7559	0
155581	7560	1
155581	7561	0
155581	7562	0
155581	7563	0
155584	4580	0
155584	4581	0
155584	4582	0
155584	4583	0
155584	4584	0
155584	4585	0
155589	7072	0
155589	7073	0
155589	7074	0
155589	7075	0
155589	7076	0
155589	7077	0
155590	7072	0
155590	7073	0
155590	7074	0
155590	7075	0
155590	7076	0
155590	7077	0
155591	7072	0
155591	7073	0
155591	7074	0
155591	7075	0
155591	7076	0
155591	7077	0
155596	3188	0
155596	3189	0
155596	3190	0
155596	3191	0
155596	3192	0
155596	3193	0
155600	7357	0
155600	7358	0
155600	7359	0
155600	7360	1
155600	7361	0
155600	7362	0
155603	5607	0
155603	5608	0
155603	5609	1
155603	5610	0
155603	5611	1
155603	5612	0
155605	4181	0
155605	4182	0
155605	4183	0
155605	4184	0
155605	4185	0
155605	4186	0
155616	4175	0
155616	4176	0
155616	4177	0
155616	4178	0
155616	4179	0
155616	4180	0
155617	7504	0
155617	7505	0
155617	7506	0
155617	7507	0
155617	7508	0
155617	7509	0
155633	6582	0
155633	6583	0
155633	6584	1
155633	6585	0
155633	6586	1
155633	6587	0
155635	3433	0
155635	3434	0
155635	3435	0
155635	3436	0
155636	3433	0
155636	3434	0
155636	3435	0
155636	3436	0
155637	3433	0
155637	3434	0
155637	3435	4
155637	3436	0
155643	4586	0
155643	4587	0
155643	4588	0
155643	4589	0
155643	4590	1
155643	4591	0
155653	5697	0
155653	5698	1
155653	5699	0
155653	5700	1
155653	5701	0
155653	5702	0
155654	5565	0
155654	5566	1
155654	5567	0
155654	5568	1
155654	5569	0
155654	5570	0
155656	4181	0
155656	4182	0
155656	4183	2
155656	4184	0
155656	4185	0
155656	4186	0
155668	2724	0
155668	2725	0
155668	2726	0
155668	2727	1
155668	2728	0
155668	2729	0
155669	2724	0
155669	2725	0
155669	2726	0
155669	2727	0
155669	2728	0
155669	2729	2
155670	2724	0
155670	2725	0
155670	2726	0
155670	2727	0
155670	2728	0
155670	2729	0
155797	5219	0
155797	5220	0
155797	5221	0
155797	5222	0
155797	5223	0
155797	5224	0
155798	5219	0
155798	5220	0
155798	5221	0
155798	5222	0
155798	5223	0
155798	5224	0
155887	3557	0
155887	3558	0
155887	3559	0
155887	3560	0
155887	3561	0
155887	3562	0
155895	3557	1
155895	3558	0
155895	3559	0
155895	3560	0
155895	3561	0
155895	3562	0
155965	3557	0
155965	3558	0
155965	3559	0
155965	3560	0
155965	3561	0
155965	3562	0
155966	3557	0
155966	3558	0
155966	3559	0
155966	3560	0
155966	3561	0
155966	3562	0
156078	2898	0
156078	2899	0
156078	2900	0
156078	2901	0
156078	2902	0
156078	2903	3
156199	6472	0
156199	6473	0
156199	6474	0
156199	6475	0
156199	6476	0
156199	6477	0
156203	6472	0
156203	6473	0
156203	6474	0
156203	6475	0
156203	6476	0
156203	6477	0
156311	5990	0
156311	5991	0
156311	5992	0
156311	5993	0
156311	5994	0
156311	5995	0
156312	4110	0
156312	4111	0
156312	4112	0
156312	4113	0
156312	4114	0
156312	4115	0
156313	4110	0
156313	4111	0
156313	4112	0
156313	4113	0
156313	4114	0
156313	4115	0
156314	5990	0
156314	5991	0
156314	5992	0
156314	5993	0
156314	5994	1
156314	5995	0
156315	5990	0
156315	5991	0
156315	5992	0
156315	5993	0
156315	5994	0
156315	5995	0
156316	4110	0
156316	4111	0
156316	4112	0
156316	4113	0
156316	4114	0
156316	4115	0
156345	6582	0
156345	6583	0
156345	6584	2
156345	6585	0
156345	6586	0
156345	6587	0
156346	6582	0
156346	6583	0
156346	6584	0
156346	6585	0
156346	6586	0
156346	6587	0
156347	6582	0
156347	6583	0
156347	6584	1
156347	6585	0
156347	6586	1
156347	6587	0
156364	6298	0
156364	6299	0
156364	6300	0
156364	6301	0
156364	6302	0
156364	6303	1
156365	6298	1
156365	6299	1
156365	6300	0
156365	6301	0
156365	6302	0
156365	6303	0
156366	6298	1
156366	6299	1
156366	6300	1
156366	6301	0
156366	6302	0
156366	6303	0
156367	4604	0
156367	4605	0
156367	4606	2
156367	4607	2
156367	4608	0
156367	4609	1
156368	4604	0
156368	4605	2
156368	4606	1
156368	4607	0
156368	4608	0
156368	4609	0
156369	4604	0
156369	4605	2
156369	4606	1
156369	4607	2
156369	4608	0
156369	4609	1
156370	4205	1
156370	4206	0
156370	4207	0
156370	4208	0
156370	4209	0
156370	4210	1
156374	4580	1
156374	4581	0
156374	4582	0
156374	4583	0
156374	4584	0
156374	4585	0
156375	4580	0
156375	4581	0
156375	4582	0
156375	4583	0
156375	4584	0
156375	4585	0
156376	4580	0
156376	4581	0
156376	4582	0
156376	4583	0
156376	4584	0
156376	4585	0
156389	7534	0
156389	7535	0
156389	7536	0
156389	7537	0
156389	7538	2
156389	7539	0
156390	7534	0
156390	7535	0
156390	7536	0
156390	7537	0
156390	7538	0
156390	7539	0
156391	7534	0
156391	7535	0
156391	7536	0
156391	7537	0
156391	7538	1
156391	7539	0
156414	7333	0
156414	7334	0
156414	7335	2
156414	7336	0
156414	7337	0
156414	7338	0
156416	7333	0
156416	7334	0
156416	7335	0
156416	7336	0
156416	7337	0
156416	7338	0
156418	7333	0
156418	7334	0
156418	7335	0
156418	7336	0
156418	7337	0
156418	7338	0
156438	7558	0
156438	7559	0
156438	7560	0
156438	7561	0
156438	7562	0
156438	7563	0
156439	7558	1
156439	7559	1
156439	7560	0
156439	7561	0
156439	7562	0
156439	7563	0
156440	7558	0
156440	7559	0
156440	7560	1
156440	7561	0
156440	7562	0
156440	7563	0
156450	6911	0
156450	6912	0
156450	6913	0
156450	6914	0
156450	6915	1
156450	6916	1
156454	6911	0
156454	6912	0
156454	6913	0
156454	6914	0
156454	6915	0
156454	6916	0
156462	6911	0
156462	6912	0
156462	6913	0
156462	6914	0
156462	6915	0
156462	6916	0
156479	3188	0
156479	3189	0
156479	3190	0
156479	3191	0
156479	3192	0
156479	3193	0
156480	3188	0
156480	3189	0
156480	3190	0
156480	3191	0
156480	3192	0
156480	3193	0
156481	3188	0
156481	3189	0
156481	3190	0
156481	3191	0
156481	3192	0
156481	3193	0
156521	7387	0
156521	7388	0
156521	7389	2
156521	7390	0
156521	7391	0
156521	7392	0
156522	7387	0
156522	7388	0
156522	7389	0
156522	7390	0
156522	7391	0
156522	7392	0
156523	7387	0
156523	7388	0
156523	7389	1
156523	7390	0
156523	7391	0
156523	7392	0
156545	6654	0
156545	6655	0
156545	6656	0
156545	6657	1
156545	6658	0
156545	6659	0
156546	6654	0
156546	6655	0
156546	6656	0
156546	6657	1
156546	6658	0
156546	6659	0
156547	6654	0
156547	6655	0
156547	6656	0
156547	6657	1
156547	6658	0
156547	6659	0
156548	4586	0
156548	4587	0
156548	4588	0
156548	4589	0
156548	4590	0
156548	4591	0
156549	4586	0
156549	4587	0
156549	4588	0
156549	4589	0
156549	4590	0
156549	4591	0
156550	4586	0
156550	4587	0
156550	4588	0
156550	4589	0
156550	4590	1
156550	4591	0
156554	5697	1
156554	5698	1
156554	5699	0
156554	5700	1
156554	5701	0
156554	5702	0
156555	5565	0
156555	5566	0
156555	5567	1
156555	5568	2
156555	5569	0
156555	5570	2
156556	7504	0
156556	7505	0
156556	7506	0
156556	7507	0
156556	7508	0
156556	7509	0
156557	4175	0
156557	4176	0
156557	4177	0
156557	4178	0
156557	4179	0
156557	4180	0
156558	7357	0
156558	7358	0
156558	7359	0
156558	7360	0
156558	7361	0
156558	7362	0
156559	5607	0
156559	5608	0
156559	5609	0
156559	5610	0
156559	5611	1
156559	5612	0
156560	5697	0
156560	5698	0
156560	5699	0
156560	5700	0
156560	5701	0
156560	5702	0
156561	5565	0
156561	5566	0
156561	5567	0
156561	5568	0
156561	5569	0
156561	5570	0
156562	7504	0
156562	7505	0
156562	7506	0
156562	7507	0
156562	7508	0
156562	7509	0
156563	7357	1
156563	7358	0
156563	7359	0
156563	7360	0
156563	7361	0
156563	7362	0
156564	5607	0
156564	5608	0
156564	5609	0
156564	5610	0
156564	5611	1
156564	5612	0
156565	4175	0
156565	4176	0
156565	4177	0
156565	4178	0
156565	4179	0
156565	4180	0
156566	5697	0
156566	5698	1
156566	5699	0
156566	5700	1
156566	5701	0
156566	5702	0
156567	5565	0
156567	5566	1
156567	5567	0
156567	5568	1
156567	5569	0
156567	5570	0
156568	4175	0
156568	4176	0
156568	4177	0
156568	4178	0
156568	4179	0
156568	4180	0
156569	7504	0
156569	7505	0
156569	7506	0
156569	7507	0
156569	7508	0
156569	7509	0
156570	5607	0
156570	5608	0
156570	5609	1
156570	5610	0
156570	5611	1
156570	5612	0
156571	7357	0
156571	7358	0
156571	7359	0
156571	7360	1
156571	7361	0
156571	7362	0
156572	4181	0
156572	4182	0
156572	4183	4
156572	4184	2
156572	4185	0
156572	4186	0
156573	4181	0
156573	4182	0
156573	4183	0
156573	4184	0
156573	4185	0
156573	4186	0
156574	4181	0
156574	4182	0
156574	4183	2
156574	4184	0
156574	4185	0
156574	4186	0
156584	3141	0
156584	3142	0
156584	3143	0
156584	3144	3
156584	3145	1
156584	3146	0
156585	3916	0
156585	3917	0
156585	3918	0
156585	3919	1
156585	3920	2
156585	3921	0
156586	3141	0
156586	3142	0
156586	3143	0
156586	3144	0
156586	3145	0
156586	3146	1
156587	3916	2
156587	3917	0
156587	3918	0
156587	3919	0
156587	3920	2
156587	3921	0
156588	3916	1
156588	3917	2
156588	3918	1
156588	3919	1
156588	3920	5
156588	3921	0
156589	3141	0
156589	3142	0
156589	3143	0
156589	3144	0
156589	3145	0
156589	3146	1
156604	4384	0
156604	4385	0
156604	4386	0
156604	4387	1
156604	4388	0
156604	4389	0
156605	4384	0
156605	4385	0
156605	4386	0
156605	4387	0
156605	4388	2
156605	4389	0
156606	4384	0
156606	4385	0
156606	4386	1
156606	4387	0
156606	4388	1
156606	4389	0
156648	3433	0
156648	3434	0
156648	3435	0
156648	3436	0
156649	3433	0
156649	3434	0
156649	3435	0
156649	3436	0
156650	3433	0
156650	3434	0
156650	3435	4
156650	3436	0
156669	7072	0
156669	7073	0
156669	7074	0
156669	7075	0
156669	7076	0
156669	7077	0
156670	7072	0
156670	7073	0
156670	7074	0
156670	7075	0
156670	7076	0
156670	7077	0
156671	7072	0
156671	7073	0
156671	7074	0
156671	7075	0
156671	7076	0
156671	7077	0
156672	2724	0
156672	2725	0
156672	2726	0
156672	2727	1
156672	2728	0
156672	2729	0
156673	2724	0
156673	2725	0
156673	2726	0
156673	2727	0
156673	2728	0
156673	2729	2
156674	2724	0
156674	2725	0
156674	2726	0
156674	2727	0
156674	2728	0
156674	2729	0
156677	3557	0
156677	3558	0
156677	3559	0
156677	3560	0
156677	3561	0
156677	3562	0
156679	3557	1
156679	3558	0
156679	3559	0
156679	3560	0
156679	3561	0
156679	3562	0
156692	2898	2
156692	2899	0
156692	2900	0
156692	2901	0
156692	2902	0
156692	2903	0
156693	2898	0
156693	2899	0
156693	2900	0
156693	2901	1
156693	2902	0
156693	2903	0
156694	2898	0
156694	2899	0
156694	2900	0
156694	2901	0
156694	2902	0
156694	2903	3
156757	4450	0
156757	4451	0
156757	4452	0
156757	4453	0
156757	4454	0
156757	4455	1
156847	4898	2
156847	4899	1
156847	4900	0
156847	4901	0
156847	4902	0
156847	4903	0
156853	6244	0
156853	6245	0
156853	6246	0
156853	6247	0
156853	6248	1
156853	6249	0
156854	6244	0
156854	6245	0
156854	6246	1
156854	6247	0
156854	6248	0
156854	6249	0
156855	6244	0
156855	6245	1
156855	6246	0
156855	6247	0
156855	6248	2
156855	6249	0
156856	2808	0
156856	2809	0
156856	2810	0
156856	2811	0
156856	2812	0
156856	2813	0
156860	4348	0
156860	4349	0
156860	4350	0
156860	4351	2
156860	4352	0
156860	4353	0
156861	4348	0
156861	4349	0
156861	4350	0
156861	4351	0
156861	4352	1
156861	4353	0
156865	5195	0
156865	5196	0
156865	5197	0
156865	5198	0
156865	5199	0
156865	5200	0
156866	5195	0
156866	5196	0
156866	5197	1
156866	5198	0
156866	5199	0
156866	5200	0
156867	5195	0
156867	5196	0
156867	5197	0
156867	5198	0
156867	5199	1
156867	5200	0
156930	4234	0
156930	4235	0
156930	4236	0
156930	4237	0
156930	4238	0
156930	4239	0
156957	2670	0
156957	2671	0
156957	2672	0
156957	2673	0
156957	2674	2
156957	2675	0
156958	2670	0
156958	2671	0
156958	2672	0
156958	2673	0
156958	2674	0
156958	2675	0
156959	2670	0
156959	2671	0
156959	2672	0
156959	2673	0
156959	2674	2
156959	2675	0
156960	5195	0
156960	5196	0
156960	5197	0
156960	5198	0
156960	5199	0
156960	5200	0
156961	5195	0
156961	5196	0
156961	5197	1
156961	5198	0
156961	5199	0
156961	5200	0
156962	5195	0
156962	5196	0
156962	5197	0
156962	5198	0
156962	5199	1
156962	5200	0
156963	4348	0
156963	4349	0
156963	4350	0
156963	4351	2
156963	4352	0
156963	4353	0
156964	4348	0
156964	4349	0
156964	4350	0
156964	4351	0
156964	4352	1
156964	4353	0
156983	6911	0
156983	6912	0
156983	6913	1
156983	6914	0
156983	6915	0
156983	6916	0
157006	7125	0
157006	7126	0
157006	7127	0
157006	7128	0
157006	7129	1
157006	7130	0
157008	7125	0
157008	7126	0
157008	7127	0
157008	7128	0
157008	7129	0
157008	7130	0
157061	4904	0
157061	4905	0
157061	4906	0
157061	4907	0
157061	4908	0
157061	4909	0
157062	4904	0
157062	4905	0
157062	4906	2
157062	4907	0
157062	4908	0
157062	4909	0
157072	3205	0
157072	3206	2
157072	3207	0
157072	3208	0
157072	3209	2
157072	3210	0
157073	3205	0
157073	3206	0
157073	3207	0
157073	3208	0
157073	3209	0
157073	3210	0
157074	3205	0
157074	3206	0
157074	3207	0
157074	3208	0
157074	3209	0
157074	3210	0
157105	3205	0
157105	3206	2
157105	3207	0
157105	3208	0
157105	3209	2
157105	3210	0
157106	3205	0
157106	3206	0
157106	3207	0
157106	3208	0
157106	3209	0
157106	3210	0
157107	3205	0
157107	3206	0
157107	3207	0
157107	3208	0
157107	3209	0
157107	3210	0
157171	3605	0
157171	3606	0
157171	3607	0
157171	3608	0
157171	3609	1
157171	3610	0
157172	3605	0
157172	3606	0
157172	3607	0
157172	3608	0
157172	3609	1
157172	3610	0
157173	3605	0
157173	3606	0
157173	3607	0
157173	3608	2
157173	3609	0
157173	3610	0
157183	2808	0
157183	2809	0
157183	2810	0
157183	2811	0
157183	2812	0
157183	2813	0
157184	2808	1
157184	2809	0
157184	2810	0
157184	2811	0
157184	2812	0
157184	2813	0
157185	4898	1
157185	4899	0
157185	4900	1
157185	4901	0
157185	4902	0
157185	4903	0
157186	4898	1
157186	4899	2
157186	4900	0
157186	4901	0
157186	4902	0
157186	4903	0
157187	4288	1
157187	4289	0
157187	4290	0
157187	4291	0
157187	4292	0
157187	4293	0
157188	4288	0
157188	4289	0
157188	4290	0
157188	4291	0
157188	4292	1
157188	4293	0
157189	4288	0
157189	4289	0
157189	4290	0
157189	4291	0
157189	4292	0
157189	4293	0
157302	6726	0
157302	6727	0
157302	6728	0
157302	6729	0
157302	6730	0
157302	6731	0
157303	5451	0
157303	5452	0
157303	5453	0
157303	5454	0
157303	5455	0
157303	5456	1
157306	5046	0
157306	5047	1
157306	5048	0
157306	5049	0
157306	5050	0
157306	5051	0
157307	5046	2
157307	5047	0
157307	5048	1
157307	5049	1
157307	5050	1
157307	5051	0
157308	5046	1
157308	5047	0
157308	5048	0
157308	5049	1
157308	5050	0
157308	5051	0
157309	4140	2
157309	4141	0
157309	4142	0
157309	4143	0
157309	4144	0
157309	4145	1
157316	6702	1
157316	6703	0
157316	6704	0
157316	6705	0
157316	6706	1
157316	6707	1
157321	3551	0
157321	3552	0
157321	3553	0
157321	3554	0
157321	3555	0
157321	3556	0
157327	4987	0
157327	4988	0
157327	4989	0
157327	4990	0
157327	4991	0
157327	4992	0
157336	7261	0
157336	7262	0
157336	7263	0
157336	7264	0
157336	7265	0
157336	7266	0
157343	3599	0
157343	3600	0
157343	3601	0
157343	3602	0
157343	3603	0
157343	3604	0
157351	2706	0
157351	2707	0
157351	2708	0
157351	2709	0
157351	2710	0
157351	2711	0
157353	6472	0
157353	6473	1
157353	6474	0
157353	6475	0
157353	6476	0
157353	6477	0
157354	3077	1
157354	3078	0
157354	3079	0
157354	3080	0
157354	3081	0
157354	3082	0
157357	2706	0
157357	2707	0
157357	2708	0
157357	2709	1
157357	2710	0
157357	2711	0
157380	7231	0
157380	7232	2
157380	7233	0
157380	7234	0
157380	7235	0
157380	7236	0
157381	7450	1
157381	7451	0
157381	7452	0
157381	7453	1
157381	7454	1
157381	7455	1
157389	7243	0
157389	7244	0
157389	7245	0
157389	7246	0
157389	7247	0
157389	7248	0
157395	3976	0
157395	3977	1
157395	3978	0
157395	3979	0
157395	3980	0
157395	3981	0
157396	3976	0
157396	3977	0
157396	3978	0
157396	3979	0
157396	3980	0
157396	3981	0
157397	3976	0
157397	3977	0
157397	3978	0
157397	3979	0
157397	3980	0
157397	3981	0
157409	6702	0
157409	6703	0
157409	6704	0
157409	6705	0
157409	6706	0
157409	6707	0
157410	3599	1
157410	3600	0
157410	3601	0
157410	3602	0
157410	3603	0
157410	3604	0
157411	3545	1
157411	3546	0
157411	3547	0
157411	3548	0
157411	3549	0
157411	3550	0
157425	5451	0
157425	5452	0
157425	5453	0
157425	5454	1
157425	5455	0
157425	5456	0
157426	3551	0
157426	3552	1
157426	3553	0
157426	3554	0
157426	3555	1
157426	3556	0
157442	3077	0
157442	3078	0
157442	3079	0
157442	3080	0
157442	3081	0
157442	3082	0
157467	7243	0
157467	7244	0
157467	7245	0
157467	7246	0
157467	7247	0
157467	7248	1
157472	7231	0
157472	7232	0
157472	7233	0
157472	7234	0
157472	7235	0
157472	7236	0
157473	7450	0
157473	7451	0
157473	7452	0
157473	7453	0
157473	7454	0
157473	7455	0
157493	4987	0
157493	4988	1
157493	4989	0
157493	4990	0
157493	4991	0
157493	4992	0
157494	4987	0
157494	4988	1
157494	4989	0
157494	4990	0
157494	4991	0
157494	4992	0
157503	6726	0
157503	6727	0
157503	6728	0
157503	6729	0
157503	6730	1
157503	6731	0
157504	6726	0
157504	6727	0
157504	6728	1
157504	6729	0
157504	6730	0
157504	6731	0
157505	3077	0
157505	3078	0
157505	3079	0
157505	3080	0
157505	3081	0
157505	3082	0
157506	7492	0
157506	7493	1
157506	7494	0
157506	7495	1
157506	7496	0
157506	7497	0
157507	7492	0
157507	7493	1
157507	7494	0
157507	7495	0
157507	7496	0
157507	7497	0
157519	6702	0
157519	6703	1
157519	6704	0
157519	6705	0
157519	6706	1
157519	6707	0
157530	7231	0
157530	7232	0
157530	7233	0
157530	7234	0
157530	7235	0
157530	7236	0
157534	3152	0
157534	3153	0
157534	3154	0
157534	3155	0
157534	3156	0
157534	3157	0
157535	3152	0
157535	3153	0
157535	3154	0
157535	3155	0
157535	3156	0
157535	3157	0
157536	3152	0
157536	3153	0
157536	3154	0
157536	3155	0
157536	3156	0
157536	3157	0
157546	7450	0
157546	7451	0
157546	7452	0
157546	7453	0
157546	7454	0
157546	7455	0
157559	5403	0
157559	5404	0
157559	5405	0
157559	5406	0
157559	5407	1
157559	5408	2
157560	5403	0
157560	5404	0
157560	5405	0
157560	5406	0
157560	5407	2
157560	5408	0
157566	3599	0
157566	3600	0
157566	3601	0
157566	3602	0
157566	3603	0
157566	3604	0
157609	3551	0
157609	3552	5
157609	3553	0
157609	3554	0
157609	3555	5
157609	3556	0
157612	5451	0
157612	5452	0
157612	5453	0
157612	5454	0
157612	5455	0
157612	5456	0
157634	6424	0
157634	6425	0
157634	6426	0
157634	6427	0
157634	6428	0
157634	6429	0
157635	6424	0
157635	6425	0
157635	6426	0
157635	6427	0
157635	6428	0
157635	6429	1
157636	6424	0
157636	6425	0
157636	6426	0
157636	6427	0
157636	6428	0
157636	6429	2
157650	5273	0
157650	5274	0
157650	5275	1
157650	5276	1
157650	5277	1
157650	5278	2
157651	6606	0
157651	6607	0
157651	6608	0
157651	6609	2
157651	6610	0
157651	6611	0
157652	4670	1
157652	4671	1
157652	4672	0
157652	4673	0
157652	4674	1
157652	4675	1
157656	7131	0
157656	7132	0
157656	7133	1
157656	7134	1
157656	7135	1
157656	7136	0
157657	7078	0
157657	7079	1
157657	7080	1
157657	7081	0
157657	7082	1
157657	7083	0
157658	5907	0
157658	5908	0
157658	5909	0
157658	5910	0
157658	5911	1
157658	5912	1
157659	5273	0
157659	5274	2
157659	5275	1
157659	5276	0
157659	5277	0
157659	5278	0
157660	6606	0
157660	6607	0
157660	6608	0
157660	6609	1
157660	6610	0
157660	6611	0
157661	4670	0
157661	4671	0
157661	4672	0
157661	4673	0
157661	4674	0
157661	4675	0
157662	7078	0
157662	7079	0
157662	7080	0
157662	7081	0
157662	7082	0
157662	7083	2
157663	7131	0
157663	7132	0
157663	7133	2
157663	7134	1
157663	7135	0
157663	7136	1
157664	5907	0
157664	5908	1
157664	5909	0
157664	5910	0
157664	5911	2
157664	5912	0
157674	5273	1
157674	5274	0
157674	5275	0
157674	5276	0
157674	5277	1
157674	5278	0
157676	4670	0
157676	4671	1
157676	4672	0
157676	4673	0
157676	4674	0
157676	4675	0
157680	7078	1
157680	7079	0
157680	7080	0
157680	7081	0
157680	7082	0
157680	7083	1
157681	5907	1
157681	5908	0
157681	5909	0
157681	5910	1
157681	5911	1
157681	5912	0
157688	7261	0
157688	7262	0
157688	7263	0
157688	7264	0
157688	7265	0
157688	7266	0
157690	7261	1
157690	7262	0
157690	7263	0
157690	7264	0
157690	7265	0
157690	7266	0
157730	3545	0
157730	3546	0
157730	3547	0
157730	3548	0
157730	3549	0
157730	3550	2
157748	3147	0
157748	3148	0
157748	3149	0
157748	3150	0
157748	3151	0
157750	3147	0
157750	3148	0
157750	3149	1
157750	3150	0
157750	3151	0
157752	3147	0
157752	3148	0
157752	3149	1
157752	3150	0
157752	3151	0
157755	2706	0
157755	2707	0
157755	2708	1
157755	2709	0
157755	2710	0
157755	2711	0
157756	2706	0
157756	2707	0
157756	2708	2
157756	2709	0
157756	2710	0
157756	2711	0
157883	3551	0
157883	3552	0
157883	3553	0
157883	3554	0
157883	3555	0
157883	3556	0
157884	3551	0
157884	3552	1
157884	3553	0
157884	3554	0
157884	3555	1
157884	3556	0
157885	3551	0
157885	3552	5
157885	3553	0
157885	3554	0
157885	3555	5
157885	3556	0
157901	6726	0
157901	6727	0
157901	6728	0
157901	6729	0
157901	6730	0
157901	6731	0
157902	6726	0
157902	6727	0
157902	6728	1
157902	6729	0
157902	6730	0
157902	6731	0
157903	6726	0
157903	6727	0
157903	6728	0
157903	6729	0
157903	6730	1
157903	6731	0
157946	4933	1
157946	4934	0
157946	4935	0
157946	4936	0
157946	4937	0
157946	4938	0
157947	6208	1
157947	6209	0
157947	6210	1
157947	6211	0
157947	6212	0
157947	6213	1
157953	4933	0
157953	4934	0
157953	4935	0
157953	4936	0
157953	4937	0
157953	4938	0
157954	6208	0
157954	6209	0
157954	6210	0
157954	6211	0
157954	6212	0
157954	6213	0
157965	4933	0
157965	4934	0
157965	4935	0
157965	4936	0
157965	4937	0
157965	4938	0
157966	6208	0
157966	6209	0
157966	6210	0
157966	6211	0
157966	6212	2
157966	6213	0
158109	4520	0
158109	4521	0
158109	4522	0
158109	4523	0
158109	4524	0
158109	4525	0
158110	4520	0
158110	4521	0
158110	4522	0
158110	4523	0
158110	4524	0
158110	4525	0
158514	4736	0
158514	4737	0
158514	4738	0
158514	4739	0
158514	4740	0
158514	4741	0
158515	4736	0
158515	4737	0
158515	4738	0
158515	4739	1
158515	4740	0
158515	4741	0
158516	4736	0
158516	4737	0
158516	4738	0
158516	4739	0
158516	4740	0
158516	4741	0
158558	3827	0
158558	3828	0
158558	3829	0
158558	3830	0
158558	3831	0
158558	3832	0
158574	4426	0
158574	4427	0
158574	4428	0
158574	4429	0
158574	4430	0
158574	4431	0
158589	3827	0
158589	3828	0
158589	3829	0
158589	3830	0
158589	3831	1
158589	3832	0
158599	4426	0
158599	4427	3
158599	4428	0
158599	4429	0
158599	4430	0
158599	4431	0
158607	3827	1
158607	3828	1
158607	3829	4
158607	3830	0
158607	3831	0
158607	3832	0
158610	4426	0
158610	4427	0
158610	4428	0
158610	4429	0
158610	4430	0
158610	4431	0
159175	6029	0
159175	6030	0
159175	6031	0
159175	6032	0
159175	6033	2
159175	6034	0
159176	6029	0
159176	6030	0
159176	6031	0
159176	6032	0
159176	6033	0
159176	6034	0
159177	6029	0
159177	6030	0
159177	6031	0
159177	6032	0
159177	6033	0
159177	6034	0
159191	3881	0
159191	3882	0
159191	3883	0
159191	3884	0
159191	3885	0
159191	3886	0
159207	4062	0
159207	4063	0
159207	4064	0
159207	4065	0
159207	4066	0
159207	4067	0
159209	5100	0
159209	5101	0
159209	5102	0
159209	5103	0
159209	5104	1
159209	5105	1
159224	7213	0
159224	7214	1
159224	7215	1
159224	7216	0
159224	7217	0
159224	7218	1
159226	5373	0
159226	5374	0
159226	5375	0
159226	5376	0
159226	5377	0
159226	5378	0
159231	7468	0
159231	7469	0
159231	7470	1
159231	7471	0
159231	7472	0
159231	7473	0
159256	6809	0
159256	6810	0
159256	6811	0
159256	6812	0
159256	6813	0
159256	6814	1
159259	4012	0
159259	4013	0
159259	4014	0
159259	4015	0
159259	4016	1
159263	6773	0
159263	6774	0
159263	6775	0
159263	6776	0
159263	6777	1
159263	6778	0
159264	5817	0
159264	5818	0
159264	5819	1
159264	5820	0
159264	5821	0
159264	5822	0
159265	6594	0
159265	6595	0
159265	6596	0
159265	6597	0
159265	6598	0
159265	6599	0
159340	3763	0
159340	3764	0
159340	3765	0
159340	3766	0
159340	3767	0
159340	3768	0
159341	7528	0
159341	7529	0
159341	7530	0
159341	7531	0
159341	7532	0
159341	7533	2
159342	3763	0
159342	3764	0
159342	3765	0
159342	3766	1
159342	3767	0
159342	3768	0
159397	5373	0
159397	5374	0
159397	5375	0
159397	5376	0
159397	5377	0
159397	5378	0
159400	5625	0
159400	5626	0
159400	5627	0
159400	5628	0
159400	5629	0
159400	5630	0
159401	5625	0
159401	5626	0
159401	5627	1
159401	5628	0
159401	5629	0
159401	5630	0
159410	3881	0
159410	3882	0
159410	3883	0
159410	3884	0
159410	3885	0
159410	3886	0
159412	4012	0
159412	4013	0
159412	4014	0
159412	4015	0
159412	4016	0
159422	4062	1
159422	4063	0
159422	4064	0
159422	4065	1
159422	4066	0
159422	4067	1
159438	6594	0
159438	6595	0
159438	6596	0
159438	6597	0
159438	6598	0
159438	6599	0
159439	6809	0
159439	6810	0
159439	6811	0
159439	6812	0
159439	6813	0
159439	6814	1
159442	6893	0
159442	6894	0
159442	6895	0
159442	6896	0
159442	6897	1
159442	6898	1
159445	2802	0
159445	2803	0
159445	2804	0
159445	2805	0
159445	2806	0
159445	2807	0
159452	5817	0
159452	5818	0
159452	5819	0
159452	5820	1
159452	5821	0
159452	5822	0
159455	5100	0
159455	5101	0
159455	5102	0
159455	5103	0
159455	5104	0
159455	5105	0
159471	7213	0
159471	7214	0
159471	7215	0
159471	7216	0
159471	7217	0
159471	7218	0
159472	7468	0
159472	7469	0
159472	7470	0
159472	7471	0
159472	7472	0
159472	7473	0
159481	6594	0
159481	6595	0
159481	6596	0
159481	6597	1
159481	6598	0
159481	6599	0
159482	6809	0
159482	6810	0
159482	6811	0
159482	6812	0
159482	6813	0
159482	6814	1
159502	5373	0
159502	5374	0
159502	5375	0
159502	5376	0
159502	5377	0
159502	5378	1
159511	5817	0
159511	5818	0
159511	5819	0
159511	5820	0
159511	5821	0
159511	5822	0
159512	4062	0
159512	4063	0
159512	4064	1
159512	4065	0
159512	4066	0
159512	4067	0
159519	6773	0
159519	6774	0
159519	6775	0
159519	6776	0
159519	6777	0
159519	6778	0
159556	5625	0
159556	5626	0
159556	5627	0
159556	5628	0
159556	5629	0
159556	5630	0
159560	4012	0
159560	4013	0
159560	4014	0
159560	4015	0
159560	4016	0
159574	5595	0
159574	5596	0
159574	5597	0
159574	5598	1
159574	5599	0
159574	5600	0
159577	5595	0
159577	5596	0
159577	5597	0
159577	5598	0
159577	5599	0
159577	5600	0
159579	5100	0
159579	5101	0
159579	5102	0
159579	5103	0
159579	5104	1
159579	5105	0
159580	2802	0
159580	2803	1
159580	2804	0
159580	2805	0
159580	2806	0
159580	2807	0
159594	3881	0
159594	3882	0
159594	3883	0
159594	3884	0
159594	3885	0
159594	3886	1
159601	5919	0
159601	5920	0
159601	5921	3
159601	5922	3
159601	5923	0
159601	5924	0
159603	5919	0
159603	5920	0
159603	5921	4
159603	5922	0
159603	5923	0
159603	5924	0
159612	7528	0
159612	7529	1
159612	7530	0
159612	7531	0
159612	7532	0
159612	7533	0
159614	7528	2
159614	7529	0
159614	7530	0
159614	7531	0
159614	7532	0
159614	7533	1
159638	3893	0
159638	3894	0
159638	3895	0
159638	3896	0
159638	3897	1
159638	3898	0
159639	3893	0
159639	3894	1
159639	3895	0
159639	3896	0
159639	3897	3
159639	3898	0
159640	3893	0
159640	3894	2
159640	3895	0
159640	3896	1
159640	3897	0
159640	3898	0
159641	3253	0
159641	3254	0
159641	3255	0
159641	3256	1
159641	3257	1
159642	3253	0
159642	3254	0
159642	3255	0
159642	3256	0
159642	3257	1
159658	2802	0
159658	2803	0
159658	2804	0
159658	2805	0
159658	2806	0
159658	2807	1
159659	3887	0
159659	3888	0
159659	3889	0
159659	3890	0
159659	3891	0
159659	3892	0
159660	6887	0
159660	6888	0
159660	6889	0
159660	6890	0
159660	6891	0
159660	6892	0
159661	6887	0
159661	6888	0
159661	6889	0
159661	6890	0
159661	6891	0
159661	6892	0
159662	6887	1
159662	6888	0
159662	6889	0
159662	6890	0
159662	6891	0
159662	6892	0
159679	3857	0
159679	3858	0
159679	3859	0
159679	3860	0
159679	3861	0
159679	3862	0
159680	3857	0
159680	3858	0
159680	3859	0
159680	3860	0
159680	3861	0
159680	3862	1
159685	6738	0
159685	6739	0
159685	6740	0
159685	6741	0
159685	6742	0
159685	6743	0
159686	6738	0
159686	6739	0
159686	6740	0
159686	6741	0
159686	6742	0
159686	6743	0
159687	6738	0
159687	6739	0
159687	6740	0
159687	6741	0
159687	6742	0
159687	6743	0
159730	3887	0
159730	3888	0
159730	3889	1
159730	3890	0
159730	3891	0
159730	3892	0
159731	3887	0
159731	3888	0
159731	3889	0
159731	3890	0
159731	3891	0
159731	3892	0
159738	7334	0
159738	7336	0
159738	7337	1
159738	7338	0
159739	7333	0
159739	7334	0
159739	7335	0
159739	7336	0
159739	7337	0
159739	7338	0
159740	7333	0
159740	7334	0
159740	7335	0
159740	7336	0
159740	7337	0
159740	7338	0
159752	2664	0
159752	2665	1
159752	2666	0
159752	2667	0
159752	2668	0
159752	2669	0
159754	2664	0
159754	2665	1
159754	2666	0
159754	2667	0
159754	2668	0
159754	2669	0
159756	2664	0
159756	2665	1
159756	2666	0
159756	2667	0
159756	2668	0
159756	2669	0
159819	6448	0
159819	6449	0
159819	6450	0
159819	6451	1
159819	6452	0
159819	6453	0
159820	6448	0
159820	6449	0
159820	6450	1
159820	6451	0
159820	6452	1
159820	6453	1
159840	5529	0
159840	5530	1
159840	5531	0
159840	5532	0
159840	5533	0
159840	5534	0
159855	4604	0
159855	4605	1
159855	4606	2
159855	4607	2
159855	4608	0
159855	4609	3
159856	4604	0
159856	4605	3
159856	4606	4
159856	4607	3
159856	4608	0
159856	4609	2
159858	4205	0
159858	4206	0
159858	4207	0
159858	4208	0
159858	4209	1
159858	4210	2
159859	4205	0
159859	4206	0
159859	4207	0
159859	4208	0
159859	4209	1
159859	4210	0
159860	4205	4
159860	4206	0
159860	4207	0
159860	4208	4
159860	4209	1
159860	4210	0
159897	3857	0
159897	3858	0
159897	3859	0
159897	3860	0
159897	3861	0
159897	3862	0
159937	5595	0
159937	5596	0
159937	5597	0
159937	5598	0
159937	5599	0
159937	5600	0
160112	4486	0
160112	4487	0
160112	4488	0
160112	4489	1
160112	4490	1
160112	4491	0
160127	6929	0
160127	6930	1
160127	6931	0
160127	6932	1
160127	6933	0
160127	6934	0
160128	6929	0
160128	6930	0
160128	6931	0
160128	6932	0
160128	6933	2
160128	6934	0
160139	5990	0
160139	5991	0
160139	5992	0
160139	5993	0
160139	5994	0
160139	5995	0
160140	4110	0
160140	4111	0
160140	4112	0
160140	4113	0
160140	4114	0
160140	4115	0
160143	4450	0
160143	4451	0
160143	4452	0
160143	4453	0
160143	4454	0
160143	4455	0
160145	6582	0
160145	6583	0
160145	6584	0
160145	6585	0
160145	6586	0
160145	6587	0
160149	3433	0
160149	3434	0
160149	3435	2
160149	3436	0
160150	6442	0
160150	6443	0
160150	6444	0
160150	6445	0
160150	6446	0
160150	6447	0
160153	6654	0
160153	6655	0
160153	6656	0
160153	6657	0
160153	6658	0
160153	6659	0
160156	4234	0
160156	4235	0
160156	4236	0
160156	4237	0
160156	4238	1
160156	4239	0
160171	7558	0
160171	7559	0
160171	7560	0
160171	7561	0
160171	7562	0
160171	7563	0
160192	3763	0
160192	3764	0
160192	3765	0
160192	3766	3
160192	3767	0
160192	3768	2
160194	3605	0
160194	3606	0
160194	3607	1
160194	3608	1
160194	3609	0
160194	3610	0
160195	3605	0
160195	3606	0
160195	3607	0
160195	3608	0
160195	3609	1
160195	3610	0
160196	4586	0
160196	4587	0
160196	4588	0
160196	4589	0
160196	4590	0
160196	4591	0
160200	3605	0
160200	3606	0
160200	3607	0
160200	3608	1
160200	3609	2
160200	3610	0
160201	7648	0
160201	7649	0
160201	7650	0
160201	7651	0
160201	7652	0
160201	7653	0
160205	6642	0
160205	6643	0
160205	6644	0
160205	6645	1
160205	6646	0
160205	6647	0
160206	6642	0
160206	6643	0
160206	6644	0
160206	6645	0
160206	6646	0
160206	6647	0
160207	4384	0
160207	4385	0
160207	4386	1
160207	4387	0
160207	4388	0
160207	4389	0
160212	4234	0
160212	4235	0
160212	4236	0
160212	4237	0
160212	4238	0
160212	4239	0
160254	2898	0
160254	2899	0
160254	2900	0
160254	2901	0
160254	2902	0
160254	2903	0
160255	6911	0
160255	6912	0
160255	6913	0
160255	6914	0
160255	6915	0
160255	6916	0
160257	4175	0
160257	4176	0
160257	4177	0
160257	4178	0
160257	4179	0
160257	4180	0
160258	5697	0
160258	5698	0
160258	5699	0
160258	5700	1
160258	5701	0
160258	5702	0
160261	5697	1
160261	5698	0
160261	5699	0
160261	5700	1
160261	5701	0
160261	5702	0
160262	5990	0
160262	5991	0
160262	5992	0
160262	5993	0
160262	5994	0
160262	5995	0
160263	4110	0
160263	4111	0
160263	4112	0
160263	4113	0
160263	4114	0
160263	4115	0
160264	4175	0
160264	4176	0
160264	4177	0
160264	4178	0
160264	4179	0
160264	4180	0
160268	6298	0
160268	6299	0
160268	6300	0
160268	6301	0
160268	6302	0
160268	6303	0
160269	6582	0
160269	6583	0
160269	6584	0
160269	6585	0
160269	6586	0
160269	6587	0
160276	6654	0
160276	6655	0
160276	6656	0
160276	6657	0
160276	6658	0
160276	6659	1
160284	4586	0
160284	4587	0
160284	4588	0
160284	4589	0
160284	4590	0
160284	4591	0
160287	4384	0
160287	4385	0
160287	4386	2
160287	4387	0
160287	4388	0
160287	4389	0
160291	6911	0
160291	6912	0
160291	6913	0
160291	6914	0
160291	6915	0
160291	6916	0
160295	6244	0
160295	6245	0
160295	6246	0
160295	6247	0
160295	6248	2
160295	6249	0
160296	6244	1
160296	6245	0
160296	6246	0
160296	6247	0
160296	6248	2
160296	6249	0
160299	4450	1
160299	4451	0
160299	4452	1
160299	4453	0
160299	4454	0
160299	4455	0
160306	3763	0
160306	3764	0
160306	3765	0
160306	3766	0
160306	3767	0
160306	3768	0
160318	3433	0
160318	3434	0
160318	3435	0
160318	3436	0
160320	5046	0
160320	5047	0
160320	5048	0
160320	5049	1
160320	5050	0
160320	5051	0
160321	5046	0
160321	5047	0
160321	5048	0
160321	5049	1
160321	5050	0
160321	5051	0
160322	6298	0
160322	6299	0
160322	6300	1
160322	6301	0
160322	6302	0
160322	6303	1
160348	7072	0
160348	7073	1
160348	7074	0
160348	7075	0
160348	7076	1
160348	7077	0
160349	7072	0
160349	7073	0
160349	7074	0
160349	7075	0
160349	7076	2
160349	7077	0
160350	7072	0
160350	7073	0
160350	7074	0
160350	7075	0
160350	7076	1
160350	7077	0
160354	4234	0
160354	4235	0
160354	4236	0
160354	4237	0
160354	4238	0
160354	4239	0
160355	5990	0
160355	5991	0
160355	5992	0
160355	5993	0
160355	5994	0
160355	5995	0
160356	4110	0
160356	4111	1
160356	4112	0
160356	4113	0
160356	4114	0
160356	4115	0
160359	7558	0
160359	7559	0
160359	7560	0
160359	7561	0
160359	7562	0
160359	7563	0
160361	4384	0
160361	4385	0
160361	4386	1
160361	4387	2
160361	4388	0
160361	4389	0
160363	4348	0
160363	4349	0
160363	4350	0
160363	4351	0
160363	4352	0
160363	4353	0
160364	4348	0
160364	4349	0
160364	4350	0
160364	4351	0
160364	4352	1
160364	4353	0
160366	7243	0
160366	7244	0
160366	7245	0
160366	7246	0
160366	7247	0
160366	7248	0
160368	6654	0
160368	6655	0
160368	6656	1
160368	6657	0
160368	6658	0
160368	6659	0
160369	4450	0
160369	4451	0
160369	4452	1
160369	4453	0
160369	4454	0
160369	4455	1
160371	4348	0
160371	4349	0
160371	4350	0
160371	4351	0
160371	4352	1
160371	4353	0
160381	7648	0
160381	7649	0
160381	7650	0
160381	7651	0
160381	7652	0
160381	7653	1
160386	4175	0
160386	4176	1
160386	4177	0
160386	4178	0
160386	4179	0
160386	4180	0
160387	5697	0
160387	5698	0
160387	5699	0
160387	5700	1
160387	5701	0
160387	5702	0
160400	6298	0
160400	6299	0
160400	6300	0
160400	6301	0
160400	6302	0
160400	6303	0
160401	5046	0
160401	5047	0
160401	5048	0
160401	5049	0
160401	5050	0
160401	5051	0
160408	3763	0
160408	3764	0
160408	3765	0
160408	3766	1
160408	3767	0
160408	3768	0
160427	2724	0
160427	2725	0
160427	2726	0
160427	2727	0
160427	2728	0
160427	2729	0
160430	2724	0
160430	2725	0
160430	2726	0
160430	2727	0
160430	2728	0
160430	2729	1
160431	2724	0
160431	2725	0
160431	2726	0
160431	2727	0
160431	2728	0
160431	2729	0
160432	7648	0
160432	7649	0
160432	7650	0
160432	7651	1
160432	7652	0
160432	7653	0
160436	7558	0
160436	7559	0
160436	7560	0
160436	7561	0
160436	7562	0
160436	7563	0
160453	2898	0
160453	2899	0
160453	2900	0
160453	2901	0
160453	2902	0
160453	2903	0
160454	4586	0
160454	4587	0
160454	4588	0
160454	4589	0
160454	4590	0
160454	4591	0
160455	2898	0
160455	2899	0
160455	2900	0
160455	2901	1
160455	2902	4
160455	2903	0
160465	7558	0
160465	7559	0
160465	7560	0
160465	7561	0
160465	7562	0
160465	7563	0
160468	6244	0
160468	6245	0
160468	6246	0
160468	6247	0
160468	6248	2
160468	6249	0
160470	6472	0
160470	6473	0
160470	6474	0
160470	6475	0
160470	6476	0
160470	6477	0
160482	7534	0
160482	7535	0
160482	7536	0
160482	7537	0
160482	7538	0
160482	7539	0
160483	7534	0
160483	7535	0
160483	7536	0
160483	7537	0
160483	7538	0
160483	7539	0
160484	7534	0
160484	7535	0
160484	7536	0
160484	7537	0
160484	7538	0
160484	7539	0
160500	6911	0
160500	6912	0
160500	6913	0
160500	6914	0
160500	6915	0
160500	6916	0
160505	3557	0
160505	3558	1
160505	3559	0
160505	3560	0
160505	3561	0
160505	3562	0
160506	3557	0
160506	3558	1
160506	3559	0
160506	3560	0
160506	3561	0
160506	3562	0
160507	3557	0
160507	3558	0
160507	3559	0
160507	3560	0
160507	3561	0
160507	3562	0
160508	2670	0
160508	2671	0
160508	2672	1
160508	2673	0
160508	2674	0
160508	2675	0
160509	2670	0
160509	2671	0
160509	2672	0
160509	2673	0
160509	2674	0
160509	2675	0
160510	2670	0
160510	2671	0
160510	2672	0
160510	2673	0
160510	2674	0
160510	2675	0
160514	5529	0
160514	5530	0
160514	5531	0
160514	5532	2
160514	5533	0
160514	5534	0
160515	2652	2
160515	2653	0
160515	2654	2
160515	2655	1
160515	2656	1
160515	2657	0
160516	6466	0
160516	6467	0
160516	6468	0
160516	6469	0
160516	6470	0
160516	6471	0
160517	5529	0
160517	5530	1
160517	5531	0
160517	5532	2
160517	5533	0
160517	5534	0
160518	2652	0
160518	2653	0
160518	2654	0
160518	2655	0
160518	2656	0
160518	2657	0
160519	6466	1
160519	6467	0
160519	6468	0
160519	6469	0
160519	6470	0
160519	6471	0
160520	5529	2
160520	5530	0
160520	5531	0
160520	5532	0
160520	5533	0
160520	5534	0
160521	2652	0
160521	2653	0
160521	2654	0
160521	2655	0
160521	2656	0
160521	2657	0
160522	6466	0
160522	6467	0
160522	6468	0
160522	6469	0
160522	6470	0
160522	6471	0
160545	7387	0
160545	7388	0
160545	7389	0
160545	7390	1
160545	7391	0
160545	7392	0
160546	7387	0
160546	7388	0
160546	7389	0
160546	7390	0
160546	7391	0
160546	7392	0
160547	7387	0
160547	7388	0
160547	7389	0
160547	7390	0
160547	7391	0
160547	7392	0
160578	3433	0
160578	3434	0
160578	3435	0
160578	3436	0
160585	7108	0
160585	7109	0
160585	7110	0
160585	7111	0
160585	7112	0
160585	7113	0
160586	7108	1
160586	7109	0
160586	7110	1
160586	7111	0
160586	7112	0
160586	7113	1
160587	7108	0
160587	7109	0
160587	7110	0
160587	7111	0
160587	7112	0
160587	7113	0
160591	5195	0
160591	5196	0
160591	5197	0
160591	5198	0
160591	5199	0
160591	5200	0
160592	5195	0
160592	5196	0
160592	5197	0
160592	5198	0
160592	5200	0
160593	5195	0
160593	5196	0
160593	5197	0
160593	5198	0
160593	5199	0
160593	5200	0
160598	7125	0
160598	7126	0
160598	7127	0
160598	7128	0
160598	7129	0
160598	7130	0
160600	7125	0
160600	7126	0
160600	7127	0
160600	7128	0
160600	7129	0
160600	7130	0
160602	7125	0
160602	7126	0
160602	7127	0
160602	7128	0
160602	7129	0
160602	7130	0
160607	6442	0
160607	6443	0
160607	6444	0
160607	6445	0
160607	6446	0
160607	6447	1
160608	6442	0
160608	6443	0
160608	6444	0
160608	6445	0
160608	6446	0
160608	6447	0
160620	3976	0
160620	3977	0
160620	3978	0
160620	3979	0
160620	3980	0
160620	3981	0
160621	3976	0
160621	3977	0
160621	3978	0
160621	3979	0
160621	3980	0
160621	3981	0
160622	3976	0
160622	3977	0
160622	3978	0
160622	3979	0
160622	3980	0
160622	3981	0
160632	4904	0
160632	4905	0
160632	4906	0
160632	4907	0
160632	4908	0
160632	4909	0
160633	4904	0
160633	4905	0
160633	4906	0
160633	4907	0
160633	4908	0
160633	4909	0
160698	3857	0
160698	3858	0
160698	3859	0
160698	3860	0
160698	3861	0
160698	3862	1
160699	3857	0
160699	3858	0
160699	3859	0
160699	3860	1
160699	3861	0
160699	3862	0
160700	3857	0
160700	3858	0
160700	3859	0
160700	3860	0
160700	3861	0
160700	3862	0
160726	2808	0
160726	2809	0
160726	2810	0
160726	2811	0
160726	2812	0
160726	2813	0
160804	4158	0
160804	4159	0
160804	4160	0
160804	4161	0
160804	4162	0
160804	4163	1
160813	4288	0
160813	4289	1
160813	4290	0
160813	4291	0
160813	4292	0
160813	4293	0
160814	4288	0
160814	4289	0
160814	4290	0
160814	4291	0
160814	4292	0
160814	4293	0
160815	4288	0
160815	4289	0
160815	4290	0
160815	4291	0
160815	4292	0
160815	4293	0
160816	4898	2
160816	4899	0
160816	4900	0
160816	4901	0
160816	4902	0
160816	4903	0
160817	4898	0
160817	4899	2
160817	4900	0
160817	4901	0
160817	4902	0
160817	4903	0
160818	4898	0
160818	4899	0
160818	4900	0
160818	4901	0
160818	4902	0
160818	4903	0
160863	3557	0
160863	3558	1
160863	3559	0
160863	3560	0
160863	3561	0
160863	3562	0
160864	3557	0
160864	3558	1
160864	3559	0
160864	3560	0
160864	3561	0
160864	3562	0
160865	3557	0
160865	3558	0
160865	3559	0
160865	3560	0
160865	3561	0
160865	3562	0
160868	6738	0
160868	6739	0
160868	6740	0
160868	6741	0
160868	6742	0
160868	6743	1
160872	3599	0
160872	3600	0
160872	3601	0
160872	3602	0
160872	3603	0
160872	3604	0
160879	3188	0
160879	3189	0
160879	3190	0
160879	3191	1
160879	3192	0
160879	3193	0
160880	3188	0
160880	3189	0
160880	3190	0
160880	3191	0
160880	3192	0
160880	3193	0
160881	3188	0
160881	3189	0
160881	3190	0
160881	3191	0
160881	3192	0
160881	3193	0
160887	6642	0
160887	6643	0
160887	6644	0
160887	6645	0
160887	6646	0
160887	6647	0
160893	4987	0
160893	4988	1
160893	4989	0
160893	4990	0
160893	4991	0
160893	4992	0
160943	7450	0
160943	7451	0
160943	7452	0
160943	7453	0
160943	7454	0
160943	7455	0
160944	7243	1
160944	7244	0
160944	7245	0
160944	7246	0
160944	7247	0
160944	7248	0
160949	5403	0
160949	5404	1
160949	5405	0
160949	5406	1
160949	5407	0
160949	5408	1
160950	6911	0
160950	6912	0
160950	6913	1
160950	6914	0
160950	6915	0
160950	6916	0
160951	5403	0
160951	5404	0
160951	5405	0
160951	5406	0
160951	5407	0
160951	5408	0
160955	5219	0
160955	5220	0
160955	5221	0
160955	5222	0
160955	5223	0
160955	5224	1
160959	3077	0
160959	3078	0
160959	3079	0
160959	3080	0
160959	3081	0
160959	3082	0
160968	7504	0
160968	7505	0
160968	7506	1
160968	7507	0
160968	7508	0
160968	7509	0
160970	5565	0
160970	5566	1
160970	5567	0
160970	5568	0
160970	5569	0
160970	5570	0
160971	7504	0
160971	7505	1
160971	7506	1
160971	7507	0
160971	7508	0
160971	7509	0
160972	5565	0
160972	5566	1
160972	5567	0
160972	5568	1
160972	5569	0
160972	5570	0
160988	5403	0
160988	5404	0
160988	5405	0
160988	5406	0
160988	5407	0
160988	5408	0
160994	3152	0
160994	3153	0
160994	3154	0
160994	3155	0
160994	3156	0
160994	3157	0
160998	6642	0
160998	6643	0
160998	6644	0
160998	6645	0
160998	6646	0
160998	6647	0
161004	7243	0
161004	7244	0
161004	7245	0
161004	7246	1
161004	7247	0
161004	7248	2
161007	6702	1
161007	6703	1
161007	6704	1
161007	6705	0
161007	6706	0
161007	6707	0
161008	6702	0
161008	6703	0
161008	6704	0
161008	6705	0
161008	6706	1
161008	6707	1
161011	4140	0
161011	4141	0
161011	4142	0
161011	4143	0
161011	4144	0
161011	4145	0
161012	4140	0
161012	4141	0
161012	4142	0
161012	4143	0
161012	4144	0
161012	4145	0
161014	7450	0
161014	7451	0
161014	7452	0
161014	7453	0
161014	7454	0
161014	7455	0
161030	3077	0
161030	3078	0
161030	3079	0
161030	3080	0
161030	3081	0
161030	3082	0
161035	5219	0
161035	5220	0
161035	5221	0
161035	5222	0
161035	5223	0
161035	5224	0
161046	7504	0
161046	7505	0
161046	7506	0
161046	7507	0
161046	7508	0
161046	7509	0
161047	5565	0
161047	5566	0
161047	5567	0
161047	5568	1
161047	5569	0
161047	5570	0
161049	4987	0
161049	4988	1
161049	4989	0
161049	4990	0
161049	4991	0
161049	4992	0
161053	5403	0
161053	5404	0
161053	5405	2
161053	5406	0
161053	5407	0
161053	5408	0
161056	3152	0
161056	3153	0
161056	3154	3
161056	3155	1
161056	3156	0
161056	3157	0
161060	3077	0
161060	3078	0
161060	3079	0
161060	3080	0
161060	3081	0
161060	3082	0
161077	6424	0
161077	6425	0
161077	6426	0
161077	6427	0
161077	6428	0
161077	6429	0
161078	6424	0
161078	6425	0
161078	6426	1
161078	6427	0
161078	6428	0
161078	6429	3
161081	6424	0
161081	6425	0
161081	6426	0
161081	6427	0
161081	6428	0
161081	6429	0
161084	4987	0
161084	4988	1
161084	4989	0
161084	4990	0
161084	4991	0
161084	4992	0
161109	4444	0
161109	4445	0
161109	4446	0
161109	4447	0
161109	4448	0
161109	4449	0
161110	4444	0
161110	4445	0
161110	4446	0
161110	4447	0
161110	4448	0
161110	4449	0
161111	7450	0
161111	7451	0
161111	7452	0
161111	7453	0
161111	7454	0
161111	7455	0
161121	3599	0
161121	3600	0
161121	3601	0
161121	3602	0
161121	3603	0
161121	3604	0
161130	6702	0
161130	6703	0
161130	6704	0
161130	6705	2
161130	6706	0
161130	6707	0
161131	4140	0
161131	4141	0
161131	4142	0
161131	4143	0
161131	4144	0
161131	4145	0
161152	6726	1
161152	6727	0
161152	6728	0
161152	6729	0
161152	6730	0
161152	6731	0
161153	6726	1
161153	6727	0
161153	6728	0
161153	6729	0
161153	6730	0
161153	6731	0
161154	6726	0
161154	6727	0
161154	6728	0
161154	6729	0
161154	6730	0
161154	6731	0
161159	6738	0
161159	6739	0
161159	6740	0
161159	6741	0
161159	6742	0
161159	6743	0
161160	6738	0
161160	6739	0
161160	6740	0
161160	6741	0
161160	6742	0
161160	6743	0
161161	5219	0
161161	5220	0
161161	5221	0
161161	5222	0
161161	5223	0
161161	5224	0
161174	7243	0
161174	7244	0
161174	7245	0
161174	7246	0
161174	7247	0
161174	7248	0
161182	3545	1
161182	3546	0
161182	3547	0
161182	3548	0
161182	3549	0
161182	3550	0
161183	3545	0
161183	3546	0
161183	3547	0
161183	3548	0
161183	3549	0
161183	3550	0
161184	3545	1
161184	3546	0
161184	3547	3
161184	3548	0
161184	3549	0
161184	3550	0
161190	4444	0
161190	4445	2
161190	4446	0
161190	4447	0
161190	4448	0
161190	4449	0
161204	4520	0
161204	4521	0
161204	4522	0
161204	4523	0
161204	4524	0
161204	4525	0
161205	4520	0
161205	4521	0
161205	4522	0
161205	4523	0
161205	4524	0
161205	4525	0
161206	4520	1
161206	4521	0
161206	4522	0
161206	4523	0
161206	4524	0
161206	4525	0
161262	7492	0
161262	7493	3
161262	7494	0
161262	7495	3
161262	7496	0
161262	7497	0
161263	7492	0
161263	7493	0
161263	7494	0
161263	7495	0
161263	7496	0
161263	7497	0
161264	7492	4
161264	7493	6
161264	7494	0
161264	7495	1
161264	7496	1
161264	7497	0
161292	6887	0
161292	6888	0
161292	6889	0
161292	6890	0
161292	6891	0
161292	6892	0
161293	6887	0
161293	6888	0
161293	6889	0
161293	6890	0
161293	6891	0
161293	6892	0
161294	6887	0
161294	6888	0
161294	6889	0
161294	6890	0
161294	6891	0
161294	6892	0
161315	7261	1
161315	7262	0
161315	7263	0
161315	7264	0
161315	7265	1
161315	7266	0
161585	3964	0
161585	3965	0
161585	3966	0
161585	3967	0
161585	3968	0
161585	3969	0
161586	3964	1
161586	3965	0
161586	3966	0
161586	3967	0
161586	3968	0
161586	3969	0
161587	3964	0
161587	3965	0
161587	3966	0
161587	3967	0
161587	3968	0
161587	3969	0
161588	7155	0
161588	7156	1
161588	7157	0
161588	7158	1
161588	7159	1
161588	7160	0
161589	7155	0
161589	7156	2
161589	7157	0
161589	7158	0
161589	7159	1
161589	7160	0
161590	7155	0
161590	7156	0
161590	7157	1
161590	7158	0
161590	7159	0
161590	7160	0
161741	7357	1
161741	7358	0
161741	7359	2
161741	7360	0
161741	7361	1
161741	7362	0
161742	5607	0
161742	5608	0
161742	5609	1
161742	5610	0
161742	5611	0
161742	5612	0
161774	5100	0
161774	5101	0
161774	5102	2
161774	5103	0
161774	5104	1
161774	5105	0
161925	6929	0
161925	6930	0
161925	6931	1
161925	6932	0
161925	6933	0
161925	6934	1
161927	6893	0
161927	6894	0
161927	6895	0
161927	6896	0
161927	6897	0
161927	6898	0
161928	7528	0
161928	7529	1
161928	7530	0
161928	7531	0
161928	7532	1
161928	7533	0
161934	5625	0
161934	5626	0
161934	5627	0
161934	5628	2
161934	5629	0
161934	5630	2
161935	4486	0
161935	4487	0
161935	4488	0
161935	4489	0
161935	4490	0
161935	4491	0
