ObservationID	SubLocationID	Count
146049	6070	0
146049	6071	0
146049	6072	0
146049	6073	0
146049	6074	0
146049	6075	0
146050	6070	0
146050	6071	0
146050	6072	0
146050	6073	0
146050	6074	0
146050	6075	0
146051	3205	0
146051	3206	0
146051	3207	0
146051	3208	0
146051	3209	0
146051	3210	1
146052	3205	0
146052	3206	0
146052	3207	0
146052	3208	0
146052	3209	0
146052	3210	0
146053	3205	0
146053	3206	3
146053	3207	0
146053	3208	0
146053	3209	0
146053	3210	2
146059	7072	0
146059	7073	0
146059	7074	0
146059	7075	0
146059	7076	0
146059	7077	0
146060	7072	0
146060	7073	0
146060	7074	0
146060	7075	0
146060	7076	0
146060	7077	0
146061	7072	0
146061	7073	0
146061	7074	0
146061	7075	0
146061	7076	1
146061	7077	0
146073	6244	0
146073	6245	0
146073	6246	0
146073	6247	0
146073	6248	1
146073	6249	0
146076	3433	0
146076	3434	0
146076	3435	0
146076	3436	0
146077	3433	0
146077	3434	0
146077	3435	0
146077	3436	5
146078	3433	0
146078	3434	0
146078	3435	0
146078	3436	0
146080	6654	0
146080	6655	0
146080	6656	3
146080	6657	1
146080	6658	0
146080	6659	0
146081	6654	0
146081	6655	0
146081	6656	0
146081	6657	0
146081	6658	0
146081	6659	0
146082	6654	1
146082	6655	0
146082	6656	2
146082	6657	0
146082	6658	0
146082	6659	0
146115	7648	0
146115	7649	1
146115	7650	0
146115	7651	0
146115	7652	0
146115	7653	0
146116	5029	0
146116	5030	0
146116	5031	0
146116	5032	0
146116	5033	0
146116	5034	1
146117	7648	2
146117	7649	1
146117	7650	0
146117	7651	0
146117	7652	0
146117	7653	0
146118	5029	0
146118	5030	0
146118	5031	0
146118	5032	0
146118	5033	0
146118	5034	0
146119	7648	0
146119	7649	0
146119	7650	0
146119	7651	0
146119	7652	0
146119	7653	0
146120	5029	0
146120	5030	0
146120	5031	0
146120	5032	0
146120	5033	0
146120	5034	0
146144	6298	0
146144	6299	1
146144	6300	0
146144	6301	2
146144	6302	0
146144	6303	0
146149	6298	1
146149	6299	2
146149	6300	0
146149	6301	0
146149	6302	0
146149	6303	0
146153	6298	0
146153	6299	0
146153	6300	1
146153	6301	0
146153	6302	0
146153	6303	0
146171	4175	0
146171	4176	1
146171	4177	0
146171	4178	0
146171	4179	0
146171	4180	0
146191	3994	0
146191	3995	0
146191	3996	1
146191	3997	0
146191	3998	0
146191	3999	0
146192	3994	0
146192	3995	0
146192	3996	0
146192	3997	0
146192	3998	0
146192	3999	0
146204	5697	0
146204	5698	0
146204	5699	1
146204	5700	0
146204	5701	1
146204	5702	1
146205	5565	1
146205	5566	1
146205	5567	1
146205	5568	1
146205	5569	0
146205	5570	1
146211	2682	0
146211	2683	0
146211	2684	1
146211	2685	0
146211	2686	0
146211	2687	0
146214	5607	0
146214	5608	0
146214	5609	0
146214	5610	1
146214	5611	2
146214	5612	1
146215	4175	0
146215	4176	0
146215	4177	0
146215	4178	0
146215	4179	0
146215	4180	0
146216	7504	0
146216	7505	0
146216	7506	0
146216	7507	1
146216	7508	0
146216	7509	0
146234	4348	3
146234	4349	2
146234	4350	0
146234	4351	2
146234	4352	0
146234	4353	1
146235	4348	2
146235	4349	1
146235	4350	2
146235	4351	2
146235	4352	1
146235	4353	0
146236	4348	2
146236	4349	0
146236	4350	0
146236	4351	0
146236	4352	0
146236	4353	0
146242	5195	0
146242	5196	0
146242	5197	0
146242	5198	0
146242	5199	0
146242	5200	0
146244	5195	0
146244	5196	0
146244	5197	0
146244	5198	0
146244	5199	2
146244	5200	0
146245	5195	0
146245	5196	0
146245	5197	0
146245	5198	0
146245	5199	1
146245	5200	0
146250	7357	0
146250	7358	1
146250	7359	0
146250	7360	1
146250	7361	2
146250	7362	1
146255	5565	2
146255	5566	0
146255	5567	0
146255	5568	0
146255	5569	0
146255	5570	0
146261	7357	0
146261	7358	0
146261	7359	1
146261	7360	0
146261	7361	1
146261	7362	1
146265	5697	1
146265	5698	1
146265	5699	0
146265	5700	1
146265	5701	0
146265	5702	0
146270	2682	0
146270	2683	0
146270	2684	1
146270	2685	0
146270	2686	0
146270	2687	0
146271	5697	0
146271	5698	0
146271	5699	0
146271	5700	0
146271	5701	0
146271	5702	0
146272	4760	0
146272	4761	0
146272	4762	0
146272	4763	0
146272	4764	0
146272	4765	0
146273	5607	0
146273	5608	0
146273	5609	1
146273	5610	0
146273	5611	0
146273	5612	1
146277	4384	0
146277	4385	1
146277	4386	0
146277	4387	0
146277	4388	0
146277	4389	0
146278	4384	0
146278	4385	0
146278	4386	0
146278	4387	0
146278	4388	0
146278	4389	0
146279	4384	0
146279	4385	0
146279	4386	4
146279	4387	0
146279	4388	1
146279	4389	0
146280	4175	0
146280	4176	0
146280	4177	0
146280	4178	0
146280	4179	0
146280	4180	0
146281	7504	0
146281	7505	0
146281	7506	0
146281	7507	1
146281	7508	0
146281	7509	0
146283	7357	0
146283	7358	0
146283	7359	2
146283	7360	2
146283	7361	0
146283	7362	0
146284	5697	0
146284	5698	0
146284	5699	1
146284	5700	0
146284	5701	0
146284	5702	0
146292	5565	1
146292	5566	1
146292	5567	0
146292	5568	1
146292	5569	0
146292	5570	1
146293	5607	0
146293	5608	0
146293	5609	0
146293	5610	0
146293	5611	0
146293	5612	1
146294	3029	0
146294	3030	0
146294	3031	0
146294	3032	0
146294	3033	0
146294	3034	1
146295	3029	0
146295	3030	0
146295	3031	0
146295	3032	0
146295	3033	0
146295	3034	0
146296	3029	1
146296	3030	0
146296	3031	0
146296	3032	0
146296	3033	0
146296	3034	0
146303	6160	0
146303	6161	0
146303	6162	0
146303	6163	0
146303	6164	0
146303	6165	0
146304	6160	0
146304	6161	0
146304	6162	0
146304	6163	0
146304	6164	0
146304	6165	1
146305	6160	0
146305	6161	0
146305	6162	0
146305	6163	0
146305	6164	0
146305	6165	1
146331	6070	0
146331	6071	0
146331	6072	0
146331	6073	0
146331	6074	0
146331	6075	0
146351	4336	1
146351	4337	0
146351	4338	0
146351	4339	1
146351	4340	0
146351	4341	0
146352	4336	0
146352	4337	0
146352	4338	1
146352	4339	0
146352	4340	0
146352	4341	0
146353	4336	0
146353	4337	1
146353	4338	0
146353	4339	3
146353	4340	0
146353	4341	0
146362	7558	1
146362	7559	0
146362	7560	1
146362	7561	0
146362	7562	1
146362	7563	0
146363	7558	0
146363	7559	0
146363	7560	0
146363	7561	0
146363	7562	0
146363	7563	0
146364	7558	1
146364	7559	0
146364	7560	0
146364	7561	0
146364	7562	0
146364	7563	0
146376	2724	0
146376	2725	0
146376	2726	0
146376	2727	0
146376	2728	0
146376	2729	0
146377	2724	1
146377	2725	3
146377	2726	0
146377	2727	0
146377	2728	0
146377	2729	0
146378	2724	0
146378	2725	0
146378	2726	0
146378	2727	0
146378	2728	0
146378	2729	0
146415	2898	0
146415	2899	1
146415	2900	2
146415	2901	0
146415	2902	0
146415	2903	1
146416	2898	1
146416	2899	0
146416	2900	1
146416	2901	0
146416	2902	2
146416	2903	0
146417	2898	0
146417	2899	0
146417	2900	0
146417	2901	1
146417	2902	0
146417	2903	1
146489	3663	0
146489	3664	0
146489	3665	0
146489	3666	1
146489	3667	0
146489	3668	1
146492	4450	0
146492	4451	0
146492	4452	0
146492	4453	0
146492	4454	0
146492	4455	0
146493	4450	0
146493	4451	0
146493	4452	0
146493	4453	0
146493	4454	0
146493	4455	0
146494	4450	1
146494	4451	0
146494	4452	0
146494	4453	0
146494	4454	0
146494	4455	2
146510	3663	0
146510	3664	0
146510	3665	0
146510	3666	1
146510	3667	0
146510	3668	1
146521	6582	0
146521	6583	1
146521	6584	0
146521	6585	0
146521	6586	0
146521	6587	0
146537	4760	0
146537	4761	0
146537	4762	0
146537	4763	0
146537	4764	0
146537	4765	0
146538	4760	0
146538	4761	0
146538	4762	0
146538	4763	0
146538	4764	0
146538	4765	0
146678	7564	0
146678	7565	0
146678	7566	0
146678	7567	0
146678	7568	0
146678	7569	0
146679	7564	0
146679	7565	0
146679	7566	0
146679	7567	0
146679	7568	0
146679	7569	0
146681	7564	0
146681	7565	0
146681	7566	0
146681	7567	0
146681	7568	0
146681	7569	0
146704	6588	0
146704	6589	0
146704	6590	0
146704	6591	0
146704	6592	0
146704	6593	0
146705	7393	0
146705	7394	0
146705	7395	0
146705	7396	0
146705	7397	0
146705	7398	2
146706	5219	0
146706	5220	0
146706	5221	0
146706	5222	0
146706	5223	0
146706	5224	1
146707	6166	0
146707	6167	0
146707	6168	0
146707	6169	0
146707	6170	0
146707	6171	0
146708	5613	0
146708	5614	0
146708	5615	0
146708	5616	0
146708	5617	0
146708	5618	0
146716	4610	0
146716	4611	0
146716	4612	1
146716	4613	0
146716	4614	0
146716	4615	0
146717	2670	0
146717	2671	0
146717	2672	0
146717	2673	0
146717	2674	0
146717	2675	0
146718	3533	1
146718	3534	0
146718	3535	0
146718	3536	0
146718	3537	0
146718	3538	0
146719	7393	0
146719	7394	0
146719	7395	1
146719	7396	0
146719	7397	1
146719	7398	1
146720	4610	1
146720	4611	0
146720	4612	0
146720	4613	2
146720	4614	0
146720	4615	0
146721	4610	0
146721	4611	1
146721	4612	0
146721	4613	2
146721	4614	0
146721	4615	0
146722	6588	0
146722	6589	0
146722	6590	1
146722	6591	0
146722	6592	2
146722	6593	0
146723	6166	0
146723	6167	1
146723	6168	0
146723	6169	0
146723	6170	0
146723	6171	0
146724	5219	0
146724	5220	0
146724	5221	0
146724	5222	1
146724	5223	0
146724	5224	0
146725	5613	0
146725	5614	0
146725	5615	1
146725	5616	0
146725	5617	0
146725	5618	0
146785	5613	0
146785	5614	0
146785	5615	0
146785	5616	0
146785	5617	0
146785	5618	2
146786	6166	1
146786	6167	0
146786	6168	0
146786	6169	0
146786	6170	0
146786	6171	0
146787	5219	0
146787	5220	0
146787	5221	0
146787	5222	0
146787	5223	0
146787	5224	2
146788	5088	0
146788	5089	0
146788	5090	1
146788	5091	0
146788	5092	0
146788	5093	0
146804	2670	0
146804	2671	1
146804	2672	1
146804	2673	1
146804	2674	0
146804	2675	0
146805	2670	2
146805	2671	0
146805	2672	0
146805	2673	0
146805	2674	0
146805	2675	1
146807	7393	1
146807	7394	1
146807	7395	0
146807	7396	0
146807	7397	0
146807	7398	2
146809	3533	0
146809	3534	2
146809	3535	0
146809	3536	0
146809	3537	0
146809	3538	2
146821	5088	0
146821	5089	0
146821	5090	0
146821	5091	0
146821	5092	0
146821	5093	0
146822	3533	0
146822	3534	0
146822	3535	0
146822	3536	0
146822	3537	0
146822	3538	0
146823	6588	2
146823	6589	0
146823	6590	0
146823	6591	0
146823	6592	1
146823	6593	0
146831	3194	0
146831	3195	0
146831	3196	0
146831	3197	2
146831	3198	0
146831	3199	0
146832	7125	0
146832	7126	0
146832	7127	0
146832	7128	0
146832	7129	0
146832	7130	0
146833	7125	0
146833	7126	0
146833	7127	0
146833	7128	0
146833	7129	0
146833	7130	0
146834	3194	1
146834	3195	0
146834	3196	0
146834	3197	0
146834	3198	0
146834	3199	0
146835	3194	0
146835	3195	0
146835	3196	0
146835	3197	0
146835	3198	2
146835	3199	2
146836	7125	0
146836	7126	0
146836	7127	0
146836	7128	0
146836	7129	0
146836	7130	0
146866	6070	0
146866	6071	0
146866	6072	0
146866	6073	0
146866	6074	0
146866	6075	0
146870	5011	1
146870	5012	1
146870	5013	0
146870	5014	0
146870	5015	0
146870	5016	1
146945	5046	1
146945	5047	0
146945	5048	0
146945	5049	0
146945	5050	1
146945	5051	0
146946	5046	0
146946	5047	1
146946	5048	0
146946	5049	0
146946	5050	0
146946	5051	1
146947	5046	0
146947	5047	1
146947	5048	0
146947	5049	2
146947	5050	0
146947	5051	0
146997	6702	0
146997	6703	0
146997	6704	0
146997	6705	0
146997	6706	1
146997	6707	0
147014	3916	1
147014	3917	0
147014	3918	0
147014	3919	0
147014	3920	0
147014	3921	0
147015	3916	1
147015	3917	0
147015	3918	0
147015	3919	0
147015	3920	0
147015	3921	1
147017	3916	0
147017	3917	0
147017	3918	0
147017	3919	0
147017	3920	0
147017	3921	0
147028	7504	1
147028	7505	0
147028	7506	0
147028	7507	1
147028	7508	0
147028	7509	0
147041	6726	0
147041	6727	0
147041	6728	0
147041	6729	0
147041	6730	0
147041	6731	0
147042	3141	1
147042	3142	0
147042	3143	0
147042	3144	0
147042	3145	0
147042	3146	0
147043	3141	1
147043	3142	0
147043	3143	0
147043	3144	0
147043	3145	0
147043	3146	1
147044	3141	0
147044	3142	0
147044	3143	0
147044	3144	0
147044	3145	0
147044	3146	0
147045	3916	0
147045	3917	0
147045	3918	0
147045	3919	0
147045	3920	1
147045	3921	0
147046	3916	0
147046	3917	0
147046	3918	0
147046	3919	0
147046	3920	0
147046	3921	0
147047	3916	0
147047	3917	0
147047	3918	0
147047	3919	0
147047	3920	0
147047	3921	0
147056	7450	0
147056	7451	0
147056	7452	0
147056	7453	0
147056	7454	0
147056	7455	0
147067	6011	0
147067	6012	0
147067	6013	0
147067	6014	0
147067	6015	1
147067	6016	0
147068	2610	1
147068	2611	0
147068	2612	0
147068	2613	0
147068	2614	2
147068	2615	2
147081	6726	0
147081	6727	0
147081	6728	0
147081	6729	0
147081	6730	0
147081	6731	0
147085	7492	0
147085	7493	0
147085	7494	0
147085	7495	0
147085	7496	1
147085	7497	2
147096	6702	0
147096	6703	0
147096	6704	0
147096	6705	0
147096	6706	0
147096	6707	0
147173	7492	1
147173	7493	0
147173	7494	0
147173	7495	0
147173	7496	2
147173	7497	1
147204	7243	1
147204	7244	0
147204	7245	1
147204	7246	0
147204	7247	0
147204	7248	0
147206	7618	0
147206	7619	1
147206	7620	2
147206	7621	1
147206	7622	0
147206	7623	1
147220	7450	0
147220	7451	0
147220	7452	0
147220	7453	0
147220	7454	0
147220	7455	1
147252	6582	0
147252	6583	0
147252	6584	0
147252	6585	0
147252	6586	0
147252	6587	0
147319	3599	0
147319	3600	0
147319	3601	2
147319	3602	0
147319	3603	0
147319	3604	0
147320	3599	0
147320	3600	0
147320	3601	0
147320	3602	0
147320	3603	0
147320	3604	0
147321	3599	0
147321	3600	0
147321	3601	0
147321	3602	0
147321	3603	0
147321	3604	0
147327	7492	0
147327	7493	2
147327	7494	2
147327	7495	0
147327	7496	0
147327	7497	0
147328	2610	0
147328	2611	2
147328	2612	0
147328	2613	0
147328	2614	0
147328	2615	2
147340	3593	0
147340	3594	0
147340	3595	0
147340	3596	0
147340	3597	0
147340	3598	6
147342	6702	0
147342	6703	0
147342	6704	0
147342	6705	0
147342	6706	0
147342	6707	0
147365	6011	0
147365	6012	0
147365	6013	0
147365	6014	0
147365	6015	0
147365	6016	0
147375	6726	0
147375	6727	0
147375	6728	1
147375	6729	0
147375	6730	0
147375	6731	0
147415	6011	0
147415	6012	0
147415	6013	1
147415	6014	0
147415	6015	0
147415	6016	0
147416	2610	0
147416	2611	0
147416	2612	0
147416	2613	2
147416	2614	3
147416	2615	1
147519	7108	0
147519	7109	1
147519	7110	1
147519	7111	0
147519	7112	0
147519	7113	0
147520	7108	0
147520	7109	0
147520	7110	0
147520	7111	0
147520	7112	0
147520	7113	0
147527	7450	0
147527	7451	0
147527	7452	0
147527	7453	1
147527	7454	0
147527	7455	0
147872	7618	0
147872	7619	2
147872	7620	1
147872	7621	0
147872	7622	0
147872	7623	1
147874	7243	0
147874	7244	2
147874	7245	0
147874	7246	2
147874	7247	0
147874	7248	0
147875	7618	1
147875	7619	1
147875	7620	2
147875	7621	1
147875	7622	0
147875	7623	1
147877	7243	2
147877	7244	0
147877	7245	0
147877	7246	0
147877	7247	1
147877	7248	5
147896	6017	0
147896	6018	0
147896	6019	0
147896	6020	0
147896	6021	0
147896	6022	2
147897	6017	0
147897	6018	0
147897	6019	0
147897	6020	0
147897	6021	0
147897	6022	0
148176	6424	0
148176	6425	0
148176	6426	0
148176	6427	0
148176	6428	2
148176	6429	0
148177	6424	0
148177	6425	0
148177	6426	0
148177	6427	0
148177	6428	0
148177	6429	0
148334	3551	0
148334	3552	0
148334	3553	0
148334	3554	0
148334	3555	0
148334	3556	0
148336	3551	0
148336	3552	4
148336	3553	2
148336	3554	0
148336	3555	0
148336	3556	2
148340	6226	0
148340	6227	0
148340	6228	0
148340	6229	1
148340	6230	0
148340	6231	0
148366	7108	0
148366	7109	0
148366	7110	0
148366	7111	0
148366	7112	0
148366	7113	0
148368	3147	0
148368	3148	3
148368	3149	0
148368	3150	1
148368	3151	1
148370	3147	0
148370	3148	0
148370	3149	0
148370	3150	0
148370	3151	0
148372	3147	0
148372	3148	0
148372	3149	1
148372	3150	0
148372	3151	0
148373	3152	1
148373	3153	1
148373	3154	2
148373	3155	0
148373	3156	0
148373	3157	1
148374	3152	1
148374	3153	0
148374	3154	0
148374	3155	0
148374	3156	0
148374	3157	0
148375	3152	0
148375	3153	0
148375	3154	1
148375	3155	0
148375	3156	0
148375	3157	0
148396	7078	0
148396	7079	0
148396	7080	1
148396	7081	0
148396	7082	0
148396	7083	0
148397	6226	0
148397	6227	0
148397	6228	1
148397	6229	0
148397	6230	2
148397	6231	0
148398	7078	0
148398	7079	4
148398	7080	0
148398	7081	1
148398	7082	0
148398	7083	1
148399	7078	0
148399	7079	0
148399	7080	0
148399	7081	1
148399	7082	0
148399	7083	1
148400	5907	2
148400	5908	0
148400	5909	0
148400	5910	0
148400	5911	0
148400	5912	1
148401	5907	2
148401	5908	5
148401	5909	1
148401	5910	1
148401	5911	0
148401	5912	0
148402	5907	1
148402	5908	0
148402	5909	0
148402	5910	0
148402	5911	3
148402	5912	2
148403	7131	0
148403	7132	0
148403	7133	0
148403	7134	0
148403	7135	0
148403	7136	0
148404	7131	0
148404	7132	0
148404	7133	1
148404	7134	0
148404	7135	2
148404	7136	0
148405	7131	0
148405	7132	0
148405	7133	0
148405	7134	0
148405	7135	0
148405	7136	0
148406	5273	0
148406	5274	1
148406	5275	1
148406	5276	1
148406	5277	1
148406	5278	0
148407	5273	0
148407	5274	0
148407	5275	0
148407	5276	0
148407	5277	0
148407	5278	0
148408	5273	0
148408	5274	1
148408	5275	0
148408	5276	2
148408	5277	0
148408	5278	0
148413	6606	0
148413	6607	1
148413	6608	0
148413	6609	0
148413	6610	0
148413	6611	3
148414	6606	0
148414	6607	0
148414	6608	0
148414	6609	0
148414	6610	0
148414	6611	0
148415	6606	0
148415	6607	0
148415	6608	0
148415	6609	1
148415	6610	0
148415	6611	2
148416	4670	0
148416	4671	1
148416	4672	0
148416	4673	0
148416	4674	1
148416	4675	0
148417	4670	1
148417	4671	0
148417	4672	0
148417	4673	1
148417	4674	1
148417	4675	0
148418	4670	1
148418	4671	0
148418	4672	0
148418	4673	0
148418	4674	4
148418	4675	0
148419	7084	0
148419	7085	0
148419	7086	0
148419	7087	0
148419	7088	0
148419	7089	0
148420	7084	0
148420	7085	0
148420	7086	0
148420	7087	0
148420	7088	2
148420	7089	0
148421	7084	0
148421	7085	0
148421	7086	0
148421	7087	0
148421	7088	0
148421	7089	1
148470	6642	0
148470	6643	0
148470	6644	0
148470	6645	0
148470	6646	0
148470	6647	1
148471	6642	0
148471	6643	0
148471	6644	0
148471	6645	0
148471	6646	0
148471	6647	0
148472	6642	0
148472	6643	0
148472	6644	0
148472	6645	0
148472	6646	0
148472	6647	0
148502	7345	0
148502	7346	0
148502	7347	1
148502	7348	0
148502	7349	2
148502	7350	0
148503	7345	0
148503	7346	0
148503	7347	0
148503	7348	0
148503	7349	1
148503	7350	2
148504	7345	0
148504	7346	1
148504	7347	0
148504	7348	0
148504	7349	0
148504	7350	2
148505	5475	1
148505	5476	0
148505	5477	0
148505	5478	0
148505	5479	0
148505	5480	1
148506	5475	1
148506	5476	0
148506	5477	0
148506	5478	0
148506	5479	0
148506	5480	1
148507	5475	0
148507	5476	1
148507	5477	0
148507	5478	1
148507	5479	0
148507	5480	0
148508	3325	0
148508	3326	0
148508	3327	0
148508	3328	0
148508	3329	0
148508	3330	0
148509	3325	0
148509	3326	1
148509	3327	0
148509	3328	0
148509	3329	0
148509	3330	0
148512	3325	0
148512	3326	5
148512	3327	0
148512	3328	0
148512	3329	0
148512	3330	0
148513	3083	0
148513	3084	0
148513	3085	0
148513	3086	0
148513	3087	0
148513	3088	0
148514	3083	1
148514	3084	0
148514	3085	1
148514	3086	1
148514	3087	0
148514	3088	0
148517	3083	0
148517	3084	1
148517	3085	0
148517	3086	0
148517	3087	0
148517	3088	0
148590	5403	1
148590	5404	0
148590	5405	0
148590	5406	0
148590	5407	0
148590	5408	0
148591	5403	0
148591	5404	0
148591	5405	0
148591	5406	0
148591	5407	0
148591	5408	0
148592	5403	0
148592	5404	0
148592	5405	0
148592	5406	0
148592	5407	0
148592	5408	0
148593	6911	0
148593	6912	0
148593	6913	1
148593	6914	2
148593	6915	0
148593	6916	0
148594	6911	0
148594	6912	0
148594	6913	0
148594	6914	0
148594	6915	0
148594	6916	0
148667	3593	0
148667	3594	0
148667	3595	0
148667	3596	0
148667	3597	0
148667	3598	6
148742	3599	0
148742	3600	0
148742	3601	2
148742	3602	0
148742	3603	0
148742	3604	0
148747	3599	0
148747	3600	0
148747	3601	0
148747	3602	0
148747	3603	0
148747	3604	0
148751	3599	0
148751	3600	0
148751	3601	0
148751	3602	0
148751	3603	0
148751	3604	0
150531	7108	0
150531	7109	1
150531	7110	1
150531	7111	0
150531	7112	0
150531	7113	0
150536	7108	0
150536	7109	0
150536	7110	0
150536	7111	0
150536	7112	0
150536	7113	0
150546	6017	0
150546	6018	0
150546	6019	0
150546	6020	0
150546	6021	0
150546	6022	2
150557	7108	0
150557	7109	0
150557	7110	0
150557	7111	0
150557	7112	0
150557	7113	0
150559	6017	0
150559	6018	0
150559	6019	0
150559	6020	0
150559	6021	0
150559	6022	0
151733	4234	0
151733	4235	0
151733	4236	0
151733	4237	0
151733	4238	0
151733	4239	0
151734	4234	0
151734	4235	0
151734	4236	0
151734	4237	0
151734	4238	0
151734	4239	0
151735	4234	0
151735	4235	0
151735	4236	0
151735	4237	0
151735	4238	0
151735	4239	0
151835	3663	0
151835	3664	0
151835	3665	1
151835	3666	0
151835	3667	0
151835	3668	0
151841	4234	0
151841	4235	0
151841	4236	0
151841	4237	0
151841	4238	0
151841	4239	0
151842	4234	0
151842	4235	0
151842	4236	0
151842	4237	0
151842	4238	0
151842	4239	0
151872	6448	0
151872	6449	0
151872	6450	0
151872	6451	1
151872	6452	0
151872	6453	0
151884	4706	0
151884	4707	0
151884	4708	0
151884	4709	0
151884	4710	0
151884	4711	0
151885	3131	0
151885	3132	0
151885	3133	0
151885	3134	0
151885	3135	0
151885	3136	0
151974	7528	0
151974	7529	0
151974	7530	0
151974	7531	0
151974	7532	0
151974	7533	0
152009	6448	0
152009	6449	1
152009	6450	0
152009	6451	1
152009	6452	0
152009	6453	1
152084	4706	0
152084	4707	0
152084	4708	0
152084	4709	0
152084	4710	1
152084	4711	0
152187	4012	0
152187	4013	0
152187	4014	1
152187	4016	0
152193	2802	0
152193	2803	0
152193	2804	0
152193	2805	0
152193	2806	0
152193	2807	2
152194	2802	0
152194	2803	0
152194	2804	0
152194	2805	0
152194	2806	5
152194	2807	0
152231	7606	0
152231	7607	0
152231	7608	0
152231	7609	0
152231	7610	0
152231	7611	0
152232	7606	0
152232	7607	0
152232	7608	0
152232	7609	0
152232	7610	0
152232	7611	0
152234	7606	0
152234	7607	0
152234	7608	0
152234	7609	0
152234	7610	0
152234	7611	0
152237	7606	0
152237	7607	0
152237	7608	0
152237	7609	0
152237	7610	1
152237	7611	0
152240	3461	2
152240	3462	0
152240	3463	0
152240	3464	0
152240	3465	0
152240	3466	0
152241	3461	0
152241	3462	0
152241	3463	1
152241	3464	0
152241	3465	0
152241	3466	0
152242	3461	0
152242	3462	0
152242	3463	0
152242	3464	1
152242	3465	0
152242	3466	1
152243	3361	1
152243	3362	1
152243	3363	1
152243	3364	2
152243	3365	0
152243	3366	0
152244	3361	1
152244	3362	0
152244	3363	0
152244	3364	0
152244	3365	0
152244	3366	0
152245	3361	0
152245	3362	0
152245	3363	0
152245	3364	0
152245	3365	0
152245	3366	0
152246	5017	0
152246	5018	0
152246	5019	0
152246	5020	0
152246	5021	0
152246	5022	1
152247	5017	0
152247	5018	0
152247	5019	0
152247	5020	0
152247	5021	0
152247	5022	0
152248	5017	0
152248	5018	0
152248	5019	0
152248	5020	0
152248	5021	0
152248	5022	0
152288	4012	1
152288	4013	0
152288	4014	1
152288	4016	0
152289	4012	0
152289	4013	1
152289	4014	0
152289	4016	0
152290	4012	0
152290	4013	0
152290	4014	1
152290	4016	0
152291	4706	0
152291	4707	0
152291	4708	0
152291	4709	0
152291	4710	0
152291	4711	2
152326	2802	0
152326	2803	0
152326	2804	1
152326	2805	0
152326	2806	0
152326	2807	0
152368	3893	0
152368	3894	0
152368	3895	2
152368	3896	0
152368	3897	2
152368	3898	0
152369	3893	0
152369	3894	0
152369	3895	0
152369	3896	0
152369	3897	0
152369	3898	0
152370	3893	0
152370	3894	2
152370	3895	1
152370	3896	0
152370	3897	0
152370	3898	1
152400	3131	0
152400	3132	0
152400	3133	2
152400	3134	1
152400	3135	0
152400	3136	0
152423	5421	0
152423	5422	0
152423	5423	0
152423	5424	0
152423	5425	0
152423	5426	2
152424	5421	0
152424	5422	0
152424	5423	0
152424	5424	0
152424	5425	0
152424	5426	0
152425	4330	0
152425	4332	0
152425	4333	0
152425	4334	0
152425	4335	0
152426	4330	0
152426	4332	0
152426	4333	0
152426	4334	1
152427	5421	0
152427	5422	0
152427	5423	1
152427	5424	0
152427	5425	2
152427	5426	0
152436	7528	0
152436	7529	0
152436	7530	0
152436	7531	0
152436	7532	2
152436	7533	0
152437	7528	0
152437	7529	0
152437	7530	0
152437	7531	0
152437	7532	0
152437	7533	0
152438	3131	4
152438	3132	0
152438	3133	0
152438	3134	1
152438	3135	0
152438	3136	0
152583	4234	0
152583	4235	0
152583	4236	0
152583	4237	0
152583	4238	0
152583	4239	0
152584	3663	0
152584	3664	0
152584	3665	1
152584	3666	0
152584	3667	0
152584	3668	0
152662	6702	0
152662	6703	0
152662	6704	0
152662	6705	0
152662	6706	1
152662	6707	0
152663	6702	0
152663	6703	0
152663	6704	0
152663	6705	0
152663	6706	0
152663	6707	0
152664	6702	0
152664	6703	0
152664	6704	0
152664	6705	0
152664	6706	0
152664	6707	0
152738	6448	0
152738	6449	0
152738	6450	0
152738	6451	0
152738	6452	0
152738	6453	1
152757	6448	0
152757	6449	0
152757	6450	0
152757	6451	1
152757	6452	0
152757	6453	0
152758	6448	0
152758	6449	1
152758	6450	0
152758	6451	1
152758	6452	0
152758	6453	1
152873	3152	1
152873	3153	0
152873	3154	0
152873	3155	0
152873	3156	0
152873	3157	0
152874	3152	1
152874	3153	1
152874	3154	2
152874	3155	0
152874	3156	0
152874	3157	1
152875	3152	0
152875	3153	0
152875	3154	1
152875	3155	0
152875	3156	0
152875	3157	0
152890	7345	0
152890	7346	0
152890	7347	1
152890	7348	0
152890	7349	2
152890	7350	0
152891	5475	1
152891	5476	0
152891	5477	0
152891	5478	0
152891	5479	0
152891	5480	1
152892	3083	0
152892	3084	0
152892	3085	0
152892	3086	0
152892	3087	0
152892	3088	0
152893	3325	0
152893	3326	0
152893	3327	0
152893	3328	0
152893	3329	0
152893	3330	0
152894	3461	0
152894	3462	0
152894	3463	0
152894	3464	1
152894	3465	0
152894	3466	1
152895	5017	0
152895	5018	0
152895	5019	0
152895	5020	0
152895	5021	0
152895	5022	1
152896	3361	1
152896	3362	1
152896	3363	1
152896	3364	2
152896	3365	0
152896	3366	0
152897	7345	0
152897	7346	0
152897	7347	0
152897	7348	0
152897	7349	1
152897	7350	2
152898	5475	1
152898	5476	0
152898	5477	0
152898	5478	0
152898	5479	0
152898	5480	1
152899	3325	0
152899	3326	1
152899	3327	0
152899	3328	0
152899	3329	0
152899	3330	0
152900	3083	1
152900	3084	0
152900	3085	1
152900	3086	1
152900	3087	0
152900	3088	0
152901	5017	0
152901	5018	0
152901	5019	0
152901	5020	0
152901	5021	0
152901	5022	0
152902	3461	0
152902	3462	0
152902	3463	1
152902	3464	0
152902	3465	0
152902	3466	0
152903	3361	1
152903	3362	0
152903	3363	0
152903	3364	0
152903	3365	0
152903	3366	0
152904	7345	0
152904	7346	1
152904	7347	0
152904	7348	0
152904	7349	0
152904	7350	2
152905	5475	0
152905	5476	1
152905	5477	0
152905	5478	1
152905	5479	0
152905	5480	0
152906	3325	0
152906	3326	5
152906	3327	0
152906	3328	0
152906	3329	0
152906	3330	0
152907	3083	0
152907	3084	1
152907	3085	0
152907	3086	0
152907	3087	0
152907	3088	0
152908	3461	2
152908	3462	0
152908	3463	0
152908	3464	0
152908	3465	0
152908	3466	0
152909	3361	0
152909	3362	0
152909	3363	0
152909	3364	0
152909	3365	0
152909	3366	0
152910	5017	0
152910	5018	0
152910	5019	0
152910	5020	0
152910	5021	0
152910	5022	0
152926	4330	1
152926	4331	1
152926	4332	0
152926	4333	0
152926	4334	0
152926	4335	0
152927	3194	0
152927	3195	0
152927	3196	0
152927	3197	2
152927	3198	0
152927	3199	0
152928	7125	0
152928	7126	0
152928	7127	0
152928	7128	0
152928	7129	0
152928	7130	0
152929	7125	0
152929	7126	0
152929	7127	0
152929	7128	0
152929	7129	0
152929	7130	0
152930	3194	1
152930	3195	0
152930	3196	0
152930	3197	0
152930	3198	0
152930	3199	0
152931	3194	0
152931	3195	0
152931	3196	0
152931	3197	0
152931	3198	2
152931	3199	2
152932	7125	0
152932	7126	0
152932	7127	0
152932	7128	0
152932	7129	0
152932	7130	0
152934	3147	0
152934	3148	3
152934	3149	0
152934	3150	1
152934	3151	1
152936	3147	0
152936	3148	0
152936	3149	0
152936	3150	0
152936	3151	0
152938	3147	0
152938	3148	0
152938	3149	1
152938	3150	0
152938	3151	0
152939	5421	0
152939	5422	0
152939	5423	0
152939	5424	0
152939	5425	0
152939	5426	2
152940	5421	0
152940	5422	0
152940	5423	0
152940	5424	0
152940	5425	0
152940	5426	0
152941	4330	0
152941	4332	0
152941	4333	0
152941	4334	0
152941	4335	0
152942	4330	0
152942	4332	0
152942	4333	0
152942	4334	1
152943	5421	0
152943	5422	0
152943	5423	1
152943	5424	0
152943	5425	2
152943	5426	0
152944	5273	0
152944	5274	1
152944	5275	1
152944	5276	1
152944	5277	1
152944	5278	0
152945	6606	0
152945	6607	1
152945	6608	0
152945	6609	0
152945	6610	0
152945	6611	3
152946	4670	0
152946	4671	1
152946	4672	0
152946	4673	0
152946	4674	1
152946	4675	0
152947	7084	0
152947	7085	0
152947	7086	0
152947	7087	0
152947	7088	0
152947	7089	0
152950	5273	0
152950	5274	0
152950	5275	0
152950	5276	0
152950	5277	0
152950	5278	0
152951	6606	0
152951	6607	0
152951	6608	0
152951	6609	0
152951	6610	0
152951	6611	0
152952	4670	1
152952	4671	0
152952	4672	0
152952	4673	1
152952	4674	1
152952	4675	0
152953	7084	0
152953	7085	0
152953	7086	0
152953	7087	0
152953	7088	2
152953	7089	0
152956	5273	0
152956	5274	1
152956	5275	0
152956	5276	2
152956	5277	0
152956	5278	0
152957	6606	0
152957	6607	0
152957	6608	0
152957	6609	1
152957	6610	0
152957	6611	2
152958	4670	1
152958	4671	0
152958	4672	0
152958	4673	0
152958	4674	4
152958	4675	0
152959	7084	0
152959	7085	0
152959	7086	0
152959	7087	0
152959	7088	0
152959	7089	1
152995	5403	1
152995	5404	0
152995	5405	0
152995	5406	0
152995	5407	0
152995	5408	0
152996	6911	0
152996	6912	0
152996	6913	1
152996	6914	2
152996	6915	0
152996	6916	0
152997	6911	0
152997	6912	0
152997	6913	0
152997	6914	0
152997	6915	0
152997	6916	0
152998	5403	0
152998	5404	0
152998	5405	0
152998	5406	0
152998	5407	0
152998	5408	0
152999	5403	0
152999	5404	0
152999	5405	0
152999	5406	0
152999	5407	0
152999	5408	0
153033	3551	0
153033	3552	0
153033	3553	0
153033	3554	2
153033	3555	3
153033	3556	0
153034	3551	0
153034	3552	4
153034	3553	2
153034	3554	0
153034	3555	0
153034	3556	2
153035	3551	0
153035	3552	0
153035	3553	0
153035	3554	0
153035	3555	0
153035	3556	0
153036	7528	0
153036	7529	0
153036	7530	0
153036	7531	0
153036	7532	0
153036	7533	0
153037	7528	0
153037	7529	0
153037	7530	0
153037	7531	0
153037	7532	2
153037	7533	0
153038	7528	0
153038	7529	0
153038	7530	0
153038	7531	0
153038	7532	0
153038	7533	0
153065	3131	0
153065	3132	0
153065	3133	0
153065	3134	0
153065	3135	0
153065	3136	0
153066	2610	1
153066	2611	0
153066	2612	0
153066	2613	0
153066	2614	2
153066	2615	2
153067	2610	0
153067	2611	2
153067	2612	0
153067	2613	0
153067	2614	0
153067	2615	2
153068	2610	0
153068	2611	0
153068	2612	0
153068	2613	2
153068	2614	3
153068	2615	1
153069	4706	0
153069	4707	0
153069	4708	0
153069	4709	0
153069	4710	0
153069	4711	0
153070	4706	0
153070	4707	0
153070	4708	0
153070	4709	0
153070	4710	1
153070	4711	0
153071	3131	0
153071	3132	0
153071	3133	2
153071	3134	1
153071	3135	0
153071	3136	0
153072	4706	0
153072	4707	0
153072	4708	0
153072	4709	0
153072	4710	0
153072	4711	2
153073	3131	4
153073	3132	0
153073	3133	0
153073	3134	1
153073	3135	0
153073	3136	0
153074	7078	0
153074	7079	0
153074	7080	1
153074	7081	0
153074	7082	0
153074	7083	0
153075	5907	2
153075	5908	0
153075	5909	0
153075	5910	0
153075	5911	0
153075	5912	1
153076	7131	0
153076	7132	0
153076	7133	0
153076	7134	0
153076	7135	0
153076	7136	0
153077	7078	0
153077	7079	4
153077	7080	0
153077	7081	1
153077	7082	0
153077	7083	1
153078	7131	0
153078	7132	0
153078	7133	1
153078	7134	0
153078	7135	2
153078	7136	0
153079	5907	2
153079	5908	5
153079	5909	1
153079	5910	1
153079	5911	0
153079	5912	0
153080	7078	0
153080	7079	0
153080	7080	0
153080	7081	1
153080	7082	0
153080	7083	1
153081	5907	1
153081	5908	0
153081	5909	0
153081	5910	0
153081	5911	3
153081	5912	2
153082	7131	0
153082	7132	0
153082	7133	0
153082	7134	0
153082	7135	0
153082	7136	0
153177	5607	0
153177	5608	0
153177	5609	0
153177	5610	1
153177	5611	2
153177	5612	1
153178	5607	0
153178	5608	0
153178	5609	1
153178	5610	0
153178	5611	0
153178	5612	1
153179	5607	0
153179	5608	0
153179	5609	0
153179	5610	0
153179	5611	0
153179	5612	1
153235	6226	0
153235	6227	0
153235	6228	0
153235	6229	1
153235	6230	0
153235	6231	0
153236	6226	0
153236	6227	0
153236	6228	1
153236	6229	0
153236	6230	2
153236	6231	0
153323	3893	0
153323	3894	0
153323	3895	2
153323	3896	0
153323	3897	2
153323	3898	0
153324	3893	0
153324	3894	0
153324	3895	0
153324	3896	0
153324	3897	0
153324	3898	0
153325	3893	0
153325	3894	2
153325	3895	1
153325	3896	0
153325	3897	0
153325	3898	1
153327	2802	0
153327	2803	0
153327	2804	0
153327	2805	0
153327	2806	0
153327	2807	2
153328	2802	0
153328	2803	0
153328	2804	0
153328	2805	0
153328	2806	5
153328	2807	0
153331	2802	0
153331	2803	0
153331	2804	1
153331	2805	0
153331	2806	0
153331	2807	0
153395	5011	1
153395	5012	1
153395	5013	0
153395	5014	0
153395	5015	0
153395	5016	1
153412	5529	0
153412	5530	0
153412	5531	0
153412	5532	0
153412	5533	0
153412	5534	0
153413	2652	1
153413	2653	0
153413	2654	0
153413	2655	0
153413	2656	0
153413	2657	0
153414	6466	0
153414	6467	0
153414	6468	1
153414	6469	1
153414	6470	0
153414	6471	0
153416	2652	0
153416	2653	0
153416	2654	0
153416	2655	0
153416	2656	0
153416	2657	0
153417	5529	0
153417	5530	0
153417	5531	0
153417	5532	0
153417	5533	1
153417	5534	1
153418	2652	0
153418	2653	0
153418	2654	1
153418	2655	0
153418	2656	0
153418	2657	0
153419	6466	0
153419	6467	0
153419	6468	1
153419	6469	0
153419	6470	0
153419	6471	0
153557	6466	0
153557	6467	0
153557	6468	1
153557	6469	0
153557	6470	0
153557	6471	0
153618	6424	0
153618	6425	0
153618	6426	0
153618	6427	0
153618	6428	0
153618	6429	0
153619	6424	0
153619	6425	0
153619	6426	0
153619	6427	0
153619	6428	2
153619	6429	0
153620	6424	0
153620	6425	0
153620	6426	0
153620	6427	0
153620	6428	0
153620	6429	0
153633	7606	0
153633	7607	0
153633	7608	0
153633	7609	0
153633	7610	0
153633	7611	0
153634	7606	0
153634	7607	0
153634	7608	0
153634	7609	0
153634	7610	1
153634	7611	0
153650	6011	0
153650	6012	0
153650	6013	0
153650	6014	0
153650	6015	1
153650	6016	0
153651	6011	0
153651	6012	0
153651	6013	0
153651	6014	0
153651	6015	0
153651	6016	0
153652	6011	0
153652	6012	0
153652	6013	1
153652	6014	0
153652	6015	0
153652	6016	0
153745	6642	0
153745	6643	0
153745	6644	0
153745	6645	0
153745	6646	0
153745	6647	1
153746	6642	0
153746	6643	0
153746	6644	0
153746	6645	0
153746	6646	0
153746	6647	0
153747	6642	0
153747	6643	0
153747	6644	0
153747	6645	0
153747	6646	0
153747	6647	0
153748	7492	0
153748	7493	0
153748	7494	0
153748	7495	0
153748	7496	1
153748	7497	2
153749	7492	1
153749	7493	0
153749	7494	0
153749	7495	0
153749	7496	2
153749	7497	1
153750	7492	0
153750	7493	2
153750	7494	2
153750	7495	0
153750	7496	0
153750	7497	0
153899	6466	0
153899	6467	0
153899	6468	1
153899	6469	0
153899	6470	0
153899	6471	0
153900	5529	0
153900	5530	0
153900	5531	0
153900	5532	0
153900	5533	1
153900	5534	1
153901	2652	0
153901	2653	0
153901	2654	1
153901	2655	0
153901	2656	0
153901	2657	0
153902	2652	0
153902	2653	0
153902	2654	0
153902	2655	0
153902	2656	0
153902	2657	0
153903	5529	0
153903	5530	0
153903	5531	0
153903	5532	0
153903	5533	0
153903	5534	0
153904	2652	1
153904	2653	0
153904	2654	0
153904	2655	0
153904	2656	0
153904	2657	0
153905	6466	0
153905	6467	0
153905	6468	1
153905	6469	1
153905	6470	0
153905	6471	0
154321	6358	0
154321	6359	0
154321	6360	0
154321	6361	0
154321	6362	0
154321	6363	0
154322	6358	0
154322	6359	1
154322	6360	0
154322	6361	0
154322	6362	0
154322	6363	0
154323	4492	0
154323	4493	0
154323	4494	0
154323	4495	0
154323	4496	0
154323	4497	0
154324	4492	0
154324	4493	0
154324	4494	0
154324	4495	1
154324	4496	0
154324	4497	0
154325	4492	0
154325	4493	0
154325	4494	0
154325	4495	0
154325	4496	0
154325	4497	0
154380	6358	0
154380	6359	0
154380	6360	0
154380	6361	0
154380	6362	0
154380	6363	0
154393	6911	0
154393	6912	0
154393	6913	0
154393	6914	0
154393	6915	0
154393	6916	0
154702	4205	0
154702	4206	0
154702	4207	0
154702	4208	0
154702	4209	0
154702	4210	0
154703	4205	0
154703	4206	0
154703	4207	0
154703	4208	1
154703	4209	0
154703	4210	0
154704	4205	0
154704	4206	0
154704	4207	0
154704	4208	0
154704	4209	0
154704	4210	0
154722	4604	0
154722	4605	0
154722	4606	0
154722	4607	4
154722	4608	0
154722	4609	0
154728	4604	0
154728	4605	0
154728	4606	0
154728	4607	2
154728	4608	0
154728	4609	0
154732	4604	0
154732	4605	1
154732	4606	0
154732	4607	2
154732	4608	0
154732	4609	0
154733	4205	0
154733	4206	0
154733	4207	0
154733	4208	0
154733	4209	0
154733	4210	0
154734	4205	0
154734	4206	0
154734	4207	0
154734	4208	1
154734	4209	0
154734	4210	0
154871	4384	0
154871	4385	1
154871	4386	3
154871	4387	0
154871	4388	2
154871	4389	0
154925	6298	1
154925	6299	1
154925	6300	0
154925	6301	0
154925	6302	0
154925	6303	1
154926	4760	0
154926	4761	0
154926	4762	0
154926	4763	0
154926	4764	0
154926	4765	0
154968	5607	0
154968	5608	0
154968	5609	0
154968	5610	0
154968	5611	1
154968	5612	1
154981	7357	1
154981	7358	0
154981	7359	0
154981	7360	0
154981	7361	0
154981	7362	1
154997	4175	0
154997	4176	0
154997	4177	0
154997	4178	1
154997	4179	0
154997	4180	0
155008	7504	0
155008	7505	0
155008	7506	0
155008	7507	0
155008	7508	0
155008	7509	0
155009	5565	0
155009	5566	0
155009	5567	1
155009	5568	2
155009	5569	0
155009	5570	1
155013	6654	0
155013	6655	0
155013	6656	1
155013	6657	1
155013	6658	0
155013	6659	0
155016	3916	0
155016	3917	0
155016	3918	0
155016	3919	1
155016	3920	0
155016	3921	0
155017	3141	2
155017	3142	0
155017	3143	1
155017	3144	0
155017	3145	0
155017	3146	0
155018	5697	1
155018	5698	0
155018	5699	0
155018	5700	0
155018	5701	0
155018	5702	0
155023	5029	0
155023	5030	0
155023	5031	0
155023	5032	0
155023	5033	0
155023	5034	0
155108	2898	0
155108	2899	0
155108	2900	0
155108	2901	0
155108	2902	1
155108	2903	1
155112	6160	0
155112	6161	0
155112	6162	0
155112	6163	0
155112	6164	0
155112	6165	0
155114	4384	1
155114	4385	0
155114	4386	1
155114	4387	0
155114	4388	0
155114	4389	0
155115	5029	0
155115	5030	0
155115	5031	0
155115	5032	0
155115	5033	0
155115	5034	1
155117	7504	0
155117	7505	0
155117	7506	0
155117	7507	0
155117	7508	0
155117	7509	0
155118	5697	1
155118	5698	0
155118	5699	0
155118	5700	1
155118	5701	0
155118	5702	0
155120	3663	0
155120	3664	0
155120	3665	0
155120	3666	0
155120	3667	0
155120	3668	1
155121	4234	0
155121	4235	0
155121	4236	0
155121	4237	0
155121	4238	0
155121	4239	0
155146	5565	0
155146	5566	1
155146	5567	1
155146	5568	1
155146	5569	0
155146	5570	2
155176	5607	0
155176	5608	0
155176	5609	0
155176	5610	1
155176	5611	0
155176	5612	0
155178	4175	0
155178	4176	0
155178	4177	0
155178	4178	0
155178	4179	0
155178	4180	0
155179	6654	1
155179	6655	0
155179	6656	2
155179	6657	0
155179	6658	0
155179	6659	0
155188	7357	0
155188	7358	0
155188	7359	1
155188	7360	0
155188	7361	2
155188	7362	1
155208	3141	0
155208	3142	0
155208	3143	0
155208	3144	0
155208	3145	0
155208	3146	0
155209	3916	0
155209	3917	0
155209	3918	0
155209	3919	0
155209	3920	0
155209	3921	0
155218	6298	0
155218	6299	0
155218	6300	0
155218	6301	0
155218	6302	0
155218	6303	0
155221	6160	0
155221	6161	0
155221	6162	0
155221	6163	0
155221	6164	1
155221	6165	0
155228	2898	2
155228	2899	1
155228	2900	0
155228	2901	0
155228	2902	0
155228	2903	1
155252	6582	0
155252	6583	0
155252	6584	2
155252	6585	0
155252	6586	0
155252	6587	0
155253	6582	0
155253	6583	0
155253	6584	0
155253	6585	0
155253	6586	0
155253	6587	0
155260	6654	0
155260	6655	0
155260	6656	0
155260	6657	1
155260	6658	1
155260	6659	0
155268	4384	2
155268	4385	0
155268	4386	0
155268	4387	1
155268	4388	0
155268	4389	0
155541	6298	0
155541	6299	0
155541	6300	0
155541	6301	0
155541	6302	0
155541	6303	0
155552	3916	0
155552	3917	1
155552	3918	2
155552	3919	0
155552	3920	1
155552	3921	1
155553	3141	0
155553	3142	1
155553	3143	0
155553	3144	0
155553	3145	0
155553	3146	0
155554	6504	2
155554	6505	0
155554	6506	0
155554	6507	0
155554	6508	0
155554	6509	0
155555	6504	0
155555	6505	0
155555	6506	0
155555	6507	0
155555	6508	0
155555	6509	0
155556	6504	0
155556	6505	0
155556	6506	0
155556	6507	0
155556	6508	0
155556	6509	0
155578	7558	0
155578	7559	1
155578	7560	0
155578	7561	0
155578	7562	0
155578	7563	0
155580	7558	0
155580	7559	1
155580	7560	0
155580	7561	0
155580	7562	0
155580	7563	0
155581	7558	0
155581	7559	0
155581	7560	0
155581	7561	0
155581	7562	1
155581	7563	0
155588	5029	0
155588	5030	0
155588	5031	0
155588	5032	0
155588	5033	0
155588	5034	0
155589	7072	0
155589	7073	1
155589	7074	0
155589	7075	0
155589	7076	1
155589	7077	0
155590	7072	0
155590	7073	0
155590	7074	0
155590	7075	0
155590	7076	0
155590	7077	0
155591	7072	0
155591	7073	0
155591	7074	0
155591	7075	0
155591	7076	0
155591	7077	0
155600	7357	0
155600	7358	1
155600	7359	0
155600	7360	1
155600	7361	2
155600	7362	0
155603	5607	0
155603	5608	0
155603	5609	0
155603	5610	0
155603	5611	1
155603	5612	1
155606	4760	0
155606	4761	0
155606	4762	2
155606	4763	0
155606	4764	0
155606	4765	0
155616	4175	0
155616	4176	0
155616	4177	0
155616	4178	0
155616	4179	0
155616	4180	0
155617	7504	0
155617	7505	0
155617	7506	0
155617	7507	0
155617	7508	0
155617	7509	0
155633	6582	0
155633	6583	0
155633	6584	0
155633	6585	0
155633	6586	0
155633	6587	0
155635	3433	0
155635	3434	1
155635	3435	0
155635	3436	0
155636	3433	0
155636	3434	0
155636	3435	0
155636	3436	2
155637	3433	1
155637	3434	0
155637	3435	1
155637	3436	1
155653	5697	0
155653	5698	1
155653	5699	0
155653	5700	0
155653	5701	0
155653	5702	0
155654	5565	0
155654	5566	0
155654	5567	1
155654	5568	1
155654	5569	0
155654	5570	1
155655	4760	0
155655	4761	0
155655	4762	1
155655	4763	0
155655	4764	0
155655	4765	0
155661	6418	0
155661	6419	0
155661	6420	0
155661	6421	3
155661	6422	5
155661	6423	3
155662	6418	1
155662	6419	0
155662	6420	0
155662	6421	0
155662	6422	1
155662	6423	0
155663	6418	0
155663	6419	0
155663	6420	0
155663	6421	0
155663	6422	0
155663	6423	0
155668	2724	2
155668	2725	2
155668	2726	0
155668	2727	0
155668	2728	0
155668	2729	1
155669	2724	0
155669	2725	0
155669	2726	0
155669	2727	0
155669	2728	0
155669	2729	0
155670	2724	0
155670	2725	0
155670	2726	0
155670	2727	0
155670	2728	0
155670	2729	0
155784	6160	0
155784	6161	0
155784	6162	0
155784	6163	0
155784	6164	0
155784	6165	0
155795	5613	0
155795	5614	0
155795	5615	0
155795	5616	0
155795	5617	0
155795	5618	0
155796	5613	0
155796	5614	0
155796	5615	0
155796	5616	0
155796	5617	0
155796	5618	0
155797	5219	0
155797	5220	0
155797	5221	0
155797	5222	0
155797	5223	0
155797	5224	0
155798	5219	0
155798	5220	0
155798	5221	0
155798	5222	2
155798	5223	0
155798	5224	0
155799	6166	0
155799	6167	0
155799	6168	0
155799	6169	0
155799	6170	0
155799	6171	0
155800	6166	0
155800	6167	0
155800	6168	0
155800	6169	0
155800	6170	1
155800	6171	0
155809	3533	0
155809	3534	1
155809	3535	0
155809	3536	1
155809	3537	0
155809	3538	0
155810	6588	1
155810	6589	0
155810	6590	0
155810	6591	0
155810	6592	0
155810	6593	0
155814	6588	0
155814	6589	0
155814	6590	0
155814	6591	3
155814	6592	0
155814	6593	0
155824	3533	0
155824	3534	1
155824	3535	0
155824	3536	0
155824	3537	0
155824	3538	2
155830	7393	0
155830	7394	0
155830	7395	0
155830	7396	0
155830	7397	0
155830	7398	0
155837	7393	0
155837	7394	0
155837	7395	0
155837	7396	0
155837	7397	0
155837	7398	2
155846	5088	0
155846	5089	0
155846	5090	0
155846	5091	0
155846	5092	0
155846	5093	0
155868	7564	0
155868	7565	0
155868	7566	0
155868	7567	0
155868	7568	0
155868	7569	0
155881	7564	0
155881	7565	0
155881	7566	0
155881	7567	0
155881	7568	0
155881	7569	0
155884	7564	0
155884	7565	0
155884	7566	0
155884	7567	1
155884	7568	0
155884	7569	0
155887	3557	1
155887	3558	0
155887	3559	1
155887	3560	0
155887	3561	0
155887	3562	0
155895	3557	0
155895	3558	0
155895	3559	0
155895	3560	0
155895	3561	0
155895	3562	0
155965	3557	1
155965	3558	0
155965	3559	1
155965	3560	0
155965	3561	0
155965	3562	0
155966	3557	1
155966	3558	0
155966	3559	0
155966	3560	0
155966	3561	0
155966	3562	0
156073	5613	0
156073	5614	0
156073	5615	0
156073	5616	0
156073	5617	0
156073	5618	0
156074	6166	0
156074	6167	0
156074	6168	0
156074	6169	0
156074	6170	0
156074	6171	0
156078	2898	0
156078	2899	0
156078	2900	0
156078	2901	2
156078	2902	2
156078	2903	2
156333	6418	0
156333	6419	0
156333	6420	0
156333	6421	3
156333	6422	5
156333	6423	3
156334	6418	1
156334	6419	0
156334	6420	0
156334	6421	0
156334	6422	1
156334	6423	0
156335	6418	0
156335	6419	0
156335	6420	0
156335	6421	0
156335	6422	0
156335	6423	0
156342	6504	2
156342	6505	0
156342	6506	0
156342	6507	0
156342	6508	0
156342	6509	0
156343	6504	0
156343	6505	0
156343	6506	0
156343	6507	0
156343	6508	0
156343	6509	0
156344	6504	0
156344	6505	0
156344	6506	0
156344	6507	0
156344	6508	0
156344	6509	0
156345	6582	0
156345	6583	0
156345	6584	2
156345	6585	0
156345	6586	0
156345	6587	0
156346	6582	0
156346	6583	0
156346	6584	0
156346	6585	0
156346	6586	0
156346	6587	0
156347	6582	0
156347	6583	0
156347	6584	0
156347	6585	0
156347	6586	0
156347	6587	0
156348	6160	0
156348	6161	0
156348	6162	0
156348	6163	0
156348	6164	0
156348	6165	0
156349	6160	0
156349	6161	0
156349	6162	0
156349	6163	0
156349	6164	1
156349	6165	0
156350	6160	0
156350	6161	0
156350	6162	0
156350	6163	0
156350	6164	0
156350	6165	0
156364	6298	1
156364	6299	1
156364	6300	0
156364	6301	0
156364	6302	0
156364	6303	1
156365	6298	0
156365	6299	0
156365	6300	0
156365	6301	0
156365	6302	0
156365	6303	0
156366	6298	0
156366	6299	0
156366	6300	0
156366	6301	0
156366	6302	0
156366	6303	0
156367	4604	0
156367	4605	0
156367	4606	0
156367	4607	4
156367	4608	0
156367	4609	0
156368	4604	0
156368	4605	1
156368	4606	0
156368	4607	2
156368	4608	0
156368	4609	0
156369	4604	0
156369	4605	0
156369	4606	0
156369	4607	2
156369	4608	0
156369	4609	0
156370	4205	0
156370	4206	0
156370	4207	0
156370	4208	0
156370	4209	0
156370	4210	0
156423	4492	0
156423	4493	0
156423	4494	0
156423	4495	0
156423	4496	0
156423	4497	0
156424	6358	0
156424	6359	0
156424	6360	0
156424	6361	0
156424	6362	0
156424	6363	0
156425	6358	0
156425	6359	0
156425	6360	0
156425	6361	0
156425	6362	0
156425	6363	0
156426	4492	0
156426	4493	0
156426	4494	0
156426	4495	1
156426	4496	0
156426	4497	0
156427	6358	0
156427	6359	1
156427	6360	0
156427	6361	0
156427	6362	0
156427	6363	0
156428	4492	0
156428	4493	0
156428	4494	0
156428	4495	0
156428	4496	0
156428	4497	0
156438	7558	0
156438	7559	1
156438	7560	0
156438	7561	0
156438	7562	0
156438	7563	0
156439	7558	0
156439	7559	1
156439	7560	0
156439	7561	0
156439	7562	0
156439	7563	0
156440	7558	0
156440	7559	0
156440	7560	0
156440	7561	0
156440	7562	1
156440	7563	0
156450	6911	0
156450	6912	0
156450	6913	0
156450	6914	0
156450	6915	0
156450	6916	0
156454	6911	0
156454	6912	0
156454	6913	0
156454	6914	0
156454	6915	0
156454	6916	0
156462	6911	0
156462	6912	0
156462	6913	0
156462	6914	0
156462	6915	0
156462	6916	0
156545	6654	0
156545	6655	0
156545	6656	1
156545	6657	1
156545	6658	0
156545	6659	0
156546	6654	1
156546	6655	0
156546	6656	2
156546	6657	0
156546	6658	0
156546	6659	0
156547	6654	0
156547	6655	0
156547	6656	0
156547	6657	1
156547	6658	1
156547	6659	0
156551	5029	0
156551	5030	0
156551	5031	0
156551	5032	0
156551	5033	0
156551	5034	0
156552	5029	0
156552	5030	0
156552	5031	0
156552	5032	0
156552	5033	0
156552	5034	1
156553	5029	0
156553	5030	0
156553	5031	0
156553	5032	0
156553	5033	0
156553	5034	0
156554	5697	1
156554	5698	0
156554	5699	0
156554	5700	0
156554	5701	0
156554	5702	0
156555	5565	0
156555	5566	0
156555	5567	1
156555	5568	2
156555	5569	0
156555	5570	1
156556	7504	0
156556	7505	0
156556	7506	0
156556	7507	0
156556	7508	0
156556	7509	0
156557	4175	0
156557	4176	0
156557	4177	0
156557	4178	1
156557	4179	0
156557	4180	0
156558	7357	1
156558	7358	0
156558	7359	0
156558	7360	0
156558	7361	0
156558	7362	1
156559	5607	0
156559	5608	0
156559	5609	0
156559	5610	0
156559	5611	1
156559	5612	1
156560	5697	1
156560	5698	0
156560	5699	0
156560	5700	1
156560	5701	0
156560	5702	0
156561	5565	0
156561	5566	1
156561	5567	1
156561	5568	1
156561	5569	0
156561	5570	2
156562	7504	0
156562	7505	0
156562	7506	0
156562	7507	0
156562	7508	0
156562	7509	0
156563	7357	0
156563	7358	0
156563	7359	1
156563	7360	0
156563	7361	2
156563	7362	1
156564	5607	0
156564	5608	0
156564	5609	0
156564	5610	1
156564	5611	0
156564	5612	0
156565	4175	0
156565	4176	0
156565	4177	0
156565	4178	0
156565	4179	0
156565	4180	0
156566	5697	0
156566	5698	1
156566	5699	0
156566	5700	0
156566	5701	0
156566	5702	0
156567	5565	0
156567	5566	0
156567	5567	1
156567	5568	1
156567	5569	0
156567	5570	1
156568	4175	0
156568	4176	0
156568	4177	0
156568	4178	0
156568	4179	0
156568	4180	0
156569	7504	0
156569	7505	0
156569	7506	0
156569	7507	0
156569	7508	0
156569	7509	0
156570	5607	0
156570	5608	0
156570	5609	0
156570	5610	0
156570	5611	1
156570	5612	1
156571	7357	0
156571	7358	1
156571	7359	0
156571	7360	1
156571	7361	2
156571	7362	0
156575	4760	0
156575	4761	0
156575	4762	0
156575	4763	0
156575	4764	0
156575	4765	0
156576	4760	0
156576	4761	0
156576	4762	2
156576	4763	0
156576	4764	0
156576	4765	0
156577	4760	0
156577	4761	0
156577	4762	1
156577	4763	0
156577	4764	0
156577	4765	0
156584	3141	2
156584	3142	0
156584	3143	1
156584	3144	0
156584	3145	0
156584	3146	0
156585	3916	0
156585	3917	0
156585	3918	0
156585	3919	1
156585	3920	0
156585	3921	0
156586	3141	0
156586	3142	0
156586	3143	0
156586	3144	0
156586	3145	0
156586	3146	0
156587	3916	0
156587	3917	0
156587	3918	0
156587	3919	0
156587	3920	0
156587	3921	0
156588	3916	0
156588	3917	1
156588	3918	2
156588	3919	0
156588	3920	1
156588	3921	1
156589	3141	0
156589	3142	1
156589	3143	0
156589	3144	0
156589	3145	0
156589	3146	0
156604	4384	1
156604	4385	0
156604	4386	1
156604	4387	0
156604	4388	0
156604	4389	0
156605	4384	0
156605	4385	1
156605	4386	3
156605	4387	0
156605	4388	2
156605	4389	0
156606	4384	2
156606	4385	0
156606	4386	0
156606	4387	1
156606	4388	0
156606	4389	0
156648	3433	0
156648	3434	1
156648	3435	0
156648	3436	0
156649	3433	0
156649	3434	0
156649	3435	0
156649	3436	2
156650	3433	1
156650	3434	0
156650	3435	1
156650	3436	1
156669	7072	0
156669	7073	1
156669	7074	0
156669	7075	0
156669	7076	1
156669	7077	0
156670	7072	0
156670	7073	0
156670	7074	0
156670	7075	0
156670	7076	0
156670	7077	0
156671	7072	0
156671	7073	0
156671	7074	0
156671	7075	0
156671	7076	0
156671	7077	0
156672	2724	2
156672	2725	2
156672	2726	0
156672	2727	0
156672	2728	0
156672	2729	1
156673	2724	0
156673	2725	0
156673	2726	0
156673	2727	0
156673	2728	0
156673	2729	0
156674	2724	0
156674	2725	0
156674	2726	0
156674	2727	0
156674	2728	0
156674	2729	0
156675	7564	0
156675	7565	0
156675	7566	0
156675	7567	0
156675	7568	0
156675	7569	0
156676	7564	0
156676	7565	0
156676	7566	0
156676	7567	0
156676	7568	0
156676	7569	0
156677	3557	1
156677	3558	0
156677	3559	0
156677	3560	0
156677	3561	0
156677	3562	0
156678	7564	0
156678	7565	0
156678	7566	0
156678	7567	1
156678	7568	0
156678	7569	0
156679	3557	0
156679	3558	0
156679	3559	0
156679	3560	0
156679	3561	0
156679	3562	0
156692	2898	0
156692	2899	0
156692	2900	0
156692	2901	0
156692	2902	1
156692	2903	1
156693	2898	2
156693	2899	1
156693	2900	0
156693	2901	0
156693	2902	0
156693	2903	1
156694	2898	0
156694	2899	0
156694	2900	0
156694	2901	2
156694	2902	2
156694	2903	2
156741	2682	0
156741	2683	0
156741	2684	0
156741	2685	0
156741	2686	0
156741	2687	0
156742	2682	0
156742	2683	0
156742	2684	1
156742	2685	0
156742	2686	0
156742	2687	0
156757	4450	1
156757	4451	1
156757	4452	0
156757	4453	0
156757	4454	0
156757	4455	0
156776	4336	1
156776	4337	0
156776	4338	1
156776	4339	0
156776	4340	1
156776	4341	1
156777	4336	0
156777	4337	0
156777	4338	0
156777	4339	0
156777	4340	0
156777	4341	2
156778	4336	0
156778	4337	0
156778	4338	0
156778	4339	1
156778	4340	0
156778	4341	0
156794	4336	1
156794	4337	0
156794	4338	1
156794	4339	0
156794	4340	1
156794	4341	1
156795	4336	0
156795	4337	0
156795	4338	0
156795	4339	0
156795	4340	0
156795	4341	2
156796	4336	0
156796	4337	0
156796	4338	0
156796	4339	1
156796	4340	0
156796	4341	0
156830	3029	0
156830	3030	0
156830	3031	0
156830	3032	0
156830	3033	0
156830	3034	1
156831	3029	0
156831	3030	0
156831	3031	0
156831	3032	0
156831	3033	0
156831	3034	0
156853	6244	1
156853	6245	0
156853	6246	1
156853	6247	0
156853	6248	1
156853	6249	0
156854	6244	1
156854	6245	0
156854	6246	1
156854	6247	0
156854	6248	0
156854	6249	0
156855	6244	0
156855	6245	0
156855	6246	0
156855	6247	0
156855	6248	0
156855	6249	0
156859	6070	1
156859	6071	0
156859	6072	0
156859	6073	0
156859	6074	0
156859	6075	0
156860	4348	0
156860	4349	0
156860	4350	0
156860	4351	0
156860	4352	0
156860	4353	2
156861	4348	2
156861	4349	2
156861	4350	3
156861	4351	3
156861	4352	0
156861	4353	0
156862	6070	0
156862	6071	0
156862	6072	0
156862	6073	0
156862	6074	0
156862	6075	0
156863	6070	0
156863	6071	0
156863	6072	0
156863	6073	0
156863	6074	0
156863	6075	0
156865	5195	0
156865	5196	0
156865	5197	2
156865	5198	0
156865	5199	1
156865	5200	0
156866	5195	0
156866	5196	0
156866	5197	0
156866	5198	0
156866	5199	0
156866	5200	1
156867	5195	1
156867	5196	0
156867	5197	0
156867	5198	0
156867	5199	0
156867	5200	0
156930	4234	0
156930	4235	0
156930	4236	0
156930	4237	1
156930	4238	0
156930	4239	0
156937	3663	0
156937	3664	0
156937	3665	0
156937	3666	0
156937	3667	0
156937	3668	0
156957	2670	0
156957	2671	0
156957	2672	2
156957	2673	0
156957	2674	0
156957	2675	0
156958	2670	0
156958	2671	0
156958	2672	0
156958	2673	0
156958	2674	0
156958	2675	0
156959	2670	0
156959	2671	2
156959	2672	1
156959	2673	0
156959	2674	0
156959	2675	0
156960	5195	0
156960	5196	0
156960	5197	2
156960	5198	0
156960	5199	1
156960	5200	0
156961	5195	0
156961	5196	0
156961	5197	0
156961	5198	0
156961	5199	0
156961	5200	1
156962	5195	1
156962	5196	0
156962	5197	0
156962	5198	0
156962	5199	0
156962	5200	0
156963	4348	0
156963	4349	0
156963	4350	0
156963	4351	0
156963	4352	0
156963	4353	2
156964	4348	2
156964	4349	2
156964	4350	3
156964	4351	3
156964	4352	0
156964	4353	0
156976	3994	0
156976	3995	0
156976	3996	0
156976	3997	0
156976	3998	0
156976	3999	2
156983	6911	0
156983	6912	0
156983	6913	1
156983	6914	0
156983	6915	0
156983	6916	1
157005	3194	0
157005	3195	0
157005	3196	1
157005	3197	0
157005	3198	0
157005	3199	0
157006	7125	0
157006	7126	1
157006	7127	0
157006	7128	0
157006	7129	0
157006	7130	0
157007	3194	0
157007	3195	0
157007	3196	0
157007	3197	0
157007	3198	1
157007	3199	0
157008	7125	0
157008	7126	0
157008	7127	0
157008	7128	1
157008	7129	0
157008	7130	0
157072	3205	0
157072	3206	2
157072	3207	0
157072	3208	0
157072	3209	0
157072	3210	1
157073	3205	0
157073	3206	0
157073	3207	0
157073	3208	0
157073	3209	0
157073	3210	0
157074	3205	2
157074	3206	4
157074	3207	0
157074	3208	1
157074	3209	0
157074	3210	4
157105	3205	0
157105	3206	2
157105	3207	0
157105	3208	0
157105	3209	0
157105	3210	1
157106	3205	0
157106	3206	0
157106	3207	0
157106	3208	0
157106	3209	0
157106	3210	0
157107	3205	2
157107	3206	4
157107	3207	0
157107	3208	1
157107	3209	0
157107	3210	4
157171	3605	0
157171	3606	0
157171	3607	0
157171	3608	0
157171	3609	2
157171	3610	0
157172	3605	0
157172	3606	0
157172	3607	0
157172	3608	0
157172	3609	1
157172	3610	0
157173	3605	0
157173	3606	0
157173	3607	0
157173	3608	0
157173	3609	1
157173	3610	0
157182	3663	0
157182	3664	0
157182	3665	0
157182	3666	0
157182	3667	0
157182	3668	0
157302	6726	0
157302	6727	0
157302	6728	0
157302	6729	0
157302	6730	0
157302	6731	0
157306	5046	1
157306	5047	1
157306	5048	0
157306	5049	1
157306	5050	1
157306	5051	0
157307	5046	0
157307	5047	0
157307	5048	0
157307	5049	1
157307	5050	2
157307	5051	0
157308	5046	0
157308	5047	0
157308	5048	0
157308	5049	2
157308	5050	0
157308	5051	0
157316	6702	0
157316	6703	0
157316	6704	0
157316	6705	0
157316	6706	0
157316	6707	0
157321	3551	0
157321	3552	2
157321	3553	0
157321	3554	2
157321	3555	2
157321	3556	2
157340	6011	0
157340	6012	0
157340	6013	0
157340	6014	0
157340	6015	0
157340	6016	0
157343	3599	0
157343	3600	0
157343	3601	0
157343	3602	0
157343	3603	0
157343	3604	0
157345	2610	0
157345	2611	0
157345	2612	0
157345	2613	0
157345	2614	0
157345	2615	0
157372	6017	0
157372	6018	0
157372	6019	0
157372	6020	0
157372	6021	2
157372	6022	0
157381	7450	0
157381	7451	0
157381	7452	0
157381	7453	0
157381	7454	0
157381	7455	0
157389	7243	0
157389	7244	0
157389	7245	0
157389	7246	0
157389	7247	1
157389	7248	0
157409	6702	0
157409	6703	0
157409	6704	1
157409	6705	1
157409	6706	0
157409	6707	0
157410	3599	0
157410	3600	0
157410	3601	0
157410	3602	0
157410	3603	0
157410	3604	0
157426	3551	0
157426	3552	1
157426	3553	2
157426	3554	1
157426	3555	0
157426	3556	0
157427	6017	1
157427	6018	0
157427	6019	0
157427	6020	0
157427	6021	2
157427	6022	0
157467	7243	0
157467	7244	1
157467	7245	0
157467	7246	0
157467	7247	0
157467	7248	1
157473	7450	0
157473	7451	0
157473	7452	0
157473	7453	0
157473	7454	0
157473	7455	0
157503	6726	0
157503	6727	0
157503	6728	0
157503	6729	0
157503	6730	0
157503	6731	0
157504	6726	0
157504	6727	0
157504	6728	0
157504	6729	0
157504	6730	0
157504	6731	0
157506	7492	1
157506	7493	0
157506	7494	0
157506	7495	1
157506	7496	0
157506	7497	1
157507	7492	1
157507	7493	0
157507	7494	0
157507	7495	1
157507	7496	0
157507	7497	1
157519	6702	0
157519	6703	0
157519	6704	0
157519	6705	0
157519	6706	0
157519	6707	0
157532	2610	0
157532	2611	0
157532	2612	0
157532	2613	0
157532	2614	0
157532	2615	0
157533	6011	0
157533	6012	0
157533	6013	0
157533	6014	0
157533	6015	0
157533	6016	0
157534	3152	0
157534	3153	0
157534	3154	4
157534	3155	0
157534	3156	0
157534	3157	0
157535	3152	0
157535	3153	1
157535	3154	0
157535	3155	0
157535	3156	0
157535	3157	0
157536	3152	0
157536	3153	0
157536	3154	0
157536	3155	0
157536	3156	0
157536	3157	0
157537	6017	1
157537	6018	0
157537	6019	0
157537	6020	0
157537	6021	0
157537	6022	0
157544	2610	0
157544	2611	0
157544	2612	0
157544	2613	0
157544	2614	0
157544	2615	0
157546	7450	0
157546	7451	0
157546	7452	0
157546	7453	0
157546	7454	0
157546	7455	0
157559	5403	0
157559	5404	0
157559	5405	0
157559	5406	0
157559	5407	0
157559	5408	0
157560	5403	3
157560	5404	0
157560	5405	0
157560	5406	0
157560	5407	1
157560	5408	2
157561	6011	0
157561	6012	0
157561	6013	0
157561	6014	0
157561	6015	0
157561	6016	0
157566	3599	1
157566	3600	0
157566	3601	0
157566	3602	0
157566	3603	0
157566	3604	0
157609	3551	0
157609	3552	2
157609	3553	0
157609	3554	1
157609	3555	1
157609	3556	2
157634	6424	1
157634	6425	0
157634	6426	1
157634	6427	0
157634	6428	0
157634	6429	0
157635	6424	0
157635	6425	0
157635	6426	0
157635	6427	0
157635	6428	0
157635	6429	0
157636	6424	0
157636	6425	0
157636	6426	0
157636	6427	0
157636	6428	0
157636	6429	0
157650	5273	2
157650	5274	0
157650	5275	0
157650	5276	1
157650	5277	0
157650	5278	1
157651	6606	0
157651	6607	0
157651	6608	0
157651	6609	0
157651	6610	0
157651	6611	0
157652	4670	0
157652	4671	0
157652	4672	2
157652	4673	0
157652	4674	2
157652	4675	1
157655	7084	0
157655	7085	0
157655	7086	0
157655	7087	0
157655	7088	0
157655	7089	1
157656	7131	0
157656	7132	0
157656	7133	1
157656	7134	1
157656	7135	3
157656	7136	0
157657	7078	0
157657	7079	1
157657	7080	0
157657	7081	1
157657	7082	1
157657	7083	1
157658	5907	0
157658	5908	0
157658	5909	0
157658	5910	0
157658	5911	0
157658	5912	0
157659	5273	2
157659	5274	2
157659	5275	1
157659	5276	0
157659	5277	0
157659	5278	0
157660	6606	0
157660	6607	0
157660	6608	0
157660	6609	1
157660	6610	0
157660	6611	0
157661	4670	1
157661	4671	0
157661	4672	1
157661	4673	1
157661	4674	0
157661	4675	0
157662	7078	0
157662	7079	2
157662	7080	0
157662	7081	0
157662	7082	0
157662	7083	1
157663	7131	0
157663	7132	0
157663	7133	0
157663	7134	0
157663	7135	1
157663	7136	0
157664	5907	1
157664	5908	0
157664	5909	2
157664	5910	0
157664	5911	0
157664	5912	0
157673	7084	0
157673	7085	0
157673	7086	0
157673	7087	0
157673	7088	0
157673	7089	2
157674	5273	1
157674	5274	0
157674	5275	2
157674	5276	0
157674	5277	0
157674	5278	0
157676	4670	0
157676	4671	0
157676	4672	1
157676	4673	1
157676	4674	0
157676	4675	0
157679	7084	0
157679	7085	0
157679	7086	0
157679	7087	0
157679	7088	0
157679	7089	1
157680	7078	0
157680	7079	1
157680	7080	0
157680	7081	1
157680	7082	0
157680	7083	1
157681	5907	1
157681	5908	0
157681	5909	1
157681	5910	0
157681	5911	1
157681	5912	1
157705	3461	0
157705	3462	1
157705	3463	1
157705	3464	1
157705	3465	0
157705	3466	1
157706	3461	0
157706	3462	0
157706	3463	0
157706	3464	0
157706	3465	0
157706	3466	1
157707	3461	0
157707	3462	1
157707	3463	0
157707	3464	0
157707	3465	0
157707	3466	0
157711	5017	0
157711	5018	0
157711	5019	1
157711	5020	0
157711	5021	0
157711	5022	0
157712	5017	0
157712	5018	0
157712	5019	0
157712	5020	0
157712	5021	0
157712	5022	0
157713	5017	2
157713	5018	0
157713	5019	0
157713	5020	0
157713	5021	0
157713	5022	0
157716	3361	0
157716	3362	1
157716	3363	0
157716	3364	0
157716	3365	0
157716	3366	0
157718	3361	0
157718	3362	0
157718	3363	0
157718	3364	0
157718	3365	0
157718	3366	0
157719	3361	0
157719	3362	0
157719	3363	0
157719	3364	0
157719	3365	0
157719	3366	0
157724	5475	0
157724	5476	0
157724	5477	0
157724	5478	0
157724	5479	0
157724	5480	0
157725	5475	1
157725	5476	1
157725	5477	0
157725	5478	0
157725	5479	0
157725	5480	0
157726	5475	0
157726	5476	0
157726	5477	0
157726	5478	1
157726	5479	0
157726	5480	0
157737	3325	0
157737	3326	0
157737	3327	0
157737	3328	0
157737	3329	0
157737	3330	0
157738	3325	0
157738	3326	0
157738	3327	0
157738	3328	0
157738	3329	0
157738	3330	0
157739	3325	0
157739	3326	1
157739	3327	0
157739	3328	0
157739	3329	0
157739	3330	0
157740	3083	0
157740	3084	1
157740	3085	0
157740	3086	0
157740	3087	0
157740	3088	0
157741	3083	0
157741	3084	0
157741	3085	0
157741	3086	0
157741	3087	0
157741	3088	0
157742	3083	0
157742	3084	0
157742	3085	0
157742	3086	0
157742	3087	0
157742	3088	0
157743	7345	1
157743	7346	0
157743	7347	0
157743	7348	0
157743	7349	1
157743	7350	0
157744	7345	0
157744	7346	1
157744	7347	0
157744	7348	0
157744	7349	0
157744	7350	0
157745	7345	0
157745	7346	0
157745	7347	0
157745	7348	0
157745	7349	2
157745	7350	1
157748	3147	1
157748	3148	0
157748	3149	0
157748	3150	0
157748	3151	0
157750	3147	0
157750	3148	0
157750	3149	0
157750	3150	0
157750	3151	0
157752	3147	3
157752	3148	0
157752	3149	0
157752	3150	0
157752	3151	1
157883	3551	0
157883	3552	2
157883	3553	0
157883	3554	2
157883	3555	2
157883	3556	2
157884	3551	0
157884	3552	1
157884	3553	2
157884	3554	1
157884	3555	0
157884	3556	0
157885	3551	0
157885	3552	2
157885	3553	0
157885	3554	1
157885	3555	1
157885	3556	2
157892	6017	0
157892	6018	0
157892	6019	0
157892	6020	0
157892	6021	2
157892	6022	0
157893	6017	1
157893	6018	0
157893	6019	0
157893	6020	0
157893	6021	2
157893	6022	0
157894	6017	1
157894	6018	0
157894	6019	0
157894	6020	0
157894	6021	0
157894	6022	0
157901	6726	0
157901	6727	0
157901	6728	0
157901	6729	0
157901	6730	0
157901	6731	0
157902	6726	0
157902	6727	0
157902	6728	0
157902	6729	0
157902	6730	0
157902	6731	0
157903	6726	0
157903	6727	0
157903	6728	0
157903	6729	0
157903	6730	0
157903	6731	0
158646	3461	0
158646	3462	1
158646	3463	1
158646	3464	1
158646	3465	0
158646	3466	1
158647	3461	0
158647	3462	0
158647	3463	0
158647	3464	0
158647	3465	0
158647	3466	1
158648	3461	0
158648	3462	1
158648	3463	0
158648	3464	0
158648	3465	0
158648	3466	0
159006	3029	0
159006	3030	0
159006	3031	0
159006	3032	0
159006	3033	0
159006	3034	1
159007	3029	0
159007	3030	0
159007	3031	0
159007	3032	0
159007	3033	0
159007	3034	0
159181	3994	0
159181	3995	0
159181	3996	0
159181	3997	0
159181	3998	0
159181	3999	2
159259	4012	0
159259	4013	0
159259	4014	1
159259	4015	0
159259	4016	1
159341	7528	1
159341	7529	0
159341	7530	0
159341	7531	0
159341	7532	0
159341	7533	1
159400	5625	0
159400	5626	0
159400	5627	0
159400	5628	0
159400	5629	0
159400	5630	0
159401	5625	1
159401	5626	0
159401	5627	0
159401	5628	0
159401	5629	0
159401	5630	0
159412	4012	0
159412	4013	0
159412	4014	1
159412	4015	0
159412	4016	0
159445	2802	1
159445	2803	0
159445	2804	1
159445	2805	1
159445	2806	1
159445	2807	0
159464	6358	0
159464	6359	0
159464	6360	0
159464	6361	0
159464	6362	0
159464	6363	0
159465	6358	0
159465	6359	1
159465	6360	0
159465	6361	1
159465	6362	0
159465	6363	0
159556	5625	0
159556	5626	0
159556	5627	1
159556	5628	0
159556	5629	0
159556	5630	0
159560	4012	0
159560	4013	0
159560	4014	0
159560	4015	0
159560	4016	0
159580	2802	0
159580	2803	0
159580	2804	1
159580	2805	0
159580	2806	0
159580	2807	1
159606	6358	0
159606	6359	0
159606	6360	0
159606	6361	0
159606	6362	0
159606	6363	0
159612	7528	0
159612	7529	0
159612	7530	0
159612	7531	0
159612	7532	2
159612	7533	0
159614	7528	0
159614	7529	0
159614	7530	0
159614	7531	0
159614	7532	0
159614	7533	0
159638	3893	0
159638	3894	0
159638	3895	0
159638	3896	0
159638	3897	2
159638	3898	0
159639	3893	0
159639	3894	1
159639	3895	0
159639	3896	1
159639	3897	0
159639	3898	0
159640	3893	2
159640	3894	0
159640	3895	0
159640	3896	1
159640	3897	0
159640	3898	1
159658	2802	0
159658	2803	0
159658	2804	0
159658	2805	0
159658	2806	1
159658	2807	0
159681	4330	1
159681	4331	0
159681	4332	0
159681	4333	0
159681	4334	0
159681	4335	0
159682	5421	1
159682	5422	0
159682	5423	2
159682	5424	1
159682	5425	1
159682	5426	2
159683	4330	5
159683	4331	0
159683	4332	0
159683	4333	0
159683	4334	1
159683	4335	0
159694	7606	0
159694	7607	0
159694	7608	0
159694	7609	0
159694	7610	1
159694	7611	0
159716	4706	1
159716	4707	2
159716	4708	0
159716	4709	0
159716	4710	0
159716	4711	0
159717	4706	1
159717	4707	0
159717	4708	0
159717	4709	0
159717	4710	1
159717	4711	0
159718	4706	0
159718	4707	0
159718	4708	0
159718	4709	0
159718	4710	1
159718	4711	0
159719	3131	1
159719	3132	0
159719	3133	1
159719	3134	0
159719	3135	0
159719	3136	0
159720	3131	0
159720	3132	0
159720	3133	0
159720	3134	0
159720	3135	0
159720	3136	0
159819	6448	0
159819	6449	0
159819	6450	0
159819	6451	0
159819	6452	0
159819	6453	0
159820	6448	0
159820	6449	1
159820	6450	0
159820	6451	0
159820	6452	0
159820	6453	0
159828	7606	0
159828	7607	0
159828	7608	0
159828	7609	0
159828	7610	0
159828	7611	0
159829	7606	0
159829	7607	0
159829	7608	0
159829	7609	0
159829	7610	0
159829	7611	0
159840	5529	0
159840	5530	0
159840	5531	1
159840	5532	0
159840	5533	0
159840	5534	0
159855	4604	0
159855	4605	0
159855	4606	0
159855	4607	0
159855	4608	0
159855	4609	2
159856	4604	0
159856	4605	0
159856	4606	0
159856	4607	1
159856	4608	0
159856	4609	0
159858	4205	0
159858	4206	0
159858	4207	0
159858	4208	0
159858	4209	0
159858	4210	0
159859	4205	0
159859	4206	0
159859	4207	0
159859	4208	0
159859	4209	0
159859	4210	0
159860	4205	0
159860	4206	0
159860	4207	0
159860	4208	2
159860	4209	0
159860	4210	0
159873	4610	0
159873	4611	0
159873	4612	0
159873	4613	0
159873	4614	0
159873	4615	0
159874	4610	0
159874	4611	1
159874	4612	1
159874	4613	0
159874	4614	0
159874	4615	0
159875	4610	0
159875	4611	0
159875	4612	0
159875	4613	0
159875	4614	0
159875	4615	0
159876	4610	0
159876	4611	0
159876	4612	0
159876	4613	0
159876	4614	0
159876	4615	1
159877	5011	1
159877	5012	0
159877	5013	0
159877	5014	0
159877	5015	0
159877	5016	0
159878	5011	0
159878	5012	0
159878	5013	0
159878	5014	0
159878	5015	0
159878	5016	0
159879	5011	0
159879	5012	0
159879	5013	0
159879	5014	0
159879	5015	0
159879	5016	0
159882	5088	0
159882	5089	0
159882	5090	0
159882	5091	0
159882	5092	0
159882	5093	0
160143	4450	0
160143	4451	0
160143	4452	0
160143	4453	1
160143	4454	0
160143	4455	0
160145	6582	0
160145	6583	0
160145	6584	0
160145	6585	0
160145	6586	0
160145	6587	0
160148	3663	0
160148	3664	0
160148	3665	0
160148	3666	0
160148	3667	0
160148	3668	1
160149	3433	0
160149	3434	0
160149	3435	0
160149	3436	0
160153	6654	0
160153	6655	0
160153	6656	1
160153	6657	0
160153	6658	0
160153	6659	0
160156	4234	0
160156	4235	1
160156	4236	0
160156	4237	0
160156	4238	0
160156	4239	0
160161	5029	0
160161	5030	0
160161	5031	0
160161	5032	0
160161	5033	1
160161	5034	0
160171	7558	0
160171	7559	0
160171	7560	0
160171	7561	0
160171	7562	0
160171	7563	0
160183	6588	0
160183	6589	1
160183	6590	0
160183	6591	1
160183	6592	0
160183	6593	1
160194	3605	0
160194	3606	0
160194	3607	0
160194	3608	1
160194	3609	1
160194	3610	0
160195	3605	0
160195	3606	0
160195	3607	0
160195	3608	0
160195	3609	2
160195	3610	0
160197	5613	0
160197	5614	0
160197	5615	2
160197	5616	0
160197	5617	0
160197	5618	0
160200	3605	0
160200	3606	0
160200	3607	0
160200	3608	0
160200	3609	0
160200	3610	0
160201	7648	0
160201	7649	0
160201	7650	0
160201	7651	0
160201	7652	0
160201	7653	0
160205	6642	0
160205	6643	0
160205	6644	0
160205	6645	0
160205	6646	1
160205	6647	0
160206	6642	0
160206	6643	0
160206	6644	0
160206	6645	0
160206	6646	2
160206	6647	0
160207	4384	0
160207	4385	0
160207	4386	0
160207	4387	0
160207	4388	1
160207	4389	1
160208	3663	0
160208	3664	0
160208	3665	0
160208	3666	0
160208	3667	1
160208	3668	0
160211	5029	0
160211	5030	0
160211	5031	0
160211	5032	0
160211	5033	0
160211	5034	0
160212	4234	0
160212	4235	1
160212	4236	0
160212	4237	0
160212	4238	0
160212	4239	0
160254	2898	0
160254	2899	0
160254	2900	1
160254	2901	0
160254	2902	0
160254	2903	0
160255	6911	0
160255	6912	0
160255	6913	0
160255	6914	0
160255	6915	0
160255	6916	0
160257	4175	0
160257	4176	0
160257	4177	0
160257	4178	1
160257	4179	0
160257	4180	0
160258	5697	0
160258	5698	1
160258	5699	0
160258	5700	1
160258	5701	0
160258	5702	0
160261	5697	0
160261	5698	1
160261	5699	1
160261	5700	0
160261	5701	0
160261	5702	1
160264	4175	0
160264	4176	0
160264	4177	0
160264	4178	0
160264	4179	0
160264	4180	0
160268	6298	0
160268	6299	1
160268	6300	2
160268	6301	1
160268	6302	0
160268	6303	0
160269	6582	0
160269	6583	0
160269	6584	0
160269	6585	0
160269	6586	0
160269	6587	0
160276	6654	0
160276	6655	0
160276	6656	3
160276	6657	0
160276	6658	0
160276	6659	0
160287	4384	1
160287	4385	3
160287	4386	1
160287	4387	0
160287	4388	0
160287	4389	0
160291	6911	0
160291	6912	0
160291	6913	0
160291	6914	0
160291	6915	0
160291	6916	0
160295	6244	0
160295	6245	0
160295	6246	0
160295	6247	0
160295	6248	1
160295	6249	0
160296	6244	0
160296	6245	0
160296	6246	0
160296	6247	0
160296	6248	0
160296	6249	0
160297	3593	1
160297	3594	0
160297	3595	1
160297	3596	0
160297	3597	0
160297	3598	0
160298	3593	1
160298	3594	0
160298	3595	0
160298	3596	0
160298	3597	0
160298	3598	0
160299	4450	0
160299	4451	1
160299	4452	0
160299	4453	0
160299	4454	0
160299	4455	0
160300	5613	0
160300	5614	0
160300	5615	0
160300	5616	0
160300	5617	0
160300	5618	0
160318	3433	0
160318	3434	0
160318	3435	0
160318	3436	0
160320	5046	0
160320	5047	0
160320	5048	0
160320	5049	0
160320	5050	0
160320	5051	0
160321	5046	0
160321	5047	0
160321	5048	0
160321	5049	0
160321	5050	0
160321	5051	0
160322	6298	0
160322	6299	1
160322	6300	0
160322	6301	0
160322	6302	0
160322	6303	0
160343	3663	0
160343	3664	0
160343	3665	0
160343	3666	0
160343	3667	0
160343	3668	0
160348	7072	0
160348	7073	0
160348	7074	0
160348	7075	0
160348	7076	0
160348	7077	0
160349	7072	0
160349	7073	0
160349	7074	0
160349	7075	0
160349	7076	0
160349	7077	0
160350	7072	0
160350	7073	0
160350	7074	0
160350	7075	0
160350	7076	0
160350	7077	0
160354	4234	0
160354	4235	0
160354	4236	0
160354	4237	0
160354	4238	0
160354	4239	0
160359	7558	0
160359	7559	0
160359	7560	0
160359	7561	0
160359	7562	0
160359	7563	0
160361	4384	0
160361	4385	0
160361	4386	0
160361	4387	0
160361	4388	0
160361	4389	0
160363	4348	0
160363	4349	0
160363	4350	2
160363	4351	3
160363	4352	0
160363	4353	0
160364	4348	0
160364	4349	0
160364	4350	0
160364	4351	2
160364	4352	1
160364	4353	0
160366	7243	0
160366	7244	1
160366	7245	0
160366	7246	0
160366	7247	0
160366	7248	0
160368	6654	0
160368	6655	0
160368	6656	1
160368	6657	0
160368	6658	0
160368	6659	0
160369	4450	0
160369	4451	0
160369	4452	0
160369	4453	0
160369	4454	0
160369	4455	0
160371	4348	1
160371	4349	0
160371	4350	1
160371	4351	3
160371	4352	1
160371	4353	0
160377	4336	1
160377	4337	0
160377	4338	1
160377	4339	1
160377	4340	1
160377	4341	1
160378	4336	0
160378	4337	1
160378	4338	1
160378	4339	0
160378	4340	0
160378	4341	2
160379	4336	0
160379	4337	0
160379	4338	1
160379	4339	0
160379	4340	0
160379	4341	0
160380	5029	0
160380	5030	0
160380	5031	0
160380	5032	0
160380	5033	0
160380	5034	0
160381	7648	1
160381	7649	0
160381	7650	0
160381	7651	0
160381	7652	0
160381	7653	0
160386	4175	0
160386	4176	0
160386	4177	0
160386	4178	0
160386	4179	0
160386	4180	0
160387	5697	1
160387	5698	0
160387	5699	0
160387	5700	0
160387	5701	0
160387	5702	0
160400	6298	0
160400	6299	0
160400	6300	0
160400	6301	0
160400	6302	0
160400	6303	0
160401	5046	0
160401	5047	0
160401	5048	0
160401	5049	1
160401	5050	0
160401	5051	0
160403	5613	0
160403	5614	0
160403	5615	0
160403	5616	0
160403	5617	0
160403	5618	0
160409	3029	0
160409	3030	0
160409	3031	0
160409	3032	0
160409	3033	0
160409	3034	0
160410	3029	0
160410	3030	0
160410	3031	0
160410	3032	0
160410	3033	0
160410	3034	0
160427	2724	0
160427	2725	0
160427	2726	0
160427	2727	0
160427	2728	0
160427	2729	0
160430	2724	0
160430	2725	0
160430	2726	0
160430	2727	0
160430	2728	0
160430	2729	0
160431	2724	0
160431	2725	0
160431	2726	0
160431	2727	0
160431	2728	0
160431	2729	0
160432	7648	0
160432	7649	1
160432	7650	0
160432	7651	0
160432	7652	0
160432	7653	1
160435	6588	0
160435	6589	0
160435	6590	0
160435	6591	0
160435	6592	0
160435	6593	0
160436	7558	0
160436	7559	0
160436	7560	0
160436	7561	0
160436	7562	0
160436	7563	0
160453	2898	0
160453	2899	0
160453	2900	0
160453	2901	0
160453	2902	1
160453	2903	0
160455	2898	0
160455	2899	0
160455	2900	5
160455	2901	1
160455	2902	1
160455	2903	0
160465	7558	0
160465	7559	1
160465	7560	0
160465	7561	0
160465	7562	0
160465	7563	0
160468	6244	0
160468	6245	0
160468	6246	0
160468	6247	0
160468	6248	4
160468	6249	0
160469	3593	0
160469	3594	0
160469	3595	1
160469	3596	0
160469	3597	0
160469	3598	0
160486	6418	0
160486	6419	0
160486	6420	0
160486	6421	2
160486	6422	0
160486	6423	0
160487	6418	0
160487	6419	0
160487	6420	0
160487	6421	0
160487	6422	0
160487	6423	0
160488	6418	0
160488	6419	0
160488	6420	0
160488	6421	0
160488	6422	0
160488	6423	0
160500	6911	0
160500	6912	0
160500	6913	0
160500	6914	0
160500	6915	0
160500	6916	0
160502	7564	0
160502	7565	0
160502	7566	0
160502	7567	0
160502	7568	0
160502	7569	0
160503	7564	0
160503	7565	1
160503	7566	0
160503	7567	0
160503	7568	0
160503	7569	0
160504	7564	0
160504	7565	0
160504	7566	0
160504	7567	0
160504	7568	0
160504	7569	0
160505	3557	0
160505	3558	0
160505	3559	0
160505	3560	0
160505	3561	0
160505	3562	0
160506	3557	0
160506	3558	2
160506	3559	0
160506	3560	1
160506	3561	1
160506	3562	1
160507	3557	0
160507	3558	0
160507	3559	0
160507	3560	0
160507	3561	1
160507	3562	0
160508	2670	0
160508	2671	0
160508	2672	0
160508	2673	0
160508	2674	0
160508	2675	0
160509	2670	0
160509	2671	0
160509	2672	0
160509	2673	0
160509	2674	0
160509	2675	0
160510	2670	0
160510	2671	0
160510	2672	0
160510	2673	0
160510	2674	0
160510	2675	0
160514	5529	1
160514	5530	0
160514	5531	0
160514	5532	1
160514	5533	1
160514	5534	0
160515	2652	0
160515	2653	0
160515	2654	0
160515	2655	0
160515	2656	0
160515	2657	0
160516	6466	0
160516	6467	1
160516	6468	0
160516	6469	0
160516	6470	0
160516	6471	0
160517	5529	0
160517	5530	0
160517	5531	0
160517	5532	1
160517	5533	0
160517	5534	0
160518	2652	0
160518	2653	0
160518	2654	0
160518	2655	0
160518	2656	0
160518	2657	0
160519	6466	0
160519	6467	0
160519	6468	0
160519	6469	0
160519	6470	0
160519	6471	0
160520	5529	8
160520	5530	0
160520	5531	0
160520	5532	6
160520	5533	0
160520	5534	0
160521	2652	0
160521	2653	5
160521	2654	0
160521	2655	2
160521	2656	1
160521	2657	5
160522	6466	0
160522	6467	0
160522	6468	0
160522	6469	0
160522	6470	0
160522	6471	1
160524	6588	0
160524	6589	0
160524	6590	0
160524	6591	0
160524	6592	0
160524	6593	0
160533	5011	0
160533	5012	0
160533	5013	0
160533	5014	0
160533	5015	0
160533	5016	0
160534	5011	0
160534	5012	0
160534	5013	0
160534	5014	0
160534	5015	0
160534	5016	0
160535	5011	0
160535	5012	0
160535	5013	0
160535	5014	0
160535	5015	0
160535	5016	0
160536	4610	1
160536	4611	0
160536	4612	0
160536	4613	0
160536	4614	0
160536	4615	0
160537	4610	1
160537	4611	0
160537	4612	1
160537	4613	0
160537	4614	0
160537	4615	0
160538	4610	0
160538	4611	0
160538	4612	0
160538	4613	0
160538	4614	0
160538	4615	0
160575	6504	0
160575	6505	0
160575	6506	0
160575	6507	0
160575	6508	0
160575	6509	0
160576	6504	1
160576	6505	0
160576	6506	0
160576	6507	0
160576	6508	0
160576	6509	0
160578	3433	0
160578	3434	0
160578	3435	0
160578	3436	0
160585	7108	0
160585	7109	0
160585	7110	0
160585	7111	0
160585	7112	0
160585	7113	0
160586	7108	0
160586	7109	0
160586	7110	0
160586	7111	0
160586	7112	0
160586	7113	0
160587	7108	1
160587	7109	0
160587	7110	0
160587	7111	0
160587	7112	0
160587	7113	0
160591	5195	0
160591	5196	0
160591	5197	0
160591	5198	0
160591	5199	0
160591	5200	0
160592	5195	0
160592	5196	0
160592	5197	0
160592	5198	0
160592	5200	0
160593	5195	0
160593	5196	0
160593	5197	0
160593	5198	0
160593	5199	1
160593	5200	0
160598	7125	0
160598	7126	0
160598	7127	0
160598	7128	0
160598	7129	0
160598	7130	2
160599	3194	0
160599	3195	0
160599	3196	0
160599	3197	0
160599	3198	1
160599	3199	0
160600	7125	0
160600	7126	0
160600	7127	0
160600	7128	0
160600	7129	0
160600	7130	0
160601	3194	0
160601	3195	1
160601	3196	0
160601	3197	0
160601	3198	0
160601	3199	0
160602	7125	0
160602	7126	1
160602	7127	0
160602	7128	3
160602	7129	0
160602	7130	1
160603	3194	2
160603	3195	0
160603	3196	0
160603	3197	0
160603	3198	0
160603	3199	1
160604	4760	0
160604	4761	0
160604	4762	3
160604	4763	0
160604	4764	0
160604	4765	0
160605	4760	1
160605	4761	0
160605	4762	0
160605	4763	0
160605	4764	0
160605	4765	0
160606	4760	0
160606	4761	0
160606	4762	0
160606	4763	1
160606	4764	0
160606	4765	2
160704	6070	0
160704	6071	0
160704	6072	0
160704	6073	0
160704	6074	0
160704	6075	0
160705	6070	0
160705	6071	0
160705	6072	0
160705	6073	0
160705	6074	0
160705	6075	0
160706	6070	0
160706	6071	0
160706	6072	0
160706	6073	1
160706	6074	0
160706	6075	0
160825	6226	1
160825	6227	0
160825	6228	2
160825	6229	0
160825	6230	0
160825	6231	1
160826	6226	0
160826	6227	0
160826	6228	0
160826	6229	0
160826	6230	0
160826	6231	0
160863	3557	0
160863	3558	0
160863	3559	0
160863	3560	0
160863	3561	0
160863	3562	0
160864	3557	0
160864	3558	2
160864	3559	0
160864	3560	1
160864	3561	1
160864	3562	1
160865	3557	0
160865	3558	0
160865	3559	0
160865	3560	0
160865	3561	1
160865	3562	0
160872	3599	0
160872	3600	0
160872	3601	1
160872	3602	0
160872	3603	0
160872	3604	0
160887	6642	0
160887	6643	0
160887	6644	0
160887	6645	0
160887	6646	0
160887	6647	0
160924	5088	0
160924	5089	0
160924	5090	0
160924	5091	0
160924	5092	0
160924	5093	0
160943	7450	0
160943	7451	0
160943	7452	0
160943	7453	0
160943	7454	0
160943	7455	0
160944	7243	0
160944	7244	2
160944	7245	0
160944	7246	0
160944	7247	1
160944	7248	2
160949	5403	0
160949	5404	0
160949	5405	0
160949	5406	0
160949	5407	0
160949	5408	0
160950	6911	0
160950	6912	1
160950	6913	0
160950	6914	0
160950	6915	0
160950	6916	0
160951	5403	2
160951	5404	0
160951	5405	0
160951	5406	0
160951	5407	1
160951	5408	0
160955	5219	0
160955	5220	0
160955	5221	0
160955	5222	1
160955	5223	0
160955	5224	0
160957	6166	0
160957	6167	0
160957	6168	0
160957	6169	0
160957	6170	1
160957	6171	0
160968	7504	0
160968	7505	0
160968	7506	0
160968	7507	1
160968	7508	0
160968	7509	0
160970	5565	2
160970	5566	0
160970	5567	0
160970	5568	0
160970	5569	0
160970	5570	0
160971	7504	0
160971	7505	0
160971	7506	0
160971	7507	0
160971	7508	0
160971	7509	0
160972	5565	0
160972	5566	0
160972	5567	1
160972	5568	0
160972	5569	0
160972	5570	0
160988	5403	0
160988	5404	0
160988	5405	1
160988	5406	0
160988	5407	0
160988	5408	0
160993	7618	0
160993	7619	0
160993	7620	1
160993	7621	0
160993	7622	0
160993	7623	0
160994	3152	0
160994	3153	1
160994	3154	1
160994	3155	0
160994	3156	0
160994	3157	0
160998	6642	0
160998	6643	0
160998	6644	0
160998	6645	0
160998	6646	0
160998	6647	0
161004	7243	0
161004	7244	0
161004	7245	0
161004	7246	0
161004	7247	0
161004	7248	0
161007	6702	0
161007	6703	0
161007	6704	0
161007	6705	0
161007	6706	0
161007	6707	0
161008	6702	0
161008	6703	0
161008	6704	2
161008	6705	1
161008	6706	0
161008	6707	0
161014	7450	0
161014	7451	0
161014	7452	0
161014	7453	0
161014	7454	0
161014	7455	1
161015	5088	0
161015	5089	0
161015	5090	0
161015	5091	0
161015	5092	0
161015	5093	2
161028	7618	0
161028	7619	0
161028	7620	0
161028	7621	0
161028	7622	0
161028	7623	0
161035	5219	0
161035	5220	0
161035	5221	0
161035	5222	0
161035	5223	0
161035	5224	0
161036	6166	1
161036	6167	0
161036	6168	0
161036	6169	0
161036	6170	1
161036	6171	1
161046	7504	1
161046	7505	0
161046	7506	0
161046	7507	0
161046	7508	0
161046	7509	0
161047	5565	1
161047	5566	0
161047	5567	1
161047	5568	0
161047	5569	0
161047	5570	0
161053	5403	0
161053	5404	0
161053	5405	0
161053	5406	2
161053	5407	0
161053	5408	0
161056	3152	0
161056	3153	0
161056	3154	0
161056	3155	0
161056	3156	0
161056	3157	0
161077	6424	1
161077	6425	0
161077	6426	2
161077	6427	0
161077	6428	0
161077	6429	0
161078	6424	0
161078	6425	0
161078	6426	0
161078	6427	0
161078	6428	0
161078	6429	0
161081	6424	0
161081	6425	0
161081	6426	0
161081	6427	0
161081	6428	0
161081	6429	0
161085	5088	0
161085	5089	0
161085	5090	0
161085	5091	0
161085	5092	0
161085	5093	0
161111	7450	0
161111	7451	0
161111	7452	0
161111	7453	0
161111	7454	0
161111	7455	3
161121	3599	0
161121	3600	0
161121	3601	0
161121	3602	0
161121	3603	0
161121	3604	0
161130	6702	0
161130	6703	0
161130	6704	0
161130	6705	0
161130	6706	0
161130	6707	0
161152	6726	1
161152	6727	0
161152	6728	0
161152	6729	0
161152	6730	0
161152	6731	0
161153	6726	0
161153	6727	0
161153	6728	0
161153	6729	0
161153	6730	0
161153	6731	0
161154	6726	0
161154	6727	0
161154	6728	0
161154	6729	0
161154	6730	0
161154	6731	0
161161	5219	0
161161	5220	0
161161	5221	0
161161	5222	0
161161	5223	0
161161	5224	1
161162	6166	3
161162	6167	2
161162	6168	0
161162	6169	0
161162	6170	0
161162	6171	0
161174	7243	2
161174	7244	0
161174	7245	0
161174	7246	0
161174	7247	0
161174	7248	0
161180	7618	0
161180	7619	0
161180	7620	0
161180	7621	0
161180	7622	0
161180	7623	0
161262	7492	2
161262	7493	0
161262	7494	0
161262	7495	0
161262	7496	0
161262	7497	2
161263	7492	0
161263	7493	1
161263	7494	0
161263	7495	0
161263	7496	1
161263	7497	0
161264	7492	3
161264	7493	2
161264	7494	3
161264	7495	0
161264	7496	1
161264	7497	0
161350	6011	0
161350	6012	1
161350	6013	0
161350	6014	0
161350	6015	0
161350	6016	0
161351	6011	0
161351	6012	0
161351	6013	0
161351	6014	0
161351	6015	0
161351	6016	0
161352	2610	0
161352	2611	0
161352	2612	0
161352	2613	0
161352	2614	2
161352	2615	0
161353	2610	1
161353	2611	0
161353	2612	0
161353	2613	0
161353	2614	0
161353	2615	0
161740	3663	0
161740	3664	0
161740	3665	0
161740	3666	0
161740	3667	0
161740	3668	0
161741	7357	0
161741	7358	0
161741	7359	3
161741	7360	1
161741	7361	2
161741	7362	0
161742	5607	0
161742	5608	0
161742	5609	1
161742	5610	1
161742	5611	2
161742	5612	1
161913	6358	0
161913	6359	0
161913	6360	0
161913	6361	0
161913	6362	0
161913	6363	0
161915	4492	0
161915	4493	0
161915	4494	0
161915	4495	0
161915	4496	0
161915	4497	2
161928	7528	0
161928	7529	0
161928	7530	0
161928	7531	0
161928	7532	0
161928	7533	0
161929	3533	0
161929	3534	0
161929	3535	0
161929	3536	0
161929	3537	0
161929	3538	0
161934	5625	0
161934	5626	0
161934	5627	0
161934	5628	2
161934	5629	1
161934	5630	0
