ObservationID	SubLocationID	Count
146051	3205	0
146051	3206	0
146051	3207	0
146051	3208	0
146051	3209	0
146051	3210	0
146052	3205	0
146052	3206	0
146052	3207	0
146052	3208	1
146052	3209	0
146052	3210	0
146053	3205	0
146053	3206	0
146053	3207	0
146053	3208	0
146053	3209	0
146053	3210	0
146059	7072	0
146059	7073	0
146059	7074	0
146059	7075	0
146059	7076	0
146059	7077	0
146060	7072	0
146060	7073	0
146060	7074	0
146060	7075	0
146060	7076	0
146060	7077	0
146061	7072	0
146061	7073	1
146061	7074	0
146061	7075	0
146061	7076	0
146061	7077	0
146076	3433	0
146076	3434	0
146076	3435	0
146076	3436	0
146077	3433	0
146077	3434	0
146077	3435	1
146077	3436	0
146078	3433	0
146078	3434	0
146078	3435	0
146078	3436	0
146080	6654	0
146080	6655	1
146080	6656	0
146080	6657	1
146080	6658	0
146080	6659	0
146081	6654	0
146081	6655	0
146081	6656	0
146081	6657	0
146081	6658	0
146081	6659	0
146082	6654	0
146082	6655	0
146082	6656	1
146082	6657	0
146082	6658	0
146082	6659	0
146115	7648	0
146115	7649	0
146115	7650	0
146115	7651	1
146115	7652	0
146115	7653	0
146117	7648	1
146117	7649	0
146117	7650	0
146117	7651	0
146117	7652	0
146117	7653	0
146119	7648	0
146119	7649	0
146119	7650	0
146119	7651	0
146119	7652	0
146119	7653	0
146144	6298	1
146144	6299	1
146144	6300	0
146144	6301	0
146144	6302	0
146144	6303	1
146149	6298	2
146149	6299	1
146149	6300	1
146149	6301	0
146149	6302	0
146149	6303	1
146153	6298	0
146153	6299	0
146153	6300	0
146153	6301	2
146153	6302	0
146153	6303	0
146163	5583	0
146163	5584	0
146163	5585	0
146163	5586	0
146163	5587	0
146163	5588	1
146164	5583	0
146164	5584	0
146164	5585	0
146164	5586	0
146164	5587	0
146164	5588	0
146204	5697	0
146204	5698	0
146204	5699	0
146204	5700	0
146204	5701	2
146204	5702	0
146205	5565	0
146205	5566	0
146205	5567	0
146205	5568	2
146205	5569	1
146205	5570	2
146211	2682	0
146211	2683	0
146211	2684	1
146211	2685	1
146211	2686	0
146211	2687	0
146214	5607	0
146214	5608	0
146214	5609	0
146214	5610	0
146214	5611	0
146214	5612	0
146234	4348	0
146234	4349	0
146234	4350	0
146234	4351	0
146234	4352	0
146234	4353	0
146235	4348	0
146235	4349	0
146235	4350	0
146235	4351	0
146235	4352	1
146235	4353	0
146236	4348	0
146236	4349	0
146236	4350	1
146236	4351	0
146236	4352	0
146236	4353	0
146242	5195	0
146242	5196	0
146242	5197	0
146242	5198	0
146242	5199	0
146242	5200	1
146244	5195	0
146244	5196	0
146244	5197	0
146244	5198	0
146244	5199	0
146244	5200	0
146245	5195	0
146245	5196	0
146245	5197	0
146245	5198	0
146245	5199	0
146245	5200	0
146250	7357	0
146250	7358	1
146250	7359	0
146250	7360	0
146250	7361	0
146250	7362	0
146255	5565	0
146255	5566	0
146255	5567	0
146255	5568	0
146255	5569	1
146255	5570	0
146261	7357	0
146261	7358	0
146261	7359	0
146261	7360	0
146261	7361	2
146261	7362	0
146265	5697	0
146265	5698	0
146265	5699	0
146265	5700	1
146265	5701	0
146265	5702	0
146270	2682	1
146270	2683	0
146270	2684	0
146270	2685	0
146270	2686	1
146270	2687	0
146271	5697	1
146271	5698	1
146271	5699	0
146271	5700	0
146271	5701	0
146271	5702	0
146273	5607	0
146273	5608	0
146273	5609	0
146273	5610	0
146273	5611	0
146273	5612	2
146277	4384	1
146277	4385	1
146277	4386	0
146277	4387	0
146277	4388	0
146277	4389	1
146278	4384	1
146278	4385	0
146278	4386	1
146278	4387	0
146278	4388	0
146278	4389	0
146279	4384	0
146279	4385	1
146279	4386	0
146279	4387	0
146279	4388	0
146279	4389	0
146283	7357	0
146283	7358	0
146283	7359	0
146283	7360	0
146283	7361	0
146283	7362	0
146284	5697	1
146284	5698	0
146284	5699	0
146284	5700	0
146284	5701	0
146284	5702	0
146292	5565	0
146292	5566	0
146292	5567	2
146292	5568	1
146292	5569	0
146292	5570	0
146293	5607	0
146293	5608	0
146293	5609	0
146293	5610	0
146293	5611	1
146293	5612	0
146349	5583	0
146349	5584	0
146349	5585	0
146349	5586	0
146349	5587	0
146349	5588	0
146376	2724	2
146376	2725	0
146376	2726	0
146376	2727	0
146376	2728	0
146376	2729	0
146377	2724	1
146377	2725	0
146377	2726	0
146377	2727	1
146377	2728	0
146377	2729	0
146378	2724	0
146378	2725	0
146378	2726	0
146378	2727	0
146378	2728	0
146378	2729	0
146398	3188	0
146398	3189	0
146398	3190	0
146398	3191	0
146398	3192	0
146398	3193	0
146399	3188	0
146399	3189	0
146399	3190	0
146399	3191	0
146399	3192	0
146399	3193	0
146400	3188	0
146400	3189	0
146400	3190	0
146400	3191	1
146400	3192	2
146400	3193	1
146415	2898	0
146415	2899	0
146415	2900	0
146415	2901	1
146415	2902	0
146415	2903	0
146416	2898	1
146416	2899	0
146416	2900	0
146416	2901	2
146416	2902	1
146416	2903	1
146417	2898	0
146417	2899	1
146417	2900	0
146417	2901	1
146417	2902	0
146417	2903	2
146489	3663	0
146489	3664	0
146489	3665	0
146489	3666	0
146489	3667	0
146489	3668	0
146492	4450	1
146492	4451	1
146492	4452	1
146492	4453	1
146492	4454	0
146492	4455	2
146493	4450	0
146493	4451	0
146493	4452	0
146493	4453	1
146493	4454	0
146493	4455	1
146494	4450	0
146494	4451	0
146494	4452	1
146494	4453	2
146494	4454	0
146494	4455	1
146510	3663	0
146510	3664	0
146510	3665	0
146510	3666	0
146510	3667	0
146510	3668	0
146704	6588	0
146704	6589	2
146704	6590	0
146704	6591	0
146704	6592	0
146704	6593	0
146705	7393	0
146705	7394	0
146705	7395	0
146705	7396	0
146705	7397	0
146705	7398	0
146706	5219	0
146706	5220	0
146706	5221	0
146706	5222	0
146706	5223	0
146706	5224	0
146707	6166	0
146707	6167	0
146707	6168	0
146707	6169	0
146707	6170	1
146707	6171	0
146718	3533	0
146718	3534	0
146718	3535	0
146718	3536	0
146718	3537	0
146718	3538	0
146719	7393	1
146719	7394	0
146719	7395	0
146719	7396	1
146719	7397	0
146719	7398	0
146722	6588	2
146722	6589	0
146722	6590	2
146722	6591	1
146722	6592	2
146722	6593	1
146723	6166	0
146723	6167	0
146723	6168	0
146723	6169	0
146723	6170	1
146723	6171	0
146724	5219	0
146724	5220	0
146724	5221	0
146724	5222	0
146724	5223	0
146724	5224	1
146786	6166	0
146786	6167	0
146786	6168	0
146786	6169	0
146786	6170	0
146786	6171	0
146787	5219	0
146787	5220	0
146787	5221	0
146787	5222	0
146787	5223	0
146787	5224	0
146807	7393	0
146807	7394	1
146807	7395	1
146807	7396	0
146807	7397	0
146807	7398	0
146809	3533	0
146809	3534	2
146809	3535	1
146809	3536	0
146809	3537	0
146809	3538	0
146822	3533	0
146822	3534	0
146822	3535	0
146822	3536	0
146822	3537	0
146822	3538	0
146823	6588	0
146823	6589	2
146823	6590	0
146823	6591	0
146823	6592	0
146823	6593	0
146831	3194	1
146831	3195	0
146831	3196	0
146831	3197	0
146831	3198	0
146831	3199	2
146832	7125	0
146832	7126	2
146832	7127	0
146832	7128	0
146832	7129	1
146832	7130	1
146833	7125	0
146833	7126	0
146833	7127	0
146833	7128	0
146833	7129	0
146833	7130	0
146834	3194	0
146834	3195	0
146834	3196	0
146834	3197	0
146834	3198	0
146834	3199	0
146835	3194	0
146835	3195	0
146835	3196	0
146835	3197	0
146835	3198	0
146835	3199	0
146836	7125	0
146836	7126	0
146836	7127	0
146836	7128	0
146836	7129	0
146836	7130	0
146864	7155	0
146864	7156	0
146864	7157	0
146864	7158	1
146864	7159	0
146864	7160	0
146865	7155	0
146865	7156	0
146865	7157	0
146865	7158	0
146865	7159	0
146865	7160	0
146945	5046	0
146945	5047	0
146945	5048	0
146945	5049	1
146945	5050	0
146945	5051	0
146946	5046	1
146946	5047	1
146946	5048	0
146946	5049	1
146946	5050	0
146946	5051	0
146947	5046	0
146947	5047	0
146947	5048	0
146947	5049	0
146947	5050	0
146947	5051	0
146997	6702	2
146997	6703	3
146997	6704	0
146997	6705	3
146997	6706	1
146997	6707	1
147014	3916	0
147014	3917	0
147014	3918	2
147014	3919	0
147014	3920	0
147014	3921	1
147015	3916	1
147015	3917	0
147015	3918	0
147015	3919	2
147015	3920	0
147015	3921	2
147017	3916	0
147017	3917	0
147017	3918	0
147017	3919	0
147017	3920	1
147017	3921	0
147041	6726	0
147041	6727	0
147041	6728	0
147041	6729	0
147041	6730	1
147041	6731	0
147042	3141	0
147042	3142	0
147042	3143	2
147042	3144	0
147042	3145	0
147042	3146	1
147043	3141	1
147043	3142	0
147043	3143	0
147043	3144	2
147043	3145	0
147043	3146	2
147044	3141	0
147044	3142	0
147044	3143	0
147044	3144	0
147044	3145	1
147044	3146	0
147045	3916	0
147045	3917	0
147045	3918	0
147045	3919	0
147045	3920	0
147045	3921	1
147046	3916	0
147046	3917	0
147046	3918	0
147046	3919	1
147046	3920	2
147046	3921	0
147047	3916	0
147047	3917	0
147047	3918	0
147047	3919	0
147047	3920	2
147047	3921	0
147056	7450	0
147056	7451	0
147056	7452	0
147056	7453	0
147056	7454	0
147056	7455	2
147063	4140	2
147063	4141	0
147063	4142	0
147063	4143	0
147063	4144	0
147063	4145	0
147067	6011	0
147067	6012	0
147067	6013	2
147067	6014	0
147067	6015	0
147067	6016	0
147081	6726	0
147081	6727	0
147081	6728	0
147081	6729	0
147081	6730	0
147081	6731	0
147085	7492	0
147085	7493	0
147085	7494	2
147085	7495	0
147085	7496	0
147085	7497	2
147096	6702	4
147096	6703	0
147096	6704	2
147096	6705	1
147096	6706	1
147096	6707	1
147173	7492	0
147173	7493	0
147173	7494	0
147173	7495	0
147173	7496	0
147173	7497	0
147208	3545	1
147208	3546	1
147208	3547	0
147208	3548	0
147208	3549	0
147208	3550	1
147220	7450	0
147220	7451	0
147220	7452	0
147220	7453	0
147220	7454	0
147220	7455	0
147319	3599	1
147319	3600	0
147319	3601	0
147319	3602	1
147319	3603	0
147319	3604	0
147320	3599	0
147320	3600	1
147320	3601	0
147320	3602	2
147320	3603	0
147320	3604	0
147321	3599	0
147321	3600	0
147321	3601	0
147321	3602	0
147321	3603	0
147321	3604	0
147327	7492	2
147327	7493	0
147327	7494	2
147327	7495	0
147327	7496	0
147327	7497	0
147342	6702	0
147342	6703	0
147342	6704	0
147342	6705	0
147342	6706	0
147342	6707	0
147365	6011	0
147365	6012	0
147365	6013	0
147365	6014	0
147365	6015	0
147365	6016	1
147375	6726	0
147375	6727	0
147375	6728	0
147375	6729	0
147375	6730	0
147375	6731	0
147415	6011	0
147415	6012	0
147415	6013	0
147415	6014	0
147415	6015	0
147415	6016	0
147519	7108	0
147519	7109	2
147519	7110	0
147519	7111	0
147519	7112	0
147519	7113	0
147520	7108	0
147520	7109	0
147520	7110	0
147520	7111	0
147520	7112	0
147520	7113	0
147527	7450	0
147527	7451	0
147527	7452	0
147527	7453	0
147527	7454	0
147527	7455	0
147896	6017	1
147896	6018	0
147896	6019	0
147896	6020	0
147896	6021	0
147896	6022	0
147897	6017	0
147897	6018	0
147897	6019	0
147897	6020	0
147897	6021	0
147897	6022	0
148051	3545	0
148051	3546	0
148051	3547	0
148051	3548	0
148051	3549	0
148051	3550	0
148052	3545	0
148052	3546	0
148052	3547	0
148052	3548	1
148052	3549	0
148052	3550	0
148366	7108	3
148366	7109	0
148366	7110	0
148366	7111	1
148366	7112	0
148366	7113	0
148368	3147	0
148368	3148	1
148368	3149	2
148368	3150	0
148368	3151	1
148370	3147	0
148370	3148	0
148370	3149	3
148370	3150	1
148370	3151	1
148372	3147	0
148372	3148	2
148372	3149	0
148372	3150	0
148372	3151	0
148396	7078	1
148396	7079	2
148396	7080	0
148396	7081	4
148396	7082	0
148396	7083	1
148398	7078	0
148398	7079	2
148398	7080	0
148398	7081	3
148398	7082	0
148398	7083	4
148399	7078	0
148399	7079	1
148399	7080	0
148399	7081	2
148399	7082	0
148399	7083	2
148400	5907	0
148400	5908	2
148400	5909	2
148400	5910	2
148400	5911	1
148400	5912	2
148401	5907	3
148401	5908	2
148401	5909	3
148401	5910	0
148401	5911	3
148401	5912	0
148402	5907	0
148402	5908	1
148402	5909	0
148402	5910	1
148402	5911	1
148402	5912	3
148403	7131	0
148403	7132	0
148403	7133	1
148403	7134	0
148403	7135	2
148403	7136	2
148404	7131	0
148404	7132	0
148404	7133	0
148404	7134	0
148404	7135	0
148404	7136	0
148405	7131	0
148405	7132	0
148405	7133	0
148405	7134	1
148405	7135	0
148405	7136	0
148406	5273	1
148406	5274	0
148406	5275	1
148406	5276	1
148406	5277	0
148406	5278	2
148407	5273	3
148407	5274	0
148407	5275	2
148407	5276	0
148407	5277	0
148407	5278	0
148408	5273	0
148408	5274	0
148408	5275	0
148408	5276	0
148408	5277	0
148408	5278	0
148416	4670	0
148416	4671	2
148416	4672	2
148416	4673	0
148416	4674	0
148416	4675	0
148417	4670	3
148417	4671	1
148417	4672	0
148417	4673	2
148417	4674	0
148417	4675	1
148418	4670	0
148418	4671	0
148418	4672	0
148418	4673	0
148418	4674	0
148418	4675	0
148419	7084	1
148419	7085	0
148419	7086	0
148419	7087	0
148419	7088	1
148419	7089	0
148420	7084	0
148420	7085	0
148420	7086	0
148420	7087	0
148420	7088	0
148420	7089	0
148421	7084	0
148421	7085	0
148421	7086	0
148421	7087	0
148421	7088	0
148421	7089	0
148502	7345	1
148502	7346	1
148502	7347	1
148502	7348	0
148502	7349	1
148502	7350	1
148503	7345	2
148503	7346	1
148503	7347	0
148503	7348	1
148503	7349	1
148503	7350	0
148504	7345	0
148504	7346	0
148504	7347	1
148504	7348	0
148504	7349	2
148504	7350	0
148508	3325	0
148508	3326	0
148508	3327	0
148508	3328	0
148508	3329	0
148508	3330	0
148509	3325	1
148509	3326	2
148509	3327	0
148509	3328	0
148509	3329	0
148509	3330	0
148512	3325	0
148512	3326	0
148512	3327	0
148512	3328	0
148512	3329	0
148512	3330	0
148513	3083	0
148513	3084	2
148513	3085	0
148513	3086	1
148513	3087	0
148513	3088	0
148514	3083	0
148514	3084	2
148514	3085	0
148514	3086	1
148514	3087	0
148514	3088	0
148517	3083	0
148517	3084	1
148517	3085	0
148517	3086	0
148517	3087	0
148517	3088	0
148590	5403	0
148590	5404	1
148590	5405	1
148590	5406	1
148590	5407	1
148590	5408	0
148591	5403	0
148591	5404	0
148591	5405	0
148591	5406	0
148591	5407	1
148591	5408	0
148592	5403	0
148592	5404	1
148592	5405	0
148592	5406	0
148592	5407	1
148592	5408	1
148593	6911	0
148593	6912	0
148593	6913	0
148593	6914	0
148593	6915	0
148593	6916	0
148594	6911	0
148594	6912	0
148594	6913	0
148594	6914	0
148594	6915	0
148594	6916	0
148605	4898	0
148605	4899	0
148605	4900	0
148605	4901	0
148605	4902	0
148605	4903	0
148606	4288	0
148606	4289	0
148606	4290	0
148606	4291	0
148606	4292	2
148606	4293	0
148611	7155	0
148611	7156	0
148611	7157	0
148611	7158	0
148611	7159	0
148611	7160	0
148621	4898	0
148621	4899	0
148621	4900	0
148621	4901	0
148621	4902	0
148621	4903	0
148622	4288	0
148622	4289	0
148622	4290	0
148622	4291	0
148622	4292	0
148622	4293	0
148625	4898	0
148625	4899	0
148625	4900	0
148625	4901	0
148625	4902	0
148625	4903	0
148626	4288	0
148626	4289	0
148626	4290	0
148626	4291	0
148626	4292	0
148626	4293	0
148646	4140	0
148646	4141	0
148646	4142	0
148646	4143	0
148646	4144	0
148646	4145	0
148647	4140	0
148647	4141	0
148647	4142	0
148647	4143	0
148647	4144	0
148647	4145	0
148742	3599	1
148742	3600	0
148742	3601	0
148742	3602	1
148742	3603	0
148742	3604	0
148747	3599	0
148747	3600	1
148747	3601	0
148747	3602	2
148747	3603	0
148747	3604	0
148751	3599	0
148751	3600	0
148751	3601	0
148751	3602	0
148751	3603	0
148751	3604	0
150531	7108	0
150531	7109	2
150531	7110	0
150531	7111	0
150531	7112	0
150531	7113	0
150536	7108	3
150536	7109	0
150536	7110	0
150536	7111	1
150536	7112	0
150536	7113	0
150546	6017	1
150546	6018	0
150546	6019	0
150546	6020	0
150546	6021	0
150546	6022	0
150557	7108	0
150557	7109	0
150557	7110	0
150557	7111	0
150557	7112	0
150557	7113	0
150559	6017	0
150559	6018	0
150559	6019	0
150559	6020	0
150559	6021	0
150559	6022	0
151835	3663	2
151835	3664	0
151835	3665	0
151835	3666	0
151835	3667	0
151835	3668	0
151872	6448	0
151872	6449	0
151872	6450	0
151872	6451	0
151872	6452	0
151872	6453	0
151959	7183	0
151959	7184	0
151959	7185	1
151959	7186	0
151959	7187	0
151959	7188	0
152009	6448	0
152009	6449	0
152009	6450	0
152009	6451	2
152009	6452	1
152009	6453	2
152025	7183	0
152025	7184	0
152025	7185	0
152025	7186	1
152025	7187	0
152025	7188	0
152148	7183	0
152148	7184	0
152148	7185	0
152148	7186	0
152148	7187	0
152148	7188	1
152187	4012	0
152187	4013	0
152187	4014	2
152187	4016	0
152240	3461	0
152240	3462	0
152240	3463	0
152240	3464	0
152240	3465	0
152240	3466	0
152241	3461	1
152241	3462	0
152241	3463	1
152241	3464	0
152241	3465	0
152241	3466	1
152242	3461	2
152242	3462	0
152242	3463	1
152242	3464	2
152242	3465	0
152242	3466	3
152243	3361	0
152243	3362	1
152243	3363	0
152243	3364	2
152243	3365	0
152243	3366	0
152244	3361	0
152244	3362	0
152244	3363	0
152244	3364	1
152244	3365	1
152244	3366	0
152245	3361	0
152245	3362	0
152245	3363	0
152245	3364	0
152245	3365	0
152245	3366	1
152288	4012	0
152288	4013	0
152288	4014	2
152288	4016	0
152289	4012	0
152289	4013	0
152289	4014	0
152289	4016	0
152290	4012	0
152290	4013	0
152290	4014	1
152290	4016	0
152423	5421	0
152423	5422	0
152423	5423	0
152423	5424	1
152423	5425	0
152423	5426	0
152424	5421	0
152424	5422	1
152424	5423	0
152424	5424	0
152424	5425	0
152424	5426	0
152425	4330	0
152425	4332	0
152425	4333	1
152425	4334	0
152425	4335	0
152426	4330	1
152426	4332	0
152426	4333	0
152426	4334	0
152427	5421	0
152427	5422	0
152427	5423	1
152427	5424	0
152427	5425	0
152427	5426	0
152584	3663	2
152584	3664	0
152584	3665	0
152584	3666	0
152584	3667	0
152584	3668	0
152662	6702	2
152662	6703	3
152662	6704	0
152662	6705	3
152662	6706	1
152662	6707	1
152663	6702	4
152663	6703	0
152663	6704	2
152663	6705	1
152663	6706	1
152663	6707	1
152664	6702	0
152664	6703	0
152664	6704	0
152664	6705	0
152664	6706	0
152664	6707	0
152678	4140	2
152678	4141	0
152678	4142	0
152678	4143	0
152678	4144	0
152678	4145	0
152679	4140	0
152679	4141	0
152679	4142	0
152679	4143	0
152679	4144	0
152679	4145	0
152680	4140	0
152680	4141	0
152680	4142	0
152680	4143	0
152680	4144	0
152680	4145	0
152738	6448	0
152738	6449	0
152738	6450	0
152738	6451	1
152738	6452	1
152738	6453	0
152757	6448	0
152757	6449	0
152757	6450	0
152757	6451	0
152757	6452	0
152757	6453	0
152758	6448	0
152758	6449	0
152758	6450	0
152758	6451	2
152758	6452	1
152758	6453	2
152890	7345	1
152890	7346	1
152890	7347	1
152890	7348	0
152890	7349	1
152890	7350	1
152892	3083	0
152892	3084	2
152892	3085	0
152892	3086	1
152892	3087	0
152892	3088	0
152893	3325	0
152893	3326	0
152893	3327	0
152893	3328	0
152893	3329	0
152893	3330	0
152894	3461	2
152894	3462	0
152894	3463	1
152894	3464	2
152894	3465	0
152894	3466	3
152896	3361	0
152896	3362	1
152896	3363	0
152896	3364	2
152896	3365	0
152896	3366	0
152897	7345	2
152897	7346	1
152897	7347	0
152897	7348	1
152897	7349	1
152897	7350	0
152899	3325	1
152899	3326	2
152899	3327	0
152899	3328	0
152899	3329	0
152899	3330	0
152900	3083	0
152900	3084	2
152900	3085	0
152900	3086	1
152900	3087	0
152900	3088	0
152902	3461	1
152902	3462	0
152902	3463	1
152902	3464	0
152902	3465	0
152902	3466	1
152903	3361	0
152903	3362	0
152903	3363	0
152903	3364	1
152903	3365	1
152903	3366	0
152904	7345	0
152904	7346	0
152904	7347	1
152904	7348	0
152904	7349	2
152904	7350	0
152906	3325	0
152906	3326	0
152906	3327	0
152906	3328	0
152906	3329	0
152906	3330	0
152907	3083	0
152907	3084	1
152907	3085	0
152907	3086	0
152907	3087	0
152907	3088	0
152908	3461	0
152908	3462	0
152908	3463	0
152908	3464	0
152908	3465	0
152908	3466	0
152909	3361	0
152909	3362	0
152909	3363	0
152909	3364	0
152909	3365	0
152909	3366	1
152926	4330	0
152926	4331	0
152926	4332	0
152926	4333	0
152926	4334	0
152926	4335	0
152927	3194	1
152927	3195	0
152927	3196	0
152927	3197	0
152927	3198	0
152927	3199	2
152928	7125	0
152928	7126	2
152928	7127	0
152928	7128	0
152928	7129	1
152928	7130	1
152929	7125	0
152929	7126	0
152929	7127	0
152929	7128	0
152929	7129	0
152929	7130	0
152930	3194	0
152930	3195	0
152930	3196	0
152930	3197	0
152930	3198	0
152930	3199	0
152931	3194	0
152931	3195	0
152931	3196	0
152931	3197	0
152931	3198	0
152931	3199	0
152932	7125	0
152932	7126	0
152932	7127	0
152932	7128	0
152932	7129	0
152932	7130	0
152934	3147	0
152934	3148	1
152934	3149	2
152934	3150	0
152934	3151	1
152936	3147	0
152936	3148	0
152936	3149	3
152936	3150	1
152936	3151	1
152938	3147	0
152938	3148	2
152938	3149	0
152938	3150	0
152938	3151	0
152939	5421	0
152939	5422	0
152939	5423	0
152939	5424	1
152939	5425	0
152939	5426	0
152940	5421	0
152940	5422	1
152940	5423	0
152940	5424	0
152940	5425	0
152940	5426	0
152941	4330	0
152941	4332	0
152941	4333	1
152941	4334	0
152941	4335	0
152942	4330	1
152942	4332	0
152942	4333	0
152942	4334	0
152943	5421	0
152943	5422	0
152943	5423	1
152943	5424	0
152943	5425	0
152943	5426	0
152944	5273	1
152944	5274	0
152944	5275	1
152944	5276	1
152944	5277	0
152944	5278	2
152946	4670	0
152946	4671	2
152946	4672	2
152946	4673	0
152946	4674	0
152946	4675	0
152947	7084	1
152947	7085	0
152947	7086	0
152947	7087	0
152947	7088	1
152947	7089	0
152950	5273	3
152950	5274	0
152950	5275	2
152950	5276	0
152950	5277	0
152950	5278	0
152952	4670	3
152952	4671	1
152952	4672	0
152952	4673	2
152952	4674	0
152952	4675	1
152953	7084	0
152953	7085	0
152953	7086	0
152953	7087	0
152953	7088	0
152953	7089	0
152956	5273	0
152956	5274	0
152956	5275	0
152956	5276	0
152956	5277	0
152956	5278	0
152958	4670	0
152958	4671	0
152958	4672	0
152958	4673	0
152958	4674	0
152958	4675	0
152959	7084	0
152959	7085	0
152959	7086	0
152959	7087	0
152959	7088	0
152959	7089	0
152973	7183	0
152973	7184	0
152973	7185	1
152973	7186	0
152973	7187	0
152973	7188	0
152975	7183	0
152975	7184	0
152975	7185	0
152975	7186	1
152975	7187	0
152975	7188	0
152976	7183	0
152976	7184	0
152976	7185	0
152976	7186	0
152976	7187	0
152976	7188	1
152977	3545	1
152977	3546	1
152977	3547	0
152977	3548	0
152977	3549	0
152977	3550	1
152978	3545	0
152978	3546	0
152978	3547	0
152978	3548	0
152978	3549	0
152978	3550	0
152979	3545	0
152979	3546	0
152979	3547	0
152979	3548	1
152979	3549	0
152979	3550	0
152995	5403	0
152995	5404	1
152995	5405	1
152995	5406	1
152995	5407	1
152995	5408	0
152996	6911	0
152996	6912	0
152996	6913	0
152996	6914	0
152996	6915	0
152996	6916	0
152997	6911	0
152997	6912	0
152997	6913	0
152997	6914	0
152997	6915	0
152997	6916	0
152998	5403	0
152998	5404	0
152998	5405	0
152998	5406	0
152998	5407	1
152998	5408	0
152999	5403	0
152999	5404	1
152999	5405	0
152999	5406	0
152999	5407	1
152999	5408	1
153074	7078	1
153074	7079	2
153074	7080	0
153074	7081	4
153074	7082	0
153074	7083	1
153075	5907	0
153075	5908	2
153075	5909	2
153075	5910	2
153075	5911	1
153075	5912	2
153076	7131	0
153076	7132	0
153076	7133	1
153076	7134	0
153076	7135	2
153076	7136	2
153077	7078	0
153077	7079	2
153077	7080	0
153077	7081	3
153077	7082	0
153077	7083	4
153078	7131	0
153078	7132	0
153078	7133	0
153078	7134	0
153078	7135	0
153078	7136	0
153079	5907	3
153079	5908	2
153079	5909	3
153079	5910	0
153079	5911	3
153079	5912	0
153080	7078	0
153080	7079	1
153080	7080	0
153080	7081	2
153080	7082	0
153080	7083	2
153081	5907	0
153081	5908	1
153081	5909	0
153081	5910	1
153081	5911	1
153081	5912	3
153082	7131	0
153082	7132	0
153082	7133	0
153082	7134	1
153082	7135	0
153082	7136	0
153177	5607	0
153177	5608	0
153177	5609	0
153177	5610	0
153177	5611	0
153177	5612	0
153178	5607	0
153178	5608	0
153178	5609	0
153178	5610	0
153178	5611	0
153178	5612	2
153179	5607	0
153179	5608	0
153179	5609	0
153179	5610	0
153179	5611	1
153179	5612	0
153412	5529	0
153412	5530	0
153412	5531	0
153412	5532	0
153412	5533	0
153412	5534	3
153413	2652	0
153413	2653	0
153413	2654	0
153413	2655	0
153413	2656	0
153413	2657	0
153414	6466	0
153414	6467	0
153414	6468	4
153414	6469	0
153414	6470	0
153414	6471	0
153416	2652	0
153416	2653	0
153416	2654	0
153416	2655	0
153416	2656	1
153416	2657	0
153417	5529	0
153417	5530	0
153417	5531	0
153417	5532	0
153417	5533	0
153417	5534	0
153418	2652	0
153418	2653	1
153418	2654	0
153418	2655	0
153418	2656	0
153418	2657	0
153419	6466	0
153419	6467	0
153419	6468	0
153419	6469	0
153419	6470	0
153419	6471	0
153557	6466	0
153557	6467	0
153557	6468	0
153557	6469	0
153557	6470	0
153557	6471	0
153650	6011	0
153650	6012	0
153650	6013	2
153650	6014	0
153650	6015	0
153650	6016	0
153651	6011	0
153651	6012	0
153651	6013	0
153651	6014	0
153651	6015	0
153651	6016	1
153652	6011	0
153652	6012	0
153652	6013	0
153652	6014	0
153652	6015	0
153652	6016	0
153748	7492	0
153748	7493	0
153748	7494	2
153748	7495	0
153748	7496	0
153748	7497	2
153749	7492	0
153749	7493	0
153749	7494	0
153749	7495	0
153749	7496	0
153749	7497	0
153750	7492	2
153750	7493	0
153750	7494	2
153750	7495	0
153750	7496	0
153750	7497	0
153899	6466	0
153899	6467	0
153899	6468	0
153899	6469	0
153899	6470	0
153899	6471	0
153900	5529	0
153900	5530	0
153900	5531	0
153900	5532	0
153900	5533	0
153900	5534	0
153901	2652	0
153901	2653	1
153901	2654	0
153901	2655	0
153901	2656	0
153901	2657	0
153902	2652	0
153902	2653	0
153902	2654	0
153902	2655	0
153902	2656	1
153902	2657	0
153903	5529	0
153903	5530	0
153903	5531	0
153903	5532	0
153903	5533	0
153903	5534	3
153904	2652	0
153904	2653	0
153904	2654	0
153904	2655	0
153904	2656	0
153904	2657	0
153905	6466	0
153905	6467	0
153905	6468	4
153905	6469	0
153905	6470	0
153905	6471	0
154323	4492	0
154323	4493	0
154323	4494	2
154323	4495	0
154323	4496	0
154323	4497	0
154324	4492	0
154324	4493	0
154324	4494	0
154324	4495	0
154324	4496	0
154324	4497	0
154325	4492	0
154325	4493	0
154325	4494	0
154325	4495	1
154325	4496	1
154325	4497	0
154393	6911	0
154393	6912	0
154393	6913	0
154393	6914	0
154393	6915	0
154393	6916	0
154702	4205	0
154702	4206	0
154702	4207	0
154702	4208	1
154702	4209	0
154702	4210	0
154703	4205	0
154703	4206	0
154703	4207	0
154703	4208	1
154703	4209	0
154703	4210	0
154704	4205	0
154704	4206	0
154704	4207	0
154704	4208	0
154704	4209	0
154704	4210	0
154722	4604	0
154722	4605	0
154722	4606	2
154722	4607	0
154722	4608	1
154722	4609	0
154728	4604	0
154728	4605	1
154728	4606	1
154728	4607	1
154728	4608	0
154728	4609	0
154732	4604	0
154732	4605	0
154732	4606	2
154732	4607	1
154732	4608	0
154732	4609	0
154733	4205	0
154733	4206	0
154733	4207	0
154733	4208	0
154733	4209	0
154733	4210	0
154734	4205	0
154734	4206	0
154734	4207	0
154734	4208	1
154734	4209	0
154734	4210	0
154871	4384	0
154871	4385	0
154871	4386	1
154871	4387	0
154871	4388	0
154871	4389	0
154925	6298	0
154925	6299	1
154925	6300	0
154925	6301	0
154925	6302	0
154925	6303	0
154968	5607	0
154968	5608	0
154968	5609	1
154968	5610	0
154968	5611	0
154968	5612	0
154981	7357	1
154981	7358	0
154981	7359	0
154981	7360	0
154981	7361	0
154981	7362	0
155009	5565	0
155009	5566	0
155009	5567	0
155009	5568	0
155009	5569	0
155009	5570	0
155013	6654	0
155013	6655	1
155013	6656	0
155013	6657	1
155013	6658	0
155013	6659	0
155016	3916	0
155016	3917	0
155016	3918	0
155016	3919	0
155016	3920	0
155016	3921	1
155017	3141	0
155017	3142	0
155017	3143	0
155017	3144	0
155017	3145	1
155017	3146	0
155018	5697	0
155018	5698	0
155018	5699	0
155018	5700	0
155018	5701	0
155018	5702	0
155080	3188	0
155080	3189	0
155080	3190	0
155080	3191	0
155080	3192	0
155080	3193	0
155108	2898	0
155108	2899	0
155108	2900	1
155108	2901	1
155108	2902	0
155108	2903	1
155114	4384	0
155114	4385	1
155114	4386	1
155114	4387	0
155114	4388	0
155114	4389	0
155118	5697	1
155118	5698	1
155118	5699	0
155118	5700	0
155118	5701	0
155118	5702	0
155120	3663	0
155120	3664	1
155120	3665	0
155120	3666	0
155120	3667	0
155120	3668	0
155146	5565	0
155146	5566	2
155146	5567	0
155146	5568	1
155146	5569	0
155146	5570	0
155176	5607	0
155176	5608	0
155176	5609	0
155176	5610	0
155176	5611	1
155176	5612	0
155179	6654	0
155179	6655	0
155179	6656	0
155179	6657	0
155179	6658	0
155179	6659	0
155188	7357	0
155188	7358	0
155188	7359	0
155188	7360	0
155188	7361	0
155188	7362	0
155208	3141	0
155208	3142	0
155208	3143	0
155208	3144	0
155208	3145	0
155208	3146	0
155209	3916	0
155209	3917	0
155209	3918	0
155209	3919	0
155209	3920	1
155209	3921	0
155218	6298	0
155218	6299	2
155218	6300	0
155218	6301	2
155218	6302	0
155218	6303	0
155228	2898	0
155228	2899	0
155228	2900	0
155228	2901	0
155228	2902	0
155228	2903	0
155260	6654	0
155260	6655	0
155260	6656	0
155260	6657	0
155260	6658	0
155260	6659	0
155268	4384	1
155268	4385	0
155268	4386	0
155268	4387	0
155268	4388	1
155268	4389	0
155281	5583	0
155281	5584	0
155281	5585	0
155281	5586	0
155281	5587	0
155281	5588	0
155331	5583	0
155331	5584	1
155331	5585	0
155331	5586	0
155331	5587	0
155331	5588	0
155541	6298	0
155541	6299	0
155541	6300	0
155541	6301	0
155541	6302	0
155541	6303	0
155552	3916	0
155552	3917	0
155552	3918	1
155552	3919	0
155552	3920	0
155552	3921	0
155553	3141	0
155553	3142	0
155553	3143	0
155553	3144	0
155553	3145	1
155553	3146	2
155558	5583	0
155558	5584	0
155558	5585	0
155558	5586	0
155558	5587	0
155558	5588	0
155562	3188	0
155562	3189	0
155562	3190	0
155562	3191	0
155562	3192	2
155562	3193	1
155589	7072	0
155589	7073	0
155589	7074	0
155589	7075	0
155589	7076	0
155589	7077	0
155590	7072	0
155590	7073	0
155590	7074	0
155590	7075	0
155590	7076	0
155590	7077	0
155591	7072	0
155591	7073	1
155591	7074	0
155591	7075	0
155591	7076	0
155591	7077	0
155596	3188	0
155596	3189	0
155596	3190	3
155596	3191	0
155596	3192	0
155596	3193	0
155600	7357	0
155600	7358	0
155600	7359	0
155600	7360	0
155600	7361	1
155600	7362	0
155603	5607	0
155603	5608	0
155603	5609	1
155603	5610	0
155603	5611	0
155603	5612	0
155635	3433	0
155635	3434	0
155635	3435	0
155635	3436	0
155636	3433	0
155636	3434	0
155636	3435	0
155636	3436	0
155637	3433	0
155637	3434	0
155637	3435	0
155637	3436	0
155653	5697	0
155653	5698	0
155653	5699	0
155653	5700	0
155653	5701	0
155653	5702	0
155654	5565	0
155654	5566	0
155654	5567	1
155654	5568	1
155654	5569	0
155654	5570	0
155668	2724	0
155668	2725	1
155668	2726	0
155668	2727	1
155668	2728	0
155668	2729	0
155669	2724	0
155669	2725	0
155669	2726	0
155669	2727	0
155669	2728	0
155669	2729	1
155670	2724	0
155670	2725	0
155670	2726	0
155670	2727	0
155670	2728	0
155670	2729	0
155797	5219	0
155797	5220	0
155797	5221	0
155797	5222	0
155797	5223	0
155797	5224	0
155798	5219	0
155798	5220	0
155798	5221	0
155798	5222	0
155798	5223	0
155798	5224	1
155799	6166	0
155799	6167	0
155799	6168	0
155799	6169	0
155799	6170	0
155799	6171	0
155800	6166	0
155800	6167	0
155800	6168	0
155800	6169	0
155800	6170	0
155800	6171	1
155809	3533	0
155809	3534	0
155809	3535	0
155809	3536	0
155809	3537	0
155809	3538	0
155810	6588	0
155810	6589	0
155810	6590	1
155810	6591	0
155810	6592	0
155810	6593	0
155814	6588	0
155814	6589	0
155814	6590	0
155814	6591	1
155814	6592	0
155814	6593	0
155824	3533	0
155824	3534	0
155824	3535	1
155824	3536	0
155824	3537	0
155824	3538	0
155830	7393	0
155830	7394	0
155830	7395	0
155830	7396	0
155830	7397	0
155830	7398	1
155837	7393	0
155837	7394	0
155837	7395	1
155837	7396	1
155837	7397	0
155837	7398	1
156074	6166	0
156074	6167	0
156074	6168	0
156074	6169	0
156074	6170	0
156074	6171	0
156078	2898	0
156078	2899	0
156078	2900	0
156078	2901	1
156078	2902	1
156078	2903	0
156364	6298	0
156364	6299	1
156364	6300	0
156364	6301	0
156364	6302	0
156364	6303	0
156365	6298	0
156365	6299	2
156365	6300	0
156365	6301	2
156365	6302	0
156365	6303	0
156366	6298	0
156366	6299	0
156366	6300	0
156366	6301	0
156366	6302	0
156366	6303	0
156367	4604	0
156367	4605	0
156367	4606	2
156367	4607	0
156367	4608	1
156367	4609	0
156368	4604	0
156368	4605	0
156368	4606	2
156368	4607	1
156368	4608	0
156368	4609	0
156369	4604	0
156369	4605	1
156369	4606	1
156369	4607	1
156369	4608	0
156369	4609	0
156370	4205	0
156370	4206	0
156370	4207	0
156370	4208	1
156370	4209	0
156370	4210	0
156423	4492	0
156423	4493	0
156423	4494	2
156423	4495	0
156423	4496	0
156423	4497	0
156426	4492	0
156426	4493	0
156426	4494	0
156426	4495	0
156426	4496	0
156426	4497	0
156428	4492	0
156428	4493	0
156428	4494	0
156428	4495	1
156428	4496	1
156428	4497	0
156450	6911	0
156450	6912	0
156450	6913	0
156450	6914	0
156450	6915	0
156450	6916	0
156454	6911	1
156454	6912	0
156454	6913	0
156454	6914	0
156454	6915	0
156454	6916	0
156462	6911	1
156462	6912	0
156462	6913	0
156462	6914	0
156462	6915	0
156462	6916	0
156479	3188	0
156479	3189	0
156479	3190	0
156479	3191	0
156479	3192	0
156479	3193	0
156480	3188	0
156480	3189	0
156480	3190	0
156480	3191	0
156480	3192	2
156480	3193	1
156481	3188	0
156481	3189	0
156481	3190	3
156481	3191	0
156481	3192	0
156481	3193	0
156545	6654	0
156545	6655	1
156545	6656	0
156545	6657	1
156545	6658	0
156545	6659	0
156546	6654	0
156546	6655	0
156546	6656	0
156546	6657	0
156546	6658	0
156546	6659	0
156547	6654	0
156547	6655	0
156547	6656	0
156547	6657	0
156547	6658	0
156547	6659	0
156554	5697	0
156554	5698	0
156554	5699	0
156554	5700	0
156554	5701	0
156554	5702	0
156555	5565	0
156555	5566	0
156555	5567	0
156555	5568	0
156555	5569	0
156555	5570	0
156558	7357	1
156558	7358	0
156558	7359	0
156558	7360	0
156558	7361	0
156558	7362	0
156559	5607	0
156559	5608	0
156559	5609	1
156559	5610	0
156559	5611	0
156559	5612	0
156560	5697	1
156560	5698	1
156560	5699	0
156560	5700	0
156560	5701	0
156560	5702	0
156561	5565	0
156561	5566	2
156561	5567	0
156561	5568	1
156561	5569	0
156561	5570	0
156563	7357	0
156563	7358	0
156563	7359	0
156563	7360	0
156563	7361	0
156563	7362	0
156564	5607	0
156564	5608	0
156564	5609	0
156564	5610	0
156564	5611	1
156564	5612	0
156566	5697	0
156566	5698	0
156566	5699	0
156566	5700	0
156566	5701	0
156566	5702	0
156567	5565	0
156567	5566	0
156567	5567	1
156567	5568	1
156567	5569	0
156567	5570	0
156570	5607	0
156570	5608	0
156570	5609	1
156570	5610	0
156570	5611	0
156570	5612	0
156571	7357	0
156571	7358	0
156571	7359	0
156571	7360	0
156571	7361	1
156571	7362	0
156584	3141	0
156584	3142	0
156584	3143	0
156584	3144	0
156584	3145	1
156584	3146	0
156585	3916	0
156585	3917	0
156585	3918	0
156585	3919	0
156585	3920	0
156585	3921	1
156586	3141	0
156586	3142	0
156586	3143	0
156586	3144	0
156586	3145	0
156586	3146	0
156587	3916	0
156587	3917	0
156587	3918	0
156587	3919	0
156587	3920	1
156587	3921	0
156588	3916	0
156588	3917	0
156588	3918	1
156588	3919	0
156588	3920	0
156588	3921	0
156589	3141	0
156589	3142	0
156589	3143	0
156589	3144	0
156589	3145	1
156589	3146	2
156604	4384	0
156604	4385	1
156604	4386	1
156604	4387	0
156604	4388	0
156604	4389	0
156605	4384	0
156605	4385	0
156605	4386	1
156605	4387	0
156605	4388	0
156605	4389	0
156606	4384	1
156606	4385	0
156606	4386	0
156606	4387	0
156606	4388	1
156606	4389	0
156639	5583	0
156639	5584	0
156639	5585	0
156639	5586	0
156639	5587	0
156639	5588	0
156640	5583	0
156640	5584	1
156640	5585	0
156640	5586	0
156640	5587	0
156640	5588	0
156641	5583	0
156641	5584	0
156641	5585	0
156641	5586	0
156641	5587	0
156641	5588	0
156648	3433	0
156648	3434	0
156648	3435	0
156648	3436	0
156649	3433	0
156649	3434	0
156649	3435	0
156649	3436	0
156650	3433	0
156650	3434	0
156650	3435	0
156650	3436	0
156669	7072	0
156669	7073	0
156669	7074	0
156669	7075	0
156669	7076	0
156669	7077	0
156670	7072	0
156670	7073	0
156670	7074	0
156670	7075	0
156670	7076	0
156670	7077	0
156671	7072	0
156671	7073	1
156671	7074	0
156671	7075	0
156671	7076	0
156671	7077	0
156672	2724	0
156672	2725	1
156672	2726	0
156672	2727	1
156672	2728	0
156672	2729	0
156673	2724	0
156673	2725	0
156673	2726	0
156673	2727	0
156673	2728	0
156673	2729	1
156674	2724	0
156674	2725	0
156674	2726	0
156674	2727	0
156674	2728	0
156674	2729	0
156692	2898	0
156692	2899	0
156692	2900	1
156692	2901	1
156692	2902	0
156692	2903	1
156693	2898	0
156693	2899	0
156693	2900	0
156693	2901	0
156693	2902	0
156693	2903	0
156694	2898	0
156694	2899	0
156694	2900	0
156694	2901	1
156694	2902	1
156694	2903	0
156741	2682	0
156741	2683	1
156741	2684	0
156741	2685	0
156741	2686	0
156741	2687	0
156742	2682	0
156742	2683	0
156742	2684	0
156742	2685	0
156742	2686	0
156742	2687	0
156757	4450	0
156757	4451	0
156757	4452	0
156757	4453	0
156757	4454	0
156757	4455	0
156847	4898	1
156847	4899	0
156847	4900	0
156847	4901	0
156847	4902	0
156847	4903	0
156860	4348	0
156860	4349	0
156860	4350	0
156860	4351	0
156860	4352	0
156860	4353	1
156861	4348	0
156861	4349	0
156861	4350	0
156861	4351	1
156861	4352	0
156861	4353	2
156865	5195	0
156865	5196	0
156865	5197	1
156865	5198	0
156865	5199	1
156865	5200	1
156866	5195	0
156866	5196	0
156866	5197	0
156866	5198	0
156866	5199	0
156866	5200	1
156867	5195	1
156867	5196	0
156867	5197	0
156867	5198	0
156867	5199	1
156867	5200	0
156937	3663	0
156937	3664	0
156937	3665	0
156937	3666	0
156937	3667	0
156937	3668	0
156960	5195	0
156960	5196	0
156960	5197	1
156960	5198	0
156960	5199	1
156960	5200	1
156961	5195	0
156961	5196	0
156961	5197	0
156961	5198	0
156961	5199	0
156961	5200	1
156962	5195	1
156962	5196	0
156962	5197	0
156962	5198	0
156962	5199	1
156962	5200	0
156963	4348	0
156963	4349	0
156963	4350	0
156963	4351	0
156963	4352	0
156963	4353	1
156964	4348	0
156964	4349	0
156964	4350	0
156964	4351	1
156964	4352	0
156964	4353	2
156983	6911	0
156983	6912	0
156983	6913	2
156983	6914	0
156983	6915	1
156983	6916	0
157005	3194	0
157005	3195	0
157005	3196	0
157005	3197	1
157005	3198	0
157005	3199	0
157006	7125	0
157006	7126	0
157006	7127	0
157006	7128	0
157006	7129	0
157006	7130	0
157007	3194	0
157007	3195	0
157007	3196	0
157007	3197	0
157007	3198	0
157007	3199	0
157008	7125	0
157008	7126	0
157008	7127	0
157008	7128	0
157008	7129	0
157008	7130	0
157072	3205	0
157072	3206	2
157072	3207	0
157072	3208	0
157072	3209	2
157072	3210	0
157073	3205	1
157073	3206	0
157073	3207	0
157073	3208	0
157073	3209	0
157073	3210	0
157074	3205	0
157074	3206	2
157074	3207	0
157074	3208	0
157074	3209	0
157074	3210	0
157105	3205	0
157105	3206	2
157105	3207	0
157105	3208	0
157105	3209	2
157105	3210	0
157106	3205	1
157106	3206	0
157106	3207	0
157106	3208	0
157106	3209	0
157106	3210	0
157107	3205	0
157107	3206	2
157107	3207	0
157107	3208	0
157107	3209	0
157107	3210	0
157171	3605	0
157171	3606	0
157171	3607	0
157171	3608	0
157171	3609	1
157171	3610	0
157172	3605	0
157172	3606	0
157172	3607	0
157172	3608	0
157172	3609	0
157172	3610	0
157173	3605	0
157173	3606	0
157173	3607	0
157173	3608	0
157173	3609	0
157173	3610	0
157182	3663	0
157182	3664	0
157182	3665	0
157182	3666	0
157182	3667	0
157182	3668	0
157185	4898	1
157185	4899	0
157185	4900	0
157185	4901	0
157185	4902	0
157185	4903	0
157186	4898	0
157186	4899	0
157186	4900	0
157186	4901	0
157186	4902	0
157186	4903	0
157187	4288	0
157187	4289	0
157187	4290	0
157187	4291	0
157187	4292	0
157187	4293	0
157188	4288	0
157188	4289	0
157188	4290	0
157188	4291	0
157188	4292	0
157188	4293	0
157189	4288	0
157189	4289	0
157189	4290	0
157189	4291	0
157189	4292	0
157189	4293	0
157302	6726	0
157302	6727	0
157302	6728	0
157302	6729	0
157302	6730	0
157302	6731	0
157306	5046	0
157306	5047	0
157306	5048	0
157306	5049	2
157306	5050	0
157306	5051	1
157307	5046	0
157307	5047	1
157307	5048	1
157307	5049	1
157307	5050	0
157307	5051	0
157308	5046	0
157308	5047	0
157308	5048	0
157308	5049	0
157308	5050	0
157308	5051	0
157309	4140	0
157309	4141	0
157309	4142	1
157309	4143	0
157309	4144	0
157309	4145	0
157316	6702	1
157316	6703	0
157316	6704	0
157316	6705	2
157316	6706	0
157316	6707	0
157340	6011	0
157340	6012	0
157340	6013	0
157340	6014	0
157340	6015	1
157340	6016	0
157343	3599	1
157343	3600	1
157343	3601	1
157343	3602	0
157343	3603	0
157343	3604	0
157372	6017	0
157372	6018	0
157372	6019	0
157372	6020	0
157372	6021	0
157372	6022	0
157381	7450	0
157381	7451	0
157381	7452	0
157381	7453	0
157381	7454	0
157381	7455	0
157409	6702	1
157409	6703	0
157409	6704	0
157409	6705	1
157409	6706	1
157409	6707	1
157410	3599	1
157410	3600	0
157410	3601	0
157410	3602	0
157410	3603	0
157410	3604	1
157411	3545	0
157411	3546	0
157411	3547	0
157411	3548	2
157411	3549	0
157411	3550	0
157427	6017	0
157427	6018	0
157427	6019	1
157427	6020	0
157427	6021	1
157427	6022	0
157473	7450	0
157473	7451	0
157473	7452	0
157473	7453	0
157473	7454	0
157473	7455	0
157503	6726	0
157503	6727	0
157503	6728	0
157503	6729	0
157503	6730	0
157503	6731	0
157504	6726	0
157504	6727	0
157504	6728	0
157504	6729	0
157504	6730	0
157504	6731	0
157506	7492	0
157506	7493	0
157506	7494	0
157506	7495	0
157506	7496	1
157506	7497	0
157507	7492	0
157507	7493	0
157507	7494	0
157507	7495	1
157507	7496	0
157507	7497	0
157519	6702	0
157519	6703	0
157519	6704	0
157519	6705	0
157519	6706	0
157519	6707	0
157533	6011	0
157533	6012	0
157533	6013	0
157533	6014	0
157533	6015	0
157533	6016	0
157537	6017	0
157537	6018	0
157537	6019	0
157537	6020	0
157537	6021	0
157537	6022	0
157546	7450	0
157546	7451	0
157546	7452	0
157546	7453	0
157546	7454	0
157546	7455	1
157559	5403	0
157559	5404	0
157559	5405	0
157559	5406	0
157559	5407	1
157559	5408	0
157560	5403	0
157560	5404	0
157560	5405	0
157560	5406	0
157560	5407	0
157560	5408	0
157561	6011	0
157561	6012	0
157561	6013	0
157561	6014	0
157561	6015	0
157561	6016	0
157566	3599	1
157566	3600	0
157566	3601	0
157566	3602	0
157566	3603	0
157566	3604	0
157650	5273	0
157650	5274	2
157650	5275	0
157650	5276	0
157650	5277	0
157650	5278	0
157652	4670	0
157652	4671	0
157652	4672	0
157652	4673	0
157652	4674	0
157652	4675	1
157655	7084	0
157655	7085	0
157655	7086	0
157655	7087	0
157655	7088	0
157655	7089	0
157656	7131	0
157656	7132	0
157656	7133	0
157656	7134	0
157656	7135	1
157656	7136	0
157657	7078	0
157657	7079	0
157657	7080	0
157657	7081	3
157657	7082	0
157657	7083	1
157658	5907	0
157658	5908	0
157658	5909	0
157658	5910	0
157658	5911	0
157658	5912	0
157659	5273	1
157659	5274	0
157659	5275	2
157659	5276	0
157659	5277	0
157659	5278	0
157661	4670	0
157661	4671	0
157661	4672	0
157661	4673	0
157661	4674	0
157661	4675	0
157662	7078	0
157662	7079	1
157662	7080	0
157662	7081	4
157662	7082	0
157662	7083	1
157663	7131	0
157663	7132	0
157663	7133	0
157663	7134	1
157663	7135	0
157663	7136	0
157664	5907	0
157664	5908	0
157664	5909	1
157664	5910	0
157664	5911	1
157664	5912	0
157673	7084	0
157673	7085	0
157673	7086	0
157673	7087	0
157673	7088	0
157673	7089	0
157674	5273	0
157674	5274	1
157674	5275	0
157674	5276	0
157674	5277	0
157674	5278	1
157676	4670	1
157676	4671	0
157676	4672	1
157676	4673	2
157676	4674	0
157676	4675	1
157679	7084	0
157679	7085	0
157679	7086	0
157679	7087	0
157679	7088	0
157679	7089	1
157680	7078	1
157680	7079	2
157680	7080	0
157680	7081	1
157680	7082	0
157680	7083	0
157681	5907	0
157681	5908	0
157681	5909	1
157681	5910	1
157681	5911	0
157681	5912	0
157705	3461	0
157705	3462	0
157705	3463	0
157705	3464	0
157705	3465	0
157705	3466	0
157706	3461	0
157706	3462	0
157706	3463	0
157706	3464	0
157706	3465	0
157706	3466	0
157707	3461	0
157707	3462	1
157707	3463	0
157707	3464	2
157707	3465	0
157707	3466	0
157716	3361	0
157716	3362	0
157716	3363	0
157716	3364	0
157716	3365	0
157716	3366	0
157718	3361	0
157718	3362	0
157718	3363	0
157718	3364	0
157718	3365	0
157718	3366	1
157719	3361	2
157719	3362	0
157719	3363	0
157719	3364	0
157719	3365	0
157719	3366	0
157730	3545	1
157730	3546	0
157730	3547	0
157730	3548	0
157730	3549	0
157730	3550	0
157737	3325	0
157737	3326	0
157737	3327	0
157737	3328	0
157737	3329	0
157737	3330	0
157738	3325	0
157738	3326	0
157738	3327	0
157738	3328	0
157738	3329	0
157738	3330	0
157739	3325	0
157739	3326	1
157739	3327	0
157739	3328	0
157739	3329	0
157739	3330	0
157740	3083	1
157740	3084	0
157740	3085	0
157740	3086	0
157740	3087	0
157740	3088	0
157741	3083	0
157741	3084	0
157741	3085	0
157741	3086	0
157741	3087	0
157741	3088	0
157742	3083	0
157742	3084	1
157742	3085	0
157742	3086	0
157742	3087	0
157742	3088	0
157743	7345	0
157743	7346	0
157743	7347	0
157743	7348	0
157743	7349	0
157743	7350	0
157744	7345	0
157744	7346	0
157744	7347	0
157744	7348	0
157744	7349	0
157744	7350	0
157745	7345	0
157745	7346	1
157745	7347	0
157745	7348	0
157745	7349	0
157745	7350	0
157748	3147	0
157748	3148	0
157748	3149	1
157748	3150	0
157748	3151	0
157750	3147	0
157750	3148	0
157750	3149	0
157750	3150	0
157750	3151	0
157752	3147	0
157752	3148	0
157752	3149	0
157752	3150	0
157752	3151	0
157892	6017	0
157892	6018	0
157892	6019	0
157892	6020	0
157892	6021	0
157892	6022	0
157893	6017	0
157893	6018	0
157893	6019	1
157893	6020	0
157893	6021	1
157893	6022	0
157894	6017	0
157894	6018	0
157894	6019	0
157894	6020	0
157894	6021	0
157894	6022	0
157901	6726	0
157901	6727	0
157901	6728	0
157901	6729	0
157901	6730	0
157901	6731	0
157902	6726	0
157902	6727	0
157902	6728	0
157902	6729	0
157902	6730	0
157902	6731	0
157903	6726	0
157903	6727	0
157903	6728	0
157903	6729	0
157903	6730	0
157903	6731	0
158646	3461	0
158646	3462	0
158646	3463	0
158646	3464	0
158646	3465	0
158646	3466	0
158647	3461	0
158647	3462	0
158647	3463	0
158647	3464	0
158647	3465	0
158647	3466	0
158648	3461	0
158648	3462	1
158648	3463	0
158648	3464	2
158648	3465	0
158648	3466	0
159237	7183	0
159237	7184	0
159237	7185	0
159237	7186	1
159237	7187	0
159237	7188	0
159259	4012	0
159259	4013	1
159259	4014	1
159259	4015	0
159259	4016	0
159408	7183	1
159408	7184	0
159408	7185	0
159408	7186	0
159408	7187	0
159408	7188	0
159412	4012	1
159412	4013	0
159412	4014	0
159412	4015	0
159412	4016	0
159476	7183	0
159476	7184	0
159476	7185	0
159476	7186	0
159476	7187	0
159476	7188	0
159560	4012	0
159560	4013	0
159560	4014	0
159560	4015	0
159560	4016	0
159681	4330	0
159681	4331	0
159681	4332	0
159681	4333	0
159681	4334	2
159681	4335	0
159682	5421	0
159682	5422	0
159682	5423	1
159682	5424	2
159682	5425	0
159682	5426	0
159683	4330	0
159683	4331	0
159683	4332	0
159683	4333	0
159683	4334	0
159683	4335	0
159819	6448	0
159819	6449	0
159819	6450	0
159819	6451	0
159819	6452	0
159819	6453	1
159820	6448	0
159820	6449	0
159820	6450	0
159820	6451	0
159820	6452	1
159820	6453	0
159840	5529	0
159840	5530	0
159840	5531	0
159840	5532	0
159840	5533	0
159840	5534	0
159855	4604	0
159855	4605	0
159855	4606	1
159855	4607	1
159855	4608	0
159855	4609	0
159856	4604	0
159856	4605	0
159856	4606	1
159856	4607	1
159856	4608	0
159856	4609	1
159858	4205	0
159858	4206	0
159858	4207	0
159858	4208	0
159858	4209	0
159858	4210	0
159859	4205	0
159859	4206	0
159859	4207	0
159859	4208	0
159859	4209	0
159859	4210	0
159860	4205	0
159860	4206	0
159860	4207	0
159860	4208	0
159860	4209	1
159860	4210	0
160143	4450	0
160143	4451	1
160143	4452	2
160143	4453	0
160143	4454	0
160143	4455	0
160148	3663	0
160148	3664	0
160148	3665	0
160148	3666	0
160148	3667	0
160148	3668	0
160149	3433	1
160149	3434	0
160149	3435	1
160149	3436	0
160153	6654	0
160153	6655	0
160153	6656	0
160153	6657	0
160153	6658	0
160153	6659	0
160183	6588	0
160183	6589	0
160183	6590	0
160183	6591	0
160183	6592	0
160183	6593	0
160194	3605	0
160194	3606	0
160194	3607	0
160194	3608	0
160194	3609	0
160194	3610	0
160195	3605	0
160195	3606	0
160195	3607	0
160195	3608	0
160195	3609	1
160195	3610	0
160200	3605	0
160200	3606	0
160200	3607	0
160200	3608	0
160200	3609	1
160200	3610	0
160201	7648	0
160201	7649	0
160201	7650	0
160201	7651	0
160201	7652	0
160201	7653	1
160207	4384	0
160207	4385	0
160207	4386	0
160207	4387	0
160207	4388	0
160207	4389	1
160208	3663	1
160208	3664	0
160208	3665	0
160208	3666	0
160208	3667	0
160208	3668	0
160254	2898	0
160254	2899	2
160254	2900	0
160254	2901	0
160254	2902	0
160254	2903	1
160255	6911	0
160255	6912	0
160255	6913	0
160255	6914	1
160255	6915	0
160255	6916	0
160258	5697	0
160258	5698	0
160258	5699	0
160258	5700	0
160258	5701	0
160258	5702	0
160261	5697	0
160261	5698	0
160261	5699	0
160261	5700	0
160261	5701	1
160261	5702	0
160268	6298	0
160268	6299	0
160268	6300	0
160268	6301	0
160268	6302	0
160268	6303	1
160276	6654	0
160276	6655	0
160276	6656	0
160276	6657	0
160276	6658	0
160276	6659	1
160287	4384	0
160287	4385	0
160287	4386	1
160287	4387	0
160287	4388	0
160287	4389	0
160291	6911	0
160291	6912	0
160291	6913	0
160291	6914	1
160291	6915	1
160291	6916	0
160299	4450	1
160299	4451	1
160299	4452	0
160299	4453	0
160299	4454	0
160299	4455	0
160318	3433	0
160318	3434	0
160318	3435	0
160318	3436	0
160320	5046	0
160320	5047	0
160320	5048	0
160320	5049	0
160320	5050	0
160320	5051	1
160321	5046	0
160321	5047	0
160321	5048	0
160321	5049	0
160321	5050	0
160321	5051	0
160322	6298	1
160322	6299	0
160322	6300	0
160322	6301	0
160322	6302	0
160322	6303	0
160343	3663	0
160343	3664	0
160343	3665	0
160343	3666	0
160343	3667	0
160343	3668	0
160348	7072	0
160348	7073	0
160348	7074	0
160348	7075	0
160348	7076	0
160348	7077	0
160349	7072	0
160349	7073	0
160349	7074	0
160349	7075	0
160349	7076	0
160349	7077	0
160350	7072	0
160350	7073	0
160350	7074	0
160350	7075	0
160350	7076	1
160350	7077	0
160361	4384	0
160361	4385	0
160361	4386	0
160361	4387	1
160361	4388	0
160361	4389	0
160363	4348	0
160363	4349	0
160363	4350	0
160363	4351	0
160363	4352	0
160363	4353	0
160364	4348	0
160364	4349	0
160364	4350	0
160364	4351	0
160364	4352	1
160364	4353	0
160368	6654	0
160368	6655	0
160368	6656	0
160368	6657	0
160368	6658	0
160368	6659	0
160369	4450	0
160369	4451	0
160369	4452	1
160369	4453	0
160369	4454	0
160369	4455	0
160371	4348	0
160371	4349	0
160371	4350	0
160371	4351	0
160371	4352	0
160371	4353	0
160381	7648	0
160381	7649	1
160381	7650	0
160381	7651	0
160381	7652	0
160381	7653	0
160387	5697	1
160387	5698	0
160387	5699	0
160387	5700	0
160387	5701	0
160387	5702	0
160400	6298	0
160400	6299	0
160400	6300	0
160400	6301	0
160400	6302	0
160400	6303	0
160401	5046	1
160401	5047	0
160401	5048	0
160401	5049	0
160401	5050	0
160401	5051	0
160427	2724	0
160427	2725	0
160427	2726	0
160427	2727	0
160427	2728	0
160427	2729	1
160430	2724	0
160430	2725	0
160430	2726	0
160430	2727	1
160430	2728	0
160430	2729	0
160431	2724	0
160431	2725	0
160431	2726	0
160431	2727	0
160431	2728	0
160431	2729	1
160432	7648	0
160432	7649	0
160432	7650	0
160432	7651	0
160432	7652	0
160432	7653	0
160435	6588	0
160435	6589	0
160435	6590	0
160435	6591	0
160435	6592	0
160435	6593	0
160453	2898	0
160453	2899	0
160453	2900	0
160453	2901	0
160453	2902	0
160453	2903	0
160455	2898	0
160455	2899	0
160455	2900	7
160455	2901	0
160455	2902	0
160455	2903	0
160500	6911	0
160500	6912	0
160500	6913	0
160500	6914	0
160500	6915	0
160500	6916	0
160514	5529	0
160514	5530	0
160514	5531	0
160514	5532	0
160514	5533	1
160514	5534	0
160515	2652	0
160515	2653	0
160515	2654	0
160515	2655	0
160515	2656	0
160515	2657	0
160516	6466	0
160516	6467	0
160516	6468	1
160516	6469	0
160516	6470	0
160516	6471	0
160517	5529	0
160517	5530	0
160517	5531	0
160517	5532	0
160517	5533	0
160517	5534	1
160518	2652	0
160518	2653	0
160518	2654	0
160518	2655	0
160518	2656	0
160518	2657	0
160519	6466	0
160519	6467	0
160519	6468	0
160519	6469	0
160519	6470	0
160519	6471	0
160520	5529	0
160520	5530	0
160520	5531	0
160520	5532	0
160520	5533	1
160520	5534	0
160521	2652	0
160521	2653	0
160521	2654	0
160521	2655	0
160521	2656	0
160521	2657	1
160522	6466	0
160522	6467	0
160522	6468	2
160522	6469	0
160522	6470	0
160522	6471	0
160524	6588	0
160524	6589	0
160524	6590	0
160524	6591	0
160524	6592	0
160524	6593	0
160578	3433	0
160578	3434	0
160578	3435	0
160578	3436	0
160585	7108	0
160585	7109	0
160585	7110	0
160585	7111	0
160585	7112	0
160585	7113	0
160586	7108	1
160586	7109	0
160586	7110	0
160586	7111	0
160586	7112	0
160586	7113	0
160587	7108	0
160587	7109	0
160587	7110	0
160587	7111	0
160587	7112	0
160587	7113	0
160591	5195	0
160591	5196	0
160591	5197	0
160591	5198	0
160591	5199	0
160591	5200	0
160592	5195	0
160592	5196	0
160592	5197	1
160592	5198	0
160592	5200	1
160593	5195	0
160593	5196	0
160593	5197	0
160593	5198	0
160593	5199	0
160593	5200	0
160598	7125	2
160598	7126	0
160598	7127	0
160598	7128	0
160598	7129	0
160598	7130	0
160599	3194	0
160599	3195	0
160599	3196	0
160599	3197	0
160599	3198	0
160599	3199	0
160600	7125	0
160600	7126	0
160600	7127	2
160600	7128	1
160600	7129	0
160600	7130	0
160601	3194	0
160601	3195	0
160601	3196	0
160601	3197	1
160601	3198	0
160601	3199	0
160602	7125	0
160602	7126	0
160602	7127	0
160602	7128	1
160602	7129	0
160602	7130	0
160603	3194	0
160603	3195	0
160603	3196	0
160603	3197	0
160603	3198	0
160603	3199	0
160813	4288	0
160813	4289	0
160813	4290	0
160813	4291	0
160813	4292	0
160813	4293	0
160814	4288	0
160814	4289	1
160814	4290	0
160814	4291	0
160814	4292	0
160814	4293	0
160815	4288	0
160815	4289	0
160815	4290	0
160815	4291	0
160815	4292	0
160815	4293	0
160816	4898	1
160816	4899	0
160816	4900	0
160816	4901	0
160816	4902	0
160816	4903	0
160817	4898	0
160817	4899	0
160817	4900	0
160817	4901	0
160817	4902	0
160817	4903	0
160818	4898	1
160818	4899	0
160818	4900	0
160818	4901	0
160818	4902	0
160818	4903	0
160872	3599	0
160872	3600	0
160872	3601	0
160872	3602	0
160872	3603	0
160872	3604	0
160879	3188	0
160879	3189	0
160879	3190	0
160879	3191	0
160879	3192	1
160879	3193	0
160880	3188	0
160880	3189	0
160880	3190	0
160880	3191	1
160880	3192	2
160880	3193	1
160881	3188	0
160881	3189	0
160881	3190	0
160881	3191	2
160881	3192	0
160881	3193	1
160943	7450	0
160943	7451	0
160943	7452	0
160943	7453	0
160943	7454	0
160943	7455	0
160949	5403	0
160949	5404	2
160949	5405	0
160949	5406	0
160949	5407	2
160949	5408	0
160950	6911	0
160950	6912	0
160950	6913	0
160950	6914	1
160950	6915	2
160950	6916	0
160951	5403	0
160951	5404	1
160951	5405	0
160951	5406	0
160951	5407	2
160951	5408	1
160955	5219	0
160955	5220	0
160955	5221	0
160955	5222	0
160955	5223	0
160955	5224	1
160957	6166	0
160957	6167	0
160957	6168	0
160957	6169	0
160957	6170	2
160957	6171	0
160970	5565	0
160970	5566	0
160970	5567	0
160970	5568	0
160970	5569	0
160970	5570	0
160972	5565	0
160972	5566	0
160972	5567	0
160972	5568	0
160972	5569	0
160972	5570	0
160988	5403	0
160988	5404	0
160988	5405	0
160988	5406	0
160988	5407	1
160988	5408	0
161007	6702	1
161007	6703	0
161007	6704	1
161007	6705	2
161007	6706	0
161007	6707	1
161008	6702	0
161008	6703	0
161008	6704	1
161008	6705	1
161008	6706	2
161008	6707	1
161011	4140	1
161011	4141	0
161011	4142	1
161011	4143	0
161011	4144	0
161011	4145	0
161012	4140	0
161012	4141	0
161012	4142	0
161012	4143	0
161012	4144	0
161012	4145	0
161014	7450	0
161014	7451	0
161014	7452	0
161014	7453	0
161014	7454	0
161014	7455	0
161035	5219	0
161035	5220	0
161035	5221	0
161035	5222	0
161035	5223	0
161035	5224	0
161036	6166	0
161036	6167	0
161036	6168	0
161036	6169	0
161036	6170	1
161036	6171	0
161047	5565	0
161047	5566	0
161047	5567	0
161047	5568	0
161047	5569	0
161047	5570	0
161053	5403	0
161053	5404	1
161053	5405	0
161053	5406	0
161053	5407	1
161053	5408	0
161111	7450	0
161111	7451	0
161111	7452	0
161111	7453	0
161111	7454	0
161111	7455	0
161121	3599	0
161121	3600	0
161121	3601	0
161121	3602	0
161121	3603	0
161121	3604	0
161130	6702	1
161130	6703	0
161130	6704	0
161130	6705	0
161130	6706	1
161130	6707	0
161131	4140	0
161131	4141	0
161131	4142	0
161131	4143	0
161131	4144	0
161131	4145	0
161152	6726	0
161152	6727	0
161152	6728	1
161152	6729	0
161152	6730	0
161152	6731	0
161153	6726	0
161153	6727	0
161153	6728	0
161153	6729	0
161153	6730	0
161153	6731	0
161154	6726	0
161154	6727	0
161154	6728	0
161154	6729	0
161154	6730	0
161154	6731	0
161161	5219	0
161161	5220	0
161161	5221	0
161161	5222	0
161161	5223	0
161161	5224	1
161162	6166	0
161162	6167	0
161162	6168	0
161162	6169	0
161162	6170	0
161162	6171	0
161182	3545	0
161182	3546	0
161182	3547	0
161182	3548	0
161182	3549	0
161182	3550	0
161183	3545	0
161183	3546	1
161183	3547	0
161183	3548	0
161183	3549	0
161183	3550	0
161184	3545	2
161184	3546	0
161184	3547	0
161184	3548	0
161184	3549	0
161184	3550	0
161262	7492	0
161262	7493	0
161262	7494	0
161262	7495	0
161262	7496	0
161262	7497	0
161263	7492	0
161263	7493	0
161263	7494	0
161263	7495	1
161263	7496	1
161263	7497	0
161264	7492	0
161264	7493	0
161264	7494	0
161264	7495	0
161264	7496	0
161264	7497	0
161350	6011	0
161350	6012	0
161350	6013	0
161350	6014	0
161350	6015	0
161350	6016	0
161351	6011	0
161351	6012	0
161351	6013	0
161351	6014	0
161351	6015	0
161351	6016	0
161588	7155	0
161588	7156	0
161588	7157	0
161588	7158	0
161588	7159	0
161588	7160	0
161589	7155	0
161589	7156	0
161589	7157	0
161589	7158	1
161589	7159	0
161589	7160	0
161590	7155	0
161590	7156	0
161590	7157	0
161590	7158	0
161590	7159	0
161590	7160	0
161740	3663	0
161740	3664	0
161740	3665	0
161740	3666	0
161740	3667	0
161740	3668	1
161741	7357	0
161741	7358	0
161741	7359	0
161741	7360	0
161741	7361	0
161741	7362	1
161742	5607	0
161742	5608	0
161742	5609	1
161742	5610	0
161742	5611	1
161742	5612	1
161915	4492	0
161915	4493	0
161915	4494	0
161915	4495	0
161915	4496	1
161915	4497	0
161929	3533	0
161929	3534	0
161929	3535	0
161929	3536	0
161929	3537	0
161929	3538	0
