ObservationID	SubLocationID	Count
146049	5724	0
146049	5725	0
146049	5726	0
146049	5727	0
146049	5728	0
146049	5729	0
146050	5724	0
146050	5725	0
146050	5726	0
146050	5727	0
146050	5728	0
146050	5729	0
146060	6875	2
146060	6876	0
146060	6877	0
146060	6878	1
146060	6879	0
146060	6880	1
146061	6875	1
146061	6876	0
146061	6877	0
146061	6878	0
146061	6879	0
146061	6880	0
146164	4040	0
146164	4041	0
146164	4042	0
146164	4043	0
146164	4044	0
146164	4045	0
146207	6761	0
146207	6762	0
146207	6763	0
146207	6764	0
146207	6765	0
146207	6766	0
146209	5784	0
146209	5785	0
146209	5786	0
146209	5787	0
146209	5788	0
146209	5789	1
146210	5784	0
146210	5785	0
146210	5786	0
146210	5787	2
146210	5788	0
146210	5789	0
146221	5022	0
146221	5023	0
146221	5024	2
146221	5025	0
146221	5026	0
146221	5027	0
146231	4671	0
146231	4672	0
146231	4673	0
146231	4674	1
146231	4675	1
146231	4676	0
146232	4671	0
146232	4672	0
146232	4673	0
146232	4674	0
146232	4675	0
146232	4676	1
146246	3246	0
146246	3247	0
146246	3248	0
146246	3249	0
146246	3250	0
146246	3251	0
146247	3246	0
146247	3247	0
146247	3248	0
146247	3249	0
146247	3250	0
146247	3251	0
146258	5022	0
146258	5023	0
146258	5024	0
146258	5025	0
146258	5026	0
146258	5027	0
146266	5375	0
146266	5376	0
146266	5377	0
146266	5378	0
146266	5379	0
146266	5380	0
146268	5375	0
146268	5376	0
146268	5377	0
146268	5378	0
146268	5379	1
146268	5380	0
146278	4764	0
146278	4765	0
146278	4766	0
146278	4767	0
146278	4768	0
146278	4769	0
146279	4764	0
146279	4765	0
146279	4766	0
146279	4767	0
146279	4768	0
146279	4769	1
146304	6605	0
146304	6606	0
146304	6607	0
146304	6608	0
146304	6609	1
146304	6610	0
146305	6605	0
146305	6606	0
146305	6607	0
146305	6608	0
146305	6609	1
146305	6610	0
146321	5243	0
146321	5244	0
146321	5245	0
146321	5246	0
146321	5247	0
146321	5248	0
146331	5724	0
146331	5725	0
146331	5726	0
146331	5727	0
146331	5728	0
146331	5729	0
146349	4040	0
146349	4041	0
146349	4042	1
146349	4043	0
146349	4044	1
146349	4045	0
146375	5243	0
146375	5244	1
146375	5245	0
146375	5246	0
146375	5247	0
146375	5248	0
146383	5303	1
146383	5304	0
146383	5305	0
146383	5306	0
146383	5307	0
146383	5308	0
146384	5303	0
146384	5304	0
146384	5305	0
146384	5306	0
146384	5307	0
146384	5308	0
146396	4860	0
146396	4861	0
146396	4862	0
146396	4863	0
146396	4864	0
146396	4865	0
146397	4860	0
146397	4861	0
146397	4862	0
146397	4863	0
146397	4864	0
146397	4865	0
146425	6042	0
146425	6043	0
146425	6044	0
146425	6045	0
146425	6046	0
146425	6047	0
146426	6042	0
146426	6043	0
146426	6044	0
146426	6045	0
146426	6046	0
146426	6047	0
146452	3129	0
146452	3130	0
146452	3131	0
146452	3132	0
146452	3133	1
146452	3134	2
146467	5453	0
146467	5454	0
146467	5455	0
146467	5456	1
146467	5457	0
146467	5458	0
146468	5453	0
146468	5454	0
146468	5455	0
146468	5456	0
146468	5457	0
146468	5458	1
146542	5052	0
146542	5053	0
146542	5054	0
146542	5055	0
146542	5056	0
146542	5057	0
146544	5052	1
146544	5053	0
146544	5054	0
146544	5055	0
146544	5056	0
146544	5057	0
146624	4705	0
146624	4706	0
146624	4707	0
146624	4708	1
146624	4709	0
146624	4710	0
146625	4705	0
146625	4706	0
146625	4707	0
146625	4708	0
146625	4709	0
146625	4710	0
146653	2714	1
146653	2715	0
146653	2716	0
146653	2717	1
146653	2718	0
146653	2719	0
146654	2714	1
146654	2715	1
146654	2716	0
146654	2717	0
146654	2718	0
146654	2719	0
146671	3210	0
146671	3211	1
146671	3212	1
146671	3213	1
146671	3214	0
146671	3215	0
146673	3210	0
146673	3211	1
146673	3212	2
146673	3213	1
146673	3214	0
146673	3215	0
146708	5790	0
146708	5791	0
146708	5792	0
146708	5793	0
146708	5794	1
146708	5795	0
146709	7598	0
146709	7599	0
146709	7600	0
146709	7601	0
146709	7602	0
146709	7603	0
146716	4908	0
146716	4909	0
146716	4910	0
146716	4911	0
146716	4912	1
146716	4913	0
146717	4414	1
146717	4415	0
146717	4416	0
146717	4417	0
146717	4418	0
146717	4419	0
146718	3105	0
146718	3106	0
146718	3107	0
146718	3108	0
146718	3109	0
146718	3110	0
146720	4908	0
146720	4909	0
146720	4910	0
146720	4911	0
146720	4912	1
146720	4913	0
146727	3621	1
146727	3622	1
146727	3623	1
146727	3624	0
146727	3625	1
146727	3626	0
146728	3621	2
146728	3622	1
146728	3623	1
146728	3624	0
146728	3625	0
146728	3626	1
146760	6839	0
146760	6840	0
146760	6841	1
146760	6842	0
146760	6843	0
146760	6844	0
146761	6839	0
146761	6840	0
146761	6841	1
146761	6842	2
146761	6843	1
146761	6844	0
146773	5411	0
146773	5412	0
146773	5413	0
146773	5414	1
146773	5415	0
146773	5416	0
146774	5411	0
146774	5412	1
146774	5413	0
146774	5414	1
146774	5415	0
146774	5416	0
146785	5790	0
146785	5791	0
146785	5792	0
146785	5793	0
146785	5794	1
146785	5795	1
146804	4414	0
146804	4415	0
146804	4416	0
146804	4417	0
146804	4418	0
146804	4419	0
146808	7598	1
146808	7599	0
146808	7600	0
146808	7601	0
146808	7602	1
146808	7603	0
146822	3105	0
146822	3106	0
146822	3107	0
146822	3108	0
146822	3109	1
146822	3110	0
146824	7454	1
146824	7455	0
146824	7456	1
146824	7457	0
146824	7458	0
146824	7459	0
146834	2761	0
146834	2762	0
146834	2763	0
146834	2764	0
146834	2765	0
146834	2766	0
146835	2761	0
146835	2762	0
146835	2763	0
146835	2764	0
146835	2765	0
146835	2766	0
146844	3903	1
146844	3904	0
146844	3905	0
146844	3906	0
146844	3907	0
146844	3908	0
146870	4818	0
146870	4819	0
146870	4820	0
146870	4821	0
146870	4822	1
146870	4823	0
147015	5058	0
147015	5059	0
147015	5060	0
147015	5061	0
147015	5062	0
147015	5063	0
147017	5058	0
147017	5059	0
147017	5060	0
147017	5061	0
147017	5062	0
147017	5063	0
147046	5058	1
147046	5059	0
147046	5060	0
147046	5061	0
147046	5062	0
147046	5063	0
147047	5058	2
147047	5059	1
147047	5060	0
147047	5061	0
147047	5062	0
147047	5063	0
147081	6443	0
147081	6444	0
147081	6445	0
147081	6446	0
147081	6447	0
147081	6448	0
147090	5471	0
147090	5472	1
147090	5473	2
147090	5474	0
147090	5475	0
147090	5476	0
147124	6036	1
147124	6037	1
147124	6038	0
147124	6039	2
147124	6040	0
147124	6041	1
147127	3045	0
147127	3046	1
147127	3047	1
147127	3048	0
147127	3049	0
147127	3050	0
147128	4432	0
147128	4433	1
147128	4434	0
147128	4435	0
147128	4436	0
147128	4437	0
147131	4980	0
147131	4981	1
147131	4982	0
147131	4983	0
147131	4984	1
147131	4985	0
147132	7019	0
147132	7020	0
147132	7021	0
147132	7022	1
147132	7023	0
147132	7024	0
147213	4163	1
147213	4164	0
147213	4165	0
147213	4166	0
147213	4167	0
147213	4168	1
147219	7257	0
147219	7258	0
147219	7259	0
147219	7260	1
147219	7261	0
147219	7262	0
147221	6767	0
147221	6768	0
147221	6769	0
147221	6770	0
147221	6771	0
147221	6772	0
147228	5471	0
147228	5472	2
147228	5473	0
147228	5474	0
147228	5475	0
147228	5476	0
147231	3411	0
147231	3412	0
147231	3413	0
147231	3414	2
147231	3415	0
147231	3416	0
147232	3411	0
147232	3412	0
147232	3413	2
147232	3414	1
147232	3415	1
147232	3416	1
147240	7383	0
147240	7384	0
147240	7385	1
147240	7386	0
147240	7387	0
147240	7388	0
147241	7520	0
147241	7521	0
147241	7522	1
147241	7523	0
147241	7524	1
147241	7525	0
147244	4872	0
147244	4873	0
147244	4874	0
147244	4875	0
147244	4876	0
147244	4877	0
147264	4872	0
147264	4873	0
147264	4874	1
147264	4875	1
147264	4876	0
147264	4877	1
147266	2606	0
147266	2607	0
147266	2608	0
147266	2609	1
147266	2610	0
147266	2611	0
147267	2606	0
147267	2607	0
147267	2608	1
147267	2609	1
147267	2610	0
147267	2611	0
147325	7019	0
147325	7020	0
147325	7021	0
147325	7022	0
147325	7023	0
147325	7024	0
147326	4980	1
147326	4981	1
147326	4982	0
147326	4983	0
147326	4984	0
147326	4985	1
147349	6336	0
147349	6337	2
147349	6338	0
147349	6339	0
147349	6340	0
147349	6341	0
147350	6336	0
147350	6337	0
147350	6338	0
147350	6339	0
147350	6340	0
147350	6341	0
147362	4432	0
147362	4433	1
147362	4434	1
147362	4435	0
147362	4436	0
147362	4437	0
147365	6360	0
147365	6361	0
147365	6362	0
147365	6363	0
147365	6364	0
147365	6365	0
147368	6767	0
147368	6768	1
147368	6769	0
147368	6770	0
147368	6771	0
147368	6772	0
147370	3045	1
147370	3046	0
147370	3047	0
147370	3048	1
147370	3049	0
147370	3050	0
147375	6443	0
147375	6444	1
147375	6445	0
147375	6446	0
147375	6447	0
147375	6448	0
147383	4104	0
147383	4105	0
147383	4106	0
147383	4107	0
147383	4108	0
147383	4109	0
147384	4104	0
147384	4105	0
147384	4106	0
147384	4107	1
147384	4108	0
147384	4109	0
147415	6360	0
147415	6361	0
147415	6362	0
147415	6363	0
147415	6364	0
147415	6365	0
147419	4297	0
147419	4298	0
147419	4299	0
147419	4300	1
147419	4301	0
147419	4302	0
147420	4297	0
147420	4298	0
147420	4299	0
147420	4300	0
147420	4301	0
147420	4302	0
147445	4163	0
147445	4164	0
147445	4165	0
147445	4166	0
147445	4167	0
147445	4168	0
147518	6036	0
147518	6037	0
147518	6038	1
147518	6039	1
147518	6040	0
147518	6041	0
147529	7257	0
147529	7258	0
147529	7259	0
147529	7260	0
147529	7261	0
147529	7262	0
147896	5934	0
147896	5935	0
147896	5936	0
147896	5937	0
147896	5938	0
147896	5939	1
147897	5934	0
147897	5935	0
147897	5936	0
147897	5937	0
147897	5938	0
147897	5939	0
148054	4456	0
148054	4457	0
148054	4458	1
148054	4459	0
148054	4460	1
148054	4461	0
148055	4456	0
148055	4457	0
148055	4458	0
148055	4459	0
148055	4460	1
148055	4461	0
148185	5982	0
148185	5983	0
148185	5984	1
148185	5985	0
148185	5986	1
148185	5987	0
148194	5982	0
148194	5983	0
148194	5984	0
148194	5985	0
148194	5986	0
148194	5987	0
148338	3968	1
148338	3969	0
148338	3970	0
148338	3971	0
148338	3972	1
148338	3973	1
148339	3968	0
148339	3969	0
148339	3970	0
148339	3971	1
148339	3972	0
148339	3973	1
148362	5632	1
148362	5633	0
148362	5634	0
148362	5635	0
148362	5636	0
148362	5637	0
148363	5632	1
148363	5633	0
148363	5634	0
148363	5635	0
148363	5636	0
148363	5637	0
148398	6318	0
148398	6319	0
148398	6320	0
148398	6321	0
148398	6322	0
148398	6323	0
148399	6318	0
148399	6319	0
148399	6320	0
148399	6321	0
148399	6322	2
148399	6323	0
148401	6222	0
148401	6223	2
148401	6224	0
148401	6225	1
148401	6226	0
148401	6227	0
148402	6222	0
148402	6223	1
148402	6224	0
148402	6225	0
148402	6226	0
148402	6227	0
148410	3198	0
148410	3199	0
148410	3200	0
148410	3201	0
148410	3202	1
148410	3203	1
148411	3198	0
148411	3199	0
148411	3200	0
148411	3201	0
148411	3202	0
148411	3203	0
148420	7466	0
148420	7467	1
148420	7468	1
148420	7469	1
148420	7470	1
148420	7471	1
148421	7466	1
148421	7467	0
148421	7468	0
148421	7469	0
148421	7470	0
148421	7471	1
148423	2600	0
148423	2601	0
148423	2602	0
148423	2603	2
148423	2604	0
148423	2605	0
148424	2600	0
148424	2601	0
148424	2602	0
148424	2603	1
148424	2604	0
148424	2605	0
148434	6054	0
148434	6055	1
148434	6056	1
148434	6057	1
148434	6058	0
148434	6059	0
148435	6054	0
148435	6055	0
148435	6056	0
148435	6057	0
148435	6058	2
148435	6059	0
148489	5736	0
148489	5737	0
148489	5738	0
148489	5739	0
148489	5740	0
148489	5741	1
148490	5736	0
148490	5737	0
148490	5738	0
148490	5739	0
148490	5740	1
148490	5741	0
148500	5742	0
148500	5743	2
148500	5744	0
148500	5745	0
148500	5746	0
148500	5747	0
148506	5826	0
148506	5827	0
148506	5828	1
148506	5829	0
148506	5830	0
148506	5831	0
148507	5826	1
148507	5827	0
148507	5828	0
148507	5829	0
148507	5830	0
148507	5831	0
148509	2907	0
148509	2908	0
148509	2909	0
148509	2910	0
148509	2911	0
148509	2912	1
148512	2907	0
148512	2908	0
148512	2909	0
148512	2910	1
148512	2911	0
148512	2912	1
148514	2767	0
148514	2768	0
148514	2769	0
148514	2770	0
148514	2771	0
148514	2772	0
148517	2767	0
148517	2768	0
148517	2769	1
148517	2770	0
148517	2771	0
148517	2772	0
148532	3447	0
148532	3448	0
148532	3449	2
148532	3450	0
148532	3451	2
148532	3452	0
148533	3447	0
148533	3448	0
148533	3449	2
148533	3450	1
148533	3451	1
148533	3452	0
148555	3729	0
148555	3730	1
148555	3731	0
148555	3732	1
148555	3733	0
148555	3734	0
148556	3729	1
148556	3730	0
148556	3731	0
148556	3732	1
148556	3733	0
148556	3734	0
148621	4746	0
148621	4747	0
148621	4748	0
148621	4749	0
148621	4750	0
148621	4751	0
148622	2630	0
148622	2631	0
148622	2632	0
148622	2633	0
148622	2634	0
148622	2635	0
148625	4746	0
148625	4747	0
148625	4748	0
148625	4749	0
148625	4750	0
148625	4751	0
148626	2630	0
148626	2631	0
148626	2632	0
148626	2633	0
148626	2634	0
148626	2635	0
148630	4539	0
148630	4542	1
148630	4544	0
148631	4539	0
148631	4540	0
148631	4542	0
148631	4544	0
148641	4539	0
148641	4542	1
148641	4544	0
148642	4539	0
148642	4540	0
148642	4542	0
148642	4544	0
148677	4980	0
148677	4981	1
148677	4982	0
148677	4983	0
148677	4984	1
148677	4985	0
148678	7019	0
148678	7020	0
148678	7021	0
148678	7022	1
148678	7023	0
148678	7024	0
148682	7019	0
148682	7020	0
148682	7021	0
148682	7022	0
148682	7023	0
148682	7024	0
148683	4980	1
148683	4981	1
148683	4982	0
148683	4983	0
148683	4984	0
148683	4985	1
148696	3210	0
148696	3211	1
148696	3212	2
148696	3213	1
148696	3214	0
148696	3215	0
148697	3210	0
148697	3211	1
148697	3212	1
148697	3213	1
148697	3214	0
148697	3215	0
148759	2901	0
148759	2902	0
148759	2903	0
148759	2904	0
148759	2905	0
148759	2906	0
148760	2901	0
148760	2902	0
148760	2903	0
148760	2904	1
148760	2905	0
148760	2906	0
148782	2901	0
148782	2902	0
148782	2903	0
148782	2904	0
148782	2905	0
148782	2906	0
149234	5742	0
149234	5743	0
149234	5744	0
149234	5745	1
149234	5746	0
149234	5747	0
150016	4920	0
150016	4921	0
150016	4922	1
150016	4923	0
150016	4924	0
150016	4925	0
150017	4920	0
150017	4921	0
150017	4922	1
150017	4923	0
150017	4924	0
150017	4925	0
150163	4309	0
150163	4310	0
150163	4311	0
150163	4312	0
150163	4313	1
150163	4314	1
150422	6719	0
150422	6720	0
150422	6721	0
150422	6722	0
150422	6723	0
150422	6724	0
150437	4350	1
150437	4351	0
150437	4352	0
150437	4353	0
150437	4354	0
150437	4355	0
150470	4350	1
150470	4351	1
150470	4352	1
150470	4353	0
150470	4354	0
150470	4355	0
150495	6719	1
150495	6720	0
150495	6721	0
150495	6722	0
150495	6723	0
150495	6724	0
150546	5934	0
150546	5935	0
150546	5936	0
150546	5937	0
150546	5938	0
150546	5939	1
150559	5934	0
150559	5935	0
150559	5936	0
150559	5937	0
150559	5938	0
150559	5939	0
150995	6408	0
150995	6409	0
150995	6410	0
150995	6411	2
150995	6412	0
150995	6413	0
151012	6408	1
151012	6409	0
151012	6410	1
151012	6411	1
151012	6412	0
151012	6413	0
151114	6719	1
151114	6720	0
151114	6721	0
151114	6722	0
151114	6723	0
151114	6724	0
151117	4350	1
151117	4351	1
151117	4352	1
151117	4353	0
151117	4354	0
151117	4355	0
151132	4350	1
151132	4351	0
151132	4352	0
151132	4353	0
151132	4354	0
151132	4355	0
151143	6719	0
151143	6720	0
151143	6721	0
151143	6722	0
151143	6723	0
151143	6724	0
152080	5850	0
152080	5851	0
152080	5852	0
152080	5853	1
152080	5854	0
152080	5855	2
152088	7664	0
152088	7665	0
152088	7666	0
152088	7667	0
152088	7668	0
152088	7669	0
152100	6965	0
152100	6966	0
152100	6967	0
152100	6968	0
152100	6969	0
152100	6970	0
152138	3135	0
152138	3136	0
152138	3137	0
152138	3138	0
152138	3139	0
152138	3140	0
152234	7341	0
152234	7342	0
152234	7343	0
152234	7344	0
152234	7345	0
152234	7346	0
152235	3531	1
152235	3532	0
152235	3533	0
152235	3534	0
152235	3535	2
152235	3536	0
152236	3531	0
152236	3532	0
152236	3533	0
152236	3534	0
152236	3535	2
152236	3536	0
152237	7341	0
152237	7342	1
152237	7343	0
152237	7344	0
152237	7345	0
152237	7346	0
152250	6072	0
152250	6073	0
152250	6074	0
152250	6075	0
152250	6076	1
152250	6077	0
152251	6072	0
152251	6073	0
152251	6074	0
152251	6075	0
152251	6076	0
152251	6077	0
152262	4992	0
152262	4993	1
152262	4994	0
152262	4995	0
152262	4996	0
152262	4997	0
152263	6935	0
152263	6936	0
152263	6937	1
152263	6938	0
152263	6939	1
152263	6940	0
152264	6935	0
152264	6936	0
152264	6937	0
152264	6938	0
152264	6939	0
152264	6940	0
152265	4992	0
152265	4993	0
152265	4994	0
152265	4995	0
152265	4996	0
152265	4997	0
152279	7664	0
152279	7665	0
152279	7666	0
152279	7667	1
152279	7668	0
152279	7669	0
152283	3135	0
152283	3136	0
152283	3137	0
152283	3138	0
152283	3139	1
152283	3140	0
152294	6965	0
152294	6966	0
152294	6967	0
152294	6968	0
152294	6969	1
152294	6970	0
152330	4426	0
152330	4427	0
152330	4428	0
152330	4429	0
152330	4430	1
152330	4431	1
152353	7287	0
152353	7288	0
152353	7289	0
152353	7290	0
152353	7291	0
152353	7292	3
152354	7288	0
152354	7289	1
152354	7290	0
152354	7291	0
152354	7292	0
152357	5850	0
152357	5851	0
152357	5852	0
152357	5853	0
152357	5854	0
152357	5855	0
152363	6282	1
152363	6283	0
152363	6284	3
152363	6285	0
152363	6286	2
152363	6287	1
152364	6282	1
152364	6283	0
152364	6284	0
152364	6285	0
152364	6286	0
152364	6287	0
152375	3240	0
152375	3241	0
152375	3242	0
152375	3243	0
152375	3244	0
152375	3245	0
152376	3240	0
152376	3241	1
152376	3242	0
152376	3243	0
152376	3244	0
152376	3245	0
152425	4723	0
152425	4725	1
152425	4726	0
152425	4727	0
152425	4728	0
152426	4723	0
152426	4725	0
152426	4726	0
152426	4727	0
152452	2612	0
152452	2613	0
152452	2614	0
152452	2615	0
152452	2616	0
152452	2617	1
152462	4462	0
152462	4463	0
152462	4464	0
152462	4465	0
152462	4466	0
152462	4467	0
152463	4462	0
152463	4463	0
152463	4464	1
152463	4465	0
152463	4466	1
152463	4467	1
152556	6408	0
152556	6409	0
152556	6410	0
152556	6411	2
152556	6412	0
152556	6413	0
152558	6408	1
152558	6409	0
152558	6410	1
152558	6411	1
152558	6412	0
152558	6413	0
152590	6036	1
152590	6037	1
152590	6038	0
152590	6039	2
152590	6040	0
152590	6041	1
152591	6036	0
152591	6037	0
152591	6038	1
152591	6039	1
152591	6040	0
152591	6041	0
152614	5736	0
152614	5737	0
152614	5738	0
152614	5739	0
152614	5740	0
152614	5741	1
152615	5736	0
152615	5737	0
152615	5738	0
152615	5739	0
152615	5740	1
152615	5741	0
152626	4872	0
152626	4873	0
152626	4874	0
152626	4875	0
152626	4876	0
152626	4877	0
152627	4872	0
152627	4873	0
152627	4874	1
152627	4875	1
152627	4876	0
152627	4877	1
152629	4462	0
152629	4463	0
152629	4464	0
152629	4465	0
152629	4466	0
152629	4467	0
152630	4462	0
152630	4463	0
152630	4464	1
152630	4465	0
152630	4466	1
152630	4467	1
152710	5632	1
152710	5633	0
152710	5634	0
152710	5635	0
152710	5636	0
152710	5637	0
152711	5632	1
152711	5633	0
152711	5634	0
152711	5635	0
152711	5636	0
152711	5637	0
152725	6282	1
152725	6283	0
152725	6284	3
152725	6285	0
152725	6286	2
152725	6287	1
152726	6282	1
152726	6283	0
152726	6284	0
152726	6285	0
152726	6286	0
152726	6287	0
152728	7287	0
152728	7288	0
152728	7289	0
152728	7290	0
152728	7291	0
152728	7292	3
152729	7288	0
152729	7289	1
152729	7290	0
152729	7291	0
152729	7292	0
152740	4456	0
152740	4457	0
152740	4458	1
152740	4459	0
152740	4460	1
152740	4461	0
152741	4456	0
152741	4457	0
152741	4458	0
152741	4459	0
152741	4460	1
152741	4461	0
152747	6336	0
152747	6337	2
152747	6338	0
152747	6339	0
152747	6340	0
152747	6341	0
152749	6336	0
152749	6337	0
152749	6338	0
152749	6339	0
152749	6340	0
152749	6341	0
152779	3729	0
152779	3730	1
152779	3731	0
152779	3732	1
152779	3733	0
152779	3734	0
152780	3729	1
152780	3730	0
152780	3731	0
152780	3732	1
152780	3733	0
152780	3734	0
152791	4920	0
152791	4921	0
152791	4922	1
152791	4923	0
152791	4924	0
152791	4925	0
152792	4920	0
152792	4921	0
152792	4922	1
152792	4923	0
152792	4924	0
152792	4925	0
152831	4309	0
152831	4310	0
152831	4311	0
152831	4312	0
152831	4313	1
152831	4314	1
152843	3531	1
152843	3532	0
152843	3533	0
152843	3534	0
152843	3535	2
152843	3536	0
152844	3531	0
152844	3532	0
152844	3533	0
152844	3534	0
152844	3535	2
152844	3536	0
152886	5850	0
152886	5851	0
152886	5852	0
152886	5853	1
152886	5854	0
152886	5855	2
152887	5850	0
152887	5851	0
152887	5852	0
152887	5853	0
152887	5854	0
152887	5855	0
152889	6072	0
152889	6073	0
152889	6074	0
152889	6075	0
152889	6076	1
152889	6077	0
152898	5826	0
152898	5827	0
152898	5828	1
152898	5829	0
152898	5830	0
152898	5831	0
152899	2907	0
152899	2908	0
152899	2909	0
152899	2910	0
152899	2911	0
152899	2912	1
152900	2767	0
152900	2768	0
152900	2769	0
152900	2770	0
152900	2771	0
152900	2772	0
152905	5826	1
152905	5827	0
152905	5828	0
152905	5829	0
152905	5830	0
152905	5831	0
152906	2907	0
152906	2908	0
152906	2909	0
152906	2910	1
152906	2911	0
152906	2912	1
152907	2767	0
152907	2768	0
152907	2769	1
152907	2770	0
152907	2771	0
152907	2772	0
152911	6072	0
152911	6073	0
152911	6074	0
152911	6075	0
152911	6076	0
152911	6077	0
152920	3045	0
152920	3046	1
152920	3047	1
152920	3048	0
152920	3049	0
152920	3050	0
152921	3045	1
152921	3046	0
152921	3047	0
152921	3048	1
152921	3049	0
152921	3050	0
152930	2761	0
152930	2762	0
152930	2763	0
152930	2764	0
152930	2765	0
152930	2766	0
152931	2761	0
152931	2762	0
152931	2763	0
152931	2764	0
152931	2765	0
152931	2766	0
152941	4723	0
152941	4725	1
152941	4726	0
152941	4727	0
152941	4728	0
152942	4723	0
152942	4725	0
152942	4726	0
152942	4727	0
152953	7466	0
152953	7467	1
152953	7468	1
152953	7469	1
152953	7470	1
152953	7471	1
152954	2600	0
152954	2601	0
152954	2602	0
152954	2603	2
152954	2604	0
152954	2605	0
152959	7466	1
152959	7467	0
152959	7468	0
152959	7469	0
152959	7470	0
152959	7471	1
152960	2600	0
152960	2601	0
152960	2602	0
152960	2603	1
152960	2604	0
152960	2605	0
152962	2901	0
152962	2902	0
152962	2903	0
152962	2904	1
152962	2905	0
152962	2906	0
152971	5471	0
152971	5472	1
152971	5473	2
152971	5474	0
152971	5475	0
152971	5476	0
152974	5471	0
152974	5472	2
152974	5473	0
152974	5474	0
152974	5475	0
152974	5476	0
153004	4432	0
153004	4433	1
153004	4434	0
153004	4435	0
153004	4436	0
153004	4437	0
153005	4432	0
153005	4433	1
153005	4434	1
153005	4435	0
153005	4436	0
153005	4437	0
153049	3968	1
153049	3969	0
153049	3970	0
153049	3971	0
153049	3972	1
153049	3973	1
153050	3968	0
153050	3969	0
153050	3970	0
153050	3971	1
153050	3972	0
153050	3973	1
153052	7664	0
153052	7665	0
153052	7666	0
153052	7667	0
153052	7668	0
153052	7669	0
153053	7664	0
153053	7665	0
153053	7666	0
153053	7667	1
153053	7668	0
153053	7669	0
153063	5982	0
153063	5983	0
153063	5984	1
153063	5985	0
153063	5986	1
153063	5987	0
153064	5982	0
153064	5983	0
153064	5984	0
153064	5985	0
153064	5986	0
153064	5987	0
153077	6318	0
153077	6319	0
153077	6320	0
153077	6321	0
153077	6322	0
153077	6323	0
153079	6222	0
153079	6223	2
153079	6224	0
153079	6225	1
153079	6226	0
153079	6227	0
153080	6318	0
153080	6319	0
153080	6320	0
153080	6321	0
153080	6322	2
153080	6323	0
153081	6222	0
153081	6223	1
153081	6224	0
153081	6225	0
153081	6226	0
153081	6227	0
153097	6054	0
153097	6055	1
153097	6056	1
153097	6057	1
153097	6058	0
153097	6059	0
153098	6054	0
153098	6055	0
153098	6056	0
153098	6057	0
153098	6058	2
153098	6059	0
153238	4104	0
153238	4105	0
153238	4106	0
153238	4107	0
153238	4108	0
153238	4109	0
153239	4297	0
153239	4298	0
153239	4299	0
153239	4300	1
153239	4301	0
153239	4302	0
153240	4104	0
153240	4105	0
153240	4106	0
153240	4107	1
153240	4108	0
153240	4109	0
153241	4297	0
153241	4298	0
153241	4299	0
153241	4300	0
153241	4301	0
153241	4302	0
153255	2612	0
153255	2613	0
153255	2614	0
153255	2615	0
153255	2616	0
153255	2617	1
153263	4163	1
153263	4164	0
153263	4165	0
153263	4166	0
153263	4167	0
153263	4168	1
153264	4163	0
153264	4164	0
153264	4165	0
153264	4166	0
153264	4167	0
153264	4168	0
153329	6965	0
153329	6966	0
153329	6967	0
153329	6968	0
153329	6969	0
153329	6970	0
153330	6965	0
153330	6966	0
153330	6967	0
153330	6968	0
153330	6969	1
153330	6970	0
153341	3198	0
153341	3199	0
153341	3200	0
153341	3201	0
153341	3202	1
153341	3203	1
153342	3198	0
153342	3199	0
153342	3200	0
153342	3201	0
153342	3202	0
153342	3203	0
153384	7257	0
153384	7258	0
153384	7259	0
153384	7260	1
153384	7261	0
153384	7262	0
153385	7257	0
153385	7258	0
153385	7259	0
153385	7260	0
153385	7261	0
153385	7262	0
153387	3135	0
153387	3136	0
153387	3137	0
153387	3138	0
153387	3139	0
153387	3140	0
153388	3135	0
153388	3136	0
153388	3137	0
153388	3138	0
153388	3139	1
153388	3140	0
153390	3447	0
153390	3448	0
153390	3449	2
153390	3450	0
153390	3451	2
153390	3452	0
153391	3447	0
153391	3448	0
153391	3449	2
153391	3450	1
153391	3451	1
153391	3452	0
153393	6767	0
153393	6768	0
153393	6769	0
153393	6770	0
153393	6771	0
153393	6772	0
153394	6767	0
153394	6768	1
153394	6769	0
153394	6770	0
153394	6771	0
153394	6772	0
153395	4818	0
153395	4819	0
153395	4820	0
153395	4821	0
153395	4822	1
153395	4823	0
153412	5868	0
153412	5869	0
153412	5870	0
153412	5871	0
153412	5872	0
153412	5873	0
153413	2989	0
153413	2990	0
153413	2991	0
153413	2992	1
153413	2993	0
153413	2994	0
153416	2989	0
153416	2990	0
153416	2991	0
153416	2992	0
153416	2993	0
153416	2994	0
153468	7383	0
153468	7384	0
153468	7385	1
153468	7386	0
153468	7387	0
153468	7388	0
153469	7520	0
153469	7521	0
153469	7522	1
153469	7523	0
153469	7524	1
153469	7525	0
153592	5742	0
153592	5743	2
153592	5744	0
153592	5745	0
153592	5746	0
153592	5747	0
153596	5742	0
153596	5743	0
153596	5744	0
153596	5745	1
153596	5746	0
153596	5747	0
153633	7341	0
153633	7342	0
153633	7343	0
153633	7344	0
153633	7345	0
153633	7346	0
153634	7341	0
153634	7342	1
153634	7343	0
153634	7344	0
153634	7345	0
153634	7346	0
153651	6360	0
153651	6361	0
153651	6362	0
153651	6363	0
153651	6364	0
153651	6365	0
153652	6360	0
153652	6361	0
153652	6362	0
153652	6363	0
153652	6364	0
153652	6365	0
153687	4992	0
153687	4993	1
153687	4994	0
153687	4995	0
153687	4996	0
153687	4997	0
153688	6935	0
153688	6936	0
153688	6937	1
153688	6938	0
153688	6939	1
153688	6940	0
153689	6935	0
153689	6936	0
153689	6937	0
153689	6938	0
153689	6939	0
153689	6940	0
153690	4992	0
153690	4993	0
153690	4994	0
153690	4995	0
153690	4996	0
153690	4997	0
153815	3411	0
153815	3412	0
153815	3413	0
153815	3414	2
153815	3415	0
153815	3416	0
153816	3411	0
153816	3412	0
153816	3413	2
153816	3414	1
153816	3415	1
153816	3416	1
153832	3240	0
153832	3241	0
153832	3242	0
153832	3243	0
153832	3244	0
153832	3245	0
153834	3240	0
153834	3241	1
153834	3242	0
153834	3243	0
153834	3244	0
153834	3245	0
153902	2989	0
153902	2990	0
153902	2991	0
153902	2992	0
153902	2993	0
153902	2994	0
153903	5868	0
153903	5869	0
153903	5870	0
153903	5871	0
153903	5872	0
153903	5873	0
153904	2989	0
153904	2990	0
153904	2991	0
153904	2992	1
153904	2993	0
153904	2994	0
154321	6114	0
154321	6115	0
154321	6116	0
154321	6117	2
154321	6118	2
154321	6119	0
154322	6114	1
154322	6115	0
154322	6116	0
154322	6117	1
154322	6118	3
154322	6119	0
154702	5190	0
154702	5191	1
154702	5192	0
154702	5193	0
154702	5194	0
154702	5195	0
154703	5190	0
154703	5191	0
154703	5192	0
154703	5193	0
154703	5194	0
154703	5195	0
154734	5190	0
154734	5191	0
154734	5192	0
154734	5193	0
154734	5194	0
154734	5195	0
154838	4303	0
154838	4304	0
154838	4305	0
154838	4306	0
154838	4307	0
154838	4308	1
154846	4303	0
154846	4304	0
154846	4305	0
154846	4306	0
154846	4307	0
154846	4308	1
154932	4426	0
154932	4427	0
154932	4428	1
154932	4429	0
154932	4430	0
154932	4431	0
154934	4426	2
154934	4427	0
154934	4428	0
154934	4429	0
154934	4430	0
154934	4431	0
155114	4764	0
155114	4765	0
155114	4766	0
155114	4767	0
155114	4768	0
155114	4769	0
155173	5375	0
155173	5376	0
155173	5377	1
155173	5378	0
155173	5379	0
155173	5380	0
155177	2714	0
155177	2715	0
155177	2716	0
155177	2717	1
155177	2718	0
155177	2719	0
155190	5453	0
155190	5454	0
155190	5455	0
155190	5456	1
155190	5457	0
155190	5458	0
155209	5058	1
155209	5059	0
155209	5060	1
155209	5061	0
155209	5062	0
155209	5063	0
155213	3246	0
155213	3247	0
155213	3248	0
155213	3249	0
155213	3250	0
155213	3251	0
155215	5784	0
155215	5785	0
155215	5786	0
155215	5787	0
155215	5788	1
155215	5789	1
155221	6605	0
155221	6606	1
155221	6607	0
155221	6608	1
155221	6609	1
155221	6610	0
155248	6809	0
155248	6810	0
155248	6811	0
155248	6812	0
155248	6813	0
155248	6814	0
155268	4764	0
155268	4765	0
155268	4766	0
155268	4767	1
155268	4768	0
155268	4769	0
155270	5375	0
155270	5376	0
155270	5377	0
155270	5378	0
155270	5379	1
155270	5380	0
155331	4040	0
155331	4041	0
155331	4042	1
155331	4043	0
155331	4044	1
155331	4045	0
155542	3246	0
155542	3247	0
155542	3248	1
155542	3249	0
155542	3250	0
155542	3251	0
155552	5058	0
155552	5059	0
155552	5060	0
155552	5061	0
155552	5062	2
155552	5063	0
155558	4040	0
155558	4041	0
155558	4042	0
155558	4043	0
155558	4044	0
155558	4045	0
155563	4860	0
155563	4861	0
155563	4862	0
155563	4863	0
155563	4864	0
155563	4865	1
155566	3129	0
155566	3130	1
155566	3131	0
155566	3132	0
155566	3133	0
155566	3134	0
155582	2714	0
155582	2715	1
155582	2716	1
155582	2717	0
155582	2718	0
155582	2719	0
155590	6875	1
155590	6876	0
155590	6877	0
155590	6878	0
155590	6879	1
155590	6880	0
155591	6875	0
155591	6876	0
155591	6877	0
155591	6878	0
155591	6879	0
155591	6880	1
155595	4860	0
155595	4861	0
155595	4862	0
155595	4863	0
155595	4864	0
155595	4865	1
155602	3129	0
155602	3130	0
155602	3131	0
155602	3132	0
155602	3133	0
155602	3134	2
155629	6042	0
155629	6043	0
155629	6044	0
155629	6045	0
155629	6046	0
155629	6047	1
155630	6042	0
155630	6043	0
155630	6044	0
155630	6045	0
155630	6046	0
155630	6047	0
155638	5303	0
155638	5304	0
155638	5305	0
155638	5306	0
155638	5307	0
155638	5308	0
155639	5303	0
155639	5304	0
155639	5305	0
155639	5306	0
155639	5307	0
155639	5308	0
155662	7323	0
155662	7324	0
155662	7325	1
155662	7326	0
155662	7327	0
155662	7328	1
155663	7323	0
155663	7324	0
155663	7325	0
155663	7326	0
155663	7327	0
155663	7328	0
155672	3980	0
155672	3981	0
155672	3982	0
155672	3983	0
155672	3984	0
155672	3985	2
155673	3980	0
155673	3981	0
155673	3982	0
155673	3983	0
155673	3984	0
155673	3985	1
155784	6605	0
155784	6606	0
155784	6607	0
155784	6608	0
155784	6609	0
155784	6610	0
155793	7454	0
155793	7455	2
155793	7456	0
155793	7457	0
155793	7458	1
155793	7459	0
155794	7454	1
155794	7455	0
155794	7456	0
155794	7457	0
155794	7458	0
155794	7459	0
155795	5790	0
155795	5791	0
155795	5792	0
155795	5793	0
155795	5794	0
155795	5795	0
155796	5790	0
155796	5791	0
155796	5792	0
155796	5793	0
155796	5794	0
155796	5795	0
155801	7598	0
155801	7599	1
155801	7600	1
155801	7601	0
155801	7602	1
155801	7603	0
155803	4705	0
155803	4706	0
155803	4707	0
155803	4708	0
155803	4709	1
155803	4710	0
155808	5184	0
155808	5185	0
155808	5186	0
155808	5187	0
155808	5188	0
155808	5189	0
155809	3105	0
155809	3106	0
155809	3107	0
155809	3108	0
155809	3109	0
155809	3110	0
155824	3105	0
155824	3106	0
155824	3107	0
155824	3108	0
155824	3109	1
155824	3110	0
156066	5184	0
156066	5185	1
156066	5186	0
156066	5187	0
156066	5188	0
156066	5189	0
156073	5790	0
156073	5791	0
156073	5792	0
156073	5793	0
156073	5794	0
156073	5795	0
156076	4671	1
156076	4672	0
156076	4673	2
156076	4674	0
156076	4675	1
156076	4676	1
156077	4671	1
156077	4672	0
156077	4673	1
156077	4674	0
156077	4675	0
156077	4676	1
156334	7323	0
156334	7324	0
156334	7325	1
156334	7326	0
156334	7327	0
156334	7328	1
156335	7323	0
156335	7324	0
156335	7325	0
156335	7326	0
156335	7327	0
156335	7328	0
156349	6605	0
156349	6606	1
156349	6607	0
156349	6608	1
156349	6609	1
156349	6610	0
156350	6605	0
156350	6606	0
156350	6607	0
156350	6608	0
156350	6609	0
156350	6610	0
156359	4671	1
156359	4672	0
156359	4673	2
156359	4674	0
156359	4675	1
156359	4676	1
156360	4671	1
156360	4672	0
156360	4673	1
156360	4674	0
156360	4675	0
156360	4676	1
156362	6042	0
156362	6043	0
156362	6044	0
156362	6045	0
156362	6046	0
156362	6047	1
156363	6042	0
156363	6043	0
156363	6044	0
156363	6045	0
156363	6046	0
156363	6047	0
156370	5190	0
156370	5191	1
156370	5192	0
156370	5193	0
156370	5194	0
156370	5195	0
156400	3246	0
156400	3247	0
156400	3248	0
156400	3249	0
156400	3250	0
156400	3251	0
156402	3246	0
156402	3247	0
156402	3248	1
156402	3249	0
156402	3250	0
156402	3251	0
156425	6114	0
156425	6115	0
156425	6116	0
156425	6117	2
156425	6118	2
156425	6119	0
156427	6114	1
156427	6115	0
156427	6116	0
156427	6117	1
156427	6118	3
156427	6119	0
156448	2714	0
156448	2715	0
156448	2716	0
156448	2717	1
156448	2718	0
156448	2719	0
156449	2714	0
156449	2715	1
156449	2716	1
156449	2717	0
156449	2718	0
156449	2719	0
156457	5784	0
156457	5785	0
156457	5786	0
156457	5787	0
156457	5788	0
156457	5789	0
156463	4705	0
156463	4706	0
156463	4707	0
156463	4708	0
156463	4709	0
156463	4710	0
156476	4860	0
156476	4861	0
156476	4862	0
156476	4863	0
156476	4864	0
156476	4865	1
156478	4860	0
156478	4861	0
156478	4862	0
156478	4863	0
156478	4864	0
156478	4865	1
156486	5184	0
156486	5185	0
156486	5186	0
156486	5187	0
156486	5188	0
156486	5189	0
156487	5184	0
156487	5185	1
156487	5186	0
156487	5187	0
156487	5188	0
156487	5189	0
156504	5303	0
156504	5304	0
156504	5305	0
156504	5306	0
156504	5307	0
156504	5308	0
156505	5303	0
156505	5304	0
156505	5305	0
156505	5306	0
156505	5307	0
156505	5308	0
156509	5243	0
156509	5244	0
156509	5245	1
156509	5246	0
156509	5247	0
156509	5248	0
156511	5243	0
156511	5244	0
156511	5245	0
156511	5246	0
156511	5247	0
156511	5248	0
156578	5453	0
156578	5454	0
156578	5455	0
156578	5456	0
156578	5457	0
156578	5458	0
156580	5453	0
156580	5454	0
156580	5455	0
156580	5456	1
156580	5457	0
156580	5458	0
156587	5058	1
156587	5059	0
156587	5060	1
156587	5061	0
156587	5062	0
156587	5063	0
156588	5058	0
156588	5059	0
156588	5060	0
156588	5061	0
156588	5062	2
156588	5063	0
156604	4764	0
156604	4765	0
156604	4766	0
156604	4767	0
156604	4768	0
156604	4769	0
156606	4764	0
156606	4765	0
156606	4766	0
156606	4767	1
156606	4768	0
156606	4769	0
156623	5375	0
156623	5376	0
156623	5377	1
156623	5378	0
156623	5379	0
156623	5380	0
156624	5375	0
156624	5376	0
156624	5377	0
156624	5378	0
156624	5379	1
156624	5380	0
156628	6809	0
156628	6810	0
156628	6811	0
156628	6812	1
156628	6813	0
156628	6814	0
156630	6809	0
156630	6810	0
156630	6811	0
156630	6812	0
156630	6813	0
156630	6814	0
156631	3980	0
156631	3981	0
156631	3982	0
156631	3983	0
156631	3984	0
156631	3985	2
156632	3980	0
156632	3981	0
156632	3982	0
156632	3983	0
156632	3984	0
156632	3985	1
156640	4040	0
156640	4041	0
156640	4042	1
156640	4043	0
156640	4044	1
156640	4045	0
156641	4040	0
156641	4041	0
156641	4042	0
156641	4043	0
156641	4044	0
156641	4045	0
156652	5243	0
156652	5244	0
156652	5245	1
156652	5246	0
156652	5247	0
156652	5248	0
156653	5243	0
156653	5244	0
156653	5245	0
156653	5246	0
156653	5247	0
156653	5248	0
156666	3129	0
156666	3130	1
156666	3131	0
156666	3132	0
156666	3133	0
156666	3134	0
156668	3129	0
156668	3130	0
156668	3131	0
156668	3132	0
156668	3133	0
156668	3134	2
156670	6875	1
156670	6876	0
156670	6877	0
156670	6878	0
156670	6879	1
156670	6880	0
156671	6875	0
156671	6876	0
156671	6877	0
156671	6878	0
156671	6879	0
156671	6880	1
156752	5052	1
156752	5053	0
156752	5054	0
156752	5055	0
156752	5056	0
156752	5057	0
156754	5052	0
156754	5053	0
156754	5054	0
156754	5055	0
156754	5056	0
156754	5057	0
156803	5052	0
156803	5053	0
156803	5054	0
156803	5055	0
156803	5056	0
156803	5057	0
156805	5052	1
156805	5053	0
156805	5054	0
156805	5055	0
156805	5056	0
156805	5057	0
156813	4705	0
156813	4706	0
156813	4707	0
156813	4708	0
156813	4709	1
156813	4710	0
156814	4705	0
156814	4706	0
156814	4707	0
156814	4708	0
156814	4709	0
156814	4710	0
156862	5724	0
156862	5725	0
156862	5726	0
156862	5727	1
156862	5728	0
156862	5729	0
156863	5724	0
156863	5725	0
156863	5726	0
156863	5727	1
156863	5728	0
156863	5729	0
156958	4414	0
156958	4415	0
156958	4416	0
156958	4417	0
156958	4418	1
156958	4419	0
156959	4414	0
156959	4415	0
156959	4416	0
156959	4417	0
156959	4418	0
156959	4419	1
156987	3903	1
156987	3904	1
156987	3905	1
156987	3906	0
156987	3907	1
156987	3908	0
156988	3903	0
156988	3904	0
156988	3905	0
156988	3906	0
156988	3907	0
156988	3908	0
156999	3210	0
156999	3211	0
156999	3212	1
156999	3213	1
156999	3214	0
156999	3215	0
157001	3210	0
157001	3211	1
157001	3212	0
157001	3213	0
157001	3214	1
157001	3215	0
157003	3210	0
157003	3211	0
157003	3212	1
157003	3213	1
157003	3214	0
157003	3215	0
157004	3210	0
157004	3211	1
157004	3212	0
157004	3213	0
157004	3214	1
157004	3215	0
157005	2761	0
157005	2762	0
157005	2763	1
157005	2764	2
157005	2765	0
157005	2766	0
157007	2761	0
157007	2762	0
157007	2763	0
157007	2764	0
157007	2765	0
157007	2766	0
157178	5022	0
157178	5023	0
157178	5024	1
157178	5025	0
157178	5026	0
157178	5027	0
157179	5022	0
157179	5023	0
157179	5024	1
157179	5025	0
157179	5026	0
157179	5027	0
157185	4746	0
157185	4747	0
157185	4748	0
157185	4749	0
157185	4750	0
157185	4751	0
157186	4746	1
157186	4747	0
157186	4748	0
157186	4749	0
157186	4750	0
157186	4751	0
157187	2630	0
157187	2631	0
157187	2632	0
157187	2633	0
157187	2634	1
157187	2635	0
157189	2630	0
157189	2631	0
157189	2632	0
157189	2633	0
157189	2634	0
157189	2635	0
157384	6839	0
157384	6840	0
157384	6841	0
157384	6842	0
157384	6843	0
157384	6844	1
157416	5471	0
157416	5472	1
157416	5473	0
157416	5474	0
157416	5475	0
157416	5476	0
157424	6036	0
157424	6037	1
157424	6038	0
157424	6039	1
157424	6040	0
157424	6041	1
157427	5934	0
157427	5935	0
157427	5936	0
157427	5937	0
157427	5938	0
157427	5939	0
157442	3411	0
157442	3412	2
157442	3413	0
157442	3414	0
157442	3415	2
157442	3416	1
157447	4539	0
157447	4540	0
157447	4542	0
157447	4544	0
157451	7329	0
157451	7330	0
157451	7331	0
157451	7332	0
157451	7333	0
157451	7334	1
157460	3045	1
157460	3046	0
157460	3047	0
157460	3048	1
157460	3049	0
157460	3050	0
157465	4432	0
157465	4433	0
157465	4434	0
157465	4435	0
157465	4436	1
157465	4437	0
157470	6336	0
157470	6337	1
157470	6338	0
157470	6339	0
157470	6340	0
157470	6341	0
157479	4980	1
157479	4981	1
157479	4982	0
157479	4983	0
157479	4984	1
157479	4985	0
157490	6767	1
157490	6768	1
157490	6769	0
157490	6770	0
157490	6771	0
157490	6772	0
157501	6336	0
157501	6337	1
157501	6338	0
157501	6339	0
157501	6340	0
157501	6341	0
157502	5471	0
157502	5472	2
157502	5473	0
157502	5474	0
157502	5475	0
157502	5476	0
157503	6443	0
157503	6444	0
157503	6445	1
157503	6446	1
157503	6447	0
157503	6448	1
157504	6443	0
157504	6444	0
157504	6445	0
157504	6446	0
157504	6447	0
157504	6448	0
157505	3411	0
157505	3412	0
157505	3413	0
157505	3414	2
157505	3415	0
157505	3416	0
157533	6360	1
157533	6361	0
157533	6362	0
157533	6363	0
157533	6364	0
157533	6365	0
157537	5934	0
157537	5935	0
157537	5936	1
157537	5937	0
157537	5938	0
157537	5939	0
157561	6360	0
157561	6361	0
157561	6362	0
157561	6363	0
157561	6364	0
157561	6365	0
157562	4980	0
157562	4981	0
157562	4982	1
157562	4983	1
157562	4984	0
157562	4985	0
157568	5411	1
157568	5412	2
157568	5413	0
157568	5414	0
157568	5415	0
157568	5416	0
157569	5411	0
157569	5412	0
157569	5413	0
157569	5414	2
157569	5415	0
157569	5416	0
157572	7019	0
157572	7020	0
157572	7021	0
157572	7022	0
157572	7023	0
157572	7024	1
157580	3045	0
157580	3046	0
157580	3047	0
157580	3048	1
157580	3049	0
157580	3050	0
157581	6036	0
157581	6037	1
157581	6038	0
157581	6039	2
157581	6040	0
157581	6041	0
157596	7329	0
157596	7330	0
157596	7331	0
157596	7332	0
157596	7333	0
157596	7334	0
157597	7257	0
157597	7258	0
157597	7259	0
157597	7260	0
157597	7261	0
157597	7262	0
157598	7257	0
157598	7258	0
157598	7259	0
157598	7260	0
157598	7261	0
157598	7262	0
157614	5742	0
157614	5743	0
157614	5744	0
157614	5745	0
157614	5746	0
157614	5747	0
157615	5742	0
157615	5743	2
157615	5744	0
157615	5745	0
157615	5746	0
157615	5747	0
157617	6515	0
157617	6516	0
157617	6517	0
157617	6518	0
157617	6519	1
157617	6520	0
157618	6515	0
157618	6516	0
157618	6517	0
157618	6518	0
157618	6519	1
157618	6520	1
157625	4432	0
157625	4433	0
157625	4434	0
157625	4435	0
157625	4436	0
157625	4437	0
157629	4872	0
157629	4873	0
157629	4874	0
157629	4875	0
157629	4876	0
157629	4877	0
157630	4872	0
157630	4873	0
157630	4874	0
157630	4875	0
157630	4876	0
157630	4877	0
157662	6318	1
157662	6319	0
157662	6320	0
157662	6321	0
157662	6322	0
157662	6323	0
157664	6222	0
157664	6223	1
157664	6224	0
157664	6225	0
157664	6226	0
157664	6227	0
157672	2600	0
157672	2601	0
157672	2602	0
157672	2603	1
157672	2604	1
157672	2605	0
157673	7466	0
157673	7467	1
157673	7468	0
157673	7469	0
157673	7470	0
157673	7471	1
157678	2600	0
157678	2601	0
157678	2602	1
157678	2603	1
157678	2604	1
157678	2605	0
157679	7466	0
157679	7467	1
157679	7468	0
157679	7469	0
157679	7470	1
157679	7471	1
157680	6318	0
157680	6319	0
157680	6320	0
157680	6321	1
157680	6322	0
157680	6323	0
157681	6222	0
157681	6223	1
157681	6224	0
157681	6225	0
157681	6226	0
157681	6227	0
157686	6408	1
157686	6409	0
157686	6410	0
157686	6411	0
157686	6412	0
157686	6413	0
157687	6408	0
157687	6409	0
157687	6410	0
157687	6411	0
157687	6412	0
157687	6413	0
157696	5736	0
157696	5737	0
157696	5738	0
157696	5739	1
157696	5740	0
157696	5741	0
157698	5736	0
157698	5737	0
157698	5738	0
157698	5739	0
157698	5740	0
157698	5741	0
157703	6072	0
157703	6073	0
157703	6074	0
157703	6075	0
157703	6076	0
157703	6077	1
157704	6072	0
157704	6073	0
157704	6074	0
157704	6075	0
157704	6076	0
157704	6077	0
157715	4456	0
157715	4457	0
157715	4458	0
157715	4459	0
157715	4460	1
157715	4461	0
157720	4456	0
157720	4457	0
157720	4458	0
157720	4459	0
157720	4460	0
157720	4461	0
157725	5826	1
157725	5827	0
157725	5828	1
157725	5829	0
157725	5830	0
157725	5831	0
157726	5826	0
157726	5827	0
157726	5828	0
157726	5829	0
157726	5830	0
157726	5831	0
157728	4104	1
157728	4105	0
157728	4106	0
157728	4107	0
157728	4108	0
157728	4109	0
157729	4104	1
157729	4105	0
157729	4106	0
157729	4107	0
157729	4108	0
157729	4109	0
157738	2907	0
157738	2908	0
157738	2909	0
157738	2910	0
157738	2911	1
157738	2912	0
157739	2907	0
157739	2908	0
157739	2909	0
157739	2910	1
157739	2911	0
157739	2912	0
157741	2767	0
157741	2768	0
157741	2769	2
157741	2770	1
157741	2771	0
157741	2772	0
157742	2767	0
157742	2768	0
157742	2769	1
157742	2770	0
157742	2771	1
157742	2772	0
157755	3198	0
157755	3199	0
157755	3200	0
157755	3201	0
157755	3202	1
157755	3203	0
157756	3198	0
157756	3199	0
157756	3200	0
157756	3201	0
157756	3202	0
157756	3203	0
157893	5934	0
157893	5935	0
157893	5936	0
157893	5937	0
157893	5938	0
157893	5939	0
157894	5934	0
157894	5935	0
157894	5936	1
157894	5937	0
157894	5938	0
157894	5939	0
157902	6443	0
157902	6444	0
157902	6445	0
157902	6446	0
157902	6447	0
157902	6448	0
157903	6443	0
157903	6444	0
157903	6445	1
157903	6446	1
157903	6447	0
157903	6448	1
157949	4350	0
157949	4351	0
157949	4352	0
157949	4353	1
157949	4354	0
157949	4355	0
157952	6719	0
157952	6720	1
157952	6721	0
157952	6722	0
157952	6723	0
157952	6724	0
157961	4350	0
157961	4351	0
157961	4352	0
157961	4353	1
157961	4354	0
157961	4355	0
157964	6719	0
157964	6720	0
157964	6721	0
157964	6722	0
157964	6723	0
157964	6724	0
158048	3729	0
158048	3730	0
158048	3731	0
158048	3732	1
158048	3733	0
158048	3734	0
158049	3729	0
158049	3730	0
158049	3731	0
158049	3732	0
158049	3733	0
158049	3734	0
158109	4297	0
158109	4298	0
158109	4299	0
158109	4300	0
158109	4301	0
158109	4302	0
158110	4297	0
158110	4298	0
158110	4299	0
158110	4300	0
158110	4301	0
158110	4302	0
158504	4309	0
158504	4310	1
158504	4311	0
158504	4312	0
158504	4313	0
158504	4314	0
158518	3968	1
158518	3969	0
158518	3970	0
158518	3971	0
158518	3972	0
158518	3973	1
158519	3968	0
158519	3969	1
158519	3970	1
158519	3971	2
158519	3972	2
158519	3973	1
158626	2901	0
158626	2902	0
158626	2903	0
158626	2904	0
158626	2905	0
158626	2906	0
158628	2901	0
158628	2902	0
158628	2903	0
158628	2904	1
158628	2905	0
158628	2906	0
158635	6917	0
158635	6918	0
158635	6919	1
158635	6920	1
158635	6921	1
158635	6922	0
158636	6917	0
158636	6918	0
158636	6919	0
158636	6920	1
158636	6921	0
158636	6922	1
158921	3447	0
158921	3448	0
158921	3449	1
158921	3450	1
158921	3451	2
158921	3452	0
158962	3447	0
158962	3448	0
158962	3449	0
158962	3450	0
158962	3451	0
158962	3452	1
159170	7383	0
159170	7384	0
159170	7385	0
159170	7386	0
159170	7387	0
159170	7388	0
159171	7520	0
159171	7521	0
159171	7522	0
159171	7523	0
159171	7524	1
159171	7525	0
159173	7383	0
159173	7384	0
159173	7385	0
159173	7386	2
159173	7387	0
159173	7388	0
159174	7520	0
159174	7521	0
159174	7522	0
159174	7523	0
159174	7524	0
159174	7525	0
159184	2606	0
159184	2607	0
159184	2608	0
159184	2609	0
159184	2610	0
159184	2611	0
159185	2606	0
159185	2607	0
159185	2608	1
159185	2609	0
159185	2610	0
159185	2611	0
159187	6761	2
159187	6762	0
159187	6763	3
159187	6764	1
159187	6765	1
159187	6766	0
159188	5632	1
159188	5633	0
159188	5634	0
159188	5635	0
159188	5636	0
159188	5637	0
159189	5632	1
159189	5633	2
159189	5634	0
159189	5635	0
159189	5636	0
159189	5637	0
159194	4992	0
159194	4993	1
159194	4994	0
159194	4995	0
159194	4996	0
159194	4997	0
159195	4992	0
159195	4993	0
159195	4994	0
159195	4995	0
159195	4996	0
159195	4997	0
159197	6935	0
159197	6936	1
159197	6937	0
159197	6938	0
159197	6939	0
159197	6940	0
159199	6935	0
159199	6936	1
159199	6937	0
159199	6938	0
159199	6939	0
159199	6940	0
159201	4992	0
159201	4993	0
159201	4994	0
159201	4995	0
159201	4996	0
159201	4997	0
159202	4992	0
159202	4993	1
159202	4994	0
159202	4995	0
159202	4996	0
159202	4997	0
159203	6935	0
159203	6936	1
159203	6937	0
159203	6938	0
159203	6939	1
159203	6940	0
159204	6935	0
159204	6936	1
159204	6937	0
159204	6938	0
159204	6939	1
159204	6940	0
159410	3531	0
159410	3532	0
159410	3533	0
159410	3534	0
159410	3535	1
159410	3536	0
159438	6282	0
159438	6283	0
159438	6284	1
159438	6285	0
159438	6286	1
159438	6287	0
159439	7287	0
159439	7288	0
159439	7289	0
159439	7290	0
159439	7291	2
159439	7292	0
159444	3135	1
159444	3136	1
159444	3137	0
159444	3138	0
159444	3139	0
159444	3140	0
159453	7664	0
159453	7665	0
159453	7666	0
159453	7667	1
159453	7668	0
159453	7669	0
159465	6114	1
159465	6115	0
159465	6116	1
159465	6117	1
159465	6118	0
159465	6119	0
159481	6282	0
159481	6283	0
159481	6284	0
159481	6285	0
159481	6286	0
159481	6287	0
159482	7287	0
159482	7288	0
159482	7289	0
159482	7290	0
159482	7291	0
159482	7292	0
159487	3240	1
159487	3241	0
159487	3242	0
159487	3243	0
159487	3244	0
159487	3245	0
159527	4462	1
159527	4463	0
159527	4464	1
159527	4465	1
159527	4466	0
159527	4467	1
159528	4462	0
159528	4463	0
159528	4464	0
159528	4465	0
159528	4466	0
159528	4467	0
159549	7664	1
159549	7665	0
159549	7666	0
159549	7667	1
159549	7668	0
159549	7669	0
159594	3531	0
159594	3532	0
159594	3533	0
159594	3534	0
159594	3535	0
159594	3536	0
159606	6114	0
159606	6115	0
159606	6116	0
159606	6117	1
159606	6118	0
159606	6119	0
159613	3135	1
159613	3136	0
159613	3137	0
159613	3138	0
159613	3139	0
159613	3140	0
159661	5982	0
159661	5983	0
159661	5984	0
159661	5985	0
159661	5986	1
159661	5987	0
159662	5982	0
159662	5983	0
159662	5984	0
159662	5985	0
159662	5986	1
159662	5987	0
159681	4723	0
159681	4724	0
159681	4725	1
159681	4726	0
159681	4727	0
159681	4728	0
159683	4723	0
159683	4724	0
159683	4725	1
159683	4726	0
159683	4727	0
159683	4728	0
159694	7341	0
159694	7342	1
159694	7343	0
159694	7344	0
159694	7345	0
159694	7346	0
159722	2612	0
159722	2613	0
159722	2614	1
159722	2615	0
159722	2616	0
159722	2617	0
159749	5850	0
159749	5851	0
159749	5852	0
159749	5853	0
159749	5854	0
159749	5855	1
159751	5850	0
159751	5851	0
159751	5852	0
159751	5853	1
159751	5854	0
159751	5855	0
159762	4920	0
159762	4921	0
159762	4922	0
159762	4923	0
159762	4924	0
159762	4925	0
159763	4920	0
159763	4921	0
159763	4922	1
159763	4923	0
159763	4924	0
159763	4925	0
159828	7341	0
159828	7342	0
159828	7343	0
159828	7344	0
159828	7345	0
159828	7346	0
159840	5868	1
159840	5869	1
159840	5870	0
159840	5871	0
159840	5872	0
159840	5873	0
159859	5190	0
159859	5191	0
159859	5192	0
159859	5193	0
159859	5194	0
159859	5195	0
159860	5190	0
159860	5191	0
159860	5192	0
159860	5193	1
159860	5194	0
159860	5195	0
159875	4908	0
159875	4909	0
159875	4910	0
159875	4911	1
159875	4912	0
159875	4913	0
159876	4908	0
159876	4909	0
159876	4910	0
159876	4911	1
159876	4912	0
159876	4913	1
159878	4818	0
159878	4819	1
159878	4820	1
159878	4821	1
159878	4822	0
159878	4823	1
159879	4818	0
159879	4819	1
159879	4820	0
159879	4821	1
159879	4822	0
159879	4823	3
159883	7598	0
159883	7599	0
159883	7600	0
159883	7601	0
159883	7602	0
159883	7603	0
159885	3447	0
159885	3448	0
159885	3449	1
159885	3450	1
159885	3451	2
159885	3452	0
159886	3447	0
159886	3448	0
159886	3449	0
159886	3450	0
159886	3451	0
159886	3452	1
159891	2901	0
159891	2902	0
159891	2903	0
159891	2904	0
159891	2905	0
159891	2906	0
159892	2901	0
159892	2902	0
159892	2903	0
159892	2904	1
159892	2905	0
159892	2906	0
160133	6497	0
160133	6498	0
160133	6499	0
160133	6500	0
160133	6501	0
160133	6502	1
160134	6497	0
160134	6498	0
160134	6499	0
160134	6500	0
160134	6501	0
160134	6502	0
160266	5375	0
160266	5376	0
160266	5377	0
160266	5378	0
160266	5379	0
160266	5380	0
160287	4764	0
160287	4765	0
160287	4766	0
160287	4767	1
160287	4768	2
160287	4769	0
160290	5022	0
160290	5023	0
160290	5024	0
160290	5025	0
160290	5026	0
160290	5027	0
160300	5790	0
160300	5791	0
160300	5792	0
160300	5793	0
160300	5794	1
160300	5795	0
160323	2714	0
160323	2715	0
160323	2716	0
160323	2717	0
160323	2718	0
160323	2719	0
160327	5411	1
160327	5412	0
160327	5413	0
160327	5414	1
160327	5415	0
160327	5416	0
160333	6497	0
160333	6498	0
160333	6499	1
160333	6500	0
160333	6501	0
160333	6502	0
160349	6875	1
160349	6876	0
160349	6877	0
160349	6878	1
160349	6879	0
160349	6880	0
160350	6875	1
160350	6876	0
160350	6877	0
160350	6878	2
160350	6879	0
160350	6880	1
160360	6761	0
160360	6762	0
160360	6763	0
160360	6764	0
160360	6765	0
160360	6766	0
160361	4764	0
160361	4765	0
160361	4766	0
160361	4767	0
160361	4768	0
160361	4769	0
160362	6809	0
160362	6810	0
160362	6811	0
160362	6812	0
160362	6813	0
160362	6814	1
160367	5022	0
160367	5023	0
160367	5024	0
160367	5025	0
160367	5026	0
160367	5027	0
160373	5375	0
160373	5376	0
160373	5377	0
160373	5378	0
160373	5379	0
160373	5380	0
160399	5411	0
160399	5412	0
160399	5413	0
160399	5414	1
160399	5415	0
160399	5416	0
160403	5790	0
160403	5791	0
160403	5792	0
160403	5793	0
160403	5794	0
160403	5795	0
160434	2714	0
160434	2715	0
160434	2716	0
160434	2717	0
160434	2718	0
160434	2719	0
160448	6042	0
160448	6043	1
160448	6044	0
160448	6045	0
160448	6046	0
160448	6047	0
160449	6042	0
160449	6043	0
160449	6044	0
160449	6045	0
160449	6046	0
160449	6047	0
160475	5303	1
160475	5304	0
160475	5305	0
160475	5306	0
160475	5307	1
160475	5308	0
160476	6497	0
160476	6498	0
160476	6499	0
160476	6500	0
160476	6501	0
160476	6502	0
160480	5243	0
160480	5244	0
160480	5245	0
160480	5246	0
160480	5247	0
160480	5248	0
160485	5243	0
160485	5244	0
160485	5245	0
160485	5246	0
160485	5247	0
160485	5248	0
160487	7323	0
160487	7324	0
160487	7325	0
160487	7326	0
160487	7327	0
160487	7328	1
160488	7323	0
160488	7324	0
160488	7325	0
160488	7326	0
160488	7327	0
160488	7328	1
160509	4414	0
160509	4415	0
160509	4416	1
160509	4417	0
160509	4418	0
160509	4419	0
160510	4414	0
160510	4415	0
160510	4416	0
160510	4417	0
160510	4418	0
160510	4419	0
160517	5868	0
160517	5869	1
160517	5870	0
160517	5871	0
160517	5872	0
160517	5873	0
160518	2989	0
160518	2990	0
160518	2991	0
160518	2992	1
160518	2993	0
160518	2994	0
160520	5868	1
160520	5869	1
160520	5870	0
160520	5871	0
160520	5872	0
160520	5873	0
160521	2989	0
160521	2990	0
160521	2991	0
160521	2992	0
160521	2993	0
160521	2994	0
160528	3246	0
160528	3247	0
160528	3248	1
160528	3249	0
160528	3250	0
160528	3251	0
160530	3246	0
160530	3247	0
160530	3248	1
160530	3249	0
160530	3250	0
160530	3251	0
160534	4818	1
160534	4819	0
160534	4820	1
160534	4821	1
160534	4822	0
160534	4823	0
160535	4818	1
160535	4819	0
160535	4820	1
160535	4821	1
160535	4822	0
160535	4823	1
160537	4908	0
160537	4909	0
160537	4910	0
160537	4911	0
160537	4912	1
160537	4913	1
160538	4908	0
160538	4909	0
160538	4910	0
160538	4911	0
160538	4912	0
160538	4913	0
160554	6761	0
160554	6762	0
160554	6763	0
160554	6764	0
160554	6765	1
160554	6766	0
160567	5453	0
160567	5454	0
160567	5455	0
160567	5456	0
160567	5457	0
160567	5458	0
160569	5453	0
160569	5454	0
160569	5455	0
160569	5456	0
160569	5457	0
160569	5458	0
160589	4303	0
160589	4304	0
160589	4305	0
160589	4306	0
160589	4307	1
160589	4308	0
160590	4303	0
160590	4304	0
160590	4305	1
160590	4306	0
160590	4307	1
160590	4308	1
160594	6809	0
160594	6810	0
160594	6811	0
160594	6812	0
160594	6813	0
160594	6814	0
160595	3210	0
160595	3211	0
160595	3212	0
160595	3213	0
160595	3214	0
160595	3215	0
160601	2761	0
160601	2762	0
160601	2763	0
160601	2764	1
160601	2765	0
160601	2766	0
160603	2761	0
160603	2762	0
160603	2763	0
160603	2764	0
160603	2765	0
160603	2766	0
160650	3980	0
160650	3981	0
160650	3982	0
160650	3983	0
160650	3984	0
160650	3985	0
160651	3980	0
160651	3981	0
160651	3982	0
160651	3983	0
160651	3984	1
160651	3985	0
160686	6054	0
160686	6055	1
160686	6056	1
160686	6057	1
160686	6058	1
160686	6059	1
160687	6054	0
160687	6055	0
160687	6056	1
160687	6057	0
160687	6058	1
160687	6059	1
160692	5184	0
160692	5185	1
160692	5186	0
160692	5187	0
160692	5188	0
160692	5189	0
160693	5184	0
160693	5185	0
160693	5186	0
160693	5187	0
160693	5188	0
160693	5189	0
160705	5724	0
160705	5725	0
160705	5726	0
160705	5727	1
160705	5728	0
160705	5729	0
160706	5724	0
160706	5725	0
160706	5726	0
160706	5727	0
160706	5728	0
160706	5729	0
160719	3210	0
160719	3211	0
160719	3212	0
160719	3213	0
160719	3214	0
160719	3215	0
160814	2630	0
160814	2631	0
160814	2632	0
160814	2633	0
160814	2634	0
160814	2635	0
160815	2630	0
160815	2631	0
160815	2632	0
160815	2633	0
160815	2634	1
160815	2635	0
160817	4746	1
160817	4747	0
160817	4748	2
160817	4749	0
160817	4750	0
160817	4751	0
160818	4746	1
160818	4747	0
160818	4748	1
160818	4749	0
160818	4750	0
160818	4751	0
160820	6917	0
160820	6918	0
160820	6919	1
160820	6920	1
160820	6921	1
160820	6922	0
160821	6917	0
160821	6918	0
160821	6919	0
160821	6920	1
160821	6921	0
160821	6922	1
160975	4426	1
160975	4427	0
160975	4428	0
160975	4429	0
160975	4430	0
160975	4431	0
160977	4426	1
160977	4427	0
160977	4428	0
160977	4429	0
160977	4430	0
160977	4431	0
160990	5471	0
160990	5472	0
160990	5473	1
160990	5474	0
160990	5475	0
160990	5476	0
160995	4980	1
160995	4981	0
160995	4982	1
160995	4983	0
160995	4984	0
160995	4985	0
160996	7019	0
160996	7020	0
160996	7021	0
160996	7022	0
160996	7023	0
160996	7024	0
160997	3621	1
160997	3622	0
160997	3623	2
160997	3624	0
160997	3625	2
160997	3626	0
160999	3621	1
160999	3622	1
160999	3623	2
160999	3624	0
160999	3625	1
160999	3626	2
161010	6336	0
161010	6337	1
161010	6338	0
161010	6339	0
161010	6340	0
161010	6341	0
161019	5742	2
161019	5743	0
161019	5744	0
161019	5745	0
161019	5746	0
161019	5747	2
161023	4860	0
161023	4861	0
161023	4862	0
161023	4863	0
161023	4864	1
161023	4865	0
161024	4860	0
161024	4861	0
161024	4862	0
161024	4863	0
161024	4864	0
161024	4865	0
161030	3411	0
161030	3412	0
161030	3413	0
161030	3414	1
161030	3415	0
161030	3416	1
161034	5632	0
161034	5633	1
161034	5634	0
161034	5635	0
161034	5636	1
161034	5637	0
161038	4163	1
161038	4164	0
161038	4165	0
161038	4166	0
161038	4167	0
161038	4168	0
161040	4539	0
161040	4540	1
161040	4542	0
161040	4544	0
161043	4432	0
161043	4433	0
161043	4434	0
161043	4435	0
161043	4436	0
161043	4437	0
161060	3411	0
161060	3412	0
161060	3413	0
161060	3414	2
161060	3415	0
161060	3416	1
161065	5742	1
161065	5743	0
161065	5744	0
161065	5745	0
161065	5746	1
161065	5747	0
161068	7329	0
161068	7330	0
161068	7331	0
161068	7332	0
161068	7333	0
161068	7334	2
161073	4539	0
161073	4540	0
161073	4542	0
161073	4544	0
161107	3621	0
161107	3622	0
161107	3623	0
161107	3624	0
161107	3625	1
161107	3626	0
161122	4980	0
161122	4981	1
161122	4982	0
161122	4983	0
161122	4984	0
161122	4985	0
161125	6336	0
161125	6337	0
161125	6338	0
161125	6339	0
161125	6340	0
161125	6341	0
161147	3447	1
161147	3448	1
161147	3449	1
161147	3450	1
161147	3451	0
161147	3452	2
161150	3447	0
161150	3448	2
161150	3449	0
161150	3450	0
161150	3451	0
161150	3452	0
161153	6443	0
161153	6444	0
161153	6445	0
161153	6446	0
161153	6447	0
161153	6448	0
161154	6443	0
161154	6444	0
161154	6445	0
161154	6446	0
161154	6447	0
161154	6448	0
161155	7329	0
161155	7330	0
161155	7331	0
161155	7332	0
161155	7333	0
161155	7334	0
161164	4872	0
161164	4873	0
161164	4874	1
161164	4875	0
161164	4876	0
161164	4877	0
161165	4872	0
161165	4873	0
161165	4874	0
161165	4875	0
161165	4876	0
161165	4877	0
161175	4163	0
161175	4164	0
161175	4165	0
161175	4166	0
161175	4167	0
161175	4168	0
161194	5632	0
161194	5633	0
161194	5634	0
161194	5635	0
161194	5636	0
161194	5637	0
161197	7520	0
161197	7521	0
161197	7522	0
161197	7523	0
161197	7524	0
161197	7525	1
161198	7383	0
161198	7384	0
161198	7385	1
161198	7386	0
161198	7387	0
161198	7388	0
161202	4104	0
161202	4105	0
161202	4106	0
161202	4107	0
161202	4108	0
161202	4109	0
161203	4104	0
161203	4105	0
161203	4106	0
161203	4107	0
161203	4108	1
161203	4109	0
161205	4297	0
161205	4298	1
161205	4299	0
161205	4300	0
161205	4301	0
161205	4302	0
161206	4297	0
161206	4298	0
161206	4299	0
161206	4300	0
161206	4301	0
161206	4302	0
161232	7257	1
161232	7258	0
161232	7259	0
161232	7260	0
161232	7261	0
161232	7262	0
161233	7257	0
161233	7258	0
161233	7259	0
161233	7260	0
161233	7261	0
161233	7262	0
161239	5736	0
161239	5737	0
161239	5738	0
161239	5739	1
161239	5740	0
161239	5741	0
161240	5736	0
161240	5737	0
161240	5738	0
161240	5739	0
161240	5740	0
161240	5741	0
161267	3729	1
161267	3730	0
161267	3731	0
161267	3732	0
161267	3733	0
161267	3734	0
161268	3729	0
161268	3730	0
161268	3731	0
161268	3732	0
161268	3733	0
161268	3734	0
161271	6917	0
161271	6918	0
161271	6919	0
161271	6920	0
161271	6921	0
161271	6922	0
161272	6917	0
161272	6918	0
161272	6919	1
161272	6920	0
161272	6921	1
161272	6922	0
161287	6965	1
161287	6966	0
161287	6967	0
161287	6968	0
161287	6969	0
161287	6970	0
161288	6965	1
161288	6966	0
161288	6967	0
161288	6968	0
161288	6969	0
161288	6970	0
161293	5982	0
161293	5983	0
161293	5984	0
161293	5985	0
161293	5986	0
161293	5987	0
161294	5982	0
161294	5983	0
161294	5984	0
161294	5985	0
161294	5986	0
161294	5987	0
161297	6515	0
161297	6516	0
161297	6517	0
161297	6518	0
161297	6519	1
161297	6520	0
161298	6515	0
161298	6516	0
161298	6517	0
161298	6518	0
161298	6519	1
161298	6520	0
161301	4309	0
161301	4310	0
161301	4311	0
161301	4312	0
161301	4313	0
161301	4314	0
161303	4309	0
161303	4310	0
161303	4311	0
161303	4312	0
161303	4313	0
161303	4314	0
161317	3968	0
161317	3969	1
161317	3970	0
161317	3971	1
161317	3972	0
161317	3973	0
161318	3968	0
161318	3969	0
161318	3970	0
161318	3971	1
161318	3972	0
161318	3973	1
161351	6360	0
161351	6361	0
161351	6362	0
161351	6363	0
161351	6364	1
161351	6365	0
