ObservationID	SubLocationID	Count
146231	5679	0
146231	5680	0
146231	5681	0
146231	5682	1
146231	5683	1
146231	5684	0
146232	5679	0
146232	5680	0
146232	5681	0
146232	5682	0
146232	5683	0
146232	5684	0
146249	7171	0
146249	7172	0
146249	7173	0
146249	7174	0
146249	7175	0
146249	7176	0
146253	7171	0
146253	7172	3
146253	7173	0
146253	7174	1
146253	7175	0
146253	7176	0
146383	5589	0
146383	5590	0
146383	5591	0
146383	5592	0
146383	5593	0
146383	5594	0
146384	5589	0
146384	5590	0
146384	5591	0
146384	5592	0
146384	5593	0
146384	5594	0
146519	3575	0
146519	3576	0
146519	3577	0
146519	3578	0
146519	3579	0
146519	3580	0
146520	3575	0
146520	3576	0
146520	3577	0
146520	3578	0
146520	3579	0
146520	3580	0
147131	3934	0
147131	3935	0
147131	3936	0
147131	3937	1
147131	3938	0
147131	3939	0
147213	3940	0
147213	3941	1
147213	3942	0
147213	3943	1
147213	3944	1
147213	3945	0
147244	5052	0
147244	5053	0
147244	5054	0
147244	5055	0
147244	5056	0
147244	5057	0
147264	5052	1
147264	5053	0
147264	5054	1
147264	5055	0
147264	5056	2
147264	5057	1
147304	3575	0
147304	3576	0
147304	3577	0
147304	3578	0
147304	3579	0
147304	3580	0
147305	3575	0
147305	3576	0
147305	3577	0
147305	3578	0
147305	3579	0
147305	3580	0
147326	3934	0
147326	3935	0
147326	3936	0
147326	3937	1
147326	3938	0
147326	3939	0
147349	6035	0
147349	6036	0
147349	6037	0
147349	6038	0
147349	6039	1
147349	6040	0
147350	6035	0
147350	6036	0
147350	6037	0
147350	6038	0
147350	6039	0
147350	6040	0
147445	3940	0
147445	3941	1
147445	3942	0
147445	3943	0
147445	3944	0
147445	3945	0
148397	6226	0
148397	6227	0
148397	6228	1
148397	6229	0
148397	6230	0
148397	6231	0
148420	7084	1
148420	7085	1
148420	7086	0
148420	7087	0
148420	7088	0
148420	7089	1
148421	7084	0
148421	7085	1
148421	7086	0
148421	7087	0
148421	7088	1
148421	7089	0
148434	5781	0
148434	5782	0
148434	5783	0
148434	5784	0
148434	5785	2
148434	5786	0
148435	5781	0
148435	5782	0
148435	5783	0
148435	5784	0
148435	5785	1
148435	5786	0
148677	3934	0
148677	3935	0
148677	3936	0
148677	3937	1
148677	3938	0
148677	3939	0
148683	3934	0
148683	3935	0
148683	3936	0
148683	3937	1
148683	3938	0
148683	3939	0
152080	6340	0
152080	6341	1
152080	6342	0
152080	6343	0
152080	6344	0
152080	6345	1
152088	7273	0
152088	7274	1
152088	7275	1
152088	7276	1
152088	7277	1
152088	7278	1
152279	7273	0
152279	7274	0
152279	7275	0
152279	7276	0
152279	7277	1
152279	7278	0
152329	4390	0
152329	4391	0
152329	4392	0
152329	4393	0
152329	4394	0
152329	4395	1
152331	4390	0
152331	4391	0
152331	4392	0
152331	4393	0
152331	4394	0
152331	4395	0
152357	6340	0
152357	6341	0
152357	6342	0
152357	6343	0
152357	6344	0
152357	6345	0
152626	5052	0
152626	5053	0
152626	5054	0
152626	5055	0
152626	5056	0
152626	5057	0
152627	5052	1
152627	5053	0
152627	5054	1
152627	5055	0
152627	5056	2
152627	5057	1
152747	6035	0
152747	6036	0
152747	6037	0
152747	6038	0
152747	6039	1
152747	6040	0
152749	6035	0
152749	6036	0
152749	6037	0
152749	6038	0
152749	6039	0
152749	6040	0
152753	4390	0
152753	4391	0
152753	4392	0
152753	4393	0
152753	4394	0
152753	4395	1
152755	4390	0
152755	4391	0
152755	4392	0
152755	4393	0
152755	4394	0
152755	4395	0
152886	6340	0
152886	6341	1
152886	6342	0
152886	6343	0
152886	6344	0
152886	6345	1
152887	6340	0
152887	6341	0
152887	6342	0
152887	6343	0
152887	6344	0
152887	6345	0
152953	7084	1
152953	7085	1
152953	7086	0
152953	7087	0
152953	7088	0
152953	7089	1
152959	7084	0
152959	7085	1
152959	7086	0
152959	7087	0
152959	7088	1
152959	7089	0
153052	7273	0
153052	7274	1
153052	7275	1
153052	7276	1
153052	7277	1
153052	7278	1
153053	7273	0
153053	7274	0
153053	7275	0
153053	7276	0
153053	7277	1
153053	7278	0
153097	5781	0
153097	5782	0
153097	5783	0
153097	5784	0
153097	5785	2
153097	5786	0
153098	5781	0
153098	5782	0
153098	5783	0
153098	5784	0
153098	5785	1
153098	5786	0
153236	6226	0
153236	6227	0
153236	6228	1
153236	6229	0
153236	6230	0
153236	6231	0
153263	3940	0
153263	3941	1
153263	3942	0
153263	3943	1
153263	3944	1
153263	3945	0
153264	3940	0
153264	3941	1
153264	3942	0
153264	3943	0
153264	3944	0
153264	3945	0
154329	2628	0
154329	2629	0
154329	2630	0
154329	2631	0
154329	2632	0
154329	2633	0
154330	2628	0
154330	2629	0
154330	2630	0
154330	2631	0
154330	2632	0
154330	2633	0
154391	2628	0
154391	2629	0
154391	2630	0
154391	2631	1
154391	2632	0
154391	2633	0
155214	7171	0
155214	7172	2
155214	7173	0
155214	7174	0
155214	7175	0
155214	7176	0
155545	7171	1
155545	7172	0
155545	7173	0
155545	7174	0
155545	7175	0
155545	7176	0
155638	5589	0
155638	5590	0
155638	5591	0
155638	5592	0
155638	5593	0
155638	5594	0
155639	5589	0
155639	5590	0
155639	5591	0
155639	5592	0
155639	5593	1
155639	5594	0
156076	5679	0
156076	5680	0
156076	5681	1
156076	5682	0
156076	5683	0
156076	5684	0
156077	5679	0
156077	5680	0
156077	5681	0
156077	5682	0
156077	5683	0
156077	5684	1
156359	5679	0
156359	5680	0
156359	5681	1
156359	5682	0
156359	5683	0
156359	5684	0
156360	5679	0
156360	5680	0
156360	5681	0
156360	5682	0
156360	5683	0
156360	5684	1
156401	7171	0
156401	7172	2
156401	7173	0
156401	7174	0
156401	7175	0
156401	7176	0
156403	7171	1
156403	7172	0
156403	7173	0
156403	7174	0
156403	7175	0
156403	7176	0
156504	5589	0
156504	5590	0
156504	5591	0
156504	5592	0
156504	5593	0
156504	5594	0
156505	5589	0
156505	5590	0
156505	5591	0
156505	5592	0
156505	5593	1
156505	5594	0
156769	3575	0
156769	3576	0
156769	3577	0
156769	3578	1
156769	3579	0
156769	3580	0
156772	3575	0
156772	3576	0
156772	3577	0
156772	3578	0
156772	3579	0
156772	3580	0
156807	3575	0
156807	3576	0
156807	3577	0
156807	3578	1
156807	3579	0
156807	3580	0
156808	3575	0
156808	3576	0
156808	3577	0
156808	3578	0
156808	3579	0
156808	3580	0
157470	6035	0
157470	6036	0
157470	6037	0
157470	6038	0
157470	6039	1
157470	6040	0
157479	3934	0
157479	3935	0
157479	3936	0
157479	3937	0
157479	3938	0
157479	3939	1
157501	6035	0
157501	6036	0
157501	6037	0
157501	6038	0
157501	6039	1
157501	6040	0
157562	3934	0
157562	3935	0
157562	3936	0
157562	3937	0
157562	3938	0
157562	3939	0
157629	5052	1
157629	5053	0
157629	5054	1
157629	5055	1
157629	5056	0
157629	5057	1
157630	5052	0
157630	5053	0
157630	5054	0
157630	5055	0
157630	5056	0
157630	5057	0
157673	7084	0
157673	7085	0
157673	7086	1
157673	7087	1
157673	7088	2
157673	7089	1
157679	7084	0
157679	7085	1
157679	7086	0
157679	7087	0
157679	7088	0
157679	7089	0
159453	7273	1
159453	7274	1
159453	7275	1
159453	7276	1
159453	7277	1
159453	7278	1
159457	4390	0
159457	4391	0
159457	4392	0
159457	4393	0
159457	4394	1
159457	4395	0
159510	4390	0
159510	4391	0
159510	4392	0
159510	4393	0
159510	4394	0
159510	4395	1
159549	7273	2
159549	7274	0
159549	7275	0
159549	7276	1
159549	7277	1
159549	7278	0
159736	2628	0
159736	2629	0
159736	2630	0
159736	2631	0
159736	2632	1
159736	2633	1
159737	2628	0
159737	2629	0
159737	2630	0
159737	2631	0
159737	2632	0
159737	2633	0
159749	6340	0
159749	6341	0
159749	6342	0
159749	6343	0
159749	6344	0
159749	6345	0
159751	6340	0
159751	6341	1
159751	6342	0
159751	6343	0
159751	6344	0
159751	6345	0
160475	5589	2
160475	5590	1
160475	5591	3
160475	5592	1
160475	5593	2
160475	5594	0
160529	7171	0
160529	7172	0
160529	7173	0
160529	7174	0
160529	7175	0
160529	7176	0
160531	7171	0
160531	7172	0
160531	7173	0
160531	7174	0
160531	7175	0
160531	7176	0
160580	3575	0
160580	3576	1
160580	3577	0
160580	3578	0
160580	3579	1
160580	3580	0
160686	5781	1
160686	5782	0
160686	5783	0
160686	5784	0
160686	5785	0
160686	5786	0
160687	5781	0
160687	5782	0
160687	5783	0
160687	5784	0
160687	5785	0
160687	5786	0
160826	6226	0
160826	6227	0
160826	6228	0
160826	6229	1
160826	6230	0
160826	6231	0
160995	3934	0
160995	3935	0
160995	3936	0
160995	3937	0
160995	3938	1
160995	3939	0
161010	6035	0
161010	6036	0
161010	6037	0
161010	6038	0
161010	6039	0
161010	6040	0
161038	3940	1
161038	3941	1
161038	3942	0
161038	3943	0
161038	3944	0
161038	3945	0
161122	3934	0
161122	3935	0
161122	3936	0
161122	3937	1
161122	3938	0
161122	3939	0
161125	6035	0
161125	6036	0
161125	6037	0
161125	6038	0
161125	6039	0
161125	6040	0
161164	5052	0
161164	5053	0
161164	5054	1
161164	5055	1
161164	5056	1
161164	5057	0
161165	5052	0
161165	5053	0
161165	5054	0
161165	5055	0
161165	5056	0
161165	5057	0
161175	3940	0
161175	3941	0
161175	3942	0
161175	3943	0
161175	3944	0
161175	3945	0
