ObservationID	SubLocationID	Count
146049	5724	0
146049	5725	0
146049	5726	0
146049	5727	0
146049	5728	0
146049	5729	0
146050	5724	0
146050	5725	0
146050	5726	0
146050	5727	0
146050	5728	0
146050	5729	0
146076	2973	0
146076	2974	0
146076	2975	0
146076	2976	0
146077	2973	0
146077	2974	1
146077	2975	0
146077	2976	0
146078	2973	0
146078	2974	0
146078	2975	0
146078	2976	0
146127	3837	0
146127	3838	0
146127	3839	0
146127	3840	0
146127	3841	0
146127	3842	0
146128	3837	0
146128	3838	0
146128	3839	0
146128	3840	0
146128	3841	0
146128	3842	0
146145	3837	0
146145	3838	1
146145	3839	0
146145	3840	0
146145	3841	0
146145	3842	0
146165	6246	0
146165	6247	0
146165	6248	0
146165	6249	0
146165	6250	0
146165	6251	0
146204	4968	0
146204	4969	0
146204	4970	0
146204	4971	0
146204	4972	0
146204	4973	0
146205	5886	1
146205	5887	0
146205	5888	0
146205	5889	0
146205	5890	0
146205	5891	0
146208	5784	0
146208	5785	0
146208	5786	0
146208	5787	0
146208	5788	0
146208	5789	0
146209	5784	0
146209	5785	0
146209	5786	0
146209	5787	0
146209	5788	0
146209	5789	0
146210	5784	1
146210	5785	0
146210	5786	0
146210	5787	0
146210	5788	0
146210	5789	0
146214	5196	0
146214	5197	1
146214	5198	0
146214	5199	0
146214	5200	1
146214	5201	0
146216	7155	0
146216	7156	0
146216	7157	0
146216	7158	0
146216	7159	0
146216	7160	0
146234	4740	0
146234	4741	0
146234	4742	0
146234	4743	1
146234	4744	0
146234	4745	0
146235	4740	0
146235	4741	0
146235	4742	2
146235	4743	0
146235	4744	0
146235	4745	1
146236	4740	0
146236	4741	0
146236	4742	0
146236	4743	0
146236	4744	0
146236	4745	0
146241	3246	0
146241	3247	0
146241	3248	0
146241	3249	0
146241	3250	0
146241	3251	0
146242	5363	0
146242	5364	0
146242	5365	0
146242	5366	0
146242	5367	0
146242	5368	0
146244	5363	0
146244	5364	0
146244	5365	0
146244	5366	1
146244	5367	0
146244	5368	0
146245	5363	0
146245	5364	0
146245	5365	0
146245	5366	0
146245	5367	0
146245	5368	0
146246	3246	0
146246	3247	0
146246	3248	1
146246	3249	2
146246	3250	0
146246	3251	0
146247	3246	0
146247	3247	2
146247	3248	0
146247	3249	0
146247	3250	0
146247	3251	0
146248	4605	0
146248	4606	0
146248	4607	0
146248	4608	0
146248	4609	0
146248	4610	0
146255	5886	0
146255	5887	0
146255	5888	0
146255	5889	0
146255	5890	0
146255	5891	0
146256	4605	0
146256	4606	0
146256	4607	0
146256	4608	0
146256	4609	0
146256	4610	0
146257	3123	0
146257	3124	0
146257	3125	0
146257	3126	0
146257	3127	0
146257	3128	0
146259	3123	0
146259	3124	0
146259	3125	0
146259	3126	0
146259	3127	0
146259	3128	0
146260	3123	0
146260	3124	0
146260	3125	0
146260	3126	0
146260	3127	0
146260	3128	0
146265	4968	0
146265	4969	0
146265	4970	0
146265	4971	0
146265	4972	0
146265	4973	0
146266	5375	0
146266	5376	0
146266	5377	0
146266	5378	0
146266	5379	0
146266	5380	0
146267	5375	0
146267	5376	1
146267	5377	0
146267	5378	0
146267	5379	1
146267	5380	0
146268	5375	0
146268	5376	0
146268	5377	0
146268	5378	0
146268	5379	0
146268	5380	0
146269	7013	0
146269	7014	1
146269	7015	0
146269	7016	0
146269	7017	0
146269	7018	0
146271	4968	0
146271	4969	0
146271	4970	0
146271	4971	0
146271	4972	0
146271	4973	0
146273	5196	0
146273	5197	1
146273	5198	0
146273	5199	0
146273	5200	0
146273	5201	1
146277	4764	0
146277	4765	0
146277	4766	0
146277	4767	0
146277	4768	0
146277	4769	0
146278	4764	4
146278	4765	0
146278	4766	0
146278	4767	0
146278	4768	0
146278	4769	0
146279	4764	0
146279	4765	0
146279	4766	0
146279	4767	0
146279	4768	0
146279	4769	1
146281	7155	0
146281	7156	0
146281	7157	0
146281	7158	0
146281	7159	0
146281	7160	0
146284	4968	0
146284	4969	0
146284	4970	0
146284	4971	0
146284	4972	0
146284	4973	0
146292	5886	1
146292	5887	0
146292	5888	0
146292	5889	1
146292	5890	0
146292	5891	0
146293	5196	0
146293	5197	1
146293	5198	0
146293	5199	0
146293	5200	0
146293	5201	0
146297	6246	0
146297	6247	1
146297	6248	0
146297	6249	0
146297	6250	0
146297	6251	0
146298	6246	0
146298	6247	0
146298	6248	0
146298	6249	0
146298	6250	0
146298	6251	0
146331	5724	1
146331	5725	0
146331	5726	0
146331	5727	0
146331	5728	0
146331	5729	0
146348	7013	2
146348	7014	2
146348	7015	0
146348	7016	1
146348	7017	1
146348	7018	0
146351	4521	0
146351	4522	0
146351	4523	0
146351	4524	0
146351	4525	0
146351	4526	1
146352	4521	0
146352	4522	0
146352	4523	0
146352	4524	0
146352	4525	0
146352	4526	0
146353	4521	0
146353	4522	0
146353	4523	0
146353	4524	0
146353	4525	0
146353	4526	0
146354	7604	0
146354	7605	0
146354	7606	0
146354	7607	0
146354	7608	0
146354	7609	0
146358	3075	0
146358	3076	0
146358	3077	0
146358	3078	0
146358	3079	0
146358	3080	0
146359	3075	0
146359	3076	0
146359	3077	0
146359	3078	0
146359	3079	0
146359	3080	0
146361	7013	1
146361	7014	0
146361	7015	0
146361	7016	0
146361	7017	0
146361	7018	0
146371	7604	0
146371	7605	0
146371	7606	0
146371	7607	0
146371	7608	0
146371	7609	1
146376	3789	0
146376	3790	0
146376	3791	0
146376	3792	1
146376	3793	0
146376	3794	0
146377	3789	0
146377	3790	0
146377	3791	0
146377	3792	0
146377	3793	1
146377	3794	0
146378	3789	0
146378	3790	0
146378	3791	0
146378	3792	0
146378	3793	0
146378	3794	0
146389	3651	0
146389	3652	2
146389	3653	0
146389	3654	0
146389	3655	0
146389	3656	0
146390	3651	0
146390	3652	0
146390	3653	0
146390	3654	0
146390	3655	0
146390	3656	0
146391	3651	0
146391	3652	0
146391	3653	0
146391	3654	0
146391	3655	0
146391	3656	0
146418	5683	0
146418	5684	0
146418	5685	0
146418	5686	0
146418	5687	0
146418	5688	0
146419	4438	1
146419	4439	0
146419	4440	0
146419	4441	0
146419	4442	1
146419	4443	0
146420	4438	0
146420	4439	0
146420	4440	0
146420	4441	0
146420	4442	0
146420	4443	0
146438	5683	0
146438	5684	0
146438	5685	0
146438	5686	0
146438	5687	0
146438	5688	0
146439	5683	0
146439	5684	0
146439	5685	0
146439	5686	0
146439	5687	1
146439	5688	0
146440	7215	0
146440	7216	0
146440	7217	0
146440	7218	0
146440	7219	0
146440	7220	0
146488	7604	0
146488	7605	0
146488	7606	0
146488	7607	0
146488	7608	0
146488	7609	0
146502	4623	1
146502	4624	1
146502	4625	0
146502	4626	1
146502	4627	0
146502	4628	0
146504	4623	0
146504	4624	1
146504	4625	0
146504	4626	0
146504	4627	0
146504	4628	1
146506	4623	0
146506	4624	0
146506	4625	0
146506	4626	0
146506	4627	0
146506	4628	0
146518	3657	0
146518	3658	0
146518	3659	0
146518	3660	0
146518	3661	0
146518	3662	0
146519	3657	1
146519	3658	1
146519	3659	0
146519	3660	0
146519	3661	1
146519	3662	0
146520	3657	0
146520	3658	0
146520	3659	0
146520	3660	0
146520	3661	0
146520	3662	0
146534	3075	0
146534	3076	0
146534	3077	0
146534	3078	1
146534	3079	0
146534	3080	0
146564	7215	0
146564	7216	0
146564	7217	0
146564	7218	0
146564	7219	0
146564	7220	0
146565	7215	0
146565	7216	0
146565	7217	1
146565	7218	0
146565	7219	0
146565	7220	0
146599	5988	0
146599	5989	0
146599	5990	1
146599	5991	0
146599	5992	0
146599	5993	0
146600	5988	0
146600	5989	0
146600	5990	0
146600	5991	0
146600	5992	0
146600	5993	0
146601	5988	0
146601	5989	0
146601	5990	0
146601	5991	0
146601	5992	0
146601	5993	0
146621	4438	0
146621	4439	0
146621	4440	0
146621	4441	0
146621	4442	0
146621	4443	0
146678	6613	0
146678	6614	0
146678	6615	0
146678	6616	0
146678	6617	0
146678	6618	0
146679	6613	0
146679	6614	1
146679	6615	0
146679	6616	0
146679	6617	0
146679	6618	0
146681	6613	0
146681	6614	0
146681	6615	0
146681	6616	0
146681	6617	0
146681	6618	0
146706	6851	0
146706	6852	0
146706	6853	0
146706	6854	0
146706	6855	0
146706	6856	0
146707	5832	0
146707	5833	0
146707	5834	0
146707	5835	0
146707	5836	0
146707	5837	2
146708	5790	0
146708	5791	0
146708	5792	0
146708	5793	0
146708	5794	0
146708	5795	0
146716	4908	0
146716	4909	1
146716	4910	0
146716	4911	0
146716	4912	0
146716	4913	0
146717	4414	0
146717	4415	0
146717	4416	0
146717	4417	0
146717	4418	0
146717	4419	0
146718	3105	0
146718	3106	0
146718	3107	1
146718	3108	0
146718	3109	0
146718	3110	0
146720	4908	0
146720	4909	0
146720	4910	0
146720	4911	0
146720	4912	2
146720	4913	0
146721	4908	0
146721	4909	0
146721	4910	0
146721	4911	0
146721	4912	0
146721	4913	0
146723	5832	0
146723	5833	0
146723	5834	1
146723	5835	0
146723	5836	0
146723	5837	0
146724	6851	0
146724	6852	0
146724	6853	0
146724	6854	1
146724	6855	0
146724	6856	0
146725	5790	2
146725	5791	1
146725	5792	0
146725	5793	1
146725	5794	0
146725	5795	0
146772	5411	0
146772	5412	0
146772	5413	0
146772	5414	0
146772	5415	0
146772	5416	0
146773	5411	0
146773	5412	0
146773	5413	0
146773	5414	1
146773	5415	0
146773	5416	0
146774	5411	0
146774	5412	0
146774	5413	0
146774	5414	0
146774	5415	0
146774	5416	0
146785	5790	0
146785	5791	1
146785	5792	0
146785	5793	0
146785	5794	0
146785	5795	0
146786	5832	0
146786	5833	0
146786	5834	0
146786	5835	0
146786	5836	0
146786	5837	0
146787	6851	0
146787	6852	0
146787	6853	0
146787	6854	0
146787	6855	0
146787	6856	0
146804	4414	0
146804	4415	0
146804	4416	0
146804	4417	0
146804	4418	0
146804	4419	0
146805	4414	0
146805	4415	0
146805	4416	0
146805	4417	0
146805	4418	0
146805	4419	0
146809	3105	0
146809	3106	0
146809	3107	2
146809	3108	0
146809	3109	0
146809	3110	0
146822	3105	0
146822	3106	0
146822	3107	0
146822	3108	0
146822	3109	0
146822	3110	0
146827	2666	0
146827	2667	0
146827	2668	0
146827	2669	1
146827	2670	0
146827	2671	0
146831	2761	0
146831	2762	0
146831	2763	0
146831	2764	0
146831	2765	0
146831	2766	0
146832	6899	1
146832	6900	0
146832	6901	0
146832	6902	1
146832	6903	0
146832	6904	0
146833	6899	0
146833	6900	0
146833	6901	0
146833	6902	0
146833	6903	0
146833	6904	0
146834	2761	0
146834	2762	0
146834	2763	0
146834	2764	0
146834	2765	0
146834	2766	0
146835	2761	0
146835	2762	0
146835	2763	0
146835	2764	0
146835	2765	0
146835	2766	0
146836	6899	0
146836	6900	0
146836	6901	0
146836	6902	0
146836	6903	0
146836	6904	0
146864	5620	0
146864	5621	0
146864	5622	0
146864	5623	0
146864	5624	0
146864	5625	0
146865	5620	0
146865	5621	0
146865	5622	0
146865	5623	0
146865	5624	0
146865	5625	0
146866	5724	1
146866	5725	1
146866	5726	1
146866	5727	1
146866	5728	0
146866	5729	0
146870	4818	0
146870	4819	0
146870	4820	0
146870	4821	0
146870	4822	0
146870	4823	0
146945	4782	0
146945	4783	0
146945	4784	0
146945	4785	0
146945	4786	0
146945	4787	0
146946	4782	0
146946	4783	1
146946	4784	1
146946	4785	1
146946	4786	0
146946	4787	0
146947	4782	0
146947	4783	0
146947	4784	0
146947	4785	0
146947	4786	0
146947	4787	0
146981	5220	0
146981	5221	0
146981	5222	0
146981	5223	0
146981	5224	0
146981	5225	0
146997	6437	0
146997	6438	0
146997	6439	0
146997	6440	0
146997	6441	0
146997	6442	0
146999	5381	0
146999	5382	0
146999	5383	0
146999	5384	0
146999	5385	0
146999	5386	0
147000	6342	1
147000	6343	0
147000	6344	0
147000	6345	0
147000	6346	0
147000	6347	0
147023	4062	0
147023	4063	0
147023	4064	0
147023	4065	0
147023	4066	0
147023	4067	0
147025	4432	0
147025	4433	0
147025	4434	0
147025	4435	0
147025	4436	0
147025	4437	0
147028	7155	0
147028	7156	0
147028	7157	0
147028	7158	0
147028	7159	0
147028	7160	2
147040	5160	0
147040	5161	0
147040	5162	2
147040	5163	0
147040	5164	0
147040	5165	0
147055	3045	0
147055	3046	0
147055	3047	0
147055	3048	0
147055	3049	1
147055	3050	0
147071	7383	0
147071	7384	0
147071	7385	0
147071	7386	0
147071	7387	0
147071	7388	0
147072	6366	0
147072	6367	0
147072	6368	0
147072	6369	0
147072	6370	0
147072	6371	0
147096	6437	1
147096	6438	0
147096	6439	1
147096	6440	0
147096	6441	1
147096	6442	0
147100	5381	0
147100	5382	0
147100	5383	1
147100	5384	0
147100	5385	0
147100	5386	0
147108	6521	0
147108	6522	1
147108	6523	0
147108	6524	0
147108	6525	0
147108	6526	0
147109	6521	0
147109	6522	0
147109	6523	0
147109	6524	0
147109	6525	0
147109	6526	0
147110	6521	0
147110	6522	0
147110	6523	0
147110	6524	0
147110	6525	0
147110	6526	0
147119	4062	0
147119	4063	0
147119	4064	0
147119	4065	0
147119	4066	0
147119	4067	0
147122	6342	0
147122	6343	0
147122	6344	0
147122	6345	0
147122	6346	1
147122	6347	0
147127	3045	0
147127	3046	0
147127	3047	0
147127	3048	0
147127	3049	0
147127	3050	0
147128	4432	0
147128	4433	0
147128	4434	0
147128	4435	0
147128	4436	0
147128	4437	0
147129	7269	0
147129	7270	0
147129	7271	0
147129	7272	0
147129	7273	1
147129	7274	0
147172	6366	0
147172	6367	0
147172	6368	0
147172	6369	0
147172	6370	0
147172	6371	0
147180	5220	0
147180	5221	0
147180	5222	0
147180	5223	0
147180	5224	0
147180	5225	1
147206	7311	0
147206	7312	0
147206	7313	0
147206	7314	0
147206	7315	0
147206	7316	0
147222	7269	0
147222	7270	0
147222	7271	0
147222	7272	0
147222	7273	0
147222	7274	0
147227	5160	0
147227	5161	0
147227	5162	0
147227	5163	0
147227	5164	0
147227	5165	0
147240	7383	1
147240	7384	1
147240	7385	1
147240	7386	0
147240	7387	0
147240	7388	2
147241	7520	0
147241	7521	0
147241	7522	0
147241	7523	0
147241	7524	0
147241	7525	0
147303	3657	0
147303	3658	0
147303	3659	0
147303	3660	0
147303	3661	0
147303	3662	0
147304	3657	1
147304	3658	1
147304	3659	0
147304	3660	0
147304	3661	1
147304	3662	0
147305	3657	0
147305	3658	0
147305	3659	0
147305	3660	0
147305	3661	0
147305	3662	0
147306	5381	0
147306	5382	0
147306	5383	0
147306	5384	0
147306	5385	0
147306	5386	0
147307	5381	0
147307	5382	0
147307	5383	1
147307	5384	0
147307	5385	0
147307	5386	0
147312	5220	0
147312	5221	0
147312	5222	0
147312	5223	0
147312	5224	0
147312	5225	0
147336	6342	1
147336	6343	0
147336	6344	0
147336	6345	0
147336	6346	0
147336	6347	0
147342	6437	0
147342	6438	0
147342	6439	0
147342	6440	0
147342	6441	0
147342	6442	0
147348	6336	0
147348	6337	0
147348	6338	0
147348	6339	0
147348	6340	0
147348	6341	0
147349	6336	0
147349	6337	0
147349	6338	0
147349	6339	1
147349	6340	0
147349	6341	0
147350	6336	0
147350	6337	0
147350	6338	0
147350	6339	0
147350	6340	0
147350	6341	0
147362	4432	0
147362	4433	0
147362	4434	0
147362	4435	0
147362	4436	0
147362	4437	0
147369	7269	0
147369	7270	0
147369	7271	0
147369	7272	0
147369	7273	0
147369	7274	0
147370	3045	0
147370	3046	0
147370	3047	0
147370	3048	0
147370	3049	0
147370	3050	0
147387	5988	0
147387	5989	0
147387	5990	1
147387	5991	0
147387	5992	0
147387	5993	0
147421	6366	0
147421	6367	0
147421	6368	0
147421	6369	0
147421	6370	2
147421	6371	0
147428	5160	0
147428	5161	0
147428	5162	0
147428	5163	0
147428	5164	0
147428	5165	0
147510	4062	0
147510	4063	0
147510	4064	0
147510	4065	0
147510	4066	0
147510	4067	0
147517	5561	0
147517	5562	0
147517	5563	0
147517	5564	1
147517	5565	0
147517	5566	0
147526	5561	0
147526	5562	0
147526	5563	0
147526	5564	1
147526	5565	0
147526	5566	0
147869	5154	1
147869	5155	0
147869	5156	0
147869	5157	0
147869	5158	0
147869	5159	0
147870	5154	0
147870	5155	0
147870	5156	0
147870	5157	0
147870	5158	0
147870	5159	0
147872	7311	0
147872	7312	0
147872	7313	0
147872	7314	0
147872	7315	0
147872	7316	1
147875	7311	0
147875	7312	0
147875	7313	0
147875	7314	0
147875	7315	1
147875	7316	0
147881	3435	0
147881	3436	0
147881	3437	1
147881	3438	0
147881	3439	1
147881	3440	0
147883	3435	0
147883	3436	0
147883	3437	0
147883	3438	0
147883	3439	0
147883	3440	0
147885	3435	0
147885	3436	0
147885	3437	0
147885	3438	0
147885	3439	0
147885	3440	0
148053	4456	0
148053	4457	0
148053	4458	0
148053	4459	0
148053	4460	1
148053	4461	0
148054	4456	0
148054	4457	1
148054	4458	0
148054	4459	0
148054	4460	0
148054	4461	0
148055	4456	0
148055	4457	0
148055	4458	0
148055	4459	0
148055	4460	1
148055	4461	0
148334	7574	0
148334	7575	0
148334	7576	1
148334	7577	0
148334	7578	0
148334	7579	0
148336	7574	0
148336	7575	0
148336	7576	0
148336	7577	0
148336	7578	0
148336	7579	0
148385	6054	0
148385	6055	0
148385	6056	0
148385	6057	0
148385	6058	0
148385	6059	0
148406	6228	0
148406	6229	0
148406	6230	0
148406	6231	0
148406	6232	0
148406	6233	0
148407	6228	0
148407	6229	0
148407	6230	0
148407	6231	0
148407	6232	0
148407	6233	0
148408	6228	1
148408	6229	1
148408	6230	0
148408	6231	0
148408	6232	0
148408	6233	0
148409	3198	0
148409	3199	0
148409	3200	0
148409	3201	1
148409	3202	1
148409	3203	0
148410	3198	0
148410	3199	0
148410	3200	0
148410	3201	0
148410	3202	0
148410	3203	0
148411	3198	0
148411	3199	0
148411	3200	0
148411	3201	0
148411	3202	0
148411	3203	0
148434	6054	0
148434	6055	0
148434	6056	0
148434	6057	0
148434	6058	0
148434	6059	0
148435	6054	0
148435	6055	1
148435	6056	0
148435	6057	0
148435	6058	0
148435	6059	0
148445	2835	1
148445	2836	1
148445	2837	0
148445	2838	0
148445	2839	0
148445	2840	0
148446	2835	0
148446	2836	0
148446	2837	0
148446	2838	0
148446	2839	0
148446	2840	0
148447	2835	0
148447	2836	0
148447	2837	0
148447	2838	0
148447	2839	0
148447	2840	0
148448	4498	1
148448	4499	0
148448	4500	1
148448	4501	0
148448	4502	0
148448	4503	0
148451	4498	0
148451	4499	0
148451	4500	0
148451	4501	0
148451	4502	0
148451	4503	0
148452	4498	0
148452	4499	0
148452	4500	0
148452	4501	0
148452	4502	0
148452	4503	0
148502	7073	0
148502	7074	0
148502	7075	0
148502	7076	0
148502	7077	0
148502	7078	0
148503	7073	0
148503	7074	1
148503	7075	0
148503	7076	1
148503	7077	0
148503	7078	1
148504	7073	0
148504	7074	0
148504	7075	0
148504	7076	0
148504	7077	0
148504	7078	0
148554	3729	0
148554	3730	0
148554	3731	0
148554	3732	0
148554	3733	0
148554	3734	0
148555	3729	0
148555	3730	0
148555	3731	0
148555	3732	0
148555	3733	0
148555	3734	0
148556	3729	0
148556	3730	0
148556	3731	0
148556	3732	0
148556	3733	0
148556	3734	0
148590	6312	0
148590	6313	0
148590	6314	0
148590	6315	0
148590	6316	0
148590	6317	0
148591	6312	0
148591	6313	0
148591	6314	1
148591	6315	0
148591	6316	0
148591	6317	0
148592	6312	0
148592	6313	0
148592	6314	0
148592	6315	0
148592	6316	0
148592	6317	0
148593	7377	1
148593	7378	0
148593	7379	0
148593	7380	0
148593	7381	0
148593	7382	0
148594	7377	0
148594	7378	0
148594	7379	0
148594	7380	0
148594	7381	0
148594	7382	0
148600	3033	2
148600	3034	0
148600	3035	0
148600	3036	0
148600	3037	0
148600	3038	0
148601	3033	0
148601	3034	0
148601	3035	0
148601	3036	0
148601	3037	0
148601	3038	0
148602	3033	0
148602	3034	0
148602	3035	0
148602	3036	0
148602	3037	0
148602	3038	0
148606	2630	0
148606	2631	0
148606	2632	0
148606	2633	0
148606	2634	1
148606	2635	0
148611	5620	0
148611	5621	0
148611	5622	0
148611	5623	0
148611	5624	1
148611	5625	0
148622	2630	0
148622	2631	0
148622	2632	0
148622	2633	0
148622	2634	0
148622	2635	0
148626	2630	0
148626	2631	0
148626	2632	0
148626	2633	0
148626	2634	0
148626	2635	0
148702	3417	0
148702	3418	1
148702	3419	1
148702	3420	0
148702	3421	0
148702	3422	0
148703	3417	0
148703	3418	0
148703	3419	0
148703	3420	0
148703	3421	0
148703	3422	0
148726	3039	0
148726	3041	1
148726	3042	0
148726	3043	0
148726	3044	0
148727	3039	0
148727	3040	0
148727	3041	0
148727	3042	0
148727	3043	0
148727	3044	0
148772	3405	0
148772	3406	0
148772	3407	0
148772	3408	0
148772	3409	0
148772	3410	0
150012	6198	0
150012	6199	0
150012	6200	0
150012	6201	0
150012	6202	0
150012	6203	0
150013	6198	0
150013	6199	0
150013	6200	0
150013	6201	1
150013	6202	0
150013	6203	0
150014	6198	0
150014	6199	0
150014	6200	0
150014	6201	0
150014	6202	0
150014	6203	0
150015	4920	0
150015	4921	0
150015	4922	0
150015	4923	0
150015	4924	2
150015	4925	0
150016	4920	0
150016	4921	0
150016	4922	0
150016	4923	0
150016	4924	0
150016	4925	0
150017	4920	0
150017	4921	0
150017	4922	0
150017	4923	0
150017	4924	0
150017	4925	0
150170	3405	0
150170	3406	0
150170	3407	0
150170	3408	0
150170	3409	0
150170	3410	0
150518	5154	1
150518	5155	0
150518	5156	0
150518	5157	0
150518	5158	0
150518	5159	0
150532	5154	0
150532	5155	0
150532	5156	0
150532	5157	0
150532	5158	0
150532	5159	0
151077	3405	0
151077	3406	0
151077	3407	0
151077	3408	0
151077	3409	0
151077	3410	0
151829	3087	0
151829	3088	0
151829	3089	1
151829	3090	0
151829	3091	0
151829	3092	0
151830	3087	0
151830	3088	0
151830	3089	0
151830	3090	0
151830	3091	0
151830	3092	0
151831	6342	0
151831	6343	0
151831	6344	0
151831	6345	0
151831	6346	1
151831	6347	0
151832	6342	1
151832	6343	0
151832	6344	0
151832	6345	0
151832	6346	0
151832	6347	0
151833	6246	0
151833	6247	0
151833	6248	0
151833	6249	0
151833	6250	0
151833	6251	0
151834	3087	0
151834	3088	0
151834	3089	0
151834	3090	0
151834	3091	0
151834	3092	0
151879	4028	0
151879	4029	0
151879	4030	0
151879	4031	0
151879	4032	0
151879	4033	0
151881	2618	0
151881	2619	1
151881	2620	0
151881	2621	0
151881	2622	1
151881	2623	0
151969	7664	0
151969	7665	0
151969	7666	0
151969	7667	0
151969	7668	1
151969	7669	0
151970	3135	0
151970	3136	1
151970	3137	0
151970	3138	0
151970	3139	0
151970	3140	0
151978	3891	0
151978	3892	0
151978	3893	0
151978	3894	0
151978	3895	0
151978	3896	0
152003	4028	0
152003	4029	0
152003	4030	0
152003	4031	0
152003	4032	0
152003	4033	0
152037	2618	0
152037	2619	0
152037	2620	0
152037	2621	1
152037	2622	0
152037	2623	0
152038	3645	0
152038	3646	0
152038	3647	0
152038	3648	0
152038	3649	0
152038	3650	0
152039	3057	0
152039	3058	0
152039	3059	0
152039	3060	0
152039	3061	0
152039	3062	0
152088	7664	0
152088	7665	0
152088	7666	0
152088	7667	0
152088	7668	0
152088	7669	0
152138	3135	0
152138	3136	0
152138	3137	0
152138	3138	0
152138	3139	0
152138	3140	0
152150	2889	1
152150	2890	0
152150	2891	1
152150	2892	0
152150	2893	1
152150	2894	1
152151	2889	0
152151	2890	0
152151	2891	0
152151	2892	0
152151	2893	1
152151	2894	0
152169	2618	0
152169	2619	0
152169	2620	0
152169	2621	0
152169	2622	0
152169	2623	0
152193	3063	0
152193	3064	1
152193	3065	0
152193	3066	0
152193	3067	0
152193	3068	0
152194	3063	0
152194	3064	0
152194	3065	0
152194	3066	0
152194	3067	0
152194	3068	1
152219	2889	0
152219	2890	0
152219	2891	0
152219	2892	0
152219	2893	0
152219	2894	0
152243	4986	0
152243	4987	0
152243	4988	0
152243	4989	0
152243	4990	0
152243	4991	0
152244	4986	0
152244	4987	0
152244	4988	0
152244	4989	0
152244	4990	0
152244	4991	0
152245	4986	1
152245	4987	0
152245	4988	0
152245	4989	0
152245	4990	0
152245	4991	0
152246	4788	0
152246	4789	0
152246	4790	0
152246	4791	0
152246	4792	1
152246	4793	1
152247	4788	0
152247	4789	0
152247	4790	0
152247	4791	0
152247	4792	0
152247	4793	0
152248	4788	2
152248	4789	1
152248	4790	7
152248	4791	0
152248	4792	1
152248	4793	0
152255	3405	0
152255	3406	0
152255	3407	0
152255	3408	0
152255	3409	0
152255	3410	0
152279	7664	0
152279	7665	0
152279	7666	0
152279	7667	0
152279	7668	0
152279	7669	0
152283	3135	0
152283	3136	0
152283	3137	0
152283	3138	0
152283	3139	0
152283	3140	0
152326	3063	0
152326	3064	1
152326	3065	0
152326	3066	0
152326	3067	0
152326	3068	0
152351	4157	0
152351	4158	0
152351	4159	0
152351	4160	0
152351	4161	0
152351	4162	0
152362	6282	3
152362	6283	2
152362	6284	1
152362	6285	0
152362	6286	1
152362	6287	0
152363	6282	0
152363	6283	0
152363	6284	0
152363	6285	3
152363	6286	1
152363	6287	0
152364	6282	0
152364	6283	0
152364	6284	0
152364	6285	0
152364	6286	0
152364	6287	0
152372	3891	0
152372	3892	0
152372	3893	0
152372	3894	0
152372	3895	0
152372	3896	0
152373	3891	0
152373	3892	0
152373	3893	1
152373	3894	0
152373	3895	0
152373	3896	0
152414	3645	0
152414	3646	0
152414	3647	0
152414	3648	0
152414	3649	0
152414	3650	0
152464	4157	0
152464	4158	0
152464	4159	0
152464	4160	0
152464	4161	0
152464	4162	1
152465	4157	0
152465	4158	0
152465	4159	0
152465	4160	0
152465	4161	0
152465	4162	0
152480	6102	1
152480	6103	0
152480	6104	0
152480	6105	0
152480	6106	0
152480	6107	0
152481	6102	0
152481	6103	0
152481	6104	0
152481	6105	0
152481	6106	0
152481	6107	0
152482	6294	1
152482	6295	0
152482	6296	1
152482	6297	0
152482	6298	0
152482	6299	0
152483	6294	0
152483	6295	0
152483	6296	0
152483	6297	0
152483	6298	0
152483	6299	0
152484	6294	1
152484	6295	0
152484	6296	0
152484	6297	0
152484	6298	0
152484	6299	0
152504	3435	0
152504	3436	0
152504	3437	1
152504	3438	0
152504	3439	1
152504	3440	0
152509	3435	0
152509	3436	0
152509	3437	0
152509	3438	0
152509	3439	0
152509	3440	0
152512	3435	0
152512	3436	0
152512	3437	0
152512	3438	0
152512	3439	0
152512	3440	0
152513	4028	0
152513	4029	0
152513	4030	0
152513	4031	0
152513	4032	0
152513	4033	0
152516	4028	0
152516	4029	0
152516	4030	0
152516	4031	0
152516	4032	0
152516	4033	0
152519	4028	0
152519	4029	0
152519	4030	0
152519	4031	1
152519	4032	0
152519	4033	0
152595	4157	0
152595	4158	0
152595	4159	0
152595	4160	0
152595	4161	0
152595	4162	0
152596	4157	0
152596	4158	0
152596	4159	0
152596	4160	0
152596	4161	0
152596	4162	1
152597	4157	0
152597	4158	0
152597	4159	0
152597	4160	0
152597	4161	0
152597	4162	0
152662	6437	0
152662	6438	0
152662	6439	0
152662	6440	0
152662	6441	0
152662	6442	0
152663	6437	1
152663	6438	0
152663	6439	1
152663	6440	0
152663	6441	1
152663	6442	0
152664	6437	0
152664	6438	0
152664	6439	0
152664	6440	0
152664	6441	0
152664	6442	0
152724	6282	3
152724	6283	2
152724	6284	1
152724	6285	0
152724	6286	1
152724	6287	0
152725	6282	0
152725	6283	0
152725	6284	0
152725	6285	3
152725	6286	1
152725	6287	0
152726	6282	0
152726	6283	0
152726	6284	0
152726	6285	0
152726	6286	0
152726	6287	0
152739	4456	0
152739	4457	0
152739	4458	0
152739	4459	0
152739	4460	1
152739	4461	0
152740	4456	0
152740	4457	1
152740	4458	0
152740	4459	0
152740	4460	0
152740	4461	0
152741	4456	0
152741	4457	0
152741	4458	0
152741	4459	0
152741	4460	1
152741	4461	0
152746	6336	0
152746	6337	0
152746	6338	0
152746	6339	0
152746	6340	0
152746	6341	0
152747	6336	0
152747	6337	0
152747	6338	0
152747	6339	1
152747	6340	0
152747	6341	0
152749	6336	0
152749	6337	0
152749	6338	0
152749	6339	0
152749	6340	0
152749	6341	0
152767	5160	0
152767	5161	0
152767	5162	2
152767	5163	0
152767	5164	0
152767	5165	0
152768	5160	0
152768	5161	0
152768	5162	0
152768	5163	0
152768	5164	0
152768	5165	0
152769	5160	0
152769	5161	0
152769	5162	0
152769	5163	0
152769	5164	0
152769	5165	0
152778	3729	0
152778	3730	0
152778	3731	0
152778	3732	0
152778	3733	0
152778	3734	0
152779	3729	0
152779	3730	0
152779	3731	0
152779	3732	0
152779	3733	0
152779	3734	0
152780	3729	0
152780	3730	0
152780	3731	0
152780	3732	0
152780	3733	0
152780	3734	0
152787	6198	0
152787	6199	0
152787	6200	0
152787	6201	0
152787	6202	0
152787	6203	0
152788	6198	0
152788	6199	0
152788	6200	0
152788	6201	1
152788	6202	0
152788	6203	0
152789	6198	0
152789	6199	0
152789	6200	0
152789	6201	0
152789	6202	0
152789	6203	0
152790	4920	0
152790	4921	0
152790	4922	0
152790	4923	0
152790	4924	2
152790	4925	0
152791	4920	0
152791	4921	0
152791	4922	0
152791	4923	0
152791	4924	0
152791	4925	0
152792	4920	0
152792	4921	0
152792	4922	0
152792	4923	0
152792	4924	0
152792	4925	0
152804	6294	1
152804	6295	0
152804	6296	1
152804	6297	0
152804	6298	0
152804	6299	0
152805	6294	0
152805	6295	0
152805	6296	0
152805	6297	0
152805	6298	0
152805	6299	0
152806	6294	1
152806	6295	0
152806	6296	0
152806	6297	0
152806	6298	0
152806	6299	0
152876	2889	1
152876	2890	0
152876	2891	1
152876	2892	0
152876	2893	1
152876	2894	1
152877	2889	0
152877	2890	0
152877	2891	0
152877	2892	0
152877	2893	1
152877	2894	0
152878	2889	0
152878	2890	0
152878	2891	0
152878	2892	0
152878	2893	0
152878	2894	0
152890	7073	0
152890	7074	0
152890	7075	0
152890	7076	0
152890	7077	0
152890	7078	0
152895	4788	0
152895	4789	0
152895	4790	0
152895	4791	0
152895	4792	1
152895	4793	1
152896	4986	0
152896	4987	0
152896	4988	0
152896	4989	0
152896	4990	0
152896	4991	0
152897	7073	0
152897	7074	1
152897	7075	0
152897	7076	1
152897	7077	0
152897	7078	1
152901	4788	0
152901	4789	0
152901	4790	0
152901	4791	0
152901	4792	0
152901	4793	0
152903	4986	0
152903	4987	0
152903	4988	0
152903	4989	0
152903	4990	0
152903	4991	0
152904	7073	0
152904	7074	0
152904	7075	0
152904	7076	0
152904	7077	0
152904	7078	0
152909	4986	1
152909	4987	0
152909	4988	0
152909	4989	0
152909	4990	0
152909	4991	0
152910	4788	2
152910	4789	1
152910	4790	7
152910	4791	0
152910	4792	1
152910	4793	0
152917	3045	0
152917	3046	0
152917	3047	0
152917	3048	0
152917	3049	1
152917	3050	0
152920	3045	0
152920	3046	0
152920	3047	0
152920	3048	0
152920	3049	0
152920	3050	0
152921	3045	0
152921	3046	0
152921	3047	0
152921	3048	0
152921	3049	0
152921	3050	0
152927	2761	0
152927	2762	0
152927	2763	0
152927	2764	0
152927	2765	0
152927	2766	0
152928	6899	1
152928	6900	0
152928	6901	0
152928	6902	1
152928	6903	0
152928	6904	0
152929	6899	0
152929	6900	0
152929	6901	0
152929	6902	0
152929	6903	0
152929	6904	0
152930	2761	0
152930	2762	0
152930	2763	0
152930	2764	0
152930	2765	0
152930	2766	0
152931	2761	0
152931	2762	0
152931	2763	0
152931	2764	0
152931	2765	0
152931	2766	0
152932	6899	0
152932	6900	0
152932	6901	0
152932	6902	0
152932	6903	0
152932	6904	0
152944	6228	0
152944	6229	0
152944	6230	0
152944	6231	0
152944	6232	0
152944	6233	0
152950	6228	0
152950	6229	0
152950	6230	0
152950	6231	0
152950	6232	0
152950	6233	0
152956	6228	1
152956	6229	1
152956	6230	0
152956	6231	0
152956	6232	0
152956	6233	0
152995	6312	0
152995	6313	0
152995	6314	0
152995	6315	0
152995	6316	0
152995	6317	0
152996	7377	1
152996	7378	0
152996	7379	0
152996	7380	0
152996	7381	0
152996	7382	0
152997	7377	0
152997	7378	0
152997	7379	0
152997	7380	0
152997	7381	0
152997	7382	0
152998	6312	0
152998	6313	0
152998	6314	1
152998	6315	0
152998	6316	0
152998	6317	0
152999	6312	0
152999	6313	0
152999	6314	0
152999	6315	0
152999	6316	0
152999	6317	0
153001	4432	0
153001	4433	0
153001	4434	0
153001	4435	0
153001	4436	0
153001	4437	0
153004	4432	0
153004	4433	0
153004	4434	0
153004	4435	0
153004	4436	0
153004	4437	0
153005	4432	0
153005	4433	0
153005	4434	0
153005	4435	0
153005	4436	0
153005	4437	0
153024	3417	0
153024	3418	1
153024	3419	1
153024	3420	0
153024	3421	0
153024	3422	0
153025	3417	0
153025	3418	0
153025	3419	0
153025	3420	0
153025	3421	0
153025	3422	0
153028	3033	2
153028	3034	0
153028	3035	0
153028	3036	0
153028	3037	0
153028	3038	0
153029	3033	0
153029	3034	0
153029	3035	0
153029	3036	0
153029	3037	0
153029	3038	0
153030	3033	0
153030	3034	0
153030	3035	0
153030	3036	0
153030	3037	0
153030	3038	0
153031	6102	1
153031	6103	0
153031	6104	0
153031	6105	0
153031	6106	0
153031	6107	0
153032	6102	0
153032	6103	0
153032	6104	0
153032	6105	0
153032	6106	0
153032	6107	0
153033	7574	0
153033	7575	0
153033	7576	0
153033	7577	0
153033	7578	0
153033	7579	0
153034	7574	0
153034	7575	0
153034	7576	0
153034	7577	0
153034	7578	0
153034	7579	0
153035	7574	0
153035	7575	0
153035	7576	1
153035	7577	0
153035	7578	0
153035	7579	0
153039	3891	0
153039	3892	0
153039	3893	0
153039	3894	0
153039	3895	0
153039	3896	0
153040	3087	0
153040	3088	0
153040	3089	1
153040	3090	0
153040	3091	0
153040	3092	0
153041	3087	0
153041	3088	0
153041	3089	0
153041	3090	0
153041	3091	0
153041	3092	0
153042	3087	0
153042	3088	0
153042	3089	0
153042	3090	0
153042	3091	0
153042	3092	0
153043	3891	0
153043	3892	0
153043	3893	0
153043	3894	0
153043	3895	0
153043	3896	0
153044	3891	0
153044	3892	0
153044	3893	1
153044	3894	0
153044	3895	0
153044	3896	0
153051	7664	0
153051	7665	0
153051	7666	0
153051	7667	0
153051	7668	1
153051	7669	0
153052	7664	0
153052	7665	0
153052	7666	0
153052	7667	0
153052	7668	0
153052	7669	0
153053	7664	0
153053	7665	0
153053	7666	0
153053	7667	0
153053	7668	0
153053	7669	0
153097	6054	0
153097	6055	0
153097	6056	0
153097	6057	0
153097	6058	0
153097	6059	0
153098	6054	0
153098	6055	1
153098	6056	0
153098	6057	0
153098	6058	0
153098	6059	0
153177	5196	0
153177	5197	1
153177	5198	0
153177	5199	0
153177	5200	1
153177	5201	0
153178	5196	0
153178	5197	1
153178	5198	0
153178	5199	0
153178	5200	0
153178	5201	1
153179	5196	0
153179	5197	1
153179	5198	0
153179	5199	0
153179	5200	0
153179	5201	0
153249	5561	0
153249	5562	0
153249	5563	0
153249	5564	0
153249	5565	0
153249	5566	0
153250	5561	0
153250	5562	0
153250	5563	0
153250	5564	1
153250	5565	0
153250	5566	0
153251	5561	0
153251	5562	0
153251	5563	0
153251	5564	1
153251	5565	0
153251	5566	0
153265	6366	0
153265	6367	0
153265	6368	0
153265	6369	0
153265	6370	0
153265	6371	0
153266	6366	0
153266	6367	0
153266	6368	0
153266	6369	0
153266	6370	2
153266	6371	0
153267	6366	0
153267	6367	0
153267	6368	0
153267	6369	0
153267	6370	0
153267	6371	0
153288	2618	0
153288	2619	1
153288	2620	0
153288	2621	0
153288	2622	1
153288	2623	0
153289	2618	0
153289	2619	0
153289	2620	0
153289	2621	1
153289	2622	0
153289	2623	0
153290	2618	0
153290	2619	0
153290	2620	0
153290	2621	0
153290	2622	0
153290	2623	0
153297	3039	0
153297	3041	1
153297	3042	0
153297	3043	0
153297	3044	0
153298	3039	0
153298	3040	0
153298	3041	0
153298	3042	0
153298	3043	0
153298	3044	0
153327	3063	0
153327	3064	1
153327	3065	0
153327	3066	0
153327	3067	0
153327	3068	0
153328	3063	0
153328	3064	0
153328	3065	0
153328	3066	0
153328	3067	0
153328	3068	1
153331	3063	0
153331	3064	1
153331	3065	0
153331	3066	0
153331	3067	0
153331	3068	0
153340	3198	0
153340	3199	0
153340	3200	0
153340	3201	1
153340	3202	1
153340	3203	0
153341	3198	0
153341	3199	0
153341	3200	0
153341	3201	0
153341	3202	0
153341	3203	0
153342	3198	0
153342	3199	0
153342	3200	0
153342	3201	0
153342	3202	0
153342	3203	0
153356	5220	0
153356	5221	0
153356	5222	0
153356	5223	0
153356	5224	0
153356	5225	0
153359	5220	0
153359	5221	0
153359	5222	0
153359	5223	0
153359	5224	0
153359	5225	1
153361	5220	0
153361	5221	0
153361	5222	0
153361	5223	0
153361	5224	0
153361	5225	0
153375	7269	0
153375	7270	0
153375	7271	0
153375	7272	0
153375	7273	1
153375	7274	0
153377	7269	0
153377	7270	0
153377	7271	0
153377	7272	0
153377	7273	0
153377	7274	0
153378	7269	0
153378	7270	0
153378	7271	0
153378	7272	0
153378	7273	0
153378	7274	0
153386	3135	0
153386	3136	1
153386	3137	0
153386	3138	0
153386	3139	0
153386	3140	0
153387	3135	0
153387	3136	0
153387	3137	0
153387	3138	0
153387	3139	0
153387	3140	0
153388	3135	0
153388	3136	0
153388	3137	0
153388	3138	0
153388	3139	0
153388	3140	0
153395	4818	0
153395	4819	0
153395	4820	0
153395	4821	0
153395	4822	0
153395	4823	0
153412	5868	0
153412	5869	0
153412	5870	0
153412	5871	0
153412	5872	1
153412	5873	0
153417	5868	0
153417	5869	0
153417	5870	0
153417	5871	0
153417	5872	0
153417	5873	1
153465	3405	0
153465	3406	0
153465	3407	1
153465	3408	3
153465	3409	2
153465	3410	2
153466	7520	0
153466	7521	0
153466	7522	1
153466	7523	3
153466	7524	2
153466	7525	2
153467	7383	0
153467	7384	0
153467	7385	0
153467	7386	0
153467	7387	0
153467	7388	0
153468	7383	1
153468	7384	1
153468	7385	1
153468	7386	0
153468	7387	0
153468	7388	2
153469	7520	0
153469	7521	0
153469	7522	0
153469	7523	0
153469	7524	0
153469	7525	0
153559	3406	0
153559	3408	0
153559	3410	0
153560	3406	0
153560	3408	0
153560	3410	0
153568	3406	0
153568	3408	0
153568	3410	0
153591	2835	1
153591	2836	1
153591	2837	0
153591	2838	0
153591	2839	0
153591	2840	0
153595	2835	0
153595	2836	0
153595	2837	0
153595	2838	0
153595	2839	0
153595	2840	0
153597	2835	0
153597	2836	0
153597	2837	0
153597	2838	0
153597	2839	0
153597	2840	0
153666	7013	0
153666	7014	1
153666	7015	0
153666	7016	0
153666	7017	0
153666	7018	0
153670	7013	2
153670	7014	2
153670	7015	0
153670	7016	1
153670	7017	1
153670	7018	0
153671	7013	1
153671	7014	0
153671	7015	0
153671	7016	0
153671	7017	0
153671	7018	0
153707	4498	1
153707	4499	0
153707	4500	1
153707	4501	0
153707	4502	0
153707	4503	0
153709	4498	0
153709	4499	0
153709	4500	0
153709	4501	0
153709	4502	0
153709	4503	0
153711	4498	0
153711	4499	0
153711	4500	0
153711	4501	0
153711	4502	0
153711	4503	0
153721	4062	0
153721	4063	0
153721	4064	0
153721	4065	0
153721	4066	0
153721	4067	0
153722	4062	0
153722	4063	0
153722	4064	0
153722	4065	0
153722	4066	0
153722	4067	0
153723	4062	0
153723	4063	0
153723	4064	0
153723	4065	0
153723	4066	0
153723	4067	0
153729	3057	0
153729	3058	0
153729	3059	0
153729	3060	0
153729	3061	0
153729	3062	0
153755	3406	0
153755	3408	0
153755	3410	0
153759	3406	0
153759	3408	0
153759	3410	0
153763	3406	0
153763	3408	0
153763	3410	0
153790	3645	0
153790	3646	0
153790	3647	0
153790	3648	0
153790	3649	0
153790	3650	0
153806	2666	0
153806	2667	0
153806	2668	0
153806	2669	1
153806	2670	0
153806	2671	0
153900	5868	0
153900	5869	0
153900	5870	0
153900	5871	0
153900	5872	0
153900	5873	1
153903	5868	0
153903	5869	0
153903	5870	0
153903	5871	0
153903	5872	1
153903	5873	0
153924	3645	0
153924	3646	0
153924	3647	0
153924	3648	0
153924	3649	0
153924	3650	0
153925	3645	0
153925	3646	0
153925	3647	0
153925	3648	0
153925	3649	0
153925	3650	0
154006	3645	1
154006	3646	0
154006	3647	0
154006	3648	0
154006	3649	0
154006	3650	0
154263	5659	0
154263	5660	0
154263	5661	1
154263	5662	0
154263	5663	0
154263	5664	0
154264	5659	1
154264	5660	0
154264	5661	0
154264	5662	0
154264	5663	0
154264	5664	0
154299	7484	0
154299	7485	0
154299	7486	0
154299	7487	0
154299	7488	0
154299	7489	0
154300	7484	0
154300	7485	0
154300	7486	0
154300	7487	0
154300	7488	0
154300	7489	0
154305	5928	0
154305	5929	0
154305	5930	0
154305	5931	0
154305	5932	0
154305	5933	0
154310	5928	0
154310	5929	0
154310	5930	0
154310	5931	0
154310	5932	0
154310	5933	0
154318	3765	0
154318	3766	0
154318	3767	0
154318	3768	0
154318	3769	0
154318	3770	0
154319	3765	0
154319	3766	0
154319	3767	0
154319	3768	0
154319	3769	0
154319	3770	0
154320	3765	0
154320	3766	0
154320	3767	0
154320	3768	0
154320	3769	0
154320	3770	1
154334	5659	0
154334	5660	0
154334	5661	1
154334	5662	0
154334	5663	0
154334	5664	0
154335	5659	1
154335	5660	0
154335	5661	0
154335	5662	0
154335	5663	0
154335	5664	0
154346	7484	0
154346	7485	0
154346	7486	0
154346	7487	0
154346	7488	0
154346	7489	0
154347	5928	0
154347	5929	0
154347	5930	0
154347	5931	0
154347	5932	0
154347	5933	0
154348	7484	0
154348	7485	0
154348	7486	0
154348	7487	0
154348	7488	0
154348	7489	0
154349	5928	0
154349	5929	0
154349	5930	0
154349	5931	0
154349	5932	0
154349	5933	0
154353	3765	0
154353	3766	0
154353	3767	0
154353	3768	0
154353	3769	0
154353	3770	1
154354	3765	0
154354	3766	0
154354	3767	0
154354	3768	0
154354	3769	0
154354	3770	0
154355	3765	0
154355	3766	0
154355	3767	0
154355	3768	0
154355	3769	0
154355	3770	0
154356	3645	1
154356	3646	0
154356	3647	0
154356	3648	0
154356	3649	0
154356	3650	0
154393	7377	0
154393	7378	0
154393	7379	0
154393	7380	0
154393	7381	0
154393	7382	0
154856	4752	0
154856	4753	1
154856	4754	0
154856	4755	0
154856	4756	0
154856	4757	1
154857	4752	0
154857	4753	0
154857	4754	0
154857	4755	0
154857	4756	0
154857	4757	0
154858	4752	0
154858	4753	0
154858	4754	0
154858	4755	1
154858	4756	1
154858	4757	0
154866	5411	0
154866	5412	0
154866	5413	1
154866	5414	0
154866	5415	1
154866	5416	0
154871	4764	1
154871	4765	0
154871	4766	0
154871	4767	0
154871	4768	0
154871	4769	0
154875	6246	0
154875	6247	0
154875	6248	1
154875	6249	0
154875	6250	1
154875	6251	0
154876	4438	0
154876	4439	0
154876	4440	0
154876	4441	1
154876	4442	0
154876	4443	0
154929	3075	0
154929	3076	0
154929	3077	0
154929	3078	1
154929	3079	0
154929	3080	0
154968	5196	0
154968	5197	0
154968	5198	0
154968	5199	0
154968	5200	0
154968	5201	0
155008	7155	0
155008	7156	0
155008	7157	0
155008	7158	1
155008	7159	0
155008	7160	0
155009	5886	0
155009	5887	0
155009	5888	0
155009	5889	0
155009	5890	0
155009	5891	0
155012	5784	1
155012	5785	0
155012	5786	0
155012	5787	0
155012	5788	0
155012	5789	0
155018	4968	0
155018	4969	0
155018	4970	2
155018	4971	0
155018	4972	4
155018	4973	0
155088	7215	0
155088	7216	1
155088	7217	0
155088	7218	0
155088	7219	0
155088	7220	0
155091	3651	1
155091	3652	1
155091	3653	0
155091	3654	0
155091	3655	0
155091	3656	0
155114	4764	0
155114	4765	0
155114	4766	0
155114	4767	0
155114	4768	0
155114	4769	0
155117	7155	0
155117	7156	0
155117	7157	0
155117	7158	0
155117	7159	0
155117	7160	0
155118	4968	1
155118	4969	1
155118	4970	1
155118	4971	0
155118	4972	0
155118	4973	0
155146	5886	0
155146	5887	0
155146	5888	0
155146	5889	0
155146	5890	0
155146	5891	0
155172	5375	0
155172	5376	0
155172	5377	0
155172	5378	0
155172	5379	0
155172	5380	0
155173	5375	0
155173	5376	0
155173	5377	0
155173	5378	0
155173	5379	0
155173	5380	0
155176	5196	0
155176	5197	2
155176	5198	0
155176	5199	1
155176	5200	0
155176	5201	0
155194	6246	0
155194	6247	0
155194	6248	0
155194	6249	0
155194	6250	1
155194	6251	0
155203	5988	0
155203	5989	0
155203	5990	0
155203	5991	0
155203	5992	0
155203	5993	0
155204	5988	0
155204	5989	0
155204	5990	0
155204	5991	0
155204	5992	0
155204	5993	0
155207	7604	0
155207	7605	0
155207	7606	0
155207	7607	0
155207	7608	0
155207	7609	1
155211	3246	0
155211	3247	0
155211	3248	0
155211	3249	0
155211	3250	0
155211	3251	0
155213	3246	0
155213	3247	0
155213	3248	0
155213	3249	0
155213	3250	0
155213	3251	0
155215	5784	0
155215	5785	0
155215	5786	0
155215	5787	0
155215	5788	0
155215	5789	0
155216	3651	0
155216	3652	0
155216	3653	0
155216	3654	0
155216	3655	0
155216	3656	0
155244	7013	0
155244	7014	0
155244	7015	0
155244	7016	0
155244	7017	0
155244	7018	0
155247	7215	0
155247	7216	0
155247	7217	0
155247	7218	0
155247	7219	0
155247	7220	0
155261	7604	0
155261	7605	0
155261	7606	0
155261	7607	0
155261	7608	0
155261	7609	0
155268	4764	0
155268	4765	0
155268	4766	0
155268	4767	0
155268	4768	0
155268	4769	0
155270	5375	0
155270	5376	0
155270	5377	0
155270	5378	0
155270	5379	0
155270	5380	0
155542	3246	0
155542	3247	0
155542	3248	0
155542	3249	0
155542	3250	0
155542	3251	0
155559	5988	0
155559	5989	0
155559	5990	0
155559	5991	0
155559	5992	0
155559	5993	0
155567	4605	0
155567	4606	0
155567	4607	0
155567	4608	0
155567	4609	0
155567	4610	0
155568	4605	0
155568	4606	0
155568	4607	0
155568	4608	0
155568	4609	0
155568	4610	0
155569	4605	0
155569	4606	0
155569	4607	0
155569	4608	0
155569	4609	1
155569	4610	0
155577	4438	0
155577	4439	0
155577	4440	0
155577	4441	0
155577	4442	0
155577	4443	0
155603	5196	0
155603	5197	0
155603	5198	0
155603	5199	0
155603	5200	0
155603	5201	0
155617	7155	0
155617	7156	0
155617	7157	0
155617	7158	1
155617	7159	0
155617	7160	0
155631	6246	0
155631	6247	0
155631	6248	1
155631	6249	0
155631	6250	0
155631	6251	0
155635	2973	1
155635	2974	0
155635	2975	0
155635	2976	0
155636	2973	0
155636	2974	0
155636	2975	0
155636	2976	0
155637	2973	0
155637	2974	0
155637	2975	0
155637	2976	0
155640	7604	0
155640	7605	0
155640	7606	0
155640	7607	0
155640	7608	0
155640	7609	0
155641	3075	0
155641	3076	0
155641	3077	0
155641	3078	0
155641	3079	0
155641	3080	0
155653	4968	0
155653	4969	0
155653	4970	0
155653	4971	0
155653	4972	0
155653	4973	0
155654	5886	0
155654	5887	0
155654	5888	0
155654	5889	0
155654	5890	0
155654	5891	0
155661	7323	0
155661	7324	1
155661	7325	0
155661	7326	0
155661	7327	0
155661	7328	0
155662	7323	0
155662	7324	0
155662	7325	0
155662	7326	0
155662	7327	0
155662	7328	0
155663	7323	0
155663	7324	0
155663	7325	0
155663	7326	0
155663	7327	0
155663	7328	0
155668	3789	0
155668	3790	0
155668	3791	0
155668	3792	0
155668	3793	0
155668	3794	0
155669	3789	0
155669	3790	0
155669	3791	0
155669	3792	0
155669	3793	0
155669	3794	0
155670	3789	0
155670	3790	0
155670	3791	0
155670	3792	0
155670	3793	0
155670	3794	0
155792	7215	0
155792	7216	0
155792	7217	0
155792	7218	0
155792	7219	0
155792	7220	0
155795	5790	0
155795	5791	0
155795	5792	0
155795	5793	0
155795	5794	0
155795	5795	0
155796	5790	0
155796	5791	1
155796	5792	0
155796	5793	0
155796	5794	0
155796	5795	0
155797	6851	0
155797	6852	0
155797	6853	0
155797	6854	0
155797	6855	0
155797	6856	0
155798	6851	0
155798	6852	0
155798	6853	1
155798	6854	0
155798	6855	0
155798	6856	3
155799	5832	0
155799	5833	2
155799	5834	0
155799	5835	0
155799	5836	0
155799	5837	0
155800	5832	0
155800	5833	0
155800	5834	0
155800	5835	0
155800	5836	0
155800	5837	0
155809	3105	0
155809	3106	0
155809	3107	0
155809	3108	0
155809	3109	0
155809	3110	0
155824	3105	0
155824	3106	0
155824	3107	1
155824	3108	0
155824	3109	0
155824	3110	0
155868	6613	0
155868	6614	0
155868	6615	0
155868	6616	0
155868	6617	0
155868	6618	0
155881	6613	0
155881	6614	0
155881	6615	1
155881	6616	0
155881	6617	0
155881	6618	1
155884	6613	0
155884	6614	0
155884	6615	0
155884	6616	0
155884	6617	0
155884	6618	0
156073	5790	0
156073	5791	1
156073	5792	0
156073	5793	0
156073	5794	0
156073	5795	0
156074	5832	0
156074	5833	2
156074	5834	0
156074	5835	0
156074	5836	0
156074	5837	0
156320	3651	1
156320	3652	1
156320	3653	0
156320	3654	0
156320	3655	0
156320	3656	0
156321	3651	0
156321	3652	0
156321	3653	0
156321	3654	0
156321	3655	0
156321	3656	0
156333	7323	0
156333	7324	1
156333	7325	0
156333	7326	0
156333	7327	0
156333	7328	0
156334	7323	0
156334	7324	0
156334	7325	0
156334	7326	0
156334	7327	0
156334	7328	0
156335	7323	0
156335	7324	0
156335	7325	0
156335	7326	0
156335	7327	0
156335	7328	0
156395	4605	0
156395	4606	0
156395	4607	0
156395	4608	0
156395	4609	0
156395	4610	0
156396	4605	0
156396	4606	0
156396	4607	0
156396	4608	0
156396	4609	0
156396	4610	0
156397	4605	0
156397	4606	0
156397	4607	0
156397	4608	0
156397	4609	1
156397	4610	0
156398	3246	0
156398	3247	0
156398	3248	0
156398	3249	0
156398	3250	0
156398	3251	0
156400	3246	0
156400	3247	0
156400	3248	0
156400	3249	0
156400	3250	0
156400	3251	0
156402	3246	0
156402	3247	0
156402	3248	0
156402	3249	0
156402	3250	0
156402	3251	0
156450	7377	0
156450	7378	0
156450	7379	0
156450	7380	0
156450	7381	0
156450	7382	0
156454	7377	0
156454	7378	1
156454	7379	0
156454	7380	0
156454	7381	0
156454	7382	0
156457	5784	1
156457	5785	0
156457	5786	0
156457	5787	0
156457	5788	0
156457	5789	0
156462	7377	0
156462	7378	1
156462	7379	0
156462	7380	0
156462	7381	0
156462	7382	0
156554	4968	0
156554	4969	0
156554	4970	2
156554	4971	0
156554	4972	4
156554	4973	0
156555	5886	0
156555	5887	0
156555	5888	0
156555	5889	0
156555	5890	0
156555	5891	0
156556	7155	0
156556	7156	0
156556	7157	0
156556	7158	1
156556	7159	0
156556	7160	0
156559	5196	0
156559	5197	0
156559	5198	0
156559	5199	0
156559	5200	0
156559	5201	0
156560	4968	1
156560	4969	1
156560	4970	1
156560	4971	0
156560	4972	0
156560	4973	0
156561	5886	0
156561	5887	0
156561	5888	0
156561	5889	0
156561	5890	0
156561	5891	0
156562	7155	0
156562	7156	0
156562	7157	0
156562	7158	0
156562	7159	0
156562	7160	0
156564	5196	0
156564	5197	2
156564	5198	0
156564	5199	1
156564	5200	0
156564	5201	0
156566	4968	0
156566	4969	0
156566	4970	0
156566	4971	0
156566	4972	0
156566	4973	0
156567	5886	0
156567	5887	0
156567	5888	0
156567	5889	0
156567	5890	0
156567	5891	0
156569	7155	0
156569	7156	0
156569	7157	0
156569	7158	1
156569	7159	0
156569	7160	0
156570	5196	0
156570	5197	0
156570	5198	0
156570	5199	0
156570	5200	0
156570	5201	0
156604	4764	0
156604	4765	0
156604	4766	0
156604	4767	0
156604	4768	0
156604	4769	0
156605	4764	1
156605	4765	0
156605	4766	0
156605	4767	0
156605	4768	0
156605	4769	0
156606	4764	0
156606	4765	0
156606	4766	0
156606	4767	0
156606	4768	0
156606	4769	0
156607	7604	0
156607	7605	0
156607	7606	0
156607	7607	0
156607	7608	0
156607	7609	1
156608	7604	0
156608	7605	0
156608	7606	0
156608	7607	0
156608	7608	0
156608	7609	0
156609	7604	0
156609	7605	0
156609	7606	0
156609	7607	0
156609	7608	0
156609	7609	0
156613	6246	0
156613	6247	0
156613	6248	1
156613	6249	0
156613	6250	1
156613	6251	0
156614	6246	0
156614	6247	0
156614	6248	0
156614	6249	0
156614	6250	1
156614	6251	0
156615	6246	0
156615	6247	0
156615	6248	1
156615	6249	0
156615	6250	0
156615	6251	0
156622	5375	0
156622	5376	0
156622	5377	0
156622	5378	0
156622	5379	0
156622	5380	0
156623	5375	0
156623	5376	0
156623	5377	0
156623	5378	0
156623	5379	0
156623	5380	0
156624	5375	0
156624	5376	0
156624	5377	0
156624	5378	0
156624	5379	0
156624	5380	0
156648	2973	1
156648	2974	0
156648	2975	0
156648	2976	0
156649	2973	0
156649	2974	0
156649	2975	0
156649	2976	0
156650	2973	0
156650	2974	0
156650	2975	0
156650	2976	0
156660	7215	0
156660	7216	1
156660	7217	0
156660	7218	0
156660	7219	0
156660	7220	0
156661	7215	0
156661	7216	0
156661	7217	0
156661	7218	0
156661	7219	0
156661	7220	0
156662	7215	0
156662	7216	0
156662	7217	0
156662	7218	0
156662	7219	0
156662	7220	0
156672	3789	0
156672	3790	0
156672	3791	0
156672	3792	0
156672	3793	0
156672	3794	0
156673	3789	0
156673	3790	0
156673	3791	0
156673	3792	0
156673	3793	0
156673	3794	0
156674	3789	0
156674	3790	0
156674	3791	0
156674	3792	0
156674	3793	0
156674	3794	0
156675	6613	0
156675	6614	0
156675	6615	0
156675	6616	0
156675	6617	0
156675	6618	0
156676	6613	0
156676	6614	0
156676	6615	1
156676	6616	0
156676	6617	0
156676	6618	1
156678	6613	0
156678	6614	0
156678	6615	0
156678	6616	0
156678	6617	0
156678	6618	0
156701	4752	0
156701	4753	1
156701	4754	0
156701	4755	0
156701	4756	0
156701	4757	1
156702	4752	0
156702	4753	0
156702	4754	0
156702	4755	0
156702	4756	0
156702	4757	0
156703	4752	0
156703	4753	0
156703	4754	0
156703	4755	1
156703	4756	1
156703	4757	0
156736	3837	0
156736	3838	0
156736	3839	0
156736	3840	0
156736	3841	0
156736	3842	0
156739	3837	1
156739	3838	0
156739	3839	0
156739	3840	0
156739	3841	1
156739	3842	1
156740	3837	0
156740	3838	0
156740	3839	0
156740	3840	0
156740	3841	0
156740	3842	0
156766	6384	0
156766	6385	0
156766	6386	0
156766	6387	1
156766	6388	0
156766	6389	0
156767	6384	0
156767	6385	0
156767	6386	0
156767	6387	1
156767	6388	0
156767	6389	0
156768	3657	0
156768	3658	0
156768	3659	0
156768	3660	0
156768	3661	0
156768	3662	0
156769	3657	0
156769	3658	0
156769	3659	0
156769	3660	0
156769	3661	0
156769	3662	2
156770	6384	0
156770	6385	0
156770	6386	1
156770	6387	0
156770	6388	0
156771	6384	0
156771	6385	0
156771	6386	1
156771	6387	0
156771	6388	0
156772	3657	1
156772	3658	0
156772	3659	0
156772	3660	0
156772	3661	0
156772	3662	0
156773	3075	0
156773	3076	0
156773	3077	0
156773	3078	0
156773	3079	0
156773	3080	0
156774	6384	0
156774	6385	0
156774	6386	0
156774	6387	0
156774	6388	0
156774	6389	0
156775	6384	0
156775	6385	0
156775	6386	0
156775	6387	0
156775	6388	0
156775	6389	0
156776	4521	0
156776	4522	0
156776	4523	0
156776	4524	0
156776	4525	0
156776	4526	0
156777	4521	0
156777	4522	0
156777	4523	0
156777	4524	0
156777	4525	0
156777	4526	1
156778	4521	0
156778	4522	0
156778	4523	0
156778	4524	0
156778	4525	0
156778	4526	0
156779	5988	0
156779	5989	0
156779	5990	0
156779	5991	0
156779	5992	0
156779	5993	0
156780	5988	0
156780	5989	0
156780	5990	0
156780	5991	0
156780	5992	0
156780	5993	0
156781	5988	0
156781	5989	0
156781	5990	0
156781	5991	0
156781	5992	0
156781	5993	0
156782	3075	0
156782	3076	0
156782	3077	0
156782	3078	0
156782	3079	0
156782	3080	0
156783	3075	0
156783	3076	0
156783	3077	0
156783	3078	0
156783	3079	0
156783	3080	0
156784	3075	0
156784	3076	0
156784	3077	0
156784	3078	1
156784	3079	0
156784	3080	0
156794	4521	0
156794	4522	0
156794	4523	0
156794	4524	0
156794	4525	0
156794	4526	0
156795	4521	0
156795	4522	0
156795	4523	0
156795	4524	0
156795	4525	0
156795	4526	1
156796	4521	0
156796	4522	0
156796	4523	0
156796	4524	0
156796	4525	0
156796	4526	0
156806	3657	0
156806	3658	0
156806	3659	0
156806	3660	0
156806	3661	0
156806	3662	0
156807	3657	0
156807	3658	0
156807	3659	0
156807	3660	0
156807	3661	0
156807	3662	2
156808	3657	1
156808	3658	0
156808	3659	0
156808	3660	0
156808	3661	0
156808	3662	0
156816	3837	0
156816	3838	0
156816	3839	0
156816	3840	0
156816	3841	0
156816	3842	0
156818	3837	1
156818	3838	0
156818	3839	0
156818	3840	0
156818	3841	1
156818	3842	1
156819	3837	0
156819	3838	0
156819	3839	0
156819	3840	0
156819	3841	0
156819	3842	0
156821	3651	0
156821	3652	0
156821	3653	0
156821	3654	0
156821	3655	0
156821	3656	0
156859	5724	0
156859	5725	0
156859	5726	0
156859	5727	0
156859	5728	0
156859	5729	0
156860	4740	0
156860	4741	0
156860	4742	0
156860	4743	0
156860	4744	0
156860	4745	0
156861	4740	0
156861	4741	0
156861	4742	0
156861	4743	0
156861	4744	0
156861	4745	0
156862	5724	0
156862	5725	0
156862	5726	0
156862	5727	0
156862	5728	0
156862	5729	0
156863	5724	0
156863	5725	0
156863	5726	1
156863	5727	0
156863	5728	0
156863	5729	0
156865	5363	0
156865	5364	0
156865	5365	1
156865	5366	0
156865	5367	1
156865	5368	0
156866	5363	0
156866	5364	0
156866	5365	0
156866	5366	0
156866	5367	0
156866	5368	0
156867	5363	0
156867	5364	0
156867	5365	0
156867	5366	0
156867	5367	0
156867	5368	0
156957	4414	0
156957	4415	0
156957	4416	0
156957	4417	1
156957	4418	0
156957	4419	0
156958	4414	0
156958	4415	0
156958	4416	0
156958	4417	0
156958	4418	0
156958	4419	0
156959	4414	0
156959	4415	0
156959	4416	0
156959	4417	0
156959	4418	0
156959	4419	0
156960	5363	0
156960	5364	0
156960	5365	1
156960	5366	0
156960	5367	1
156960	5368	0
156961	5363	0
156961	5364	0
156961	5365	0
156961	5366	0
156961	5367	0
156961	5368	0
156962	5363	0
156962	5364	0
156962	5365	0
156962	5366	0
156962	5367	0
156962	5368	0
156963	4740	0
156963	4741	0
156963	4742	0
156963	4743	0
156963	4744	0
156963	4745	0
156964	4740	0
156964	4741	0
156964	4742	0
156964	4743	0
156964	4744	0
156964	4745	0
156983	7377	0
156983	7378	0
156983	7379	0
156983	7380	0
156983	7381	0
156983	7382	0
157005	2761	0
157005	2762	0
157005	2763	1
157005	2764	0
157005	2765	1
157005	2766	0
157006	6899	0
157006	6900	0
157006	6901	0
157006	6902	0
157006	6903	0
157006	6904	0
157007	2761	0
157007	2762	0
157007	2763	0
157007	2764	0
157007	2765	0
157007	2766	0
157008	6899	0
157008	6900	0
157008	6901	0
157008	6902	1
157008	6903	0
157008	6904	0
157061	4623	0
157061	4624	0
157061	4625	0
157061	4626	0
157061	4627	0
157061	4628	0
157062	4623	0
157062	4624	0
157062	4625	0
157062	4626	0
157062	4627	0
157062	4628	0
157168	5683	0
157168	5684	0
157168	5685	1
157168	5686	0
157168	5687	0
157168	5688	0
157169	5683	0
157169	5684	0
157169	5685	0
157169	5686	0
157169	5687	0
157169	5688	0
157170	5683	0
157170	5684	0
157170	5685	0
157170	5686	0
157170	5687	0
157170	5688	0
157187	2630	0
157187	2631	0
157187	2632	0
157187	2633	0
157187	2634	0
157187	2635	0
157188	2630	0
157188	2631	1
157188	2632	0
157188	2633	0
157188	2634	0
157188	2635	0
157189	2630	0
157189	2631	0
157189	2632	0
157189	2633	0
157189	2634	0
157189	2635	0
157306	4782	0
157306	4783	0
157306	4784	0
157306	4785	0
157306	4786	0
157306	4787	0
157307	4782	0
157307	4783	0
157307	4784	0
157307	4785	0
157307	4786	0
157307	4787	0
157308	4782	0
157308	4783	0
157308	4784	0
157308	4785	0
157308	4786	0
157308	4787	0
157313	3123	0
157313	3124	0
157313	3125	1
157313	3126	0
157313	3127	0
157313	3128	0
157314	3123	0
157314	3124	0
157314	3125	0
157314	3126	0
157314	3127	0
157314	3128	0
157315	3123	0
157315	3124	0
157315	3125	0
157315	3126	0
157315	3127	1
157315	3128	0
157316	6437	0
157316	6438	0
157316	6439	0
157316	6440	0
157316	6441	0
157316	6442	0
157321	7574	0
157321	7575	0
157321	7576	0
157321	7577	0
157321	7578	0
157321	7579	0
157324	3033	0
157324	3034	0
157324	3035	0
157324	3036	0
157324	3037	0
157324	3038	0
157327	4062	0
157327	4063	0
157327	4064	0
157327	4065	1
157327	4066	0
157327	4067	0
157350	7269	1
157350	7270	0
157350	7271	0
157350	7272	0
157350	7273	0
157350	7274	0
157351	3198	0
157351	3199	0
157351	3200	0
157351	3201	0
157351	3202	0
157351	3203	0
157352	5160	0
157352	5161	0
157352	5162	0
157352	5163	0
157352	5164	0
157352	5165	0
157357	3198	0
157357	3199	0
157357	3200	0
157357	3201	1
157357	3202	0
157357	3203	0
157362	6342	0
157362	6343	0
157362	6344	0
157362	6345	0
157362	6346	0
157362	6347	0
157366	4752	0
157366	4753	1
157366	4754	1
157366	4755	0
157366	4756	0
157366	4757	0
157390	6336	0
157390	6337	0
157390	6338	0
157390	6339	0
157390	6340	0
157390	6341	0
157399	4438	0
157399	4439	0
157399	4440	0
157399	4441	1
157399	4442	0
157399	4443	0
157409	6437	0
157409	6438	1
157409	6439	0
157409	6440	0
157409	6441	0
157409	6442	0
157426	7574	0
157426	7575	1
157426	7576	0
157426	7577	0
157426	7578	0
157426	7579	0
157434	6342	0
157434	6343	0
157434	6344	0
157434	6345	0
157434	6346	0
157434	6347	0
157439	3034	0
157456	4752	1
157456	4753	1
157456	4754	0
157456	4755	0
157456	4756	1
157456	4757	0
157458	3045	0
157458	3046	0
157458	3047	0
157458	3048	0
157458	3049	1
157458	3050	1
157460	3045	0
157460	3046	0
157460	3047	2
157460	3048	0
157460	3049	0
157460	3050	0
157464	4432	0
157464	4433	0
157464	4434	0
157464	4435	0
157464	4436	0
157464	4437	0
157465	4432	0
157465	4433	1
157465	4434	0
157465	4435	0
157465	4436	0
157465	4437	0
157468	5160	0
157468	5161	0
157468	5162	0
157468	5163	0
157468	5164	0
157468	5165	1
157470	6336	0
157470	6337	0
157470	6338	0
157470	6339	0
157470	6340	0
157470	6341	0
157489	7269	0
157489	7270	0
157489	7271	0
157489	7272	0
157489	7273	0
157489	7274	0
157493	4062	0
157493	4063	0
157493	4064	0
157493	4065	0
157493	4066	0
157493	4067	0
157494	4062	0
157494	4063	0
157494	4064	0
157494	4065	0
157494	4066	0
157494	4067	0
157499	6342	0
157499	6343	0
157499	6344	0
157499	6345	0
157499	6346	0
157499	6347	0
157501	6336	0
157501	6337	0
157501	6338	0
157501	6339	0
157501	6340	0
157501	6341	0
157519	6437	0
157519	6438	0
157519	6439	0
157519	6440	0
157519	6441	0
157519	6442	0
157538	3039	0
157538	3040	0
157538	3041	0
157538	3042	0
157538	3043	0
157538	3044	0
157559	6312	0
157559	6313	0
157559	6314	0
157559	6315	0
157559	6316	0
157559	6317	0
157560	6312	0
157560	6313	0
157560	6314	0
157560	6315	0
157560	6316	0
157560	6317	0
157568	5411	0
157568	5412	1
157568	5413	0
157568	5414	0
157568	5415	0
157568	5416	0
157569	5411	0
157569	5412	0
157569	5413	0
157569	5414	0
157569	5415	0
157569	5416	0
157571	3033	0
157571	3034	0
157571	3035	0
157571	3036	2
157571	3037	0
157571	3038	0
157580	3045	0
157580	3046	0
157580	3047	0
157580	3048	0
157580	3049	0
157580	3050	0
157586	3435	0
157586	3436	0
157586	3437	0
157586	3438	0
157586	3439	0
157586	3440	0
157587	3435	0
157587	3436	1
157587	3437	0
157587	3438	0
157587	3439	0
157587	3440	0
157588	3435	0
157588	3436	0
157588	3437	0
157588	3438	0
157588	3439	0
157588	3440	0
157589	5381	0
157589	5382	0
157589	5383	0
157589	5384	0
157589	5385	0
157589	5386	0
157591	5381	0
157591	5382	0
157591	5383	0
157591	5384	0
157591	5385	0
157591	5386	0
157606	2835	0
157606	2836	0
157606	2837	0
157606	2838	0
157606	2839	1
157606	2840	0
157607	2835	0
157607	2836	0
157607	2837	0
157607	2838	0
157607	2839	0
157607	2840	0
157608	2835	0
157608	2836	0
157608	2837	2
157608	2838	0
157608	2839	0
157608	2840	0
157609	7574	0
157609	7575	0
157609	7576	0
157609	7577	0
157609	7578	0
157609	7579	2
157619	5160	0
157619	5161	0
157619	5162	0
157619	5163	0
157619	5164	0
157619	5165	0
157621	4752	0
157621	4753	0
157621	4754	0
157621	4755	1
157621	4756	0
157621	4757	1
157625	4432	0
157625	4433	0
157625	4434	0
157625	4435	0
157625	4436	0
157625	4437	0
157650	6228	0
157650	6229	0
157650	6230	1
157650	6231	0
157650	6232	0
157650	6233	1
157659	6228	0
157659	6229	0
157659	6230	0
157659	6231	0
157659	6232	0
157659	6233	0
157669	5154	0
157669	5155	0
157669	5156	0
157669	5157	0
157669	5158	0
157669	5159	0
157670	5154	0
157670	5155	0
157670	5156	0
157670	5157	0
157670	5158	0
157670	5159	0
157674	6228	0
157674	6229	0
157674	6230	0
157674	6231	0
157674	6232	0
157674	6233	0
157711	4788	0
157711	4789	0
157711	4790	0
157711	4791	0
157711	4792	0
157711	4793	0
157712	4788	0
157712	4789	0
157712	4790	0
157712	4791	0
157712	4792	1
157712	4793	0
157713	4788	0
157713	4789	0
157713	4790	1
157713	4791	0
157713	4792	0
157713	4793	0
157714	4456	1
157714	4457	0
157714	4458	1
157714	4459	0
157714	4460	0
157714	4461	1
157715	4456	0
157715	4457	0
157715	4458	0
157715	4459	0
157715	4460	0
157715	4461	0
157716	4986	1
157716	4987	0
157716	4988	0
157716	4989	0
157716	4990	0
157716	4991	0
157717	3405	0
157717	3406	0
157717	3407	1
157717	3408	1
157717	3409	0
157717	3410	0
157718	4986	0
157718	4987	0
157718	4988	1
157718	4989	1
157718	4990	0
157718	4991	0
157719	4986	0
157719	4987	0
157719	4988	0
157719	4989	0
157719	4990	0
157719	4991	0
157720	4456	0
157720	4457	0
157720	4458	1
157720	4459	0
157720	4460	0
157720	4461	0
157743	7073	0
157743	7074	0
157743	7075	0
157743	7076	0
157743	7077	0
157743	7078	0
157744	7073	0
157744	7074	0
157744	7075	1
157744	7076	0
157744	7077	0
157744	7078	0
157745	7073	1
157745	7074	0
157745	7075	1
157745	7076	0
157745	7077	1
157745	7078	0
157746	3087	0
157746	3088	0
157746	3089	0
157746	3090	1
157746	3091	0
157746	3092	0
157755	3198	0
157755	3199	0
157755	3200	0
157755	3201	1
157755	3202	0
157755	3203	1
157756	3198	0
157756	3199	0
157756	3200	0
157756	3201	0
157756	3202	0
157756	3203	0
157883	7574	0
157883	7575	0
157883	7576	0
157883	7577	0
157883	7578	0
157883	7579	0
157884	7574	0
157884	7575	1
157884	7576	0
157884	7577	0
157884	7578	0
157884	7579	0
157885	7574	0
157885	7575	0
157885	7576	0
157885	7577	0
157885	7578	0
157885	7579	2
157886	3033	0
157886	3034	0
157886	3035	0
157886	3036	0
157886	3037	0
157886	3038	0
157887	3034	0
157888	3033	0
157888	3034	0
157888	3035	0
157888	3036	2
157888	3037	0
157888	3038	0
157895	4752	0
157895	4753	1
157895	4754	1
157895	4755	0
157895	4756	0
157895	4757	0
157896	4752	1
157896	4753	1
157896	4754	0
157896	4755	0
157896	4756	1
157896	4757	0
157897	4752	0
157897	4753	0
157897	4754	0
157897	4755	1
157897	4756	0
157897	4757	1
157907	2835	0
157907	2836	0
157907	2837	0
157907	2838	0
157907	2839	1
157907	2840	0
157908	2835	0
157908	2836	0
157908	2837	0
157908	2838	0
157908	2839	0
157908	2840	0
157909	2835	0
157909	2836	0
157909	2837	2
157909	2838	0
157909	2839	0
157909	2840	0
157919	4438	0
157919	4439	0
157919	4440	0
157919	4441	1
157919	4442	0
157919	4443	0
157920	4438	0
157920	4439	0
157920	4440	0
157920	4441	1
157920	4442	0
157920	4443	0
157921	4438	0
157921	4439	0
157921	4440	0
157921	4441	0
157921	4442	0
157921	4443	0
157937	5561	0
157937	5562	1
157937	5563	0
157937	5564	0
157937	5565	0
157937	5566	0
157938	5561	0
157938	5562	0
157938	5563	0
157938	5564	0
157938	5565	0
157938	5566	0
158046	5381	0
158046	5382	0
158046	5383	0
158046	5384	0
158046	5385	0
158046	5386	0
158047	3729	0
158047	3730	0
158047	3731	0
158047	3732	1
158047	3733	0
158047	3734	1
158048	3729	0
158048	3730	0
158048	3731	0
158048	3732	0
158048	3733	0
158048	3734	0
158049	3729	0
158049	3730	0
158049	3731	0
158049	3732	0
158049	3733	0
158049	3734	0
158055	5381	0
158055	5382	0
158055	5383	0
158055	5384	0
158055	5385	0
158055	5386	1
158618	3405	0
158618	3406	0
158618	3407	0
158618	3408	0
158618	3409	0
158618	3410	0
158623	4498	0
158623	4499	0
158623	4500	0
158623	4501	0
158623	4502	0
158623	4503	0
158630	5381	0
158630	5382	0
158630	5383	0
158630	5384	0
158630	5385	0
158630	5386	1
159015	5154	0
159015	5155	0
159015	5156	0
159015	5157	0
159015	5158	0
159015	5159	0
159019	5154	0
159019	5155	0
159019	5156	0
159019	5157	0
159019	5158	0
159019	5159	0
159169	7383	0
159169	7384	0
159169	7385	0
159169	7386	0
159169	7387	0
159169	7388	0
159170	7383	0
159170	7384	0
159170	7385	0
159170	7386	0
159170	7387	0
159170	7388	0
159171	7520	0
159171	7521	0
159171	7522	1
159171	7523	0
159171	7524	0
159171	7525	0
159172	7520	2
159172	7521	1
159172	7522	0
159172	7523	0
159172	7524	0
159172	7525	0
159173	7383	1
159173	7384	0
159173	7385	0
159173	7386	0
159173	7387	1
159173	7388	2
159174	7520	0
159174	7521	0
159174	7522	1
159174	7523	0
159174	7524	0
159174	7525	2
159175	6198	0
159175	6199	1
159175	6200	0
159175	6201	0
159175	6202	0
159175	6203	0
159176	6198	0
159176	6199	0
159176	6200	0
159176	6201	0
159176	6202	0
159176	6203	0
159177	6198	0
159177	6199	0
159177	6200	0
159177	6201	0
159177	6202	0
159177	6203	0
159226	4028	1
159226	4029	0
159226	4030	0
159226	4031	0
159226	4032	0
159226	4033	0
159230	2618	1
159230	2619	0
159230	2620	0
159230	2621	1
159230	2622	0
159230	2623	0
159236	3057	0
159236	3058	0
159236	3059	1
159236	3060	0
159236	3061	1
159236	3062	0
159247	7664	0
159247	7665	0
159247	7666	1
159247	7667	0
159247	7668	0
159247	7669	0
159257	7484	0
159257	7485	1
159257	7486	0
159257	7487	0
159257	7488	0
159257	7489	0
159258	5928	0
159258	5929	1
159258	5930	0
159258	5931	1
159258	5932	0
159258	5933	0
159260	6102	0
159260	6103	1
159260	6104	0
159260	6105	0
159260	6106	0
159260	6107	0
159265	6282	0
159265	6283	0
159265	6284	0
159265	6285	0
159265	6286	0
159265	6287	0
159380	3645	0
159380	3646	1
159380	3647	0
159380	3648	0
159380	3649	0
159380	3650	0
159381	3135	0
159381	3136	0
159381	3137	0
159381	3138	0
159381	3139	0
159381	3140	0
159397	4028	0
159397	4029	0
159397	4030	0
159397	4031	0
159397	4032	2
159397	4033	0
159400	5802	0
159400	5803	0
159400	5804	0
159400	5805	0
159400	5806	0
159400	5807	0
159401	5802	0
159401	5803	0
159401	5804	0
159401	5805	0
159401	5806	0
159401	5807	0
159407	3057	0
159407	3058	0
159407	3059	0
159407	3060	0
159407	3061	1
159407	3062	0
159434	2618	0
159434	2619	0
159434	2620	0
159434	2621	0
159434	2622	0
159434	2623	0
159438	6282	0
159438	6283	0
159438	6284	0
159438	6285	0
159438	6286	0
159438	6287	1
159444	3135	0
159444	3136	0
159444	3137	0
159444	3138	0
159444	3139	0
159444	3140	1
159445	3063	1
159445	3064	0
159445	3065	0
159445	3066	0
159445	3067	0
159445	3068	1
159453	7664	0
159453	7665	0
159453	7666	0
159453	7667	0
159453	7668	0
159453	7669	0
159473	6102	0
159473	6103	0
159473	6104	0
159473	6105	0
159473	6106	0
159473	6107	0
159481	6282	0
159481	6283	0
159481	6284	0
159481	6285	0
159481	6286	0
159481	6287	0
159502	4028	0
159502	4029	0
159502	4030	0
159502	4031	0
159502	4032	0
159502	4033	0
159506	2618	0
159506	2619	0
159506	2620	0
159506	2621	0
159506	2622	0
159506	2623	1
159549	7664	0
159549	7665	0
159549	7666	0
159549	7667	1
159549	7668	0
159549	7669	0
159556	5802	0
159556	5803	0
159556	5804	0
159556	5805	0
159556	5806	0
159556	5807	1
159580	3063	0
159580	3064	0
159580	3065	0
159580	3066	0
159580	3067	0
159580	3068	0
159581	3765	0
159581	3766	0
159581	3767	0
159581	3768	0
159581	3769	0
159581	3770	0
159582	3765	0
159582	3766	0
159582	3767	0
159582	3768	0
159582	3769	2
159582	3770	0
159583	3765	0
159583	3766	0
159583	3767	0
159583	3768	0
159583	3769	0
159583	3770	0
159601	6294	0
159601	6295	0
159601	6296	0
159601	6297	0
159601	6298	0
159601	6299	1
159603	6294	0
159603	6295	0
159603	6296	0
159603	6297	1
159603	6298	0
159603	6299	1
159613	3135	1
159613	3136	0
159613	3137	0
159613	3138	0
159613	3139	0
159613	3140	0
159641	2889	0
159641	2890	0
159641	2891	0
159641	2892	0
159641	2893	0
159642	2889	0
159642	2890	0
159642	2891	0
159642	2892	0
159642	2893	0
159658	3063	0
159658	3064	0
159658	3065	0
159658	3066	0
159658	3067	0
159658	3068	0
159685	5220	2
159685	5221	0
159685	5222	0
159685	5223	0
159685	5224	0
159685	5225	0
159686	5220	1
159686	5221	0
159686	5222	0
159686	5223	0
159686	5224	0
159686	5225	0
159687	5220	0
159687	5221	0
159687	5222	0
159687	5223	0
159687	5224	0
159687	5225	0
159761	4920	1
159761	4921	0
159761	4922	0
159761	4923	0
159761	4924	0
159761	4925	0
159762	4920	0
159762	4921	0
159762	4922	0
159762	4923	0
159762	4924	0
159762	4925	0
159763	4920	0
159763	4921	0
159763	4922	0
159763	4923	0
159763	4924	0
159763	4925	0
159816	3891	0
159816	3892	0
159816	3893	0
159816	3894	1
159816	3895	0
159816	3896	0
159817	3891	0
159817	3892	0
159817	3893	0
159817	3894	0
159817	3895	0
159817	3896	0
159818	3891	0
159818	3892	0
159818	3893	0
159818	3894	0
159818	3895	0
159818	3896	0
159821	7484	0
159821	7485	0
159821	7486	0
159821	7487	0
159821	7488	0
159821	7489	0
159840	5868	0
159840	5869	0
159840	5870	0
159840	5871	0
159840	5872	0
159840	5873	0
159852	5659	0
159852	5660	0
159852	5661	1
159852	5662	0
159852	5663	0
159852	5664	0
159853	5659	0
159853	5660	0
159853	5661	0
159853	5662	0
159853	5663	0
159853	5664	0
159866	5659	0
159866	5660	0
159866	5661	0
159866	5662	0
159866	5663	0
159866	5664	0
159873	4908	0
159873	4909	0
159873	4910	0
159873	4911	0
159873	4912	0
159873	4913	0
159874	4908	0
159874	4909	0
159874	4910	0
159874	4911	0
159874	4912	0
159874	4913	1
159875	4908	2
159875	4909	0
159875	4910	0
159875	4911	0
159875	4912	0
159875	4913	0
159876	4908	1
159876	4909	0
159876	4910	0
159876	4911	0
159876	4912	0
159876	4913	0
159877	4818	0
159877	4819	0
159877	4820	0
159877	4821	0
159877	4822	0
159877	4823	0
159878	4818	0
159878	4819	0
159878	4820	0
159878	4821	0
159878	4822	0
159878	4823	0
159879	4818	0
159879	4819	0
159879	4820	0
159879	4821	0
159879	4822	2
159879	4823	0
159895	7484	0
159895	7485	0
159895	7486	0
159895	7487	1
159895	7488	0
159895	7489	0
159896	5928	0
159896	5929	0
159896	5930	0
159896	5931	0
159896	5932	1
159896	5933	0
159990	4157	0
159990	4158	0
159990	4159	0
159990	4160	0
159990	4161	0
159990	4162	1
159991	4157	0
159991	4158	0
159991	4159	0
159991	4160	0
159991	4161	1
159991	4162	0
160144	4438	0
160144	4439	0
160144	4440	0
160144	4441	0
160144	4442	0
160144	4443	0
160149	2973	0
160149	2974	0
160149	2975	0
160149	2976	0
160168	6246	0
160168	6247	0
160168	6248	0
160168	6249	0
160168	6250	0
160168	6251	0
160174	3246	0
160174	3247	0
160174	3248	0
160174	3249	1
160174	3250	0
160174	3251	0
160187	5375	0
160187	5376	1
160187	5377	0
160187	5378	1
160187	5379	0
160187	5380	0
160197	5790	0
160197	5791	0
160197	5792	0
160197	5793	0
160197	5794	0
160197	5795	0
160202	5683	0
160202	5684	0
160202	5685	0
160202	5686	0
160202	5687	0
160202	5688	0
160207	4764	0
160207	4765	0
160207	4766	0
160207	4767	0
160207	4768	0
160207	4769	0
160255	7377	0
160255	7378	0
160255	7379	0
160255	7380	0
160255	7381	0
160255	7382	0
160258	4968	0
160258	4969	0
160258	4970	0
160258	4971	0
160258	4972	2
160258	4973	0
160261	4968	0
160261	4969	0
160261	4970	0
160261	4971	0
160261	4972	0
160261	4973	0
160266	5375	1
160266	5376	0
160266	5377	0
160266	5378	0
160266	5379	0
160266	5380	0
160270	4438	0
160270	4439	0
160270	4440	0
160270	4441	0
160270	4442	0
160270	4443	0
160272	2666	0
160272	2667	0
160272	2668	1
160272	2669	0
160272	2670	0
160272	2671	0
160273	2666	0
160273	2667	0
160273	2668	0
160273	2669	0
160273	2670	0
160273	2671	0
160282	7604	0
160282	7605	0
160282	7606	0
160282	7607	0
160282	7608	0
160282	7609	0
160287	4764	0
160287	4765	0
160287	4766	0
160287	4767	0
160287	4768	0
160287	4769	0
160288	6246	0
160288	6247	0
160288	6248	0
160288	6249	0
160288	6250	0
160288	6251	0
160291	7377	1
160291	7378	1
160291	7379	0
160291	7380	0
160291	7381	1
160291	7382	1
160300	5790	0
160300	5791	0
160300	5792	0
160300	5793	0
160300	5794	0
160300	5795	0
160318	2973	0
160318	2974	0
160318	2975	0
160318	2976	0
160320	4782	0
160320	4783	0
160320	4784	2
160320	4785	0
160320	4786	0
160320	4787	0
160321	4782	0
160321	4783	0
160321	4784	0
160321	4785	0
160321	4786	0
160321	4787	0
160327	5411	0
160327	5412	0
160327	5413	0
160327	5414	0
160327	5415	0
160327	5416	0
160339	5411	0
160339	5412	0
160339	5413	0
160339	5414	0
160339	5415	0
160339	5416	0
160353	6246	0
160353	6247	0
160353	6248	0
160353	6249	0
160353	6250	0
160353	6251	0
160361	4764	0
160361	4765	1
160361	4766	0
160361	4767	0
160361	4768	0
160361	4769	0
160363	4740	0
160363	4741	0
160363	4742	1
160363	4743	0
160363	4744	0
160363	4745	0
160364	4740	1
160364	4741	0
160364	4742	0
160364	4743	0
160364	4744	0
160364	4745	0
160365	4438	0
160365	4439	0
160365	4440	0
160365	4441	0
160365	4442	0
160365	4443	0
160371	4740	0
160371	4741	0
160371	4742	0
160371	4743	0
160371	4744	0
160371	4745	0
160373	5375	0
160373	5376	0
160373	5377	0
160373	5378	1
160373	5379	0
160373	5380	0
160377	4521	0
160377	4522	0
160377	4523	0
160377	4524	0
160377	4525	0
160377	4526	0
160378	4521	0
160378	4522	0
160378	4523	0
160378	4524	0
160378	4525	0
160378	4526	0
160379	4521	0
160379	4522	0
160379	4523	0
160379	4524	0
160379	4525	0
160379	4526	0
160387	4968	0
160387	4969	0
160387	4970	0
160387	4971	1
160387	4972	0
160387	4973	0
160399	5411	0
160399	5412	0
160399	5413	0
160399	5414	0
160399	5415	0
160399	5416	0
160401	4782	0
160401	4783	0
160401	4784	0
160401	4785	0
160401	4786	0
160401	4787	0
160403	5790	0
160403	5791	0
160403	5792	0
160403	5793	0
160403	5794	0
160403	5795	0
160423	2666	0
160423	2667	0
160423	2668	0
160423	2669	0
160423	2670	0
160423	2671	0
160427	3789	0
160427	3790	0
160427	3791	2
160427	3792	0
160427	3793	0
160427	3794	0
160430	3789	0
160430	3790	0
160430	3791	0
160430	3792	0
160430	3793	0
160430	3794	0
160431	3789	0
160431	3790	0
160431	3791	0
160431	3792	0
160431	3793	0
160431	3794	0
160451	7604	0
160451	7605	0
160451	7606	0
160451	7607	0
160451	7608	0
160451	7609	0
160460	3837	0
160460	3838	0
160460	3839	0
160460	3840	0
160460	3841	0
160460	3842	0
160462	3837	0
160462	3838	0
160462	3839	0
160462	3840	0
160462	3841	0
160462	3842	0
160464	3837	0
160464	3838	0
160464	3839	0
160464	3840	0
160464	3841	0
160464	3842	0
160486	7323	0
160486	7324	0
160486	7325	0
160486	7326	0
160486	7327	0
160486	7328	0
160487	7323	0
160487	7324	0
160487	7325	0
160487	7326	0
160487	7327	0
160487	7328	1
160488	7323	0
160488	7324	0
160488	7325	0
160488	7326	0
160488	7327	0
160488	7328	0
160500	7377	0
160500	7378	0
160500	7379	0
160500	7380	0
160500	7381	0
160500	7382	0
160502	6613	0
160502	6614	0
160502	6615	0
160502	6616	0
160502	6617	0
160502	6618	0
160503	6613	0
160503	6614	0
160503	6615	2
160503	6616	0
160503	6617	0
160503	6618	0
160504	6613	0
160504	6614	0
160504	6615	0
160504	6616	0
160504	6617	0
160504	6618	0
160508	4414	0
160508	4415	0
160508	4416	0
160508	4417	0
160508	4418	0
160508	4419	0
160509	4414	0
160509	4415	0
160509	4416	0
160509	4417	0
160509	4418	0
160509	4419	0
160510	4414	0
160510	4415	0
160510	4416	0
160510	4417	1
160510	4418	0
160510	4419	0
160514	5868	0
160514	5869	0
160514	5870	0
160514	5871	0
160514	5872	0
160514	5873	0
160517	5868	0
160517	5869	0
160517	5870	0
160517	5871	0
160517	5872	1
160517	5873	0
160520	5868	0
160520	5869	2
160520	5870	0
160520	5871	0
160520	5872	0
160520	5873	0
160525	3075	0
160525	3076	0
160525	3077	0
160525	3078	0
160525	3079	0
160525	3080	0
160526	3075	0
160526	3076	0
160526	3077	0
160526	3078	0
160526	3079	0
160526	3080	0
160527	3075	0
160527	3076	0
160527	3077	0
160527	3078	0
160527	3079	0
160527	3080	0
160528	3246	0
160528	3247	0
160528	3248	0
160528	3249	1
160528	3250	0
160528	3251	0
160530	3246	0
160530	3247	0
160530	3248	0
160530	3249	1
160530	3250	0
160530	3251	0
160533	4818	0
160533	4819	0
160533	4820	0
160533	4821	0
160533	4822	0
160533	4823	0
160534	4818	0
160534	4819	0
160534	4820	0
160534	4821	0
160534	4822	0
160534	4823	1
160535	4818	0
160535	4819	0
160535	4820	0
160535	4821	0
160535	4822	0
160535	4823	0
160536	4908	0
160536	4909	0
160536	4910	0
160536	4911	0
160536	4912	0
160536	4913	0
160537	4908	0
160537	4909	0
160537	4910	0
160537	4911	0
160537	4912	0
160537	4913	0
160538	4908	0
160538	4909	0
160538	4910	0
160538	4911	2
160538	4912	0
160538	4913	0
160561	6384	0
160561	6385	0
160561	6386	0
160561	6387	0
160561	6388	0
160561	6389	0
160562	6384	0
160562	6385	0
160562	6386	0
160562	6387	0
160562	6388	0
160562	6389	0
160563	6384	1
160563	6385	0
160563	6386	0
160563	6387	0
160563	6388	0
160563	6389	0
160564	6384	1
160564	6385	0
160564	6386	0
160564	6387	0
160564	6388	0
160564	6389	0
160574	4605	0
160574	4606	0
160574	4607	1
160574	4608	0
160574	4609	0
160574	4610	0
160577	4605	0
160577	4606	0
160577	4607	1
160577	4608	0
160577	4609	2
160577	4610	0
160578	2973	0
160578	2974	0
160578	2975	0
160578	2976	0
160579	3657	0
160579	3658	0
160579	3659	0
160579	3660	0
160579	3661	0
160579	3662	0
160580	3657	0
160580	3658	0
160580	3659	0
160580	3660	0
160580	3661	0
160580	3662	0
160591	5363	0
160591	5364	0
160591	5365	0
160591	5366	0
160591	5367	0
160591	5368	0
160592	5363	0
160592	5364	0
160592	5365	0
160592	5366	0
160592	5368	0
160593	5363	0
160593	5364	0
160593	5365	0
160593	5366	0
160593	5367	0
160593	5368	0
160598	6899	0
160598	6900	0
160598	6901	0
160598	6902	0
160598	6903	0
160598	6904	0
160599	2761	0
160599	2762	0
160599	2763	0
160599	2764	0
160599	2765	0
160599	2766	0
160600	6899	0
160600	6900	0
160600	6901	0
160600	6902	0
160600	6903	0
160600	6904	0
160601	2761	0
160601	2762	0
160601	2763	0
160601	2764	0
160601	2765	1
160601	2766	1
160602	6899	0
160602	6900	0
160602	6901	0
160602	6902	0
160602	6903	0
160602	6904	0
160603	2761	0
160603	2762	0
160603	2763	0
160603	2764	0
160603	2765	0
160603	2766	0
160618	3417	0
160618	3418	0
160618	3419	0
160618	3420	0
160618	3421	0
160618	3422	0
160619	3417	0
160619	3418	0
160619	3419	2
160619	3420	0
160619	3421	2
160619	3422	0
160632	4623	0
160632	4624	1
160632	4625	0
160632	4626	1
160632	4627	0
160632	4628	0
160633	4623	0
160633	4624	1
160633	4625	0
160633	4626	1
160633	4627	0
160633	4628	0
160646	3123	0
160646	3124	1
160646	3125	0
160646	3126	0
160646	3127	0
160646	3128	0
160647	3123	0
160647	3124	0
160647	3125	1
160647	3126	0
160647	3127	0
160647	3128	0
160648	3123	0
160648	3124	0
160648	3125	0
160648	3126	0
160648	3127	0
160648	3128	1
160685	6054	0
160685	6055	0
160685	6056	0
160685	6057	0
160685	6058	0
160685	6059	0
160686	6054	0
160686	6055	0
160686	6056	0
160686	6057	0
160686	6058	1
160686	6059	0
160687	6054	0
160687	6055	0
160687	6056	0
160687	6057	0
160687	6058	0
160687	6059	0
160695	5988	0
160695	5989	0
160695	5990	0
160695	5991	0
160695	5992	0
160695	5993	0
160696	5988	0
160696	5989	0
160696	5990	0
160696	5991	0
160696	5992	0
160696	5993	0
160697	5988	1
160697	5989	0
160697	5990	0
160697	5991	0
160697	5992	1
160697	5993	0
160704	5724	0
160704	5725	0
160704	5726	0
160704	5727	0
160704	5728	0
160704	5729	0
160705	5724	1
160705	5725	0
160705	5726	0
160705	5727	0
160705	5728	0
160705	5729	0
160706	5724	0
160706	5725	0
160706	5726	0
160706	5727	0
160706	5728	0
160706	5729	0
160727	7013	0
160727	7014	0
160727	7015	1
160727	7016	0
160727	7017	0
160727	7018	0
160800	6521	0
160800	6522	0
160800	6523	0
160800	6524	0
160800	6525	1
160800	6526	1
160802	6521	0
160802	6522	0
160802	6523	0
160802	6524	0
160802	6525	0
160802	6526	0
160813	2630	0
160813	2631	0
160813	2632	0
160813	2633	0
160813	2634	0
160813	2635	0
160814	2630	0
160814	2631	0
160814	2632	0
160814	2633	0
160814	2634	0
160814	2635	0
160815	2630	0
160815	2631	0
160815	2632	0
160815	2633	0
160815	2634	0
160815	2635	0
160868	5220	0
160868	5221	0
160868	5222	0
160868	5223	0
160868	5224	0
160868	5225	0
160893	4062	0
160893	4063	0
160893	4064	1
160893	4065	0
160893	4066	0
160893	4067	0
160896	4498	0
160896	4499	0
160896	4500	0
160896	4501	1
160896	4502	1
160896	4503	0
160919	6336	0
160919	6337	0
160919	6338	0
160919	6339	0
160919	6340	0
160919	6341	2
160927	6342	1
160927	6343	0
160927	6344	0
160927	6345	0
160927	6346	0
160927	6347	0
160947	3039	0
160947	3040	0
160947	3041	0
160947	3042	0
160947	3043	0
160947	3044	0
160949	6312	0
160949	6313	0
160949	6314	0
160949	6315	0
160949	6316	0
160949	6317	0
160950	7377	0
160950	7378	0
160950	7379	0
160950	7380	0
160950	7381	0
160950	7382	0
160951	6312	0
160951	6313	1
160951	6314	0
160951	6315	1
160951	6316	0
160951	6317	0
160955	6851	0
160955	6852	0
160955	6853	0
160955	6854	0
160955	6855	0
160955	6856	1
160957	5832	0
160957	5833	0
160957	5834	1
160957	5835	0
160957	5836	0
160957	5837	2
160968	7155	0
160968	7156	0
160968	7157	0
160968	7158	0
160968	7159	0
160968	7160	0
160970	5886	0
160970	5887	0
160970	5888	0
160970	5889	0
160970	5890	0
160970	5891	0
160971	7155	0
160971	7156	0
160971	7157	0
160971	7158	0
160971	7159	0
160971	7160	0
160972	5886	0
160972	5887	0
160972	5888	0
160972	5889	0
160972	5890	0
160972	5891	0
160979	6342	1
160979	6343	0
160979	6344	0
160979	6345	0
160979	6346	0
160979	6347	0
160981	4498	0
160981	4499	0
160981	4500	0
160981	4501	1
160981	4502	0
160981	4503	0
160988	6312	0
160988	6313	0
160988	6314	0
160988	6315	0
160988	6316	0
160988	6317	0
160993	7311	0
160993	7312	0
160993	7313	0
160993	7314	0
160993	7315	0
160993	7316	1
161007	6437	1
161007	6438	0
161007	6439	0
161007	6440	1
161007	6441	0
161007	6442	0
161008	6437	0
161008	6438	0
161008	6439	0
161008	6440	0
161008	6441	0
161008	6442	0
161010	6336	0
161010	6337	0
161010	6338	0
161010	6339	0
161010	6340	0
161010	6341	0
161016	3039	0
161016	3040	0
161016	3041	0
161016	3042	2
161016	3043	0
161016	3044	0
161028	7311	0
161028	7312	0
161028	7313	0
161028	7314	0
161028	7315	0
161028	7316	0
161032	6366	0
161032	6367	0
161032	6368	0
161032	6369	0
161032	6370	0
161032	6371	0
161035	6851	0
161035	6852	0
161035	6853	0
161035	6854	0
161035	6855	0
161035	6856	0
161036	5832	0
161036	5833	0
161036	5834	0
161036	5835	0
161036	5836	0
161036	5837	0
161039	6366	1
161039	6367	0
161039	6368	0
161039	6369	0
161039	6370	0
161039	6371	0
161042	4432	1
161042	4433	0
161042	4436	0
161042	4437	0
161043	4432	0
161043	4433	0
161043	4434	0
161043	4435	0
161043	4436	0
161043	4437	0
161046	7155	0
161046	7156	0
161046	7157	0
161046	7158	0
161046	7159	0
161046	7160	0
161047	5886	0
161047	5887	0
161047	5888	0
161047	5889	0
161047	5890	2
161047	5891	0
161049	4062	0
161049	4063	0
161049	4064	0
161049	4065	0
161049	4066	0
161049	4067	0
161053	6312	0
161053	6313	0
161053	6314	0
161053	6315	0
161053	6316	0
161053	6317	0
161075	6342	0
161075	6343	0
161075	6344	0
161075	6345	0
161075	6346	0
161075	6347	0
161084	4062	0
161084	4063	0
161084	4064	0
161084	4065	0
161084	4066	0
161084	4067	0
161102	4498	0
161102	4499	0
161102	4500	0
161102	4501	0
161102	4502	0
161102	4503	0
161103	3039	0
161103	3040	0
161103	3041	0
161103	3042	0
161103	3043	0
161103	3044	0
161125	6336	0
161125	6337	0
161125	6338	0
161125	6339	0
161125	6340	0
161125	6341	0
161130	6437	0
161130	6438	0
161130	6439	0
161130	6440	0
161130	6441	0
161130	6442	0
161135	2835	0
161135	2836	0
161135	2837	0
161135	2838	0
161135	2839	0
161135	2840	0
161136	2835	0
161136	2836	0
161136	2837	0
161136	2838	0
161136	2839	0
161136	2840	0
161137	2835	0
161137	2836	0
161137	2837	0
161137	2838	0
161137	2839	0
161137	2840	0
161157	5154	0
161157	5155	0
161157	5156	0
161157	5157	0
161157	5158	0
161157	5159	0
161158	5154	0
161158	5155	0
161158	5156	0
161158	5157	0
161158	5158	0
161158	5159	0
161159	5220	0
161159	5221	0
161159	5222	0
161159	5223	0
161159	5224	0
161159	5225	0
161160	5220	0
161160	5221	0
161160	5222	0
161160	5223	0
161160	5224	0
161160	5225	0
161161	6851	0
161161	6852	0
161161	6853	0
161161	6854	0
161161	6855	0
161161	6856	1
161162	5832	0
161162	5833	0
161162	5834	0
161162	5835	0
161162	5836	0
161162	5837	0
161168	5154	0
161168	5155	0
161168	5156	0
161168	5157	1
161168	5158	0
161168	5159	0
161169	5154	0
161169	5155	0
161169	5156	0
161169	5157	0
161169	5158	0
161169	5159	0
161176	3435	0
161176	3436	0
161176	3437	0
161176	3438	0
161176	3439	0
161176	3440	0
161178	3435	0
161178	3436	1
161178	3437	0
161178	3438	0
161178	3439	0
161178	3440	0
161179	6366	0
161179	6367	0
161179	6368	0
161179	6369	0
161179	6370	0
161179	6371	0
161180	7311	0
161180	7312	0
161180	7313	0
161180	7314	0
161180	7315	0
161180	7316	0
161181	3435	0
161181	3436	0
161181	3437	0
161181	3438	0
161181	3439	0
161181	3440	0
161197	7520	0
161197	7521	0
161197	7522	0
161197	7523	0
161197	7524	0
161197	7525	0
161198	7383	0
161198	7384	0
161198	7385	0
161198	7386	0
161198	7387	0
161198	7388	0
161199	7383	0
161199	7384	0
161199	7385	0
161199	7386	2
161199	7387	0
161199	7388	0
161200	7520	0
161200	7521	0
161200	7522	0
161200	7523	0
161200	7524	0
161200	7525	0
161209	4456	0
161209	4457	1
161209	4458	0
161209	4459	0
161209	4460	0
161209	4461	0
161267	3729	0
161267	3730	1
161267	3731	0
161267	3732	0
161267	3733	0
161267	3734	0
161268	3729	0
161268	3730	0
161268	3731	0
161268	3732	0
161268	3733	0
161268	3734	0
161276	5381	0
161276	5382	0
161276	5383	0
161276	5384	0
161276	5385	0
161276	5386	0
161277	5381	0
161277	5382	0
161277	5383	0
161277	5384	0
161277	5385	0
161277	5386	0
161278	5381	0
161278	5382	0
161278	5383	0
161278	5384	0
161278	5385	0
161278	5386	0
161295	4752	0
161295	4753	0
161295	4754	0
161295	4755	0
161295	4756	0
161295	4757	0
161313	4752	0
161313	4753	0
161313	4754	0
161313	4755	0
161313	4756	0
161313	4757	0
161314	4752	0
161314	4753	0
161314	4754	0
161314	4755	0
161314	4756	0
161314	4757	0
161332	3417	0
161332	3418	0
161332	3419	0
161332	3420	0
161332	3421	0
161332	3422	0
161588	5620	0
161588	5621	0
161588	5622	0
161588	5623	1
161588	5624	0
161588	5625	0
161589	5620	0
161589	5621	0
161589	5622	0
161589	5623	0
161589	5624	0
161589	5625	1
161590	5620	0
161590	5621	0
161590	5622	0
161590	5623	0
161590	5624	0
161590	5625	0
161646	5561	0
161646	5562	0
161646	5563	0
161646	5564	0
161646	5565	0
161646	5566	0
161672	3033	1
161672	3034	0
161672	3035	0
161672	3036	0
161672	3037	0
161672	3038	0
161677	3033	0
161677	3034	0
161677	3035	0
161677	3036	0
161677	3037	0
161677	3038	0
161678	3033	0
161678	3034	0
161678	3035	0
161678	3036	0
161678	3037	1
161678	3038	0
161742	5196	0
161742	5197	0
161742	5198	0
161742	5199	0
161742	5200	0
161742	5201	0
161777	2618	0
161777	2619	0
161777	2620	0
161777	2621	0
161777	2622	0
161777	2623	0
161916	3057	0
161916	3058	0
161916	3059	0
161916	3060	1
161916	3061	0
161916	3062	0
161926	7664	0
161926	7665	0
161926	7666	0
161926	7667	0
161926	7668	0
161926	7669	1
161929	3105	0
161929	3106	0
161929	3107	0
161929	3108	0
161929	3109	0
161929	3110	0
161934	5802	1
161934	5803	0
161934	5804	0
161934	5805	0
161934	5806	0
161934	5807	0
161957	2889	0
161957	2890	0
161957	2891	0
161957	2892	0
161957	2893	0
161957	2894	1
161966	6282	0
161966	6283	0
161966	6284	0
161966	6285	0
161966	6286	0
161966	6287	1
161998	2618	0
161998	2619	0
161998	2620	0
161998	2621	0
161998	2622	0
161998	2623	0
162005	3105	1
162005	3106	0
162005	3107	0
162005	3108	0
162005	3109	0
162005	3110	0
