ObservationID	SubLocationID	Count
146077	2973	0
146077	2974	0
146077	2975	1
146077	2976	0
146078	2973	0
146078	2974	0
146078	2975	0
146078	2976	0
146081	6797	0
146081	6798	0
146081	6799	0
146081	6800	1
146081	6801	0
146081	6802	0
146082	6797	0
146082	6798	0
146082	6799	0
146082	6800	0
146082	6801	0
146082	6802	0
146117	7389	0
146117	7390	0
146117	7391	1
146117	7392	1
146117	7393	0
146117	7394	0
146119	7389	0
146119	7390	0
146119	7391	0
146119	7392	0
146119	7393	0
146119	7394	0
146151	4034	0
146151	4035	0
146151	4036	0
146151	4037	0
146151	4038	0
146151	4039	0
146157	4034	0
146157	4035	0
146157	4036	0
146157	4037	0
146157	4038	0
146157	4039	0
146190	7347	0
146190	7348	0
146190	7349	0
146190	7350	1
146190	7351	0
146190	7352	0
146198	7616	0
146198	7617	0
146198	7618	0
146198	7619	0
146198	7620	0
146198	7621	1
146199	7616	0
146199	7617	0
146199	7618	0
146199	7619	0
146199	7620	0
146199	7621	0
146211	3933	1
146211	3934	0
146211	3935	0
146211	3936	0
146211	3937	0
146211	3938	1
146235	4740	0
146235	4741	0
146235	4742	0
146235	4743	0
146235	4744	1
146235	4745	0
146236	4740	0
146236	4741	0
146236	4742	0
146236	4743	0
146236	4744	0
146236	4745	0
146255	5886	1
146255	5887	0
146255	5888	0
146255	5889	0
146255	5890	0
146255	5891	0
146271	4968	1
146271	4969	0
146271	4970	1
146271	4971	0
146271	4972	1
146271	4973	0
146273	5196	1
146273	5197	1
146273	5198	0
146273	5199	1
146273	5200	1
146273	5201	1
146284	4968	0
146284	4969	0
146284	4970	2
146284	4971	0
146284	4972	2
146284	4973	1
146292	5886	0
146292	5887	0
146292	5888	0
146292	5889	0
146292	5890	1
146292	5891	0
146293	5196	0
146293	5197	1
146293	5198	0
146293	5199	1
146293	5200	0
146293	5201	0
146304	6605	0
146304	6606	0
146304	6607	0
146304	6608	0
146304	6609	0
146304	6610	1
146305	6605	0
146305	6606	0
146305	6607	0
146305	6608	0
146305	6609	0
146305	6610	0
146352	4521	1
146352	4522	1
146352	4523	0
146352	4524	0
146352	4525	0
146352	4526	1
146353	4521	1
146353	4522	0
146353	4523	0
146353	4524	1
146353	4525	0
146353	4526	0
146373	7634	0
146373	7635	0
146373	7636	0
146373	7637	0
146373	7638	0
146373	7639	0
146374	7634	0
146374	7635	0
146374	7636	0
146374	7637	0
146374	7638	0
146374	7639	1
146376	3789	0
146376	3790	0
146376	3791	0
146376	3792	0
146376	3793	0
146376	3794	0
146378	3789	0
146378	3790	0
146378	3791	0
146378	3792	0
146378	3793	0
146378	3794	0
146510	2660	0
146510	2661	1
146510	2662	0
146510	2663	0
146510	2664	1
146510	2665	0
146705	6631	0
146705	6632	0
146705	6633	0
146705	6634	0
146705	6635	0
146705	6636	0
146706	6851	0
146706	6852	0
146706	6853	0
146706	6854	0
146706	6855	0
146706	6856	0
146707	5832	0
146707	5833	0
146707	5834	0
146707	5835	0
146707	5836	0
146707	5837	0
146709	7598	0
146709	7599	0
146709	7600	0
146709	7601	0
146709	7602	0
146709	7603	0
146719	6631	0
146719	6632	1
146719	6633	0
146719	6634	0
146719	6635	0
146719	6636	0
146768	5064	0
146768	5065	0
146768	5066	0
146768	5067	0
146768	5068	0
146768	5069	1
146786	5832	1
146786	5833	1
146786	5834	0
146786	5835	0
146786	5836	0
146786	5837	0
146787	6851	0
146787	6852	0
146787	6853	0
146787	6854	1
146787	6855	0
146787	6856	0
146808	7598	0
146808	7599	0
146808	7600	0
146808	7601	0
146808	7602	0
146808	7603	1
146830	7347	0
146830	7348	1
146830	7349	0
146830	7350	2
146830	7351	1
146830	7352	0
146870	4818	1
146870	4819	0
146870	4820	0
146870	4821	1
146870	4822	0
146870	4823	1
147872	7311	2
147872	7312	1
147872	7313	0
147872	7314	2
147872	7315	1
147872	7316	1
147874	7676	0
147874	7677	0
147874	7678	1
147874	7679	0
147874	7680	0
147874	7681	0
147875	7311	0
147875	7312	0
147875	7313	0
147875	7314	0
147875	7315	0
147875	7316	0
147877	7676	0
147877	7677	0
147877	7678	0
147877	7679	0
147877	7680	0
147877	7681	0
148386	6180	1
148386	6181	0
148386	6182	0
148386	6183	0
148386	6184	0
148386	6185	0
148503	7073	1
148503	7074	0
148503	7075	0
148503	7076	0
148503	7077	0
148503	7078	0
148504	7073	1
148504	7074	0
148504	7075	0
148504	7076	1
148504	7077	0
148504	7078	0
148514	2767	0
148514	2768	1
148514	2769	1
148514	2770	1
148514	2771	0
148514	2772	0
148517	2767	1
148517	2768	0
148517	2769	0
148517	2770	1
148517	2771	0
148517	2772	0
148591	6312	0
148591	6313	0
148591	6314	0
148591	6315	0
148591	6316	1
148591	6317	0
148592	6312	0
148592	6313	0
148592	6314	0
148592	6315	0
148592	6316	0
148592	6317	0
148719	3741	1
148719	3742	1
148719	3743	0
148719	3744	0
148719	3745	0
148719	3746	0
148720	3741	0
148720	3742	0
148720	3743	0
148720	3744	0
148720	3745	0
148720	3746	0
151734	4004	0
151734	4005	0
151734	4006	0
151734	4007	0
151734	4008	0
151734	4009	0
151735	4004	0
151735	4005	0
151735	4006	1
151735	4007	0
151735	4008	0
151735	4009	0
151835	2660	0
151835	2661	0
151835	2662	0
151835	2663	0
151835	2664	0
151835	2665	0
151837	3741	1
151837	3742	1
151837	3743	0
151837	3744	0
151837	3745	0
151837	3746	0
151838	3741	0
151838	3742	0
151838	3743	0
151838	3744	0
151838	3745	0
151838	3746	0
151842	4004	0
151842	4005	0
151842	4006	0
151842	4007	0
151842	4008	0
151842	4009	0
152171	2919	0
152171	2920	0
152171	2921	0
152171	2922	0
152171	2923	0
152171	2924	0
152240	3603	0
152240	3604	0
152240	3605	0
152240	3606	0
152240	3607	0
152240	3608	0
152241	3603	1
152241	3604	0
152241	3605	1
152241	3606	0
152241	3607	0
152241	3608	0
152330	4426	0
152330	4427	1
152330	4428	0
152330	4429	1
152330	4430	0
152330	4431	1
152351	4157	0
152351	4158	0
152351	4159	0
152351	4160	0
152351	4161	0
152351	4162	0
152399	2919	0
152399	2920	0
152399	2921	1
152399	2922	0
152399	2923	0
152399	2924	0
152464	4157	0
152464	4158	1
152464	4159	0
152464	4160	0
152464	4161	0
152464	4162	0
152583	4004	0
152583	4005	0
152583	4006	1
152583	4007	0
152583	4008	0
152583	4009	0
152584	2660	0
152584	2661	0
152584	2662	0
152584	2663	0
152584	2664	0
152584	2665	0
152596	4157	0
152596	4158	1
152596	4159	0
152596	4160	0
152596	4161	0
152596	4162	0
152597	4157	0
152597	4158	0
152597	4159	0
152597	4160	0
152597	4161	0
152597	4162	0
152897	7073	1
152897	7074	0
152897	7075	0
152897	7076	0
152897	7077	0
152897	7078	0
152900	2767	0
152900	2768	1
152900	2769	1
152900	2770	1
152900	2771	0
152900	2772	0
152902	3603	1
152902	3604	0
152902	3605	1
152902	3606	0
152902	3607	0
152902	3608	0
152904	7073	1
152904	7074	0
152904	7075	0
152904	7076	1
152904	7077	0
152904	7078	0
152907	2767	1
152907	2768	0
152907	2769	0
152907	2770	1
152907	2771	0
152907	2772	0
152908	3603	0
152908	3604	0
152908	3605	0
152908	3606	0
152908	3607	0
152908	3608	0
152998	6312	0
152998	6313	0
152998	6314	0
152998	6315	0
152998	6316	1
152998	6317	0
152999	6312	0
152999	6313	0
152999	6314	0
152999	6315	0
152999	6316	0
152999	6317	0
153178	5196	1
153178	5197	1
153178	5198	0
153178	5199	1
153178	5200	1
153178	5201	1
153179	5196	0
153179	5197	1
153179	5198	0
153179	5199	1
153179	5200	0
153179	5201	0
153275	6180	1
153275	6181	0
153275	6182	0
153275	6183	0
153275	6184	0
153275	6185	0
153277	5730	0
153277	5731	1
153277	5732	0
153277	5733	1
153277	5734	0
153277	5735	1
153279	2919	0
153279	2920	0
153279	2921	0
153279	2922	0
153279	2923	0
153279	2924	0
153280	2919	0
153280	2920	0
153280	2921	1
153280	2922	0
153280	2923	0
153280	2924	0
153395	4818	1
153395	4819	0
153395	4820	0
153395	4821	1
153395	4822	0
153395	4823	1
154932	4426	0
154932	4427	0
154932	4428	0
154932	4429	0
154932	4430	0
154932	4431	0
154934	4426	0
154934	4427	0
154934	4428	0
154934	4429	0
154934	4430	0
154934	4431	0
154935	5730	0
154935	5731	1
154935	5732	0
154935	5733	0
154935	5734	1
154935	5735	0
155118	4968	0
155118	4969	0
155118	4970	0
155118	4971	0
155118	4972	0
155118	4973	0
155146	5886	0
155146	5887	0
155146	5888	0
155146	5889	0
155146	5890	2
155146	5891	0
155176	5196	0
155176	5197	0
155176	5198	0
155176	5199	0
155176	5200	0
155176	5201	0
155179	6797	0
155179	6798	0
155179	6799	0
155179	6800	0
155179	6801	0
155179	6802	0
155221	6605	0
155221	6606	0
155221	6607	0
155221	6608	0
155221	6609	1
155221	6610	0
155231	4034	0
155231	4035	1
155231	4036	0
155231	4037	0
155231	4038	0
155231	4039	0
155260	6797	0
155260	6798	0
155260	6799	0
155260	6800	0
155260	6801	1
155260	6802	0
155481	7616	0
155481	7617	0
155481	7618	0
155481	7619	0
155481	7620	0
155481	7621	0
155482	7616	0
155482	7617	0
155482	7618	0
155482	7619	0
155482	7620	1
155482	7621	0
155603	5196	0
155603	5197	0
155603	5198	0
155603	5199	0
155603	5200	1
155603	5201	1
155604	4034	0
155604	4035	0
155604	4036	0
155604	4037	0
155604	4038	0
155604	4039	0
155636	2973	0
155636	2974	0
155636	2975	0
155636	2976	0
155637	2973	0
155637	2974	0
155637	2975	0
155637	2976	0
155653	4968	0
155653	4969	0
155653	4970	0
155653	4971	0
155653	4972	0
155653	4973	0
155654	5886	0
155654	5887	0
155654	5888	0
155654	5889	0
155654	5890	0
155654	5891	0
155666	7634	0
155666	7635	0
155666	7636	0
155666	7637	0
155666	7638	1
155666	7639	1
155667	7634	0
155667	7635	0
155667	7636	0
155667	7637	0
155667	7638	0
155667	7639	1
155669	3789	0
155669	3790	0
155669	3791	1
155669	3792	1
155669	3793	0
155669	3794	0
155670	3789	0
155670	3790	0
155670	3791	0
155670	3792	0
155670	3793	0
155670	3794	0
155784	6605	0
155784	6606	0
155784	6607	0
155784	6608	0
155784	6609	0
155784	6610	0
155797	6851	0
155797	6852	0
155797	6853	0
155797	6854	0
155797	6855	0
155797	6856	0
155798	6851	0
155798	6852	0
155798	6853	0
155798	6854	0
155798	6855	0
155798	6856	0
155799	5832	0
155799	5833	0
155799	5834	0
155799	5835	0
155799	5836	0
155799	5837	0
155800	5832	0
155800	5833	0
155800	5834	0
155800	5835	0
155800	5836	0
155800	5837	0
155801	7598	0
155801	7599	0
155801	7600	0
155801	7601	0
155801	7602	0
155801	7603	1
155830	6631	0
155830	6632	1
155830	6633	0
155830	6634	0
155830	6635	0
155830	6636	0
155837	6631	0
155837	6632	0
155837	6633	0
155837	6634	0
155837	6635	0
155837	6636	0
155887	3831	0
155887	3832	1
155887	3833	1
155887	3834	0
155887	3835	0
155887	3836	0
155895	3831	0
155895	3832	0
155895	3833	1
155895	3834	0
155895	3835	1
155895	3836	1
155966	3831	1
155966	3832	1
155966	3833	3
155966	3834	0
155966	3835	2
155966	3836	0
156074	5832	0
156074	5833	0
156074	5834	0
156074	5835	0
156074	5836	0
156074	5837	0
156325	4034	0
156325	4035	1
156325	4036	0
156325	4037	0
156325	4038	0
156325	4039	0
156326	4034	0
156326	4035	0
156326	4036	0
156326	4037	0
156326	4038	0
156326	4039	0
156349	6605	0
156349	6606	0
156349	6607	0
156349	6608	0
156349	6609	1
156349	6610	0
156350	6605	0
156350	6606	0
156350	6607	0
156350	6608	0
156350	6609	0
156350	6610	0
156501	7616	0
156501	7617	0
156501	7618	0
156501	7619	0
156501	7620	0
156501	7621	0
156502	7616	0
156502	7617	0
156502	7618	0
156502	7619	0
156502	7620	1
156502	7621	0
156546	6797	0
156546	6798	0
156546	6799	0
156546	6800	0
156546	6801	0
156546	6802	0
156547	6797	0
156547	6798	0
156547	6799	0
156547	6800	0
156547	6801	1
156547	6802	0
156560	4968	0
156560	4969	0
156560	4970	0
156560	4971	0
156560	4972	0
156560	4973	0
156561	5886	0
156561	5887	0
156561	5888	0
156561	5889	0
156561	5890	2
156561	5891	0
156564	5196	0
156564	5197	0
156564	5198	0
156564	5199	0
156564	5200	0
156564	5201	0
156566	4968	0
156566	4969	0
156566	4970	0
156566	4971	0
156566	4972	0
156566	4973	0
156567	5886	0
156567	5887	0
156567	5888	0
156567	5889	0
156567	5890	0
156567	5891	0
156570	5196	0
156570	5197	0
156570	5198	0
156570	5199	0
156570	5200	1
156570	5201	1
156649	2973	0
156649	2974	0
156649	2975	0
156649	2976	0
156650	2973	0
156650	2974	0
156650	2975	0
156650	2976	0
156673	3789	0
156673	3790	0
156673	3791	1
156673	3792	1
156673	3793	0
156673	3794	0
156674	3789	0
156674	3790	0
156674	3791	0
156674	3792	0
156674	3793	0
156674	3794	0
156677	3831	1
156677	3832	1
156677	3833	3
156677	3834	0
156677	3835	2
156677	3836	0
156679	3831	0
156679	3832	0
156679	3833	1
156679	3834	0
156679	3835	1
156679	3836	1
156714	7634	0
156714	7635	0
156714	7636	0
156714	7637	0
156714	7638	1
156714	7639	1
156715	7634	0
156715	7635	0
156715	7636	0
156715	7637	0
156715	7638	0
156715	7639	1
156741	3933	0
156741	3934	0
156741	3935	0
156741	3936	0
156741	3937	0
156741	3938	0
156742	3933	0
156742	3934	0
156742	3935	0
156742	3936	1
156742	3937	0
156742	3938	0
156770	6384	0
156770	6385	0
156770	6386	0
156770	6387	0
156770	6388	1
156771	6384	0
156771	6385	0
156771	6386	0
156771	6387	0
156771	6388	1
156774	6384	0
156774	6385	0
156774	6386	0
156774	6387	0
156774	6388	1
156774	6389	0
156775	6384	0
156775	6385	0
156775	6386	0
156775	6387	0
156775	6388	1
156775	6389	0
156777	4521	1
156777	4522	0
156777	4523	0
156777	4524	0
156777	4525	0
156777	4526	0
156778	4521	0
156778	4522	1
156778	4523	1
156778	4524	0
156778	4525	0
156778	4526	0
156795	4521	1
156795	4522	0
156795	4523	0
156795	4524	0
156795	4525	0
156795	4526	0
156796	4521	0
156796	4522	1
156796	4523	1
156796	4524	0
156796	4525	0
156796	4526	0
156860	4740	0
156860	4741	0
156860	4742	0
156860	4743	0
156860	4744	0
156860	4745	0
156861	4740	0
156861	4741	0
156861	4742	0
156861	4743	0
156861	4744	0
156861	4745	0
156930	4004	0
156930	4005	0
156930	4006	0
156930	4007	0
156930	4008	0
156930	4009	1
156937	2660	0
156937	2661	1
156937	2662	0
156937	2663	0
156937	2664	1
156937	2665	0
156963	4740	0
156963	4741	0
156963	4742	0
156963	4743	0
156963	4744	0
156963	4745	0
156964	4740	0
156964	4741	0
156964	4742	0
156964	4743	0
156964	4744	0
156964	4745	0
156978	7347	0
156978	7348	1
156978	7349	0
156978	7350	1
156978	7351	0
156978	7352	0
157182	2660	0
157182	2661	0
157182	2662	0
157182	2663	0
157182	2664	1
157182	2665	0
157467	7676	0
157467	7677	1
157467	7678	0
157467	7679	0
157467	7680	0
157467	7681	0
157559	6312	0
157559	6313	0
157559	6314	0
157559	6315	0
157559	6316	0
157559	6317	0
157560	6312	0
157560	6313	0
157560	6314	0
157560	6315	0
157560	6316	0
157560	6317	0
157706	3603	1
157706	3604	0
157706	3605	0
157706	3606	0
157706	3607	0
157706	3608	0
157707	3603	0
157707	3604	0
157707	3605	0
157707	3606	0
157707	3607	0
157707	3608	0
157741	2767	0
157741	2768	0
157741	2769	0
157741	2770	0
157741	2771	0
157741	2772	1
157742	2767	0
157742	2768	0
157742	2769	0
157742	2770	0
157742	2771	0
157742	2772	0
157744	7073	0
157744	7074	0
157744	7075	1
157744	7076	0
157744	7077	0
157744	7078	0
157745	7073	0
157745	7074	0
157745	7075	0
157745	7076	0
157745	7077	0
157745	7078	0
158635	6917	1
158635	6918	1
158635	6919	1
158635	6920	2
158635	6921	1
158635	6922	1
158636	6917	0
158636	6918	0
158636	6919	2
158636	6920	1
158636	6921	3
158636	6922	1
158641	5064	0
158641	5065	0
158641	5066	0
158641	5067	0
158641	5068	0
158641	5069	0
158642	5064	0
158642	5065	0
158642	5066	1
158642	5067	0
158642	5068	0
158642	5069	0
158647	3603	1
158647	3604	0
158647	3605	0
158647	3606	0
158647	3607	0
158647	3608	0
158648	3603	0
158648	3604	0
158648	3605	0
158648	3606	0
158648	3607	0
158648	3608	0
159166	3741	0
159166	3742	1
159166	3743	0
159166	3744	0
159166	3745	0
159166	3746	0
159456	2919	0
159456	2920	0
159456	2921	0
159456	2922	1
159456	2923	1
159456	2924	0
159878	4818	0
159878	4819	0
159878	4820	0
159878	4821	0
159878	4822	0
159878	4823	1
159879	4818	0
159879	4819	0
159879	4820	1
159879	4821	0
159879	4822	0
159879	4823	0
159883	7598	0
159883	7599	0
159883	7600	0
159883	7601	0
159883	7602	0
159883	7603	0
159990	4157	1
159990	4158	0
159990	4159	0
159990	4160	0
159990	4161	1
159990	4162	0
159991	4157	0
159991	4158	0
159991	4159	0
159991	4160	0
159991	4161	1
159991	4162	1
160208	2660	0
160208	2661	0
160208	2662	0
160208	2663	0
160208	2664	0
160208	2665	1
160212	4004	1
160212	4005	1
160212	4006	0
160212	4007	1
160212	4008	0
160212	4009	0
160261	4968	0
160261	4969	0
160261	4970	1
160261	4971	0
160261	4972	1
160261	4973	0
160276	6797	0
160276	6798	0
160276	6799	0
160276	6800	0
160276	6801	0
160276	6802	0
160314	4034	0
160314	4035	1
160314	4036	0
160314	4037	0
160314	4038	0
160314	4039	1
160318	2973	1
160318	2974	0
160318	2975	1
160318	2976	1
160343	2660	1
160343	2661	0
160343	2662	0
160343	2663	0
160343	2664	0
160343	2665	0
160354	4004	1
160354	4005	0
160354	4006	0
160354	4007	0
160354	4008	1
160354	4009	0
160364	4740	0
160364	4741	0
160364	4742	0
160364	4743	1
160364	4744	0
160364	4745	0
160366	7676	0
160366	7677	0
160366	7678	0
160366	7679	0
160366	7680	0
160366	7681	0
160368	6797	0
160368	6798	1
160368	6799	0
160368	6800	0
160368	6801	0
160368	6802	0
160371	4740	0
160371	4741	0
160371	4742	0
160371	4743	0
160371	4744	0
160371	4745	0
160378	4521	1
160378	4522	0
160378	4523	1
160378	4524	0
160378	4525	0
160378	4526	0
160379	4521	0
160379	4522	0
160379	4523	0
160379	4524	0
160379	4525	0
160379	4526	0
160381	7389	0
160381	7390	0
160381	7391	0
160381	7392	1
160381	7393	1
160381	7394	2
160387	4968	0
160387	4969	0
160387	4970	0
160387	4971	0
160387	4972	0
160387	4973	0
160389	7616	0
160389	7617	0
160389	7618	0
160389	7619	0
160389	7620	0
160389	7621	0
160392	7616	0
160392	7617	0
160392	7618	0
160392	7619	0
160392	7620	1
160392	7621	0
160428	7634	1
160428	7635	1
160428	7636	0
160428	7637	0
160428	7638	1
160428	7639	0
160429	7634	0
160429	7635	0
160429	7636	0
160429	7637	0
160429	7638	1
160429	7639	0
160430	3789	1
160430	3790	0
160430	3791	1
160430	3792	0
160430	3793	0
160430	3794	0
160431	3789	0
160431	3790	0
160431	3791	0
160431	3792	1
160431	3793	0
160431	3794	0
160432	7389	1
160432	7390	0
160432	7391	0
160432	7392	0
160432	7393	0
160432	7394	1
160433	4034	0
160433	4035	0
160433	4036	0
160433	4037	0
160433	4038	0
160433	4039	0
160506	3831	0
160506	3832	1
160506	3833	0
160506	3834	0
160506	3835	0
160506	3836	0
160507	3831	1
160507	3832	0
160507	3833	1
160507	3834	2
160507	3835	1
160507	3836	2
160534	4818	1
160534	4819	0
160534	4820	0
160534	4821	0
160534	4822	0
160534	4823	0
160535	4818	0
160535	4819	0
160535	4820	0
160535	4821	0
160535	4822	1
160535	4823	0
160561	6384	0
160561	6385	0
160561	6386	0
160561	6387	0
160561	6388	1
160561	6389	0
160562	6384	0
160562	6385	0
160562	6386	0
160562	6387	0
160562	6388	1
160562	6389	0
160563	6384	0
160563	6385	0
160563	6386	0
160563	6387	0
160563	6388	0
160563	6389	0
160564	6384	0
160564	6385	0
160564	6386	0
160564	6387	0
160564	6388	0
160564	6389	0
160578	2973	0
160578	2974	0
160578	2975	0
160578	2976	0
160820	6917	1
160820	6918	1
160820	6919	1
160820	6920	2
160820	6921	1
160820	6922	1
160821	6917	0
160821	6918	0
160821	6919	2
160821	6920	1
160821	6921	3
160821	6922	1
160864	3831	0
160864	3832	1
160864	3833	0
160864	3834	0
160864	3835	0
160864	3836	0
160865	3831	1
160865	3832	0
160865	3833	1
160865	3834	2
160865	3835	1
160865	3836	2
160969	3741	0
160969	3742	0
160969	3743	0
160969	3744	0
160969	3745	0
160969	3746	0
160972	5886	0
160972	5887	0
160972	5888	0
160972	5889	0
160972	5890	0
160972	5891	1
160973	6180	0
160973	6181	0
160973	6182	0
160973	6183	1
160973	6184	0
160973	6185	1
160974	6180	0
160974	6181	0
160974	6182	0
160974	6183	0
160974	6184	0
160974	6185	0
160975	4426	0
160975	4427	0
160975	4428	0
160975	4429	0
160975	4430	0
160975	4431	1
160976	5730	0
160976	5731	1
160976	5732	0
160976	5733	0
160976	5734	0
160976	5735	0
160977	4426	0
160977	4427	0
160977	4428	0
160977	4429	0
160977	4430	0
160977	4431	1
160988	6312	0
160988	6313	0
160988	6314	0
160988	6315	0
160988	6316	0
160988	6317	0
161004	7676	0
161004	7677	0
161004	7678	0
161004	7679	0
161004	7680	1
161004	7681	0
161028	7311	0
161028	7312	0
161028	7313	0
161028	7314	0
161028	7315	1
161028	7316	0
161035	6851	1
161035	6852	0
161035	6853	0
161035	6854	1
161035	6855	0
161035	6856	1
161036	5832	1
161036	5833	0
161036	5834	0
161036	5835	0
161036	5836	0
161036	5837	0
161047	5886	0
161047	5887	0
161047	5888	1
161047	5889	0
161047	5890	0
161047	5891	0
161048	3741	0
161048	3742	2
161048	3743	1
161048	3744	0
161048	3745	1
161048	3746	0
161053	6312	0
161053	6313	0
161053	6314	0
161053	6315	0
161053	6316	0
161053	6317	1
161161	6851	0
161161	6852	0
161161	6853	0
161161	6854	0
161161	6855	0
161161	6856	0
161162	5832	0
161162	5833	0
161162	5834	0
161162	5835	0
161162	5836	0
161162	5837	0
161174	7676	0
161174	7677	0
161174	7678	0
161174	7679	0
161174	7680	0
161174	7681	0
161180	7311	0
161180	7312	0
161180	7313	0
161180	7314	0
161180	7315	0
161180	7316	0
161207	6180	0
161207	6181	0
161207	6182	0
161207	6183	2
161207	6184	0
161207	6185	1
161208	6180	0
161208	6181	0
161208	6182	0
161208	6183	1
161208	6184	0
161208	6185	0
161271	6917	1
161271	6918	1
161271	6919	3
161271	6920	2
161271	6921	2
161271	6922	0
161272	6917	0
161272	6918	0
161272	6919	2
161272	6920	1
161272	6921	1
161272	6922	0
161968	2660	1
161968	2661	0
161968	2662	0
161968	2663	0
161968	2664	1
161968	2665	0
162006	4426	0
162006	4427	0
162006	4428	0
162006	4429	0
162006	4430	0
162006	4431	0
162007	5730	0
162007	5731	0
162007	5732	0
162007	5733	0
162007	5734	0
162007	5735	0
