ObservationID	SubLocationID	Count
146073	6244	0
146073	6245	0
146073	6246	2
146073	6247	0
146073	6248	1
146073	6249	0
146090	3521	0
146090	3522	2
146090	3523	0
146090	3524	0
146090	3525	1
146090	3526	1
146091	6316	0
146091	6317	0
146091	6318	0
146091	6319	0
146091	6320	0
146091	6321	1
146093	3521	1
146093	3522	0
146093	3523	0
146093	3524	0
146093	3525	0
146093	3526	0
146094	6316	0
146094	6317	0
146094	6318	1
146094	6319	0
146094	6320	0
146094	6321	0
146096	6316	0
146096	6317	0
146096	6318	0
146096	6319	1
146096	6320	1
146096	6321	1
146097	3521	0
146097	3522	0
146097	3523	0
146097	3524	0
146097	3525	2
146097	3526	1
146109	5715	5
146109	5716	0
146109	5717	1
146109	5718	0
146109	5719	0
146109	5720	0
146111	5715	6
146111	5716	0
146111	5717	2
146111	5718	0
146111	5719	0
146111	5720	0
146113	5715	4
146113	5716	1
146113	5717	2
146113	5718	0
146113	5719	0
146113	5720	0
146130	5249	0
146130	5250	0
146130	5251	0
146130	5252	0
146130	5253	0
146130	5254	0
146142	5249	0
146142	5250	0
146142	5251	0
146142	5252	0
146142	5253	0
146142	5254	0
146147	5249	0
146147	5250	0
146147	5251	0
146147	5252	0
146147	5253	0
146147	5254	0
146206	3385	0
146206	3386	0
146206	3387	1
146206	3388	0
146206	3389	0
146206	3390	0
146207	3385	0
146207	3386	0
146207	3387	0
146207	3388	0
146207	3389	0
146207	3390	0
146241	4312	0
146241	4313	0
146241	4314	0
146241	4315	0
146241	4316	1
146241	4317	1
146243	7171	0
146243	7172	0
146243	7173	0
146243	7174	0
146243	7175	0
146243	7176	1
146246	4312	0
146246	4313	0
146246	4314	0
146246	4315	0
146246	4316	1
146246	4317	1
146247	4312	0
146247	4313	0
146247	4314	0
146247	4315	0
146247	4316	1
146247	4317	0
146249	7171	0
146249	7172	0
146249	7173	0
146249	7174	0
146249	7175	0
146249	7176	1
146253	7171	0
146253	7172	0
146253	7173	0
146253	7174	0
146253	7175	0
146253	7176	0
146266	5517	0
146266	5518	0
146266	5519	0
146266	5520	0
146266	5521	0
146266	5522	0
146267	5517	0
146267	5518	0
146267	5519	0
146267	5520	0
146267	5521	0
146267	5522	0
146268	5517	0
146268	5518	0
146268	5519	0
146268	5520	0
146268	5521	0
146268	5522	0
146269	6988	0
146269	6989	0
146269	6990	0
146269	6991	0
146269	6992	0
146269	6993	0
146277	4384	0
146277	4385	0
146277	4386	1
146277	4387	0
146277	4388	0
146277	4389	0
146278	4384	0
146278	4385	0
146278	4386	0
146278	4387	1
146278	4388	0
146278	4389	0
146279	4384	0
146279	4385	0
146279	4386	0
146279	4387	2
146279	4388	0
146279	4389	0
146337	7582	0
146337	7583	1
146337	7584	0
146337	7585	0
146337	7586	0
146337	7587	1
146338	7582	0
146338	7583	0
146338	7584	0
146338	7585	1
146338	7586	1
146338	7587	2
146342	7582	0
146342	7583	1
146342	7584	0
146342	7585	0
146342	7586	1
146342	7587	1
146348	6988	0
146348	6989	0
146348	6990	0
146348	6991	0
146348	6992	0
146348	6993	0
146350	6112	0
146350	6113	0
146350	6114	0
146350	6115	0
146350	6116	1
146350	6117	0
146361	6988	0
146361	6989	0
146361	6990	0
146361	6991	0
146361	6992	0
146361	6993	0
146424	5673	1
146424	5674	0
146424	5675	0
146424	5676	0
146424	5677	0
146424	5678	0
146425	5673	0
146425	5674	0
146425	5675	0
146425	5676	0
146425	5677	0
146425	5678	0
146426	5673	0
146426	5674	0
146426	5675	0
146426	5676	0
146426	5677	0
146426	5678	0
146440	2958	1
146440	2959	1
146440	2960	0
146440	2961	0
146440	2962	0
146440	2963	0
146471	3587	0
146471	3588	0
146471	3589	0
146471	3590	0
146471	3591	0
146471	3592	0
146472	3587	0
146472	3588	0
146472	3589	0
146472	3590	0
146472	3591	0
146472	3592	0
146473	3587	0
146473	3588	0
146473	3589	0
146473	3590	0
146473	3591	0
146473	3592	0
146542	3928	1
146542	3929	0
146542	3930	1
146542	3931	0
146542	3932	0
146542	3933	0
146543	3928	0
146543	3929	0
146543	3930	0
146543	3931	0
146543	3932	0
146543	3933	2
146544	3928	0
146544	3929	0
146544	3930	1
146544	3931	1
146544	3932	0
146544	3933	0
146564	2958	0
146564	2959	0
146564	2960	0
146564	2961	0
146564	2962	0
146564	2963	0
146565	2958	0
146565	2959	1
146565	2960	0
146565	2961	0
146565	2962	0
146565	2963	0
146599	6274	0
146599	6275	0
146599	6276	0
146599	6277	0
146599	6278	0
146599	6279	1
146600	6274	0
146600	6275	0
146600	6276	0
146600	6277	0
146600	6278	0
146600	6279	0
146601	6274	0
146601	6275	0
146601	6276	0
146601	6277	0
146601	6278	0
146601	6279	0
146658	5487	0
146658	5488	0
146658	5489	0
146658	5490	0
146658	5491	0
146658	5492	0
146659	5487	0
146659	5488	0
146659	5489	0
146659	5490	0
146659	5491	1
146659	5492	0
146660	5487	0
146660	5488	0
146660	5489	0
146660	5490	0
146660	5491	1
146660	5492	0
146772	6400	2
146772	6401	0
146772	6402	0
146772	6403	1
146772	6404	0
146772	6405	0
146773	6400	1
146773	6401	1
146773	6402	2
146773	6403	1
146773	6404	1
146773	6405	0
146774	6400	1
146774	6401	0
146774	6402	1
146774	6403	1
146774	6404	1
146774	6405	0
146841	5303	0
146841	5304	0
146841	5305	0
146841	5306	0
146841	5307	0
146841	5308	0
146842	5303	0
146842	5304	0
146842	5305	0
146842	5306	0
146842	5307	0
146842	5308	0
146843	5303	0
146843	5304	0
146843	5305	0
146843	5306	0
146843	5307	1
146843	5308	0
146998	4414	0
146998	4415	0
146998	4416	0
146998	4417	0
146998	4418	1
146998	4419	0
147004	2808	0
147004	2809	0
147004	2810	0
147004	2811	0
147004	2812	1
147004	2813	0
147005	2808	0
147005	2809	0
147005	2810	0
147005	2811	0
147005	2812	2
147005	2813	0
147007	2808	0
147007	2809	0
147007	2810	0
147007	2811	0
147007	2812	1
147007	2813	1
147049	5052	0
147049	5053	0
147049	5054	1
147049	5055	3
147049	5056	0
147049	5057	3
147054	3803	0
147054	3804	0
147054	3805	0
147054	3806	1
147054	3807	0
147054	3808	1
147055	3539	1
147055	3540	1
147055	3541	0
147055	3542	1
147055	3543	0
147055	3544	0
147071	3845	0
147071	3846	1
147071	3847	0
147071	3848	1
147071	3849	0
147071	3850	0
147117	4414	0
147117	4415	1
147117	4416	4
147117	4417	1
147117	4418	1
147117	4419	1
147126	3803	0
147126	3804	0
147126	3805	0
147126	3806	0
147126	3807	0
147126	3808	0
147127	3539	2
147127	3540	0
147127	3541	0
147127	3542	0
147127	3543	0
147127	3544	0
147130	2556	0
147130	2557	2
147130	2558	0
147130	2559	0
147130	2560	0
147130	2561	0
147144	4622	1
147144	4623	1
147144	4624	1
147144	4625	0
147144	4626	1
147144	4627	0
147204	7243	0
147204	7244	0
147204	7245	0
147204	7246	0
147204	7247	0
147204	7248	0
147214	4622	1
147214	4623	0
147214	4624	0
147214	4625	0
147214	4626	0
147214	4627	1
147221	2556	0
147221	2557	1
147221	2558	0
147221	2559	1
147221	2560	1
147221	2561	0
147239	4414	0
147239	4415	2
147239	4416	0
147239	4417	1
147239	4418	1
147239	4419	1
147240	3845	0
147240	3846	0
147240	3847	1
147240	3848	0
147240	3849	0
147240	3850	0
147241	6672	0
147241	6673	0
147241	6674	0
147241	6675	0
147241	6676	0
147241	6677	0
147244	5052	0
147244	5053	0
147244	5054	0
147244	5055	1
147244	5056	0
147244	5057	2
147264	5052	0
147264	5053	0
147264	5054	0
147264	5055	1
147264	5056	2
147264	5057	3
147340	3593	0
147340	3594	0
147340	3595	0
147340	3596	0
147340	3597	1
147340	3598	0
147348	6035	0
147348	6036	1
147348	6037	0
147348	6038	0
147348	6039	0
147348	6040	0
147349	6035	0
147349	6036	0
147349	6037	0
147349	6038	0
147349	6039	0
147349	6040	0
147350	6035	0
147350	6036	0
147350	6037	1
147350	6038	0
147350	6039	2
147350	6040	0
147351	5665	0
147351	5666	1
147351	5667	0
147351	5668	1
147351	5669	0
147351	5670	0
147352	5665	0
147352	5666	2
147352	5667	0
147352	5668	0
147352	5669	0
147352	5670	0
147353	5665	0
147353	5666	1
147353	5667	1
147353	5668	1
147353	5669	0
147353	5670	0
147368	2556	0
147368	2557	2
147368	2558	0
147368	2559	0
147368	2560	0
147368	2561	0
147370	3539	2
147370	3540	1
147370	3541	0
147370	3542	2
147370	3543	0
147370	3544	1
147371	3803	0
147371	3804	0
147371	3805	0
147371	3806	1
147371	3807	0
147371	3808	0
147386	3928	0
147386	3929	0
147386	3930	0
147386	3931	0
147386	3932	0
147386	3933	2
147387	6274	0
147387	6275	0
147387	6276	0
147387	6277	0
147387	6278	0
147387	6279	1
147874	7243	0
147874	7244	0
147874	7245	0
147874	7246	0
147874	7247	0
147874	7248	0
147877	7243	0
147877	7244	0
147877	7245	0
147877	7246	0
147877	7247	0
147877	7248	0
148053	4640	0
148053	4641	0
148053	4642	0
148053	4643	0
148053	4644	0
148053	4645	0
148054	4640	0
148054	4641	0
148054	4642	0
148054	4643	0
148054	4644	0
148054	4645	1
148055	4640	0
148055	4641	0
148055	4642	0
148055	4643	1
148055	4644	0
148055	4645	1
148367	4432	0
148367	4433	0
148367	4434	0
148367	4435	1
148367	4436	0
148367	4437	0
148369	4432	0
148369	4433	0
148369	4434	0
148369	4435	0
148369	4436	0
148369	4437	0
148371	4432	2
148371	4433	0
148371	4434	0
148371	4435	0
148371	4436	0
148371	4437	0
148422	2999	0
148422	3000	0
148422	3001	0
148422	3002	0
148422	3003	0
148422	3004	0
148423	2999	1
148423	3000	1
148423	3001	1
148423	3002	0
148423	3003	1
148423	3004	0
148424	2999	1
148424	3000	0
148424	3001	1
148424	3002	0
148424	3003	1
148424	3004	1
148508	3325	0
148508	3326	0
148508	3327	0
148508	3328	0
148508	3329	0
148508	3330	0
148509	3325	0
148509	3326	0
148509	3327	0
148509	3328	0
148509	3329	0
148509	3330	1
148512	3325	0
148512	3326	0
148512	3327	0
148512	3328	0
148512	3329	0
148512	3330	0
148513	3083	0
148513	3084	0
148513	3085	0
148513	3086	0
148513	3087	0
148513	3088	0
148514	3083	0
148514	3084	0
148514	3085	0
148514	3086	0
148514	3087	0
148514	3088	0
148517	3083	0
148517	3084	0
148517	3085	1
148517	3086	0
148517	3087	0
148517	3088	0
148667	3593	0
148667	3594	0
148667	3595	0
148667	3596	0
148667	3597	1
148667	3598	0
148759	3355	0
148759	3356	0
148759	3357	1
148759	3358	2
148759	3359	1
148759	3360	1
148760	3355	0
148760	3356	0
148760	3357	3
148760	3358	1
148760	3359	0
148760	3360	1
148761	7297	0
148761	7298	0
148761	7299	3
148761	7300	0
148761	7301	0
148761	7302	0
148767	7297	0
148767	7298	0
148767	7299	0
148767	7300	0
148767	7301	0
148767	7302	0
148780	7297	0
148780	7298	0
148780	7299	0
148780	7300	0
148780	7301	0
148780	7302	0
148781	7297	0
148781	7298	0
148781	7299	3
148781	7300	0
148781	7301	0
148781	7302	0
148782	3355	0
148782	3356	0
148782	3357	1
148782	3358	2
148782	3359	1
148782	3360	1
151843	5303	0
151843	5304	0
151843	5305	0
151843	5306	0
151843	5307	0
151843	5308	0
151970	4676	0
151970	4677	2
151970	4678	0
151970	4679	0
151970	4680	0
151970	4681	0
152002	6340	0
152002	6341	0
152002	6342	0
152002	6343	0
152002	6344	1
152002	6345	0
152055	6570	1
152055	6571	0
152055	6572	1
152055	6573	1
152055	6574	3
152055	6575	0
152080	6340	0
152080	6341	0
152080	6342	0
152080	6343	0
152080	6344	0
152080	6345	0
152081	6570	0
152081	6571	0
152081	6572	2
152081	6573	0
152081	6574	2
152081	6575	0
152138	4676	1
152138	4677	0
152138	4678	0
152138	4679	0
152138	4680	1
152138	4681	0
152162	3757	2
152162	3758	0
152162	3759	0
152162	3760	0
152162	3761	0
152162	3762	0
152163	3757	2
152163	3758	0
152163	3759	0
152163	3760	0
152163	3761	1
152163	3762	0
152166	4766	1
152166	4767	4
152166	4768	1
152166	4769	2
152166	4770	0
152166	4771	2
152211	4766	0
152211	4767	0
152211	4768	0
152211	4769	1
152211	4770	0
152211	4771	2
152212	4766	0
152212	4767	1
152212	4768	2
152212	4769	1
152212	4770	1
152212	4771	3
152261	5005	0
152261	5006	1
152261	5007	0
152261	5008	0
152261	5009	0
152261	5010	0
152262	5005	0
152262	5006	1
152262	5007	1
152262	5008	1
152262	5009	0
152262	5010	0
152265	5005	0
152265	5006	1
152265	5007	1
152265	5008	1
152265	5009	1
152265	5010	0
152283	4676	1
152283	4677	0
152283	4678	0
152283	4679	0
152283	4680	0
152283	4681	0
152328	4390	0
152328	4391	1
152328	4392	0
152328	4393	0
152328	4394	0
152328	4395	0
152329	4390	0
152329	4391	2
152329	4392	0
152329	4393	0
152329	4394	1
152329	4395	0
152331	4390	0
152331	4391	2
152331	4392	1
152331	4393	0
152331	4394	1
152331	4395	0
152352	6809	0
152352	6810	0
152352	6811	0
152352	6812	0
152352	6813	0
152352	6814	0
152353	6809	1
152353	6810	0
152353	6811	0
152353	6812	0
152353	6813	0
152353	6814	0
152354	6810	0
152354	6811	0
152354	6812	0
152354	6813	2
152354	6814	1
152355	6570	0
152355	6571	2
152355	6572	0
152355	6573	1
152355	6574	0
152355	6575	0
152357	6340	0
152357	6341	0
152357	6342	0
152357	6343	0
152357	6344	0
152357	6345	0
152362	6594	0
152362	6595	0
152362	6596	0
152362	6597	0
152362	6598	1
152362	6599	1
152363	6594	0
152363	6595	0
152363	6596	0
152363	6597	0
152363	6598	2
152363	6599	0
152364	6594	0
152364	6595	0
152364	6596	0
152364	6597	0
152364	6598	1
152364	6599	2
152461	5955	0
152461	5956	0
152461	5957	0
152461	5958	2
152461	5959	0
152461	5960	0
152462	5955	0
152462	5956	0
152462	5957	0
152462	5958	0
152462	5959	0
152462	5960	0
152463	5955	0
152463	5956	0
152463	5957	0
152463	5958	0
152463	5959	0
152463	5960	0
152599	4622	1
152599	4623	1
152599	4624	1
152599	4625	0
152599	4626	1
152599	4627	0
152601	4622	1
152601	4623	0
152601	4624	0
152601	4625	0
152601	4626	0
152601	4627	1
152613	5052	0
152613	5053	0
152613	5054	1
152613	5055	3
152613	5056	0
152613	5057	3
152626	5052	0
152626	5053	0
152626	5054	0
152626	5055	1
152626	5056	0
152626	5057	2
152627	5052	0
152627	5053	0
152627	5054	0
152627	5055	1
152627	5056	2
152627	5057	3
152628	5955	0
152628	5956	0
152628	5957	0
152628	5958	2
152628	5959	0
152628	5960	0
152629	5955	0
152629	5956	0
152629	5957	0
152629	5958	0
152629	5959	0
152629	5960	0
152630	5955	0
152630	5956	0
152630	5957	0
152630	5958	0
152630	5959	0
152630	5960	0
152724	6594	0
152724	6595	0
152724	6596	0
152724	6597	0
152724	6598	1
152724	6599	1
152725	6594	0
152725	6595	0
152725	6596	0
152725	6597	0
152725	6598	2
152725	6599	0
152726	6594	0
152726	6595	0
152726	6596	0
152726	6597	0
152726	6598	1
152726	6599	2
152727	6809	0
152727	6810	0
152727	6811	0
152727	6812	0
152727	6813	0
152727	6814	0
152728	6809	1
152728	6810	0
152728	6811	0
152728	6812	0
152728	6813	0
152728	6814	0
152729	6810	0
152729	6811	0
152729	6812	0
152729	6813	2
152729	6814	1
152739	4640	0
152739	4641	0
152739	4642	0
152739	4643	0
152739	4644	0
152739	4645	0
152740	4640	0
152740	4641	0
152740	4642	0
152740	4643	0
152740	4644	0
152740	4645	1
152741	4640	0
152741	4641	0
152741	4642	0
152741	4643	1
152741	4644	0
152741	4645	1
152745	5665	0
152745	5666	1
152745	5667	0
152745	5668	1
152745	5669	0
152745	5670	0
152746	6035	0
152746	6036	1
152746	6037	0
152746	6038	0
152746	6039	0
152746	6040	0
152747	6035	0
152747	6036	0
152747	6037	0
152747	6038	0
152747	6039	0
152747	6040	0
152748	5665	0
152748	5666	2
152748	5667	0
152748	5668	0
152748	5669	0
152748	5670	0
152749	6035	0
152749	6036	0
152749	6037	1
152749	6038	0
152749	6039	2
152749	6040	0
152750	5665	0
152750	5666	1
152750	5667	1
152750	5668	1
152750	5669	0
152750	5670	0
152751	4390	0
152751	4391	1
152751	4392	0
152751	4393	0
152751	4394	0
152751	4395	0
152753	4390	0
152753	4391	2
152753	4392	0
152753	4393	0
152753	4394	1
152753	4395	0
152755	4390	0
152755	4391	2
152755	4392	1
152755	4393	0
152755	4394	1
152755	4395	0
152885	6340	0
152885	6341	0
152885	6342	0
152885	6343	0
152885	6344	1
152885	6345	0
152886	6340	0
152886	6341	0
152886	6342	0
152886	6343	0
152886	6344	0
152886	6345	0
152887	6340	0
152887	6341	0
152887	6342	0
152887	6343	0
152887	6344	0
152887	6345	0
152892	3083	0
152892	3084	0
152892	3085	0
152892	3086	0
152892	3087	0
152892	3088	0
152893	3325	0
152893	3326	0
152893	3327	0
152893	3328	0
152893	3329	0
152893	3330	0
152899	3325	0
152899	3326	0
152899	3327	0
152899	3328	0
152899	3329	0
152899	3330	1
152900	3083	0
152900	3084	0
152900	3085	0
152900	3086	0
152900	3087	0
152900	3088	0
152906	3325	0
152906	3326	0
152906	3327	0
152906	3328	0
152906	3329	0
152906	3330	0
152907	3083	0
152907	3084	0
152907	3085	1
152907	3086	0
152907	3087	0
152907	3088	0
152917	3539	1
152917	3540	1
152917	3541	0
152917	3542	1
152917	3543	0
152917	3544	0
152918	3803	0
152918	3804	0
152918	3805	0
152918	3806	1
152918	3807	0
152918	3808	1
152919	3803	0
152919	3804	0
152919	3805	0
152919	3806	0
152919	3807	0
152919	3808	0
152920	3539	2
152920	3540	0
152920	3541	0
152920	3542	0
152920	3543	0
152920	3544	0
152921	3539	2
152921	3540	1
152921	3541	0
152921	3542	2
152921	3543	0
152921	3544	1
152922	3803	0
152922	3804	0
152922	3805	0
152922	3806	1
152922	3807	0
152922	3808	0
152923	6570	1
152923	6571	0
152923	6572	1
152923	6573	1
152923	6574	3
152923	6575	0
152924	6570	0
152924	6571	0
152924	6572	2
152924	6573	0
152924	6574	2
152924	6575	0
152925	6570	0
152925	6571	2
152925	6572	0
152925	6573	1
152925	6574	0
152925	6575	0
152933	4432	0
152933	4433	0
152933	4434	0
152933	4435	1
152933	4436	0
152933	4437	0
152935	4432	0
152935	4433	0
152935	4434	0
152935	4435	0
152935	4436	0
152935	4437	0
152937	4432	2
152937	4433	0
152937	4434	0
152937	4435	0
152937	4436	0
152937	4437	0
152948	2999	0
152948	3000	0
152948	3001	0
152948	3002	0
152948	3003	0
152948	3004	0
152954	2999	1
152954	3000	1
152954	3001	1
152954	3002	0
152954	3003	1
152954	3004	0
152960	2999	1
152960	3000	0
152960	3001	1
152960	3002	0
152960	3003	1
152960	3004	1
152962	3355	0
152962	3356	0
152962	3357	3
152962	3358	1
152962	3359	0
152962	3360	1
153357	4414	0
153357	4415	0
153357	4416	0
153357	4417	0
153357	4418	1
153357	4419	0
153358	4414	0
153358	4415	1
153358	4416	4
153358	4417	1
153358	4418	1
153358	4419	1
153360	4414	0
153360	4415	2
153360	4416	0
153360	4417	1
153360	4418	1
153360	4419	1
153362	4766	1
153362	4767	4
153362	4768	1
153362	4769	2
153362	4770	0
153362	4771	2
153363	4766	0
153363	4767	0
153363	4768	0
153363	4769	1
153363	4770	0
153363	4771	2
153366	4766	0
153366	4767	1
153366	4768	2
153366	4769	1
153366	4770	1
153366	4771	3
153371	5303	0
153371	5304	0
153371	5305	0
153371	5306	0
153371	5307	0
153371	5308	0
153386	4676	0
153386	4677	2
153386	4678	0
153386	4679	0
153386	4680	0
153386	4681	0
153387	4676	1
153387	4677	0
153387	4678	0
153387	4679	0
153387	4680	1
153387	4681	0
153388	4676	1
153388	4677	0
153388	4678	0
153388	4679	0
153388	4680	0
153388	4681	0
153392	2556	0
153392	2557	2
153392	2558	0
153392	2559	0
153392	2560	0
153392	2561	0
153393	2556	0
153393	2557	1
153393	2558	0
153393	2559	1
153393	2560	1
153393	2561	0
153394	2556	0
153394	2557	2
153394	2558	0
153394	2559	0
153394	2560	0
153394	2561	0
153466	6672	0
153466	6673	0
153466	6674	0
153466	6675	0
153466	6676	0
153466	6677	1
153467	3845	0
153467	3846	1
153467	3847	0
153467	3848	1
153467	3849	0
153467	3850	0
153468	3845	0
153468	3846	0
153468	3847	1
153468	3848	0
153468	3849	0
153468	3850	0
153469	6672	0
153469	6673	0
153469	6674	0
153469	6675	0
153469	6676	0
153469	6677	0
153666	6988	0
153666	6989	0
153666	6990	0
153666	6991	0
153666	6992	0
153666	6993	0
153670	6988	0
153670	6989	0
153670	6990	0
153670	6991	0
153670	6992	0
153670	6993	0
153671	6988	0
153671	6989	0
153671	6990	0
153671	6991	0
153671	6992	0
153671	6993	0
153679	3757	2
153679	3758	0
153679	3759	0
153679	3760	0
153679	3761	1
153679	3762	0
153685	5005	0
153685	5006	1
153685	5007	0
153685	5008	0
153685	5009	0
153685	5010	0
153687	5005	0
153687	5006	1
153687	5007	1
153687	5008	1
153687	5009	0
153687	5010	0
153690	5005	0
153690	5006	1
153690	5007	1
153690	5008	1
153690	5009	1
153690	5010	0
154866	6400	0
154866	6401	2
154866	6402	3
154866	6403	2
154866	6404	1
154866	6405	0
154871	4384	0
154871	4385	0
154871	4386	0
154871	4387	1
154871	4388	0
154871	4389	0
155088	2958	2
155088	2959	0
155088	2960	0
155088	2961	0
155088	2962	0
155088	2963	0
155114	4384	0
155114	4385	1
155114	4386	0
155114	4387	1
155114	4388	0
155114	4389	0
155171	5715	2
155171	5716	0
155171	5717	2
155171	5718	1
155171	5719	0
155171	5720	0
155172	5517	0
155172	5518	0
155172	5519	0
155172	5520	0
155172	5521	1
155172	5522	0
155173	5517	0
155173	5518	0
155173	5519	0
155173	5520	0
155173	5521	0
155173	5522	0
155203	6274	0
155203	6275	0
155203	6276	0
155203	6277	0
155203	6278	0
155203	6279	1
155204	6274	0
155204	6275	0
155204	6276	0
155204	6277	0
155204	6278	0
155204	6279	0
155211	4312	0
155211	4313	0
155211	4314	0
155211	4315	0
155211	4316	1
155211	4317	0
155212	7171	0
155212	7172	0
155212	7173	0
155212	7174	0
155212	7175	1
155212	7176	0
155213	4312	0
155213	4313	0
155213	4314	0
155213	4315	0
155213	4316	2
155213	4317	0
155214	7171	0
155214	7172	0
155214	7173	0
155214	7174	0
155214	7175	0
155214	7176	0
155242	3587	0
155242	3588	0
155242	3589	0
155242	3590	0
155242	3591	0
155242	3592	2
155244	6988	0
155244	6989	0
155244	6990	0
155244	6991	0
155244	6992	0
155244	6993	2
155245	3587	0
155245	3588	0
155245	3589	0
155245	3590	0
155245	3591	0
155245	3592	1
155247	2958	1
155247	2959	1
155247	2960	0
155247	2961	0
155247	2962	0
155247	2963	0
155268	4384	0
155268	4385	0
155268	4386	0
155268	4387	1
155268	4388	0
155268	4389	0
155269	5715	1
155269	5716	0
155269	5717	0
155269	5718	0
155269	5719	0
155269	5720	0
155270	5517	0
155270	5518	0
155270	5519	0
155270	5520	0
155270	5521	1
155270	5522	0
155542	4312	0
155542	4313	0
155542	4314	0
155542	4315	0
155542	4316	0
155542	4317	1
155545	7171	0
155545	7172	0
155545	7173	0
155545	7174	0
155545	7175	1
155545	7176	0
155559	6274	0
155559	6275	0
155559	6276	0
155559	6277	0
155559	6278	0
155559	6279	2
155628	5673	0
155628	5674	0
155628	5675	1
155628	5676	1
155628	5677	3
155628	5678	1
155629	5673	0
155629	5674	1
155629	5675	0
155629	5676	1
155629	5677	0
155629	5678	2
155630	5673	0
155630	5674	0
155630	5675	0
155630	5676	0
155630	5677	0
155630	5678	0
155786	3521	0
155786	3522	0
155786	3523	0
155786	3524	0
155786	3525	0
155786	3526	0
155787	6316	0
155787	6317	0
155787	6318	0
155787	6319	0
155787	6320	1
155787	6321	1
155792	2958	1
155792	2959	0
155792	2960	0
155792	2961	0
155792	2962	0
155792	2963	0
156121	5487	0
156121	5488	0
156121	5489	2
156121	5490	0
156121	5491	0
156121	5492	0
156122	5487	0
156122	5488	0
156122	5489	0
156122	5490	0
156122	5491	1
156122	5492	0
156123	5487	0
156123	5488	0
156123	5489	0
156123	5490	1
156123	5491	0
156123	5492	0
156361	5673	0
156361	5674	0
156361	5675	1
156361	5676	1
156361	5677	3
156361	5678	1
156362	5673	0
156362	5674	1
156362	5675	0
156362	5676	1
156362	5677	0
156362	5678	2
156363	5673	0
156363	5674	0
156363	5675	0
156363	5676	0
156363	5677	0
156363	5678	0
156398	4312	0
156398	4313	0
156398	4314	0
156398	4315	0
156398	4316	1
156398	4317	0
156399	7171	0
156399	7172	0
156399	7173	0
156399	7174	0
156399	7175	1
156399	7176	0
156400	4312	0
156400	4313	0
156400	4314	0
156400	4315	0
156400	4316	2
156400	4317	0
156401	7171	0
156401	7172	0
156401	7173	0
156401	7174	0
156401	7175	0
156401	7176	0
156402	4312	0
156402	4313	0
156402	4314	0
156402	4315	0
156402	4316	0
156402	4317	1
156403	7171	0
156403	7172	0
156403	7173	0
156403	7174	0
156403	7175	1
156403	7176	0
156433	5487	0
156433	5488	0
156433	5489	2
156433	5490	0
156433	5491	0
156433	5492	0
156435	5487	0
156435	5488	0
156435	5489	0
156435	5490	0
156435	5491	1
156435	5492	0
156437	5487	0
156437	5488	0
156437	5489	0
156437	5490	1
156437	5491	0
156437	5492	0
156604	4384	0
156604	4385	1
156604	4386	0
156604	4387	1
156604	4388	0
156604	4389	0
156605	4384	0
156605	4385	0
156605	4386	0
156605	4387	1
156605	4388	0
156605	4389	0
156606	4384	0
156606	4385	0
156606	4386	0
156606	4387	1
156606	4388	0
156606	4389	0
156622	5517	0
156622	5518	0
156622	5519	0
156622	5520	0
156622	5521	1
156622	5522	0
156623	5517	0
156623	5518	0
156623	5519	0
156623	5520	0
156623	5521	0
156623	5522	0
156624	5517	0
156624	5518	0
156624	5519	0
156624	5520	0
156624	5521	1
156624	5522	0
156660	2958	2
156660	2959	0
156660	2960	0
156660	2961	0
156660	2962	0
156660	2963	0
156661	2958	1
156661	2959	1
156661	2960	0
156661	2961	0
156661	2962	0
156661	2963	0
156662	2958	1
156662	2959	0
156662	2960	0
156662	2961	0
156662	2962	0
156662	2963	0
156735	5249	0
156735	5250	0
156735	5251	0
156735	5252	1
156735	5253	0
156735	5254	0
156737	5249	2
156737	5250	0
156737	5251	0
156737	5252	1
156737	5253	0
156737	5254	0
156738	5249	0
156738	5250	0
156738	5251	0
156738	5252	0
156738	5253	0
156738	5254	0
156749	5303	0
156749	5304	0
156749	5305	0
156749	5306	0
156749	5307	0
156749	5308	1
156752	3928	2
156752	3929	0
156752	3930	3
156752	3931	0
156752	3932	1
156752	3933	0
156754	3928	1
156754	3929	1
156754	3930	1
156754	3931	0
156754	3932	2
156754	3933	2
156755	3928	0
156755	3929	1
156755	3930	3
156755	3931	0
156755	3932	1
156755	3933	1
156764	3521	0
156764	3522	1
156764	3523	0
156764	3524	0
156764	3525	0
156764	3526	0
156765	6316	0
156765	6317	0
156765	6318	0
156765	6319	1
156765	6320	3
156765	6321	1
156779	6274	0
156779	6275	0
156779	6276	0
156779	6277	0
156779	6278	0
156779	6279	1
156780	6274	0
156780	6275	0
156780	6276	0
156780	6277	0
156780	6278	0
156780	6279	0
156781	6274	0
156781	6275	0
156781	6276	0
156781	6277	0
156781	6278	0
156781	6279	2
156801	3928	0
156801	3929	1
156801	3930	3
156801	3931	0
156801	3932	1
156801	3933	1
156803	3928	1
156803	3929	1
156803	3930	1
156803	3931	0
156803	3932	2
156803	3933	2
156805	3928	2
156805	3929	0
156805	3930	3
156805	3931	0
156805	3932	1
156805	3933	0
156815	5249	2
156815	5250	0
156815	5251	0
156815	5252	1
156815	5253	0
156815	5254	0
156817	5249	0
156817	5250	0
156817	5251	0
156817	5252	0
156817	5253	0
156817	5254	0
156820	5249	0
156820	5250	0
156820	5251	0
156820	5252	1
156820	5253	0
156820	5254	0
156852	6112	0
156852	6113	0
156852	6114	2
156852	6115	1
156852	6116	4
156852	6117	2
156853	6244	2
156853	6245	0
156853	6246	2
156853	6247	0
156853	6248	0
156853	6249	0
156854	6244	0
156854	6245	0
156854	6246	0
156854	6247	0
156854	6248	0
156854	6249	0
156855	6244	0
156855	6245	0
156855	6246	0
156855	6247	0
156855	6248	0
156855	6249	0
156856	2808	0
156856	2809	0
156856	2810	1
156856	2811	0
156856	2812	0
156856	2813	0
157183	2808	0
157183	2809	0
157183	2810	0
157183	2811	1
157183	2812	1
157183	2813	0
157184	2808	0
157184	2809	0
157184	2810	0
157184	2811	0
157184	2812	0
157184	2813	0
157369	2556	0
157369	2557	1
157369	2558	0
157369	2559	0
157369	2560	0
157369	2561	0
157388	5665	0
157388	5666	3
157388	5667	0
157388	5668	1
157388	5669	0
157388	5670	0
157389	7243	0
157389	7244	0
157389	7245	0
157389	7246	0
157389	7247	0
157389	7248	0
157390	6035	0
157390	6036	2
157390	6037	1
157390	6038	1
157390	6039	0
157390	6040	0
157457	3803	0
157457	3804	0
157457	3805	0
157457	3806	1
157457	3807	1
157457	3808	2
157458	3539	3
157458	3540	0
157458	3541	0
157458	3542	2
157458	3543	0
157458	3544	1
157460	3539	1
157460	3540	1
157460	3541	1
157460	3542	2
157460	3543	0
157460	3544	0
157467	7243	0
157467	7244	0
157467	7245	1
157467	7246	0
157467	7247	0
157467	7248	0
157469	5665	0
157469	5666	3
157469	5667	0
157469	5668	0
157469	5669	0
157469	5670	1
157470	6035	0
157470	6036	1
157470	6037	2
157470	6038	0
157470	6039	0
157470	6040	0
157490	2556	2
157490	2557	1
157490	2558	0
157490	2559	2
157490	2560	0
157490	2561	0
157500	5665	0
157500	5666	4
157500	5667	0
157500	5668	1
157500	5669	0
157500	5670	0
157501	6035	0
157501	6036	1
157501	6037	0
157501	6038	0
157501	6039	0
157501	6040	0
157511	5715	0
157511	5716	0
157511	5717	0
157511	5718	0
157511	5719	0
157511	5720	0
157553	4414	0
157553	4415	0
157553	4416	0
157553	4417	0
157553	4418	0
157553	4419	0
157554	4414	0
157554	4415	1
157554	4416	2
157554	4417	1
157554	4418	1
157554	4419	1
157568	6400	1
157568	6401	0
157568	6402	4
157568	6403	0
157568	6404	1
157568	6405	0
157569	6400	1
157569	6401	1
157569	6402	3
157569	6403	3
157569	6404	1
157569	6405	1
157579	3803	0
157579	3804	0
157579	3805	0
157579	3806	0
157579	3807	0
157579	3808	0
157580	3539	2
157580	3540	0
157580	3541	0
157580	3542	1
157580	3543	0
157580	3544	0
157628	5052	0
157628	5053	0
157628	5054	0
157628	5055	4
157628	5056	2
157628	5057	0
157629	5052	0
157629	5053	0
157629	5054	0
157629	5055	1
157629	5056	0
157629	5057	0
157630	5052	0
157630	5053	0
157630	5054	0
157630	5055	1
157630	5056	3
157630	5057	1
157654	2999	0
157654	3000	1
157654	3001	1
157654	3002	0
157654	3003	1
157654	3004	0
157672	2999	0
157672	3000	1
157672	3001	2
157672	3002	0
157672	3003	1
157672	3004	0
157678	2999	0
157678	3000	1
157678	3001	1
157678	3002	0
157678	3003	2
157678	3004	1
157700	4622	5
157700	4623	2
157700	4624	1
157700	4625	1
157700	4626	0
157700	4627	1
157714	4640	0
157714	4641	0
157714	4642	0
157714	4643	1
157714	4644	0
157714	4645	0
157715	4640	1
157715	4641	0
157715	4642	0
157715	4643	0
157715	4644	0
157715	4645	0
157720	4640	1
157720	4641	0
157720	4642	0
157720	4643	1
157720	4644	0
157720	4645	0
157737	3325	0
157737	3326	0
157737	3327	0
157737	3328	0
157737	3329	0
157737	3330	0
157738	3325	0
157738	3326	0
157738	3327	0
157738	3328	0
157738	3329	0
157738	3330	0
157739	3325	0
157739	3326	0
157739	3327	1
157739	3328	0
157739	3329	0
157739	3330	0
157740	3083	0
157740	3084	0
157740	3085	1
157740	3086	0
157740	3087	0
157740	3088	0
157741	3083	0
157741	3084	0
157741	3085	1
157741	3086	0
157741	3087	0
157741	3088	0
157742	3083	0
157742	3084	0
157742	3085	1
157742	3086	0
157742	3087	0
157742	3088	0
157749	4432	1
157749	4433	0
157749	4434	0
157749	4435	0
157749	4436	0
157749	4437	0
157751	4432	1
157751	4433	0
157751	4434	0
157751	4435	0
157751	4436	0
157751	4437	0
158624	3355	0
158624	3356	0
158624	3357	0
158624	3358	0
158624	3359	0
158624	3360	0
158625	7297	0
158625	7298	0
158625	7299	0
158625	7300	0
158625	7301	0
158625	7302	0
158626	3355	0
158626	3356	0
158626	3357	1
158626	3358	1
158626	3359	1
158626	3360	0
158627	7297	0
158627	7298	0
158627	7299	1
158627	7300	0
158627	7301	0
158627	7302	0
158628	3355	0
158628	3356	1
158628	3357	2
158628	3358	1
158628	3359	2
158628	3360	0
158629	7297	0
158629	7298	0
158629	7299	0
158629	7300	0
158629	7301	0
158629	7302	0
159169	3845	0
159169	3846	0
159169	3847	1
159169	3848	2
159169	3849	0
159169	3850	1
159170	3845	0
159170	3846	0
159170	3847	1
159170	3848	2
159170	3849	0
159170	3850	0
159171	6672	0
159171	6673	0
159171	6674	0
159171	6675	0
159171	6676	0
159171	6677	0
159172	6672	0
159172	6673	0
159172	6674	0
159172	6675	1
159172	6676	0
159172	6677	0
159173	3845	0
159173	3846	0
159173	3847	1
159173	3848	0
159173	3849	0
159173	3850	1
159174	6672	0
159174	6673	0
159174	6674	1
159174	6675	0
159174	6676	0
159174	6677	0
159187	3385	0
159187	3386	0
159187	3387	2
159187	3388	0
159187	3389	0
159187	3390	0
159194	5005	0
159194	5006	0
159194	5007	2
159194	5008	0
159194	5009	0
159194	5010	0
159195	5005	12
159195	5006	0
159195	5007	0
159195	5008	0
159195	5009	0
159195	5010	1
159196	5005	0
159196	5006	0
159196	5007	0
159196	5008	0
159196	5009	0
159196	5010	0
159200	5005	0
159200	5006	0
159200	5007	0
159200	5008	0
159200	5009	0
159200	5010	0
159201	5005	2
159201	5006	0
159201	5007	0
159201	5008	0
159201	5009	0
159201	5010	1
159202	5005	0
159202	5006	0
159202	5007	2
159202	5008	0
159202	5009	0
159202	5010	0
159219	3757	1
159219	3758	0
159219	3759	0
159219	3760	0
159219	3761	0
159219	3762	0
159222	4390	0
159222	4391	0
159222	4392	0
159222	4393	0
159222	4394	0
159222	4395	0
159256	6809	0
159256	6810	0
159256	6811	0
159256	6812	0
159256	6813	2
159256	6814	0
159265	6594	0
159265	6595	0
159265	6596	0
159265	6597	0
159265	6598	0
159265	6599	0
159268	6570	2
159268	6571	1
159268	6572	1
159268	6573	2
159268	6574	0
159268	6575	1
159269	6340	1
159269	6341	0
159269	6342	0
159269	6343	0
159269	6344	2
159269	6345	0
159381	4676	1
159381	4677	0
159381	4678	0
159381	4679	0
159381	4680	0
159381	4681	0
159415	3757	1
159415	3758	0
159415	3759	0
159415	3760	0
159415	3761	0
159415	3762	0
159438	6594	0
159438	6595	0
159438	6596	0
159438	6597	0
159438	6598	1
159438	6599	0
159439	6809	0
159439	6810	0
159439	6811	0
159439	6812	0
159439	6813	1
159439	6814	2
159444	4676	1
159444	4677	0
159444	4678	0
159444	4679	0
159444	4680	0
159444	4681	0
159457	4390	0
159457	4391	1
159457	4392	1
159457	4393	0
159457	4394	1
159457	4395	0
159481	6594	0
159481	6595	0
159481	6596	0
159481	6597	0
159481	6598	1
159481	6599	1
159482	6809	0
159482	6810	0
159482	6811	0
159482	6812	0
159482	6813	1
159482	6814	0
159510	4390	0
159510	4391	0
159510	4392	0
159510	4393	0
159510	4394	2
159510	4395	0
159526	5955	0
159526	5956	0
159526	5957	0
159526	5958	0
159526	5959	0
159526	5960	0
159527	5955	0
159527	5956	0
159527	5957	0
159527	5958	0
159527	5959	0
159527	5960	0
159528	5955	0
159528	5956	0
159528	5957	0
159528	5958	0
159528	5959	0
159528	5960	1
159613	4676	1
159613	4677	0
159613	4678	0
159613	4679	0
159613	4680	0
159613	4681	0
159684	4414	1
159684	4415	0
159684	4416	0
159684	4417	0
159684	4418	0
159684	4419	0
159691	4766	0
159691	4767	1
159691	4768	0
159691	4769	0
159691	4770	1
159691	4771	2
159692	4766	0
159692	4767	0
159692	4768	1
159692	4769	0
159692	4770	1
159692	4771	1
159693	4766	0
159693	4767	1
159693	4768	1
159693	4769	2
159693	4770	0
159693	4771	1
159748	6570	1
159748	6571	1
159748	6572	1
159748	6573	1
159748	6574	0
159748	6575	1
159749	6340	0
159749	6341	0
159749	6342	0
159749	6343	0
159749	6344	0
159749	6345	0
159750	6570	1
159750	6571	1
159750	6572	1
159750	6573	1
159750	6574	1
159750	6575	2
159751	6340	0
159751	6341	0
159751	6342	0
159751	6343	0
159751	6344	0
159751	6345	0
159826	4622	2
159826	4623	2
159826	4624	1
159826	4625	1
159826	4626	0
159826	4627	1
159887	7297	0
159887	7298	0
159887	7299	0
159887	7300	0
159887	7301	0
159887	7302	0
159888	7297	0
159888	7298	0
159888	7299	1
159888	7300	0
159888	7301	0
159888	7302	0
159889	7297	0
159889	7298	0
159889	7299	0
159889	7300	0
159889	7301	0
159889	7302	0
159890	3355	0
159890	3356	0
159890	3357	0
159890	3358	0
159890	3359	0
159890	3360	0
159891	3355	0
159891	3356	0
159891	3357	1
159891	3358	1
159891	3359	1
159891	3360	0
159892	3355	0
159892	3356	1
159892	3357	2
159892	3358	1
159892	3359	2
159892	3360	0
160170	3385	0
160170	3386	0
160170	3387	0
160170	3388	0
160170	3389	0
160170	3390	0
160174	4312	0
160174	4313	1
160174	4314	0
160174	4315	0
160174	4316	0
160174	4317	1
160175	7171	0
160175	7172	0
160175	7173	0
160175	7174	0
160175	7175	0
160175	7176	0
160187	5517	0
160187	5518	0
160187	5519	0
160187	5520	0
160187	5521	0
160187	5522	0
160207	4384	0
160207	4385	0
160207	4386	0
160207	4387	1
160207	4388	0
160207	4389	0
160266	5517	0
160266	5518	0
160266	5519	0
160266	5520	0
160266	5521	2
160266	5522	0
160287	4384	0
160287	4385	0
160287	4386	0
160287	4387	0
160287	4388	0
160287	4389	0
160295	6244	0
160295	6245	0
160295	6246	0
160295	6247	0
160295	6248	0
160295	6249	0
160296	6244	0
160296	6245	0
160296	6246	0
160296	6247	0
160296	6248	0
160296	6249	0
160297	3593	3
160297	3594	1
160297	3595	1
160297	3596	0
160297	3597	1
160297	3598	2
160298	3593	0
160298	3594	0
160298	3595	1
160298	3596	1
160298	3597	0
160298	3598	2
160315	5487	0
160315	5488	0
160315	5489	0
160315	5490	0
160315	5491	0
160315	5492	0
160327	6400	1
160327	6401	2
160327	6402	2
160327	6403	1
160327	6404	1
160327	6405	1
160339	6400	3
160339	6401	0
160339	6402	3
160339	6403	4
160339	6404	0
160339	6405	2
160360	3385	0
160360	3386	0
160360	3387	1
160360	3388	0
160360	3389	0
160360	3390	0
160361	4384	0
160361	4385	0
160361	4386	0
160361	4387	1
160361	4388	0
160361	4389	0
160366	7243	0
160366	7244	0
160366	7245	1
160366	7246	0
160366	7247	0
160366	7248	0
160373	5517	0
160373	5518	0
160373	5519	0
160373	5520	0
160373	5521	1
160373	5522	1
160399	6400	0
160399	6401	2
160399	6402	1
160399	6403	2
160399	6404	0
160399	6405	0
160407	5487	0
160407	5488	0
160407	5489	0
160407	5490	0
160407	5491	0
160407	5492	0
160447	5673	0
160447	5674	0
160447	5675	0
160447	5676	2
160447	5677	0
160447	5678	1
160448	5673	0
160448	5674	0
160448	5675	0
160448	5676	1
160448	5677	0
160448	5678	0
160449	5673	0
160449	5674	0
160449	5675	0
160449	5676	1
160449	5677	0
160449	5678	0
160459	5249	0
160459	5250	0
160459	5251	0
160459	5252	1
160459	5253	0
160459	5254	1
160461	5249	1
160461	5250	0
160461	5251	2
160461	5252	0
160461	5253	0
160461	5254	1
160463	5249	1
160463	5250	0
160463	5251	0
160463	5252	0
160463	5253	0
160463	5254	0
160468	6244	0
160468	6245	0
160468	6246	1
160468	6247	0
160468	6248	0
160468	6249	0
160469	3593	2
160469	3594	1
160469	3595	2
160469	3596	2
160469	3597	0
160469	3598	1
160528	4312	0
160528	4313	0
160528	4314	0
160528	4315	0
160528	4316	0
160528	4317	0
160529	7171	0
160529	7172	0
160529	7173	0
160529	7174	0
160529	7175	0
160529	7176	0
160530	4312	0
160530	4313	0
160530	4314	0
160530	4315	0
160530	4316	2
160530	4317	0
160531	7171	0
160531	7172	0
160531	7173	0
160531	7174	0
160531	7175	0
160531	7176	0
160554	3385	0
160554	3386	0
160554	3387	0
160554	3388	0
160554	3389	0
160554	3390	0
160694	5487	0
160694	5488	0
160694	5489	0
160694	5490	0
160694	5491	1
160694	5492	0
160695	6274	0
160695	6275	0
160695	6276	0
160695	6277	0
160695	6278	0
160695	6279	1
160696	6274	0
160696	6275	0
160696	6276	0
160696	6277	2
160696	6278	0
160696	6279	0
160697	6274	0
160697	6275	0
160697	6276	0
160697	6277	0
160697	6278	0
160697	6279	1
160726	2808	0
160726	2809	0
160726	2810	0
160726	2811	0
160726	2812	0
160726	2813	0
160727	6988	0
160727	6989	0
160727	6990	0
160727	6991	0
160727	6992	0
160727	6993	1
160728	3587	0
160728	3588	0
160728	3589	0
160728	3590	0
160728	3591	1
160728	3592	0
160917	5665	0
160917	5666	1
160917	5667	0
160917	5668	1
160917	5669	0
160917	5670	0
160919	6035	0
160919	6036	0
160919	6037	2
160919	6038	0
160919	6039	0
160919	6040	0
160944	7243	0
160944	7244	0
160944	7245	0
160944	7246	0
160944	7247	0
160944	7248	0
161004	7243	0
161004	7244	0
161004	7245	0
161004	7246	0
161004	7247	0
161004	7248	0
161009	5666	1
161009	5668	1
161009	5669	0
161009	5670	0
161010	6035	0
161010	6036	0
161010	6037	3
161010	6038	0
161010	6039	0
161010	6040	0
161118	4414	1
161118	4415	2
161118	4416	0
161118	4417	0
161118	4418	0
161118	4419	0
161119	4414	1
161119	4415	0
161119	4416	0
161119	4417	2
161119	4418	0
161119	4419	1
161120	4414	0
161120	4415	0
161120	4416	0
161120	4417	0
161120	4418	0
161120	4419	0
161124	5665	0
161124	5666	1
161124	5667	0
161124	5668	1
161124	5669	0
161124	5670	0
161125	6035	0
161125	6036	0
161125	6037	1
161125	6038	0
161125	6039	0
161125	6040	0
161163	5052	0
161163	5053	0
161163	5054	0
161163	5055	0
161163	5056	0
161163	5057	0
161164	5052	0
161164	5053	0
161164	5054	0
161164	5055	0
161164	5056	1
161164	5057	0
161165	5052	1
161165	5053	0
161165	5054	0
161165	5055	0
161165	5056	1
161165	5057	0
161174	7243	0
161174	7244	0
161174	7245	1
161174	7246	0
161174	7247	0
161174	7248	0
161197	6672	0
161197	6673	0
161197	6674	2
161197	6675	0
161197	6676	0
161197	6677	0
161198	3845	0
161198	3846	0
161198	3847	1
161198	3848	1
161198	3849	0
161198	3850	1
161199	3845	0
161199	3846	0
161199	3847	0
161199	3848	1
161199	3849	0
161199	3850	1
161200	6672	0
161200	6673	0
161200	6674	0
161200	6675	0
161200	6676	0
161200	6677	0
161209	4640	0
161209	4641	0
161209	4642	0
161209	4643	0
161209	4644	0
161209	4645	0
161217	7582	0
161217	7583	1
161217	7584	0
161217	7585	0
161217	7586	1
161217	7587	0
161218	7582	0
161218	7583	0
161218	7584	0
161218	7585	0
161218	7586	1
161218	7587	0
161219	7582	0
161219	7583	1
161219	7584	1
161219	7585	0
161219	7586	0
161219	7587	0
161933	6112	0
161933	6113	2
161933	6115	0
161933	6116	0
161933	6117	0
161946	3757	0
161946	3758	0
161946	3759	0
161946	3760	0
161946	3761	0
161946	3762	0
