ObservationID	Count
97	0
98	0
99	0
100	0
101	0
102	0
877	0
878	0
879	0
880	0
881	0
882	0
883	0
884	0
885	0
886	0
887	0
888	0
1081	0
1082	0
1083	0
1084	0
1085	0
1086	0
1519	0
1520	0
1521	0
1522	0
1523	0
1524	0
1525	0
1526	0
1527	0
1528	2
1529	2
1530	0
1669	2
1670	0
1671	2
1672	0
1673	2
1674	0
1687	2
1688	0
1689	2
1690	0
1691	0
1692	0
1933	0
1934	2
1935	0
1936	0
1937	0
1938	0
1939	0
1940	0
1941	0
1942	0
1943	0
1944	0
2035	0
2036	0
2038	0
2039	0
2040	2
2053	0
2054	0
2056	0
2057	1
2058	0
2077	0
2078	0
2079	0
2080	0
2081	0
2082	0
2083	0
2084	0
2085	0
2086	0
2087	0
2088	0
2371	0
2372	0
2373	0
2374	0
2375	2
2376	2
2377	0
2378	0
2379	0
2380	2
2381	2
2382	2
2425	0
2426	0
2427	0
2428	0
2429	0
2430	1
2437	0
2438	0
2439	0
2440	0
2441	0
2442	2
3175	0
3176	1
3177	0
3178	0
3179	0
3180	0
3181	0
3182	2
3183	0
3184	0
3185	0
3186	0
3463	0
3464	0
3465	0
3466	0
3467	0
3468	2
3481	2
3482	1
3484	3
3485	0
3487	8
3488	0
3490	0
3491	0
3517	0
3518	0
3519	0
3520	0
3521	0
3522	0
3535	0
3536	0
3537	0
3538	0
3539	0
3540	0
3841	0
3842	0
3843	0
3844	2
3845	0
3846	0
3847	0
3848	0
3849	0
3850	0
3851	0
3852	0
3859	0
3860	0
3861	1
3862	0
3863	0
3864	0
3865	0
3866	0
3867	0
3868	0
3869	0
3870	0
3877	0
3878	0
3879	0
3880	4
3881	0
3882	0
3883	0
3884	0
3885	0
3886	0
3887	0
3888	0
3895	2
3897	0
3898	0
3899	0
3901	0
3903	0
3904	0
3905	2
3931	0
3932	1
3933	0
3934	0
3935	0
3936	0
3937	0
3938	1
3939	0
3940	0
3941	0
3942	0
3969	9
3970	2
3971	7
3972	2
3975	9
3976	4
3977	2
3978	0
4039	2
4040	3
4041	2
4042	0
4043	0
4044	12
4045	2
4046	0
4047	0
4048	0
4049	0
4050	3
4771	2
4772	0
4773	2
4774	0
4775	2
4776	2
4777	6
4778	0
4779	2
4780	2
4781	6
4782	2
6217	0
6218	1
6219	0
6220	0
6221	1
6222	0
6223	0
6224	0
6225	0
6226	0
6227	2
6228	0
6235	0
6236	0
6237	0
6238	0
6239	0
6240	2
6241	0
6242	0
6243	0
6244	2
6245	1
6246	1
6271	0
6272	0
6273	0
6274	2
6275	2
6276	0
6277	0
6278	0
6279	0
6280	0
6281	0
6282	0
6301	0
6302	0
6303	0
6304	0
6305	2
6306	0
6307	0
6308	0
6309	0
6310	0
6311	0
6312	0
7825	0
7826	0
7827	0
7828	0
7829	0
7830	0
8545	0
8546	0
8547	0
8548	0
8549	0
8550	0
8551	0
8553	0
8554	0
8555	2
8556	0
8713	2
8714	0
8715	2
8716	2
8717	6
8718	1
8719	6
8720	0
8721	1
8722	0
8723	1
8724	0
9313	0
9314	0
9315	0
9316	2
9317	0
9318	4
9319	2
9320	0
9321	0
9322	0
9323	0
9324	0
9457	0
9458	0
9459	0
9460	0
9461	0
9462	0
10945	0
10946	0
10947	1
10948	0
10949	0
10950	0
10993	0
10994	0
10995	2
10996	0
10997	0
10998	0
14827	0
14829	0
14831	0
14832	2
15439	5
15440	2
15441	0
15442	0
15443	0
15444	0
15451	2
15452	0
15453	0
15454	0
15455	0
15456	0
15703	0
15705	0
15707	0
15708	0
17311	0
17312	0
17313	0
17314	0
17315	2
17316	0
17359	0
17360	0
17361	0
17362	0
17363	0
17364	0
18055	0
18056	0
18057	0
18058	0
18059	0
18060	0
18073	0
18074	0
18075	1
18076	0
18077	0
18078	0
18127	0
18128	2
18129	0
18130	2
18131	2
18132	0
18133	0
18134	1
18135	0
18136	1
18137	1
18138	0
18157	0
18158	0
18159	0
18160	0
18161	0
18162	0
18163	0
18164	0
18165	0
18166	0
18167	0
18168	0
18181	0
18182	0
18183	0
18184	2
18185	0
18186	0
18187	1
18188	0
18189	0
18190	0
18191	0
18192	1
18229	0
18230	1
18231	0
18233	0
18234	0
18235	0
18236	0
18237	0
18239	0
18240	0
18745	0
18746	0
18747	0
18748	2
18749	0
18750	0
20179	2
20180	0
20181	0
20182	0
20183	0
20184	0
20287	0
20288	0
20289	0
20290	0
20291	0
20292	0
20299	0
20300	1
20301	0
20302	0
20303	0
20304	0
20329	0
20330	0
20331	0
20332	0
20333	0
20334	0
21517	0
21518	0
21519	2
21520	0
21521	0
21522	0
21715	0
21716	0
21717	0
21718	1
21719	0
21720	0
21721	0
21722	0
21723	0
21724	0
21725	0
21726	0
22555	4
22556	0
22557	0
22558	0
22559	0
22560	0
22561	2
22562	0
22563	2
22564	1
22565	0
22566	1
23569	2
23570	2
23571	0
23572	0
23573	0
23574	0
23671	0
23672	0
23673	0
23674	0
23675	0
23676	0
23677	0
23678	0
23679	0
23680	0
23681	2
23682	0
23815	0
23816	0
23818	2
23819	0
23820	1
24067	1
24068	0
24070	1
24071	0
24072	0
24391	0
24392	0
24393	1
24394	0
24395	4
24396	0
24397	0
24398	0
24399	0
24400	0
24401	0
24402	0
25609	0
25610	1
25611	0
25612	0
25613	4
25614	0
25807	0
25808	0
25809	0
25810	1
25811	0
25812	0
26035	0
26036	1
26037	0
26038	0
26039	0
26040	0
26041	0
26042	0
26043	0
26044	0
26045	0
26046	0
26371	0
26372	0
26373	0
26374	0
26375	0
26376	0
26377	0
26378	0
26379	0
26380	0
26381	1
26382	0
26731	3
26732	0
26733	0
26734	0
26735	0
26736	0
27127	2
27128	2
27130	0
27131	0
27133	0
27134	2
27136	0
27137	0
27163	0
27164	0
27165	0
27166	0
27167	0
27168	8
27187	0
27188	0
27189	0
27190	2
27191	0
27192	0
27193	0
27194	0
27195	0
27196	0
27197	0
27198	0
27205	0
27206	0
27207	0
27208	0
27209	0
27210	0
27211	0
27212	1
27213	0
27214	0
27215	0
27216	0
27223	6
27224	1
27225	7
27226	1
27227	2
27228	3
27229	0
27230	1
27231	0
27232	0
27233	0
27234	0
27241	0
27242	2
27243	0
27244	0
27245	0
27246	0
27247	0
27248	0
27249	0
27250	0
27251	0
27252	0
27253	0
27254	0
27255	0
27256	0
27257	0
27258	0
27271	0
27272	0
27273	2
27274	0
27275	0
27276	0
27277	0
27278	2
27279	2
27280	2
27281	0
27282	0
27715	0
27716	0
27717	0
27718	0
27719	0
27720	2
27727	0
27728	0
27729	0
27730	0
27731	0
27732	0
28003	0
28004	0
28005	0
28006	0
28007	0
28008	0
28015	0
28016	0
28017	0
28018	0
28019	0
28020	0
28765	0
28766	0
28767	0
28768	0
28769	0
28770	0
28771	0
28772	0
28773	0
28774	0
28775	0
28776	0
28819	0
28820	8
28821	0
28822	2
28823	0
28824	0
28825	0
28826	0
28827	0
28828	2
28829	0
28830	3
28999	0
29000	0
29001	0
29002	0
29003	0
29004	5
29005	4
29006	0
29007	0
29009	0
29077	0
29078	2
29079	0
29080	0
29081	0
29082	0
29155	1
29156	0
29157	4
29158	1
29159	4
29160	0
29293	0
29294	0
29295	2
29296	0
29297	2
29298	0
29299	0
29300	0
29301	0
29302	2
29303	1
29304	0
29617	9
29618	0
29619	0
29620	1
29621	2
29622	0
29623	0
29624	0
29625	0
29626	0
29627	0
29628	0
29641	0
29642	2
29643	0
29644	0
29645	0
29646	0
29791	0
29792	0
29793	0
29794	0
29795	0
29796	2
29923	6
29924	2
29925	2
29926	6
29927	2
29928	0
29995	0
29996	2
29997	0
29998	0
29999	0
30000	0
30013	0
30014	0
30015	0
30016	0
30017	0
30018	0
30091	0
30092	0
30093	0
30094	0
30095	0
30096	0
30145	0
30146	0
30147	0
30148	0
30149	0
30150	0
30151	0
30152	0
30153	1
30154	0
30155	0
30156	0
30223	0
30224	0
30225	0
30226	4
30227	0
30228	0
30265	0
30266	1
30267	3
30268	0
30269	0
30270	0
30379	0
30380	2
30381	0
30382	2
30383	0
30384	0
30415	0
30416	2
30417	0
30418	0
30419	0
30420	0
30471	7
30472	2
30473	0
30474	0
30493	2
30495	0
30496	0
30497	0
30505	0
30506	1
30507	0
30508	0
30509	2
30510	0
30565	2
30566	0
30567	0
30568	0
30569	0
30570	0
30589	0
30590	2
30591	0
30592	0
30593	0
30594	0
30607	0
30608	0
30609	0
30610	2
30611	0
30612	0
30637	0
30638	0
30639	0
30640	0
30641	0
30642	2
30649	0
30650	0
30651	0
30652	0
30653	0
30654	0
30793	0
30794	0
30795	0
30796	0
30797	0
30798	0
30829	0
30830	0
30831	0
30832	0
30833	0
30834	0
31183	0
31184	0
31185	0
31186	0
31187	0
31189	0
31191	0
31192	0
31193	0
31927	0
31928	0
31929	0
31930	0
31931	0
31932	0
31933	0
31934	0
31935	0
31936	0
31937	0
31938	0
32521	0
32522	0
32523	0
32524	0
32525	0
32526	0
32539	0
32540	0
32541	5
32542	0
32543	0
32544	0
32545	0
32546	0
32547	2
32548	0
32549	0
32550	0
32923	0
32924	0
32925	0
32926	0
32927	0
32928	0
32995	0
32996	2
32997	0
32998	0
32999	0
33000	0
33121	0
33122	1
33123	0
33124	0
33125	0
33126	0
33157	0
33158	0
33159	0
33160	0
33161	0
33162	0
33697	0
33698	0
33699	0
33700	0
33701	0
33702	0
33703	0
33704	0
33705	0
33706	0
33707	0
33708	0
34069	0
34070	1
34071	2
34072	0
34073	0
34074	0
34159	0
34160	0
34161	0
34162	0
34163	0
34164	0
34195	0
34196	0
34197	0
34198	0
34199	2
34200	0
34285	0
34286	0
34287	0
34288	0
34289	0
34290	0
34411	0
34412	0
34413	0
34414	0
34415	0
34416	0
34435	0
34436	0
34437	0
34439	0
34440	2
34465	0
34466	0
34467	0
34468	0
34469	0
34470	2
34471	0
34472	0
34473	0
34474	0
34475	0
34476	2
34561	6
34562	2
34563	1
34564	0
34565	0
34566	0
34645	0
34646	2
34647	0
34648	2
34649	0
34650	2
34783	4
34784	2
34785	0
34786	0
34787	0
34788	0
34795	0
34796	0
34797	4
34798	0
34799	1
34800	1
34825	0
34826	0
34827	0
34828	0
34829	0
34830	0
34831	0
34832	0
34833	2
34834	0
34835	2
34836	0
35065	0
35066	0
35067	0
35069	0
35070	1
35131	0
35132	0
35133	1
35134	0
35135	0
35136	2
35449	0
35450	0
35451	0
35452	0
35453	0
35454	0
35461	0
35462	0
35463	0
35464	0
35465	0
35466	0
35719	0
35720	0
35721	0
35722	0
35723	0
35724	0
36067	0
36068	0
36069	0
36070	0
36071	0
36072	0
36505	0
36506	0
36507	2
36508	0
36509	0
36510	0
36517	0
36518	0
36519	0
36520	0
36521	2
36522	2
36787	0
36788	0
36789	0
36790	0
36791	0
36792	0
36799	0
36800	2
36801	0
36802	0
36803	0
36804	2
37057	0
37058	0
37059	0
37060	0
37061	0
37062	0
37075	0
37076	2
37077	2
37078	0
37079	0
37080	0
37081	0
37082	0
37083	0
37084	2
37085	0
37086	4
37666	0
37668	0
37735	0
37736	0
37737	0
37738	3
37739	0
37740	2
37741	0
37742	0
37743	1
37744	0
37745	0
37746	0
37753	2
37754	0
37755	0
37756	0
37757	0
37758	5
37825	0
37826	0
37827	0
37828	2
37829	0
37830	1
37843	0
37844	0
37845	0
37846	0
37847	2
37848	0
37879	1
37880	0
37881	0
37882	0
37883	0
37884	0
38029	0
38030	0
38031	0
38032	0
38033	0
38034	0
38065	0
38066	0
38067	0
38068	0
38069	2
38070	0
38125	0
38126	0
38128	0
38129	0
38130	2
38161	0
38162	0
38163	0
38164	0
38165	0
38166	0
38221	0
38222	0
38223	4
38224	0
38225	2
38226	0
38233	0
38234	0
38235	1
38236	0
38237	0
38238	0
38239	0
38240	0
38242	0
38243	0
38244	0
38251	0
38252	0
38253	0
38254	0
38255	0
38256	2
38311	0
38312	0
38313	0
38314	0
38315	0
38316	0
38329	0
38330	3
38331	0
38332	0
38333	0
38334	0
38335	1
38336	0
38337	0
38338	0
38339	0
38340	0
38353	0
38354	1
38355	0
38356	0
38357	0
38358	0
38359	0
38360	0
38361	0
38362	0
38363	0
38364	0
38467	0
38468	0
38469	0
38470	0
38471	0
38472	3
38935	0
38936	0
38937	0
38938	4
38939	0
38940	1
38947	0
38948	0
38949	4
38950	2
38951	0
38952	0
39025	0
39026	0
39027	0
39028	0
39029	0
39030	0
39031	0
39032	0
39033	0
39034	0
39035	2
39036	0
39793	1
39794	0
39796	0
39797	0
39799	0
39800	0
39801	0
39802	0
39803	0
39841	1
39842	0
39843	0
39844	0
39845	0
39846	0
39847	0
39848	0
39849	0
39850	0
39851	0
39852	0
40027	0
40028	0
40029	0
40030	0
40031	0
40032	0
40219	1
40220	0
40221	1
40222	0
40223	4
40224	0
40225	0
40226	0
40227	2
40228	0
40229	0
40230	3
40231	0
40232	1
40233	0
40234	4
40235	0
40236	2
40237	0
40238	0
40239	0
40240	0
40241	6
40242	0
40555	0
40556	0
40557	0
40558	0
40559	2
40560	2
40567	1
40568	0
40569	0
40570	0
40571	2
40572	0
40921	0
40922	1
40923	0
40924	3
40925	0
40926	1
40933	0
40934	0
40935	0
40936	0
40937	0
40938	0
41125	0
41126	0
41127	0
41128	0
41129	0
41130	4
41209	0
41210	0
41211	0
41212	0
41213	0
41214	0
41317	0
41318	0
41319	0
41320	3
41321	0
41322	0
41503	0
41504	0
41505	5
41506	0
41507	3
41508	2
41515	0
41516	0
41517	0
41518	0
41519	0
41520	0
41617	0
41618	0
41619	0
41620	0
41621	0
41622	0
41629	1
41630	0
41631	0
41632	5
41633	1
41634	0
41761	0
41762	0
41763	0
41764	0
41765	0
41766	0
41767	0
41768	0
41769	0
41770	0
41771	0
41772	2
41839	0
41840	0
41841	0
41842	0
41843	0
41844	0
41851	0
41852	0
41853	0
41854	0
41855	0
41856	0
41863	0
41864	0
41865	0
41866	0
41867	0
41868	1
41875	0
41876	2
41877	0
41878	2
41879	0
41880	0
41959	3
41960	0
41961	0
41962	0
41963	0
41964	0
41965	0
41966	0
41967	0
41968	0
41969	2
41970	2
41983	0
41984	0
41985	0
41986	0
41987	0
41988	0
42037	0
42038	0
42039	0
42040	0
42041	0
42042	0
42127	0
42128	0
42129	0
42130	4
42131	0
42132	0
42253	4
42254	0
42255	1
42256	0
42257	0
42258	0
42529	0
42531	0
42532	0
42533	0
42534	0
42535	0
42537	0
42538	0
42539	2
42540	0
42547	0
42549	0
42550	0
42551	2
42552	0
42715	0
42716	0
42717	0
42718	0
42719	0
42720	0
43075	0
43076	5
43077	0
43078	0
43079	0
43080	0
43081	0
43082	18
43083	0
43084	0
43085	0
43086	0
43225	0
43226	0
43227	0
43228	0
43229	0
43230	0
43237	0
43238	1
43239	0
43240	0
43241	0
43242	0
43357	0
43358	0
43359	2
43360	0
43361	2
43362	1
43813	0
43814	0
43815	0
43816	0
43817	1
43818	0
43819	0
43820	0
43821	0
43822	3
43823	0
43824	0
45547	0
45548	2
45549	2
45550	0
45551	2
45552	0
45553	0
45554	0
45555	0
45556	0
45557	0
45558	0
