ObservationID	Count
49	0
50	0
51	0
52	1
53	0
54	0
55	0
56	0
57	0
58	1
59	0
60	0
73	0
74	2
75	0
76	0
77	0
78	3
79	0
80	2
81	0
82	1
83	2
84	2
85	2
86	2
87	0
88	2
89	0
90	1
121	0
122	0
123	0
124	0
125	0
126	0
127	1
128	0
129	0
130	0
131	0
132	0
133	0
134	0
135	0
136	0
137	0
138	0
151	0
152	0
153	0
154	0
155	0
156	0
157	0
158	1
159	0
160	0
161	0
162	0
205	0
206	0
207	0
208	0
209	2
210	0
224	0
226	0
227	0
228	0
230	0
232	0
233	0
234	0
236	0
238	0
239	0
240	0
247	0
248	1
249	2
250	0
251	0
252	2
253	0
254	1
255	0
256	1
257	0
258	1
259	0
260	0
261	1
262	0
263	1
264	1
451	0
452	0
453	0
454	1
455	0
456	0
463	0
464	0
465	1
466	0
467	0
468	0
475	0
476	0
477	0
478	0
479	0
480	0
625	0
626	0
627	0
628	0
629	0
630	0
655	0
656	1
657	0
658	2
659	0
660	0
679	0
680	1
681	0
682	2
683	0
684	1
781	0
782	1
783	0
784	0
785	0
786	0
979	0
980	1
981	0
982	0
983	0
984	0
985	0
986	0
987	0
988	2
989	0
990	0
1039	0
1040	0
1041	2
1042	0
1043	0
1044	1
1045	0
1046	1
1047	1
1048	0
1049	0
1050	0
1051	0
1052	0
1053	0
1054	1
1055	0
1056	0
1087	1
1088	0
1089	1
1090	0
1091	0
1092	0
1093	0
1094	0
1095	0
1096	0
1097	0
1098	0
1105	0
1106	1
1107	0
1108	0
1109	0
1110	0
1159	0
1160	2
1161	0
1162	0
1163	1
1164	0
1165	1
1166	0
1167	0
1168	2
1169	1
1170	0
1171	1
1172	1
1173	0
1174	0
1175	1
1176	0
1207	0
1208	0
1209	0
1210	0
1211	2
1212	0
1219	0
1220	0
1221	0
1222	0
1223	0
1224	0
1225	0
1226	0
1227	0
1228	0
1229	0
1230	0
1255	0
1256	1
1257	0
1258	0
1259	0
1260	0
1285	0
1286	2
1287	1
1288	0
1289	0
1290	1
1321	0
1322	1
1323	0
1324	0
1325	0
1326	0
1345	1
1346	1
1347	0
1348	2
1349	0
1350	0
1381	0
1382	1
1383	0
1384	1
1385	0
1386	0
1393	0
1394	0
1395	0
1396	0
1397	1
1398	1
1417	1
1418	0
1419	1
1420	0
1421	0
1422	2
1423	0
1424	0
1425	1
1426	0
1427	0
1428	0
1429	0
1430	2
1431	0
1432	0
1433	0
1434	0
1435	0
1436	0
1437	0
1438	1
1439	0
1440	1
1441	0
1442	0
1443	1
1444	0
1445	0
1446	0
1453	1
1454	0
1455	0
1456	1
1457	0
1458	1
1459	2
1460	2
1461	0
1462	1
1463	0
1464	1
1507	0
1508	0
1509	1
1510	0
1511	0
1512	1
1513	0
1514	0
1515	0
1516	0
1517	0
1518	1
1603	0
1604	0
1605	0
1606	0
1607	0
1608	0
1609	0
1610	0
1611	0
1612	0
1613	0
1614	0
1615	0
1616	0
1617	0
1618	0
1619	5
1620	0
1621	1
1622	0
1623	0
1624	0
1625	0
1626	0
1627	0
1628	0
1629	0
1630	0
1631	0
1632	0
1633	0
1634	0
1635	0
1636	0
1637	0
1638	0
1645	0
1646	0
1647	0
1648	0
1649	0
1650	0
1651	1
1652	0
1653	0
1654	0
1655	0
1656	0
1693	0
1694	0
1695	1
1696	1
1697	0
1698	0
1699	0
1700	0
1701	0
1702	0
1703	0
1704	0
1705	0
1706	0
1707	0
1708	0
1709	0
1710	1
1711	0
1712	0
1713	1
1714	0
1715	0
1716	0
1885	0
1886	0
1887	1
1888	2
1889	1
1890	0
1897	2
1898	2
1899	0
1900	0
1901	0
1902	0
1903	2
1904	0
1905	0
1906	0
1907	0
1908	0
1909	0
1910	0
1911	1
1912	0
1913	0
1914	0
1981	0
1982	0
1983	0
1984	0
1985	0
1986	4
1987	0
1988	0
1989	0
1990	0
1991	0
1992	0
1993	0
1994	0
1995	0
1996	0
1997	0
1998	0
2113	2
2114	0
2115	0
2116	0
2117	0
2118	2
2119	1
2120	0
2121	0
2122	1
2123	0
2124	1
2125	0
2126	0
2127	0
2128	0
2129	0
2130	0
2215	0
2216	0
2217	0
2218	0
2219	0
2220	1
2221	0
2222	2
2223	1
2224	1
2225	1
2226	0
2227	1
2228	0
2229	0
2230	1
2231	1
2232	0
2287	0
2288	0
2289	0
2290	0
2291	0
2292	0
2293	1
2294	2
2295	1
2296	0
2297	0
2298	0
2299	0
2300	0
2301	0
2302	0
2303	0
2304	0
2329	0
2330	0
2331	0
2332	0
2333	0
2334	0
2341	2
2342	0
2343	0
2344	0
2345	0
2346	0
2347	0
2348	0
2349	0
2350	0
2351	0
2352	0
2677	0
2678	0
2679	0
2680	1
2681	0
2682	1
2683	2
2684	0
2685	0
2686	1
2687	1
2688	0
2689	1
2690	0
2691	2
2692	0
2693	0
2694	0
2737	0
2738	0
2739	0
2740	0
2741	0
2742	0
2749	0
2750	0
2751	1
2752	0
2753	0
2754	0
2761	0
2762	0
2763	0
2764	0
2765	0
2766	0
2839	0
2840	0
2841	2
2842	0
2843	0
2844	0
2881	0
2882	1
2883	0
2884	0
2885	1
2886	0
2887	0
2888	1
2889	0
2890	0
2891	1
2892	0
2893	0
2894	0
2895	0
2896	1
2897	1
2898	0
2923	0
2924	0
2925	1
2926	0
2927	0
2928	1
2929	0
2930	0
2931	0
2932	0
2933	0
2934	0
3175	0
3176	0
3177	0
3178	0
3179	1
3180	0
3181	0
3182	1
3183	0
3184	0
3185	0
3186	0
3187	0
3188	1
3189	0
3190	0
3191	0
3192	0
3721	0
3722	0
3723	0
3724	0
3725	0
3726	2
3787	0
3788	0
3789	0
3790	0
3791	0
3792	0
3829	0
3830	0
3831	0
3832	0
3833	0
3834	0
4189	0
4190	0
4191	0
4192	0
4193	0
4194	0
4291	0
4292	0
4293	0
4294	0
4295	0
4296	0
4297	0
4298	0
4299	0
4300	0
4301	0
4302	0
4447	0
4448	0
4449	0
4450	0
4451	0
4452	0
4453	0
4454	0
4455	0
4456	0
4457	0
4458	1
4471	0
4472	0
4473	0
4474	0
4475	0
4476	0
4561	1
4562	0
4563	0
4564	0
4565	0
4566	0
4567	1
4568	0
4569	0
4570	0
4571	0
4572	0
4573	1
4574	0
4575	0
4576	0
4577	0
4578	2
4579	0
4580	0
4581	0
4582	1
4583	1
4584	1
4729	0
4730	1
4731	0
4732	0
4733	0
4734	1
4735	1
4736	1
4737	0
4738	2
4739	0
4740	1
4741	1
4742	2
4743	0
4744	1
4745	0
4746	0
4765	2
4766	0
4767	0
4768	0
4769	0
4770	0
4849	0
4850	0
4851	0
4852	0
4853	3
4854	2
4891	0
4892	0
4893	0
4894	0
4895	0
4896	0
4897	1
4898	0
4899	0
4900	0
4901	0
4902	0
4909	1
4910	0
4911	0
4912	0
4913	0
4914	0
4951	3
4952	0
4953	1
4954	0
4955	4
4956	5
4957	4
4958	0
4959	1
4960	1
4961	1
4962	2
4969	0
4970	0
4971	0
4972	1
4973	3
4974	3
5005	0
5006	0
5007	0
5008	1
5009	0
5010	0
5035	0
5036	0
5037	2
5038	1
5039	0
5040	0
5113	0
5114	0
5115	1
5116	1
5117	2
5118	0
5119	3
5120	0
5121	1
5122	0
5123	4
5124	5
5125	4
5126	0
5127	1
5128	1
5129	1
5130	2
5131	0
5132	0
5133	0
5134	1
5135	3
5136	3
5137	0
5138	0
5139	0
5140	5
5141	1
5142	0
5143	0
5144	0
5145	0
5146	2
5147	0
5148	0
5149	0
5150	0
5151	0
5152	0
5153	0
5154	0
5203	0
5204	0
5205	0
5206	0
5207	0
5208	1
5245	0
5246	0
5247	0
5248	0
5249	0
5250	0
5323	1
5324	2
5325	1
5326	0
5327	0
5328	0
5353	0
5354	0
5355	1
5356	0
5357	0
5358	0
5377	1
5378	2
5379	0
5380	0
5381	0
5382	0
5443	0
5444	0
5445	0
5446	1
5447	1
5448	0
5581	0
5582	0
5583	0
5584	0
5585	0
5586	0
5809	0
5810	6
5811	0
5812	0
5813	0
5814	0
5851	1
5852	0
5853	0
5854	0
5855	0
5856	0
5857	0
5858	0
5859	0
5860	0
5861	2
5862	0
5875	2
5876	1
5877	0
5878	1
5879	1
5880	1
5941	0
5942	1
5943	0
5944	1
5945	1
5946	2
6001	1
6002	0
6003	0
6004	0
6005	0
6006	0
6007	0
6008	0
6009	0
6010	0
6011	0
6012	0
6013	0
6014	0
6015	0
6016	0
6017	0
6018	0
6121	0
6122	0
6123	2
6124	0
6125	0
6126	1
6325	0
6326	0
6327	0
6328	0
6329	0
6330	1
6367	2
6368	1
6369	0
6370	0
6371	1
6372	0
6373	2
6374	0
6375	0
6376	0
6377	0
6378	1
6379	1
6380	0
6381	0
6382	0
6383	0
6384	0
6415	2
6416	4
6417	0
6418	0
6419	0
6420	1
6505	0
6506	0
6507	0
6508	1
6509	2
6510	0
6703	0
6704	0
6705	0
6706	0
6707	2
6708	0
6799	0
6800	0
6801	0
6802	0
6803	0
6804	0
6805	1
6806	0
6807	0
6808	0
6809	0
6810	0
6811	2
6812	0
6813	1
6814	0
6815	0
6816	0
6865	0
6866	0
6867	0
6868	0
6869	2
6870	0
6913	0
6914	1
6915	0
6916	0
6917	0
6918	0
6937	0
6938	0
6939	0
6940	0
6941	0
6942	0
6943	0
6944	0
6945	0
6946	1
6947	0
6948	0
6949	0
6950	0
6951	0
6952	0
6953	0
6954	0
6967	2
6968	0
6969	0
6970	0
6971	0
6972	0
6973	2
6974	2
6975	0
6976	0
6977	1
6978	0
7015	1
7016	0
7017	0
7018	0
7019	0
7020	1
7249	2
7250	1
7251	0
7252	3
7253	0
7254	0
7267	0
7268	0
7269	0
7270	1
7271	0
7272	4
7459	2
7460	0
7461	0
7462	0
7463	0
7464	0
7465	0
7466	1
7467	0
7468	0
7469	0
7470	0
7531	0
7532	1
7533	0
7534	0
7535	0
7536	0
7537	0
7538	0
7539	0
7540	3
7541	0
7542	0
7555	0
7556	0
7557	0
7558	0
7559	0
7560	0
7561	1
7562	0
7563	0
7564	0
7565	0
7566	0
7567	0
7568	0
7569	0
7570	0
7571	0
7572	0
7579	0
7580	2
7581	1
7582	0
7583	1
7584	0
7591	0
7592	2
7593	1
7594	2
7595	0
7596	0
7615	0
7616	0
7617	0
7618	2
7619	0
7620	0
7669	1
7670	0
7671	0
7672	0
7673	0
7674	0
7681	0
7682	0
7683	0
7685	0
7686	0
7693	1
7694	0
7695	0
7697	0
7698	0
7705	0
7706	0
7707	0
7709	0
7710	0
7711	1
7712	0
7713	2
7714	0
7715	1
7716	0
7717	0
7718	0
7719	1
7720	2
7721	0
7722	0
7723	0
7724	0
7725	1
7726	2
7727	0
7728	0
7825	0
7826	0
7827	0
7828	0
7829	0
7830	0
7849	1
7850	1
7851	0
7852	1
7853	3
7854	1
7855	2
7856	0
7857	0
7858	1
7859	0
7860	0
7861	0
7862	0
7863	0
7864	2
7865	2
7866	2
7867	0
7868	3
7869	0
7870	2
7871	2
7872	0
7873	1
7874	0
7875	2
7876	0
7877	1
7878	1
7879	0
7880	0
7881	1
7882	0
7883	0
7884	2
7885	2
7886	0
7887	1
7888	1
7889	1
7890	3
7891	0
7892	1
7893	1
7894	0
7895	0
7896	0
7897	0
7898	1
7899	1
7900	1
7901	1
7902	0
7903	0
7904	0
7905	0
7906	1
7907	1
7908	0
7909	0
7910	0
7911	0
7912	0
7913	0
7914	0
7915	0
7916	1
7917	0
7918	1
7919	0
7920	1
7921	0
7922	1
7923	0
7924	1
7925	0
7926	1
7927	0
7928	0
7929	0
7930	0
7931	0
7932	0
7933	0
7934	0
7935	0
7936	2
7937	0
7938	0
7939	0
7940	0
7941	0
7942	0
7943	1
7944	0
7951	0
7952	2
7953	0
7954	1
7955	1
7956	0
7957	0
7958	0
7959	0
7960	0
7961	1
7962	1
7963	0
7964	0
7965	0
7966	0
7967	0
7968	2
7969	0
7970	1
7971	1
7972	0
7973	2
7974	0
7975	0
7976	0
7977	2
7978	0
7979	1
7980	0
7981	1
7982	0
7983	0
7984	0
7985	1
7986	0
8293	1
8294	0
8295	0
8296	0
8297	1
8298	0
8299	0
8300	0
8301	0
8302	0
8303	2
8304	1
8305	0
8306	0
8307	0
8308	1
8309	1
8310	1
8389	0
8390	0
8391	0
8392	1
8393	0
8394	0
8395	0
8396	0
8397	0
8398	0
8399	0
8400	0
8437	0
8438	0
8439	0
8440	3
8441	0
8442	0
8833	0
8834	0
8835	2
8836	0
8837	0
8838	1
8839	0
8840	0
8841	0
8842	1
8843	2
8844	1
8845	0
8846	0
8847	0
8848	0
8849	0
8850	0
8935	0
8936	3
8937	0
8938	5
8939	0
8940	0
8941	2
8942	0
8943	0
8944	0
8945	0
8946	0
8947	0
8948	0
8949	0
8950	0
8951	0
8952	4
8977	0
8978	0
8979	0
8980	0
8981	0
8982	0
8983	0
8984	0
8985	1
8986	0
8987	0
8988	0
8989	0
8990	0
8991	4
8992	0
8993	0
8994	0
8995	0
8996	0
8997	0
8998	0
8999	1
9000	1
9001	1
9002	0
9003	0
9004	0
9005	0
9006	1
9007	0
9008	0
9009	1
9010	0
9011	1
9012	0
9013	1
9014	1
9015	1
9016	0
9017	0
9018	0
9019	0
9020	0
9021	1
9022	0
9023	0
9024	1
9085	0
9086	2
9087	0
9088	0
9089	0
9090	0
9091	0
9092	0
9093	0
9094	0
9095	2
9096	0
9121	0
9122	0
9123	0
9124	1
9125	2
9126	0
9127	0
9128	0
9129	0
9130	0
9131	0
9132	0
9181	0
9182	2
9183	0
9184	0
9185	0
9186	0
9187	0
9188	0
9189	0
9190	0
9191	0
9192	0
9205	0
9206	0
9207	0
9208	0
9209	0
9210	0
9211	0
9212	0
9213	0
9214	0
9215	0
9216	0
9331	0
9332	0
9333	1
9334	0
9335	0
9336	0
9337	0
9338	1
9339	0
9340	0
9341	0
9342	0
9907	2
9908	1
9909	0
9910	0
9911	1
9912	0
9937	2
9938	0
9939	0
9940	0
9941	0
9942	1
9961	1
9962	0
9963	0
9964	0
9965	0
9966	0
10225	0
10226	0
10227	0
10228	0
10229	0
10230	0
10231	0
10232	1
10233	0
10234	0
10235	0
10236	0
10237	0
10238	0
10239	0
10240	0
10241	0
10242	0
10417	0
10418	0
10419	1
10420	0
10421	0
10422	0
10423	0
10424	0
10425	0
10426	0
10427	0
10428	0
10429	0
10430	0
10431	0
10432	0
10433	2
10434	0
10531	2
10532	0
10533	0
10534	0
10535	0
10536	0
10561	1
10562	0
10563	0
10564	0
10565	0
10566	0
10645	2
10646	2
10647	0
10648	0
10649	1
10650	0
10663	0
10664	0
10665	0
10666	0
10667	0
10668	0
10675	0
10676	0
10677	0
10678	0
10679	1
10680	0
10867	0
10868	0
10869	0
10870	0
10871	1
10872	0
10873	0
10874	0
10875	0
10876	0
10877	0
10878	0
10963	0
10964	0
10965	0
10966	0
10967	2
10968	0
10969	0
10970	0
10971	0
10972	0
10973	0
10974	0
10975	0
10976	0
10977	1
10978	0
10979	0
10980	0
11053	0
11054	0
11055	0
11056	0
11057	0
11058	0
11059	0
11060	0
11061	0
11062	0
11063	0
11064	0
11065	0
11066	0
11067	0
11068	0
11069	0
11070	0
11155	0
11156	0
11157	0
11158	0
11159	0
11160	0
11161	0
11162	0
11163	0
11164	0
11165	0
11166	0
11239	0
11240	1
11241	0
11242	0
11243	1
11244	0
11281	0
11282	0
11283	0
11284	0
11285	0
11286	0
11437	0
11438	0
11439	0
11440	0
11441	0
11442	0
11449	0
11450	0
11451	0
11452	0
11453	0
11454	0
11455	0
11456	0
11457	0
11458	0
11459	0
11460	1
11479	0
11480	0
11481	0
11482	0
11483	0
11484	0
11587	0
11588	0
11589	0
11590	0
11591	0
11592	0
11611	0
11612	0
11613	0
11614	0
11615	0
11616	2
11647	0
11648	0
11649	1
11650	0
11651	0
11652	1
11863	0
11864	0
11865	0
11866	0
11867	0
11868	0
11869	0
11870	0
11871	0
11872	0
11873	0
11874	0
12139	0
12140	0
12141	1
12142	1
12143	0
12144	0
12151	0
12152	0
12153	0
12154	0
12155	0
12156	0
12229	0
12230	0
12231	0
12232	0
12233	1
12234	0
12235	0
12236	0
12237	0
12238	0
12239	0
12240	0
12259	0
12260	1
12261	0
12262	0
12263	0
12264	1
12265	0
12266	0
12267	0
12268	1
12269	0
12270	0
12451	0
12453	0
12454	2
12456	0
12487	0
12488	0
12489	0
12490	0
12491	0
12492	0
12493	0
12494	0
12495	0
12496	0
12497	1
12498	0
12547	0
12548	0
12549	0
12550	0
12551	0
12552	0
12643	0
12644	0
12645	0
12646	0
12647	3
12648	0
12697	0
12698	0
12699	0
12700	0
12701	0
12702	0
12703	0
12704	0
12705	1
12706	0
12707	0
12708	0
12709	2
12710	0
12711	0
12712	0
12713	0
12714	0
12727	0
12728	0
12729	1
12730	3
12731	0
12732	0
12739	0
12740	0
12741	0
12742	0
12743	0
12744	1
12745	0
12746	0
12747	1
12748	0
12749	0
12750	2
13045	1
13046	0
13047	0
13048	0
13049	0
13050	0
13057	0
13059	0
13060	2
13062	0
13063	0
13065	1
13066	0
13068	0
13069	0
13071	0
13072	0
13074	1
13087	0
13088	0
13090	0
13091	0
13092	1
13285	0
13286	0
13287	0
13288	0
13289	0
13290	0
13393	0
13394	0
13396	0
13397	0
13398	0
13411	0
13412	0
13413	0
13414	0
13415	0
13416	0
13417	0
13418	0
13419	1
13420	0
13421	0
13422	0
13423	0
13424	0
13425	0
13426	0
13427	0
13428	0
13441	0
13442	0
13443	0
13444	0
13445	0
13446	1
13447	0
13448	0
13449	0
13450	0
13451	0
13452	1
13454	0
13455	0
13456	0
13457	0
13458	0
13501	0
13502	0
13503	2
13504	0
13505	0
13506	0
13507	0
13508	0
13509	0
13510	1
13511	0
13512	0
13513	0
13514	0
13515	0
13516	0
13517	0
13518	0
13537	0
13538	0
13539	0
13540	0
13541	0
13542	0
13543	0
13544	0
13545	0
13546	0
13547	0
13548	0
13549	0
13550	0
13551	0
13552	0
13553	1
13554	0
13927	0
13928	0
13929	0
13930	0
13931	0
13932	0
13933	0
13934	0
13935	0
13936	0
13937	0
13938	1
14203	0
14204	0
14205	0
14206	0
14207	0
14208	0
14209	0
14210	0
14211	0
14212	0
14213	0
14214	0
14215	0
14216	0
14217	2
14218	0
14219	0
14220	0
14221	1
14222	0
14223	0
14224	0
14225	0
14226	0
14389	0
14390	0
14391	0
14392	0
14393	0
14394	0
14407	0
14408	0
14409	0
14410	0
14411	0
14412	2
14425	0
14426	0
14427	0
14428	0
14429	0
14430	0
14497	1
14498	0
14499	0
14500	0
14501	0
14502	0
14503	0
14504	0
14505	0
14506	0
14507	0
14508	0
14509	1
14510	0
14511	0
14512	0
14513	0
14514	0
14527	1
14528	0
14529	0
14530	0
14531	0
14532	0
14533	0
14534	0
14535	0
14536	0
14537	0
14538	0
14809	0
14810	0
14811	0
14812	0
14813	0
14814	0
15169	0
15170	0
15171	0
15172	0
15173	0
15174	0
15175	1
15176	2
15177	1
15178	0
15179	0
15180	0
15181	0
15182	0
15183	0
15184	0
15185	0
15186	0
15283	0
15284	0
15285	0
15286	0
15287	3
15288	2
15289	0
15290	0
15291	0
15292	1
15293	1
15294	0
15295	0
15296	0
15297	0
15298	1
15299	2
15300	0
15349	0
15350	0
15352	0
15353	0
15354	0
15355	0
15356	0
15358	0
15359	0
15360	1
15361	0
15362	0
15363	0
15364	0
15365	0
15366	0
15367	0
15368	0
15369	0
15370	1
15371	0
15372	0
15373	0
15374	0
15375	0
15376	0
15377	0
15378	0
15379	0
15380	0
15381	0
15382	0
15383	0
15384	0
15385	0
15386	0
15387	1
15388	0
15389	0
15390	0
15391	0
15392	1
15393	0
15394	0
15395	0
15396	0
15655	0
15656	0
15657	2
15658	0
15659	0
15660	0
15661	0
15662	0
15663	0
15664	1
15665	0
15666	0
15667	0
15668	0
15669	0
15670	0
15671	0
15672	0
15673	0
15674	0
15675	0
15676	0
15677	0
15678	1
15679	0
15680	0
15681	0
15682	0
15683	0
15684	1
15686	0
15687	0
15688	0
15689	0
15690	0
15739	0
15740	0
15741	0
15742	0
15743	1
15744	1
15853	0
15854	1
15855	0
15856	0
15857	1
15858	0
15859	0
15860	0
15861	1
15862	0
15863	0
15864	1
15997	0
15998	0
15999	0
16000	0
16001	0
16002	0
16009	0
16010	0
16011	0
16012	3
16013	0
16014	0
16015	0
16016	0
16017	0
16018	1
16019	0
16020	0
16033	0
16034	0
16035	0
16036	0
16037	0
16038	0
16039	0
16040	1
16041	0
16042	0
16043	0
16044	0
16045	0
16046	0
16047	0
16048	0
16049	0
16050	0
16087	0
16088	3
16089	0
16090	5
16091	0
16092	0
16093	2
16094	0
16095	0
16096	0
16097	0
16098	0
16099	0
16100	0
16101	0
16102	0
16103	0
16104	4
16105	0
16106	0
16107	1
16108	0
16109	0
16110	0
16111	0
16112	0
16113	0
16114	0
16115	0
16116	0
16117	0
16118	0
16119	4
16120	0
16121	0
16122	0
16135	0
16136	0
16137	0
16138	0
16139	0
16140	0
16141	0
16142	0
16143	0
16144	0
16145	0
16146	0
16147	0
16148	0
16149	2
16150	0
16151	0
16152	0
16363	0
16364	0
16365	1
16366	0
16367	0
16368	0
16369	0
16370	0
16371	0
16372	0
16373	0
16374	1
16375	0
16376	0
16377	1
16378	0
16379	0
16380	2
16381	0
16382	1
16383	0
16384	0
16385	0
16386	1
16387	0
16388	0
16389	0
16390	1
16391	0
16392	0
16393	0
16394	0
16395	0
16396	0
16397	0
16398	0
16417	0
16418	0
16419	2
16420	0
16421	0
16422	1
16423	0
16424	0
16425	0
16426	1
16427	2
16428	1
16429	0
16430	0
16431	0
16432	0
16433	0
16434	0
16549	0
16550	0
16551	1
16552	2
16553	0
16554	0
16555	1
16556	0
16557	2
16558	0
16559	1
16560	0
16561	0
16562	0
16563	1
16564	2
16565	0
16566	0
16567	0
16568	0
16569	0
16570	0
16571	1
16572	0
16573	0
16574	0
16575	0
16576	0
16577	0
16578	0
16579	0
16580	0
16581	0
16582	0
16583	3
16584	0
16879	0
16880	0
16881	0
16882	0
16883	0
16884	0
16885	0
16886	0
16887	0
16888	0
16889	0
16890	1
16903	0
16904	0
16905	0
16906	0
16907	0
16908	0
16915	0
16916	0
16917	0
16919	0
16920	0
16927	1
16928	0
16929	0
16931	0
16932	0
16939	0
16940	0
16941	0
16943	0
16944	0
16975	0
16976	0
16977	0
16978	0
16979	0
16980	0
16981	0
16982	2
16983	0
16984	1
16985	1
16986	0
16987	0
16988	1
16989	1
16990	0
16991	2
16992	0
17011	0
17012	1
17013	0
17014	1
17015	0
17016	1
17017	0
17018	0
17019	0
17020	0
17021	1
17022	1
17023	0
17024	0
17025	2
17026	0
17027	1
17028	0
17047	0
17048	1
17049	0
17050	1
17051	0
17052	1
17053	0
17054	0
17055	0
17056	0
17057	0
17058	2
17059	1
17060	0
17061	0
17062	0
17063	1
17064	0
17173	2
17174	1
17175	0
17176	1
17177	1
17178	1
17179	2
17180	0
17181	0
17182	0
17183	0
17184	0
17185	0
17186	1
17187	0
17188	0
17189	0
17190	0
17281	0
17282	0
17283	0
17284	0
17285	1
17286	1
17287	1
17288	1
17289	1
17290	0
17291	0
17292	0
17293	0
17294	0
17295	1
17296	0
17297	0
17298	1
17299	1
17300	0
17301	0
17302	0
17303	0
17304	1
17305	0
17306	0
17307	1
17308	0
17309	1
17310	0
17509	1
17510	0
17511	1
17512	4
17513	0
17514	0
17515	0
17516	2
17517	1
17518	2
17519	0
17520	0
17521	0
17522	2
17523	1
17524	0
17525	1
17526	0
17527	0
17528	0
17529	0
17530	0
17531	0
17532	0
17533	0
17534	0
17535	0
17536	0
17537	0
17538	0
17539	0
17540	0
17541	0
17542	0
17543	0
17544	1
17683	0
17684	0
17685	0
17686	0
17687	0
17688	0
17689	1
17690	0
17691	0
17692	0
17693	0
17694	0
17695	0
17696	0
17697	0
17698	0
17699	0
17700	0
17755	1
17756	1
17757	0
17758	1
17759	3
17760	1
17761	1
17762	0
17763	2
17764	0
17765	1
17766	1
17767	0
17768	1
17769	1
17770	0
17771	0
17772	0
17773	0
17774	0
17775	0
17776	2
17777	2
17778	2
17779	0
17780	1
17781	1
17782	1
17783	1
17784	0
17785	0
17786	0
17787	1
17788	0
17789	0
17790	2
17791	0
17792	3
17793	0
17794	2
17795	2
17796	0
17797	2
17798	0
17799	1
17800	1
17801	1
17802	3
17803	0
17804	0
17805	0
17806	1
17807	1
17808	0
18373	0
18374	0
18375	2
18376	0
18377	0
18378	1
18379	0
18380	0
18381	0
18382	0
18383	1
18384	1
18385	0
18386	0
18387	0
18388	0
18389	0
18390	1
18721	0
18722	0
18723	0
18724	2
18725	0
18726	0
18727	2
18728	0
18729	0
18730	1
18731	0
18732	0
18745	1
18746	0
18747	0
18748	0
18749	0
18750	0
18757	2
18758	0
18759	1
18760	0
18761	0
18762	0
18763	0
18764	0
18765	0
18766	0
18767	0
18768	0
18769	0
18770	0
18771	1
18772	0
18773	0
18774	0
18775	0
18776	0
18777	0
18778	0
18779	0
18780	0
19141	0
19142	0
19143	0
19144	0
19145	0
19146	0
19153	0
19154	0
19155	0
19156	0
19157	0
19158	0
19165	1
19166	0
19167	0
19168	0
19169	0
19170	0
19243	0
19244	0
19245	0
19246	0
19247	0
19248	0
19249	0
19250	0
19251	0
19252	0
19253	0
19254	0
19255	0
19256	0
19257	0
19258	0
19259	1
19260	0
19267	0
19268	0
19269	0
19270	0
19271	0
19272	0
19273	0
19274	0
19275	0
19276	0
19277	1
19278	0
19291	0
19292	0
19293	0
19294	0
19295	0
19296	0
19339	0
19340	0
19341	0
19342	0
19343	0
19344	0
19345	0
19346	0
19347	0
19348	2
19349	0
19350	0
19351	0
19352	0
19353	0
19354	0
19355	1
19356	0
19435	2
19436	0
19437	0
19438	0
19439	0
19440	0
19453	1
19454	0
19455	0
19456	0
19457	0
19458	0
19465	0
19466	0
19467	0
19468	0
19469	0
19470	1
19741	0
19742	1
19743	0
19744	0
19745	0
19746	0
19747	1
19748	0
19749	0
19750	0
19751	0
19752	0
19753	0
19754	1
19755	0
19756	0
19757	0
19758	0
19765	0
19766	0
19767	0
19768	0
19769	1
19770	0
19771	0
19772	0
19773	0
19774	0
19775	0
19776	0
19777	0
19778	0
19779	0
19780	0
19781	0
19782	0
19783	0
19784	0
19785	0
19786	0
19787	0
19788	0
20077	1
20078	1
20079	0
20080	0
20081	0
20082	0
20083	0
20084	0
20085	0
20086	0
20087	1
20088	0
20089	0
20090	1
20091	0
20092	0
20093	0
20094	0
20173	0
20174	1
20175	0
20176	0
20177	0
20178	0
20539	0
20540	0
20541	0
20542	0
20543	0
20544	0
20545	0
20546	1
20547	0
20548	0
20549	0
20550	0
20551	0
20552	0
20553	0
20554	3
20555	0
20556	0
20641	1
20642	2
20643	1
20644	0
20645	0
20646	0
20647	0
20648	0
20649	0
20650	0
20651	2
20652	0
20659	0
20660	0
20661	0
20662	0
20663	0
20664	0
20665	0
20666	0
20667	0
20668	0
20669	0
20670	1
20671	0
20672	0
20673	0
20674	0
20675	0
20676	0
20677	0
20678	0
20679	0
20680	0
20681	0
20682	0
20683	2
20684	0
20685	0
20686	0
20687	0
20688	0
20689	0
20690	0
20691	1
20692	3
20693	0
20694	0
20821	0
20822	1
20823	0
20824	0
20825	1
20826	0
20833	0
20834	1
20835	0
20836	0
20837	1
20838	0
20863	0
20864	0
20865	0
20866	1
20867	1
20868	0
21157	0
21158	0
21159	0
21160	1
21161	0
21162	0
21163	0
21164	0
21165	0
21166	0
21167	0
21168	0
21169	0
21170	1
21171	0
21172	0
21173	0
21174	0
21301	1
21302	0
21303	0
21304	0
21305	1
21306	0
21307	0
21308	0
21309	0
21310	0
21311	2
21312	1
21313	0
21314	0
21315	0
21316	1
21317	1
21318	1
21319	1
21320	2
21321	0
21322	0
21323	0
21324	0
21325	0
21326	6
21327	0
21328	0
21329	0
21330	0
21331	2
21332	4
21333	0
21334	0
21335	0
21336	1
21343	0
21344	0
21345	0
21346	0
21347	0
21348	0
21349	0
21350	0
21351	1
21352	1
21353	0
21354	0
21355	0
21356	0
21357	0
21358	0
21359	0
21360	0
21715	1
21716	0
21717	0
21718	0
21719	0
21720	0
21721	0
21722	0
21723	0
21724	0
21725	0
21726	0
21727	0
21728	0
21729	0
21730	0
21731	0
21732	0
21751	0
21752	0
21753	1
21754	0
21755	0
21756	0
21757	0
21758	0
21759	0
21760	0
21761	0
21762	0
21763	0
21764	0
21765	0
21766	0
21767	0
21768	0
22165	0
22166	0
22167	1
22168	0
22169	0
22170	0
22171	0
22172	0
22173	0
22174	0
22175	0
22176	0
22177	0
22178	0
22179	0
22180	0
22181	0
22182	0
22225	0
22226	0
22227	0
22228	0
22229	0
22230	0
22231	0
22232	0
22233	0
22234	0
22235	0
22236	0
22237	0
22238	0
22239	0
22240	0
22241	0
22242	0
22243	0
22244	0
22245	0
22246	0
22247	1
22248	0
22249	0
22250	1
22251	0
22252	0
22253	0
22254	0
22255	1
22256	0
22257	0
22258	0
22259	0
22260	0
22261	0
22262	1
22263	0
22264	0
22265	0
22266	0
22321	1
22322	1
22323	0
22324	0
22325	0
22326	0
22327	0
22328	0
22329	0
22330	0
22331	1
22332	0
22333	0
22334	1
22335	0
22336	0
22337	0
22338	0
22861	0
22862	0
22863	0
22864	0
22865	1
22866	1
22939	0
22940	0
22941	2
22942	0
22943	0
22944	0
22945	0
22946	0
22947	0
22948	0
22949	0
22950	0
22951	0
22952	0
22953	0
22954	0
22955	0
22956	0
22981	1
22982	0
22983	0
22984	0
22985	0
22986	1
22987	0
22988	0
22989	0
22990	1
22991	0
22992	1
22993	0
22994	0
22995	0
22996	3
22997	2
22998	0
23011	0
23012	0
23013	2
23014	2
23015	0
23016	1
23017	0
23018	2
23019	1
23020	2
23021	0
23022	1
23029	0
23030	2
23031	1
23032	0
23033	0
23034	0
23035	0
23036	0
23037	0
23038	3
23039	2
23040	0
23041	0
23042	0
23043	0
23044	1
23045	0
23046	1
23269	1
23270	0
23271	0
23272	0
23273	0
23274	0
23305	0
23306	0
23307	0
23308	0
23309	0
23310	0
23311	0
23312	0
23313	0
23314	0
23315	0
23316	0
23317	0
23318	0
23319	0
23320	0
23321	12
23322	0
23371	0
23372	0
23373	0
23374	0
23375	0
23376	1
23383	0
23384	0
23385	0
23386	0
23387	0
23388	0
23389	0
23390	0
23391	4
23392	2
23393	0
23394	0
23437	0
23438	0
23439	0
23440	0
23441	1
23442	0
23443	0
23444	0
23445	0
23446	0
23447	0
23448	0
23449	0
23450	0
23451	0
23452	0
23453	0
23454	0
23467	0
23468	0
23469	0
23470	0
23471	0
23472	0
23473	0
23474	0
23475	1
23476	2
23477	0
23478	2
23497	0
23498	0
23499	0
23500	1
23501	0
23502	0
23515	0
23516	0
23517	0
23518	1
23519	2
23520	0
23521	0
23522	0
23523	0
23524	3
23525	1
23526	0
23527	1
23528	1
23529	0
23530	1
23531	0
23532	0
23533	0
23534	0
23535	0
23536	0
23537	0
23538	0
23635	0
23636	0
23637	0
23638	0
23639	0
23640	0
23785	2
23786	0
23787	0
23788	0
23789	0
23790	0
23821	0
23822	0
23823	0
23824	1
23825	0
23826	0
23839	0
23840	0
23841	0
23842	0
23843	0
23844	0
23845	0
23846	0
23847	0
23848	0
23849	0
23850	0
23863	0
23864	1
23865	0
23866	0
23867	0
23868	0
23869	0
23870	0
23871	0
23872	0
23873	0
23874	0
23905	0
23906	0
23907	0
23908	0
23909	1
23910	0
23917	0
23918	0
23919	0
23920	0
23921	0
23922	0
23923	0
23924	0
23925	0
23926	1
23927	0
23928	0
23935	0
23936	0
23937	0
23938	0
23939	0
23940	0
23941	0
23942	0
23943	0
23944	0
23945	1
23946	0
23959	1
23960	0
23961	0
23962	0
23963	0
23964	0
24031	0
24032	0
24033	0
24034	0
24035	0
24036	0
24079	0
24080	0
24081	0
24082	0
24083	0
24084	1
24085	2
24086	0
24087	0
24088	0
24089	2
24090	0
24139	1
24140	1
24141	0
24142	0
24143	0
24144	0
24199	0
24200	0
24201	0
24202	1
24203	0
24204	0
24289	0
24290	0
24291	0
24292	0
24293	0
24294	1
24337	0
24338	0
24339	0
24340	0
24341	0
24342	0
24343	0
24344	0
24345	2
24346	0
24347	0
24348	0
24349	0
24350	0
24351	0
24352	0
24353	0
24354	0
24379	0
24380	0
24381	0
24382	1
24383	0
24384	0
24427	0
24428	0
24429	1
24430	0
24431	1
24432	0
24523	0
24524	0
24525	2
24526	0
24527	0
24528	0
24529	0
24530	0
24531	0
24532	0
24533	0
24534	0
24535	0
24536	0
24537	1
24538	0
24539	0
24540	0
24559	1
24560	1
24561	1
24562	0
24563	0
24564	0
24571	0
24572	0
24573	0
24574	0
24575	0
24576	0
24577	0
24578	0
24579	0
24580	0
24581	0
24582	0
24625	1
24626	2
24627	1
24628	1
24629	5
24630	0
24631	0
24632	0
24633	0
24634	0
24635	0
24636	1
24685	0
24686	0
24687	0
24688	0
24689	0
24690	0
24733	0
24734	0
24735	0
24736	0
24737	0
24738	0
24739	0
24740	0
24741	0
24742	0
24743	1
24744	0
24781	0
24782	0
24783	0
24784	0
24785	0
24786	0
24793	1
24794	1
24795	0
24796	0
24797	0
24798	0
24799	0
24800	0
24801	1
24802	0
24803	0
24804	0
24817	0
24818	0
24819	0
24820	0
24821	0
24822	0
24847	0
24848	0
24849	0
24850	0
24851	0
24852	0
24853	0
24854	0
24855	0
24856	0
24857	0
24858	0
24859	0
24860	0
24861	0
24862	0
24863	0
24864	0
24889	0
24890	0
24891	0
24892	0
24893	0
24894	0
24913	0
24914	0
24915	0
24916	1
24917	0
24918	0
24931	0
24932	0
24933	1
24934	0
24935	1
24936	0
24943	0
24944	0
24945	0
24946	0
24947	0
24948	0
25003	0
25004	0
25005	0
25006	0
25007	0
25008	0
25009	0
25010	0
25011	0
25012	0
25013	0
25014	0
25105	0
25106	0
25107	1
25108	0
25109	1
25110	0
25118	0
25120	0
25121	0
25122	0
25124	0
25126	0
25127	0
25128	0
25130	0
25132	0
25133	4
25134	0
25165	0
25166	0
25167	0
25168	0
25169	1
25170	0
25225	0
25226	1
25227	0
25228	1
25229	0
25230	0
25231	0
25232	1
25233	0
25234	1
25235	0
25236	0
25243	0
25244	0
25245	2
25246	0
25247	0
25248	0
25315	0
25316	0
25317	0
25318	1
25319	0
25320	0
25321	0
25322	0
25323	0
25324	0
25325	0
25326	2
25327	0
25328	0
25329	0
25330	0
25331	0
25332	0
25429	0
25430	0
25431	0
25432	0
25433	0
25434	0
25435	0
25436	0
25437	0
25438	0
25439	0
25440	0
25579	0
25580	0
25581	0
25582	0
25583	0
25584	0
25585	1
25586	0
25587	0
25588	0
25589	0
25590	0
25621	0
25622	0
25623	0
25624	0
25625	0
25626	0
25627	0
25628	0
25629	0
25630	0
25631	0
25632	0
25759	0
25760	0
25761	0
25762	0
25763	0
25764	3
25813	0
25814	0
25815	0
25816	0
25817	0
25818	0
25819	0
25820	0
25821	0
25822	0
25823	0
25824	0
25885	0
25886	0
25887	0
25888	0
25889	0
25890	0
25891	0
25892	0
25893	0
25894	0
25895	0
25896	0
25897	0
25898	0
25899	0
25900	0
25901	0
25902	0
25903	0
25904	0
25905	0
25906	0
25907	1
25908	0
25909	0
25910	0
25911	0
25912	0
25913	0
25914	0
25915	0
25916	0
25917	0
25918	0
25919	0
25920	0
26089	0
26090	0
26091	2
26092	0
26093	0
26094	0
26095	0
26096	0
26097	0
26098	0
26099	0
26100	0
26101	0
26102	0
26103	1
26104	0
26105	1
26106	0
26203	0
26204	0
26205	0
26206	0
26207	0
26208	1
26209	1
26210	1
26211	0
26212	0
26213	0
26214	0
26215	1
26216	1
26217	1
26218	0
26219	0
26220	0
26221	0
26222	0
26223	2
26224	2
26225	0
26226	1
26227	0
26228	2
26229	1
26230	0
26231	0
26232	0
26233	0
26234	2
26235	1
26236	2
26237	0
26238	1
26239	1
26240	0
26241	0
26242	0
26243	0
26244	1
26263	1
26264	0
26265	0
26266	0
26267	0
26268	0
26269	0
26270	0
26271	0
26272	0
26273	0
26274	0
26275	0
26276	0
26277	0
26278	0
26279	0
26280	0
26353	0
26354	0
26355	0
26356	0
26357	2
26358	0
26359	0
26360	0
26361	0
26362	0
26363	0
26364	0
26365	0
26366	0
26367	0
26368	0
26369	1
26370	0
26503	0
26504	0
26505	2
26506	0
26507	0
26508	0
26515	0
26516	0
26517	0
26518	0
26519	0
26520	0
26527	0
26528	0
26529	0
26530	0
26531	0
26532	0
26647	0
26648	0
26649	0
26650	0
26651	0
26652	0
26653	1
26654	1
26655	0
26656	0
26657	0
26658	0
26659	0
26660	0
26661	1
26662	0
26663	0
26664	0
26719	0
26720	0
26721	0
26722	0
26723	1
26724	1
26743	0
26744	0
26745	0
26746	0
26747	0
26748	0
26791	0
26792	0
26793	0
26794	0
26795	0
26796	0
26893	0
26894	0
26895	0
26896	0
26897	0
26898	0
26899	0
26900	0
26901	0
26902	0
26903	0
26904	0
26905	0
26906	0
26907	0
26908	0
26909	0
26910	0
27145	0
27146	0
27147	2
27148	0
27149	0
27150	0
27151	0
27152	0
27153	0
27154	0
27155	0
27156	0
27157	0
27158	0
27159	1
27160	0
27161	0
27162	0
27289	0
27290	0
27291	0
27292	1
27293	0
27294	0
27295	0
27296	0
27297	0
27298	1
27299	0
27300	0
27301	0
27302	0
27303	0
27304	1
27305	0
27306	0
27307	0
27308	0
27309	0
27310	0
27311	0
27312	0
27313	0
27314	0
27315	0
27316	0
27317	0
27318	0
27319	0
27320	0
27321	0
27322	0
27323	1
27324	0
27343	1
27344	1
27345	0
27346	1
27347	0
27348	0
27349	0
27350	0
27351	1
27352	2
27353	0
27354	2
27355	0
27356	0
27357	0
27358	0
27359	0
27360	0
27361	0
27362	0
27363	0
27364	0
27365	0
27366	0
27367	0
27368	0
27369	0
27370	0
27371	0
27372	0
27373	0
27374	0
27375	0
27376	0
27377	1
27378	0
27379	0
27380	0
27381	0
27382	0
27383	0
27384	0
27385	0
27386	0
27387	0
27388	0
27389	0
27390	0
27391	0
27392	0
27393	0
27394	0
27395	0
27396	0
27397	1
27398	0
27399	0
27400	0
27401	0
27402	0
27403	0
27404	0
27405	0
27406	0
27407	1
27408	0
27409	0
27410	0
27411	0
27412	0
27413	0
27414	0
27415	0
27416	1
27417	0
27418	1
27419	0
27420	0
27421	0
27422	1
27423	0
27424	1
27425	0
27426	0
27427	0
27428	0
27429	0
27430	0
27431	0
27432	0
27433	0
27434	0
27435	0
27436	0
27437	0
27438	0
27439	0
27440	0
27441	1
27442	0
27443	1
27444	0
27445	0
27446	0
27447	0
27448	1
27449	0
27450	0
27451	0
27452	0
27453	4
27454	2
27455	0
27456	0
27457	0
27458	0
27459	0
27460	0
27461	0
27462	0
27463	0
27464	0
27465	2
27466	0
27467	0
27468	0
27523	0
27524	0
27525	0
27526	3
27527	1
27528	0
27529	0
27530	0
27531	0
27532	1
27533	2
27534	0
27535	0
27536	0
27537	0
27538	0
27539	0
27540	1
27541	2
27542	0
27543	0
27544	0
27545	2
27546	0
27547	1
27548	2
27549	1
27550	1
27551	5
27552	0
27553	0
27554	0
27555	0
27556	0
27557	0
27558	1
27643	0
27644	0
27645	0
27646	1
27647	0
27648	0
27649	0
27650	0
27651	0
27652	0
27653	2
27654	0
27655	0
27656	0
27657	1
27658	0
27659	1
27660	0
27908	0
27910	0
27911	0
27912	0
27914	0
27916	0
27917	0
27918	0
27920	0
27922	0
27923	4
27924	0
28033	0
28034	0
28035	0
28036	0
28037	0
28038	0
28039	0
28040	0
28041	0
28042	0
28043	0
28044	0
28045	0
28046	0
28047	0
28048	0
28049	0
28050	0
28051	0
28052	0
28053	0
28054	1
28055	0
28056	0
28057	0
28058	0
28059	0
28060	0
28061	0
28062	2
28063	0
28064	0
28065	0
28066	0
28067	0
28068	0
28081	0
28082	0
28083	0
28084	0
28085	0
28086	0
28093	1
28094	0
28095	0
28096	0
28097	0
28098	0
28171	2
28172	0
28173	0
28174	0
28175	0
28176	0
28177	0
28178	0
28179	0
28180	1
28181	0
28182	0
28183	0
28184	0
28185	0
28186	0
28187	0
28188	3
28525	0
28526	0
28527	0
28528	0
28529	0
28530	1
29053	2
29054	1
29055	0
29056	0
29057	0
29058	0
29089	0
29090	0
29091	0
29092	0
29093	1
29094	0
29095	0
29096	0
29097	1
29098	0
29099	0
29100	0
29101	0
29102	1
29103	0
29104	0
29105	2
29106	0
29107	0
29108	0
29109	0
29110	0
29111	0
29112	0
29131	0
29132	0
29133	0
29134	2
29135	0
29136	0
29137	0
29138	0
29139	0
29140	0
29141	1
29142	0
29161	0
29162	0
29163	0
29164	0
29165	0
29166	0
29167	0
29168	0
29169	1
29170	0
29171	0
29172	0
29173	0
29174	0
29175	0
29176	0
29177	1
29178	0
29197	0
29198	0
29199	0
29200	0
29201	0
29202	0
29245	0
29246	0
29247	0
29248	0
29249	2
29250	0
29251	0
29252	0
29253	0
29254	0
29255	0
29256	0
29257	0
29258	0
29259	0
29260	0
29261	2
29262	0
29263	0
29264	0
29265	0
29266	0
29267	0
29268	0
29269	0
29270	0
29271	1
29272	0
29273	0
29274	0
29275	0
29276	0
29277	0
29278	0
29279	1
29280	0
29281	0
29282	0
29283	0
29284	2
29285	0
29286	0
29287	0
29288	0
29289	0
29290	0
29291	1
29292	0
29353	0
29354	0
29355	1
29356	0
29357	0
29358	0
29491	0
29492	0
29493	0
29494	0
29495	1
29496	0
29503	0
29504	0
29505	0
29506	0
29507	0
29508	0
29515	0
29516	0
29517	0
29518	0
29519	0
29520	0
29521	0
29522	0
29523	2
29524	0
29525	0
29526	0
29527	0
29528	2
29529	0
29530	0
29531	2
29532	0
29533	0
29534	0
29535	0
29536	0
29537	0
29538	0
29539	0
29540	0
29541	0
29542	0
29543	0
29544	0
29545	0
29546	2
29547	0
29548	0
29549	2
29550	0
29551	0
29552	0
29553	0
29554	0
29555	0
29556	0
29557	0
29558	0
29559	0
29560	0
29561	0
29562	0
29581	0
29582	0
29583	0
29584	0
29585	1
29586	0
29587	0
29588	0
29589	0
29590	0
29591	1
29592	0
29593	0
29594	0
29595	0
29596	2
29597	0
29598	0
29653	0
29654	0
29655	0
29656	0
29657	0
29658	0
29659	1
29660	0
29661	0
29662	0
29663	0
29664	0
29665	1
29666	0
29667	1
29668	0
29669	0
29670	0
29671	1
29672	2
29673	0
29674	0
29675	0
29676	0
29677	1
29678	0
29679	0
29680	0
29681	0
29682	0
29683	0
29684	0
29685	0
29686	0
29687	1
29688	0
29689	0
29690	0
29691	0
29692	0
29693	0
29694	0
29779	0
29780	0
29781	0
29782	0
29783	0
29784	0
29785	0
29786	0
29787	0
29788	0
29789	0
29790	1
29803	0
29804	1
29805	0
29806	0
29807	0
29808	0
29809	2
29810	0
29811	1
29812	1
29813	1
29814	0
29815	1
29816	0
29817	0
29818	1
29819	0
29820	0
29821	2
29822	0
29823	0
29824	0
29825	0
29826	1
29863	1
29864	0
29865	0
29866	0
29867	1
29868	1
29893	0
29894	0
29895	0
29896	0
29897	0
29898	0
29929	0
29930	0
29931	0
29932	0
29933	0
29934	0
29983	0
29984	0
29985	0
29986	0
29987	0
29988	0
30025	0
30026	0
30027	0
30028	0
30029	0
30030	0
30073	0
30074	0
30075	0
30076	0
30077	0
30078	0
30085	0
30086	1
30087	0
30088	0
30089	0
30090	0
30091	1
30092	0
30093	0
30094	0
30095	0
30096	0
30109	0
30110	0
30111	0
30112	1
30113	0
30114	0
30247	0
30248	2
30249	0
30250	0
30251	0
30252	0
30253	1
30254	0
30255	0
30256	1
30257	1
30258	1
30301	0
30302	0
30303	0
30304	0
30305	0
30306	0
30337	0
30338	1
30339	0
30340	0
30341	0
30342	0
30343	0
30344	0
30345	0
30346	0
30347	0
30348	0
30349	0
30350	0
30351	0
30352	0
30353	0
30354	0
30421	0
30422	0
30423	0
30424	0
30425	0
30426	0
30427	1
30428	0
30429	0
30430	0
30431	0
30432	0
30433	1
30434	0
30435	0
30436	0
30437	0
30438	0
30517	0
30518	0
30519	0
30520	1
30521	0
30522	0
30523	0
30524	1
30525	0
30526	0
30527	1
30528	0
30589	0
30590	0
30591	0
30592	0
30593	0
30594	0
30739	0
30740	0
30741	0
30742	0
30743	0
30744	1
30769	0
30770	0
30771	0
30772	0
30773	0
30774	0
30775	0
30776	0
30777	0
30778	0
30779	0
30780	0
30895	0
30896	1
30897	0
30898	0
30899	0
30900	0
30901	0
30902	1
30903	0
30904	0
30905	0
30906	0
30955	0
30956	0
30957	0
30958	0
30959	1
30960	0
30961	0
30962	0
30963	1
30964	0
30965	0
30966	0
30967	0
30968	0
30969	0
30970	0
30971	0
30972	0
30973	0
30974	1
30975	0
30976	1
30977	0
30978	0
30979	0
30980	1
30981	0
30982	0
30983	0
30984	0
31051	0
31052	1
31053	0
31054	0
31055	1
31056	0
31117	0
31118	0
31119	0
31120	0
31121	0
31122	0
31141	0
31142	0
31143	0
31144	0
31145	0
31146	0
31147	0
31148	0
31149	0
31150	0
31151	0
31152	0
31153	0
31154	0
31155	0
31156	0
31157	0
31158	0
31213	0
31214	0
31215	0
31216	0
31217	0
31218	0
31291	0
31292	0
31293	0
31294	0
31295	1
31296	2
31297	0
31298	0
31299	0
31300	0
31301	2
31302	0
31333	0
31334	0
31335	0
31336	0
31337	0
31338	0
31591	0
31592	5
31593	0
31594	0
31595	5
31596	0
31609	0
31610	0
31611	0
31612	0
31613	0
31614	0
31741	0
31742	0
31743	0
31744	0
31745	0
31746	0
31747	0
31748	0
31749	0
31750	0
31751	0
31752	1
31753	0
31754	0
31755	0
31756	0
31757	0
31758	2
31837	0
31838	0
31839	1
31840	1
31841	1
31842	2
31843	0
31844	0
31845	0
31846	2
31847	0
31848	0
31849	1
31850	1
31851	0
31852	0
31853	1
31854	1
31873	0
31874	0
31875	1
31876	1
31877	1
31878	0
31879	0
31880	1
31881	1
31882	0
31883	1
31884	0
31885	0
31886	0
31887	0
31888	0
31889	1
31890	1
31891	0
31892	2
31893	1
31894	0
31895	0
31896	0
31897	0
31898	0
31899	0
31900	1
31901	0
31902	0
31903	0
31904	0
31905	0
31906	0
31907	0
31908	0
31909	0
31910	0
31911	0
31912	0
31913	0
31914	2
31915	0
31916	0
31917	2
31918	1
31919	0
31920	1
31921	0
31922	1
31923	0
31924	0
31925	2
31926	0
31981	1
31982	0
31983	0
31984	0
31985	1
31986	0
31993	0
31994	1
31995	0
31996	0
31997	0
31998	0
32017	1
32018	0
32019	0
32020	0
32021	0
32022	1
32023	1
32024	0
32025	0
32026	1
32027	1
32028	0
32065	0
32066	0
32067	0
32068	0
32069	0
32070	0
32077	1
32078	0
32079	0
32080	0
32081	0
32082	0
32317	0
32318	0
32319	0
32320	0
32321	0
32322	2
32425	0
32426	0
32427	0
32429	0
32430	0
32437	0
32438	0
32439	1
32441	0
32442	0
32449	0
32450	0
32451	1
32453	0
32454	0
32467	0
32468	0
32469	1
32470	0
32471	0
32472	0
32473	0
32474	0
32475	2
32476	0
32477	0
32478	0
32557	0
32558	0
32559	0
32560	0
32561	0
32562	0
32563	0
32564	1
32565	0
32566	0
32567	1
32568	0
32569	0
32570	5
32571	0
32572	0
32573	5
32574	0
32665	0
32666	0
32667	0
32668	0
32669	0
32670	0
32671	0
32672	0
32673	1
32674	0
32675	0
32676	0
32677	0
32678	0
32679	0
32680	0
32681	1
32682	0
32935	1
32936	0
32937	0
32938	0
32939	0
32940	0
32941	1
32942	0
32943	1
32944	0
32945	0
32946	1
32971	0
32972	0
32973	0
32974	0
32975	0
32976	0
32977	0
32978	0
32979	0
32980	0
32981	0
32982	0
33043	0
33044	0
33045	0
33046	0
33047	0
33048	0
33049	0
33050	0
33051	0
33052	0
33053	2
33054	0
33157	0
33158	0
33159	0
33160	0
33161	0
33162	0
33163	0
33164	0
33165	0
33166	0
33167	0
33168	0
33313	0
33314	0
33315	0
33316	0
33317	0
33318	0
33319	0
33320	0
33321	0
33322	1
33323	0
33324	0
33325	0
33326	0
33327	0
33328	0
33329	0
33330	0
33349	0
33350	0
33351	0
33352	0
33353	0
33354	0
33355	0
33356	0
33357	0
33358	0
33359	0
33360	0
33361	0
33362	0
33363	0
33364	0
33365	1
33366	0
33367	0
33368	3
33369	0
33370	0
33371	0
33372	0
33373	1
33374	1
33375	4
33376	0
33377	0
33378	0
33379	0
33380	0
33381	0
33382	0
33383	0
33384	0
33847	0
33848	0
33849	0
33850	0
33851	2
33852	0
33853	0
33854	0
33855	0
33856	0
33857	0
33858	0
33859	0
33860	0
33861	0
33862	0
33863	0
33864	0
33943	0
33944	0
33945	0
33946	0
33947	0
33948	0
34039	0
34040	0
34041	0
34042	0
34043	0
34044	0
34141	0
34142	1
34143	1
34144	0
34145	0
34146	1
34153	0
34154	0
34155	0
34156	0
34157	0
34158	0
34177	0
34178	0
34179	1
34180	0
34181	0
34182	0
34327	0
34328	0
34329	0
34330	0
34331	0
34332	1
34345	0
34347	0
34348	0
34349	0
34350	1
34369	0
34370	0
34371	0
34372	0
34373	1
34374	0
34375	0
34376	0
34377	1
34378	0
34379	0
34380	0
34381	0
34382	0
34383	0
34384	0
34385	0
34386	0
34447	0
34448	0
34449	0
34450	0
34451	0
34452	0
34453	0
34454	0
34455	0
34456	0
34457	0
34458	2
34459	0
34460	0
34461	0
34462	1
34463	0
34464	0
34789	0
34790	0
34791	0
34792	0
34793	0
34794	0
34867	0
34868	0
34869	0
34870	0
34871	0
34872	0
34879	0
34881	0
34882	0
34883	0
34884	0
34939	1
34940	0
34941	0
34942	1
34943	0
34944	1
35035	0
35036	0
35037	0
35038	0
35039	0
35040	0
35041	0
35042	0
35043	0
35044	0
35045	0
35046	1
35059	0
35060	0
35061	0
35062	0
35063	1
35064	1
35077	0
35078	0
35079	0
35080	0
35081	0
35082	0
35119	0
35120	0
35121	0
35122	1
35123	0
35124	0
35233	0
35234	0
35235	0
35236	0
35237	0
35238	0
35239	0
35240	0
35241	0
35242	0
35243	0
35244	0
35293	0
35294	0
35295	0
35296	1
35297	0
35298	0
35299	0
35300	0
35301	0
35302	0
35303	0
35304	1
35341	0
35342	0
35343	0
35344	0
35345	0
35346	1
35395	0
35396	0
35397	0
35398	0
35399	0
35400	0
35401	0
35402	0
35403	1
35404	0
35405	0
35406	0
35443	0
35444	0
35445	0
35446	0
35447	0
35448	0
35689	0
35691	0
35692	0
35693	0
35694	0
35773	0
35774	0
35775	0
35776	1
35777	0
35778	0
35791	0
35792	0
35793	0
35794	0
35795	0
35796	0
35809	0
35810	1
35811	0
35812	0
35813	0
35814	0
35893	0
35894	0
35895	0
35896	0
35897	0
35898	1
35935	0
35936	0
35937	3
35938	3
35939	0
35940	0
35947	0
35948	0
35949	4
35950	0
35951	0
35952	0
36001	0
36002	1
36003	0
36004	0
36005	0
36006	0
36013	2
36014	0
36015	0
36016	0
36017	0
36018	1
36091	0
36092	0
36093	0
36094	0
36095	1
36096	0
36097	0
36098	1
36099	0
36100	0
36101	3
36102	0
36103	0
36104	2
36105	0
36106	1
36107	0
36108	0
36109	0
36110	0
36111	0
36112	1
36113	1
36115	0
36116	0
36117	0
36118	0
36119	1
36211	0
36212	0
36213	0
36214	0
36215	0
36216	1
36217	0
36218	0
36219	0
36220	0
36221	0
36222	0
36223	0
36224	0
36225	0
36226	0
36227	0
36228	0
36229	0
36230	0
36231	0
36232	0
36233	0
36234	0
36235	1
36236	0
36237	0
36238	0
36239	0
36240	0
36337	0
36338	0
36339	0
36340	0
36341	0
36342	0
36343	0
36344	0
36345	0
36346	0
36347	0
36348	1
36373	0
36374	0
36375	0
36376	0
36377	0
36378	0
36379	0
36380	0
36381	0
36382	0
36383	0
36384	0
36385	0
36386	0
36387	0
36388	0
36389	0
36390	0
36643	0
36644	0
36645	1
36646	0
36647	0
36648	0
36649	0
36650	0
36651	0
36652	0
36653	0
36654	0
36692	0
36694	0
36695	1
36696	0
36697	0
36698	0
36699	0
36700	0
36701	0
36702	0
36703	0
36704	0
36705	0
36706	0
36707	0
36708	0
36775	0
36776	1
36777	0
36778	0
36779	0
36780	0
36787	0
36788	1
36789	0
36790	0
36791	0
36792	0
36799	0
36800	1
36801	0
36802	0
36803	0
36804	0
36943	0
36944	0
36945	0
36946	1
36947	0
36948	0
36949	0
36950	0
36951	1
36952	0
36953	1
36954	1
37069	0
37070	1
37071	0
37072	0
37073	0
37074	0
37111	0
37112	1
37113	2
37114	2
37115	0
37116	3
37117	0
37118	3
37119	4
37120	3
37121	0
37122	2
37129	0
37130	0
37131	0
37132	0
37133	1
37134	2
37135	0
37136	0
37137	0
37138	0
37139	1
37140	0
37141	4
37142	0
37143	0
37144	4
37145	1
37146	0
37363	0
37364	0
37365	0
37366	0
37367	0
37368	0
37465	0
37466	0
37467	0
37468	0
37469	0
37470	0
37483	0
37484	0
37485	0
37486	1
37487	1
37488	0
37573	0
37574	1
37575	0
37576	1
37577	0
37578	0
37579	0
37580	0
37581	0
37582	0
37583	2
37584	0
37645	0
37646	0
37647	0
37648	0
37649	0
37650	0
37651	0
37652	0
37653	0
37654	0
37655	0
37656	0
37669	0
37670	0
37671	0
37672	0
37673	0
37674	0
37681	0
37682	0
37683	0
37684	0
37685	0
37686	0
37706	0
37708	0
37709	2
37710	0
37711	0
37712	0
37713	0
37714	0
37715	0
37716	0
37729	0
37730	0
37731	0
37732	0
37733	0
37734	0
37747	0
37748	0
37749	0
37750	0
37751	1
37752	0
37837	0
37838	0
37839	0
37840	0
37841	0
37842	0
37963	0
37964	0
37965	0
37966	3
37967	0
37968	2
37975	0
37976	0
37977	1
37978	1
37979	0
37980	0
37981	0
37982	0
37983	0
37984	0
37985	1
37986	0
37987	0
37988	0
37989	0
37990	0
37991	0
37992	0
38011	0
38012	0
38013	0
38014	1
38015	2
38016	0
38017	0
38018	0
38019	0
38020	0
38021	0
38022	0
38041	0
38042	0
38043	0
38044	1
38045	0
38046	0
38047	0
38048	0
38049	0
38050	0
38051	0
38052	0
38053	0
38054	0
38055	1
38056	0
38057	0
38058	0
38083	0
38084	0
38085	0
38086	0
38087	0
38088	0
38095	0
38096	0
38097	0
38098	0
38099	0
38100	0
38101	0
38102	0
38103	0
38104	0
38105	0
38106	0
38113	0
38114	0
38115	0
38116	0
38117	0
38118	0
38119	0
38120	0
38121	0
38122	1
38123	0
38124	0
38137	1
38138	0
38139	0
38140	1
38141	0
38142	0
38143	0
38144	0
38145	0
38146	0
38147	0
38148	0
38149	0
38150	0
38151	0
38152	0
38153	0
38154	0
38155	0
38156	0
38157	0
38158	0
38159	0
38160	0
38179	0
38180	0
38181	0
38182	0
38183	0
38184	0
38185	0
38186	0
38187	0
38188	0
38189	0
38190	0
38227	0
38228	0
38229	0
38230	0
38231	0
38232	1
38275	0
38276	0
38277	0
38278	0
38279	0
38280	0
38293	0
38294	0
38295	2
38296	0
38297	0
38298	0
38317	0
38318	0
38319	0
38320	0
38321	0
38322	0
38341	0
38342	0
38343	0
38344	0
38345	2
38346	0
38347	1
38348	0
38349	0
38350	0
38351	2
38352	0
38365	1
38366	0
38367	1
38368	0
38369	0
38370	0
38407	0
38408	0
38409	0
38410	0
38411	0
38412	0
38480	0
38482	0
38483	0
38484	0
38491	0
38492	0
38493	0
38494	1
38495	0
38496	0
38497	0
38498	0
38499	0
38500	1
38501	0
38502	0
38503	0
38504	0
38505	1
38506	0
38507	0
38508	1
38659	0
38660	1
38661	0
38662	0
38663	1
38664	0
38665	0
38666	0
38667	0
38668	0
38669	2
38670	0
38671	0
38672	0
38673	0
38674	0
38675	1
38676	0
38695	0
38696	0
38697	0
38698	0
38699	0
38700	0
38701	0
38702	0
38703	0
38704	0
38705	0
38706	0
38707	0
38708	1
38709	0
38710	0
38711	0
38712	0
38725	0
38726	0
38727	0
38728	0
38729	0
38730	0
38737	0
38738	0
38739	1
38740	2
38741	0
38742	0
38749	0
38750	0
38751	0
38752	0
38753	0
38754	0
38755	0
38756	0
38757	0
38758	0
38759	1
38760	0
38767	0
38768	0
38769	0
38770	0
38771	0
38772	0
38779	0
38780	0
38781	1
38782	0
38783	0
38784	0
38785	0
38786	0
38787	1
38788	0
38789	0
38790	1
38797	0
38798	0
38799	0
38800	0
38801	1
38802	0
38857	0
38858	0
38859	0
38860	0
38861	0
38862	1
38887	0
38888	1
38889	0
38890	0
38891	0
38892	0
38893	0
38894	0
38895	0
38896	1
38897	0
38898	0
38971	0
38972	0
38973	0
38974	0
38975	0
38976	0
38977	0
38978	0
38979	0
38980	0
38981	0
38982	0
39019	0
39020	0
39021	0
39022	1
39023	0
39024	0
39133	0
39134	0
39135	0
39136	0
39137	0
39138	0
39151	0
39152	0
39153	0
39154	0
39155	0
39156	1
39157	0
39158	0
39159	0
39160	0
39161	0
39162	0
39163	0
39164	0
39165	0
39166	1
39167	0
39168	0
39187	0
39188	0
39189	0
39190	0
39191	0
39192	0
39271	0
39272	0
39273	0
39274	0
39275	0
39276	0
39277	0
39278	0
39279	0
39280	0
39281	0
39282	0
39283	0
39284	0
39285	0
39286	1
39287	4
39288	0
39343	0
39344	0
39345	0
39346	0
39347	0
39348	0
39361	0
39362	0
39363	0
39364	0
39365	2
39366	0
39373	0
39374	0
39375	0
39376	0
39377	0
39378	0
39445	0
39446	0
39447	0
39448	0
39449	0
39450	0
39451	0
39452	0
39453	0
39454	0
39455	0
39456	0
39457	0
39458	0
39459	0
39460	0
39461	0
39462	0
39553	0
39554	0
39555	0
39556	0
39557	0
39558	0
39583	0
39584	1
39585	0
39586	0
39587	0
39588	0
39589	0
39590	1
39591	0
39592	0
39593	0
39594	0
39595	0
39596	0
39597	0
39598	0
39599	0
39600	0
39601	0
39602	0
39603	1
39604	0
39605	0
39606	0
39607	0
39608	0
39609	0
39610	0
39611	0
39612	0
39613	0
39614	0
39615	0
39616	0
39617	0
39618	0
39637	0
39638	0
39639	0
39640	2
39641	0
39642	0
39643	2
39644	0
39645	2
39646	1
39647	1
39648	0
39649	0
39650	0
39651	0
39652	0
39653	0
39654	0
39655	0
39656	1
39657	0
39658	2
39659	0
39660	0
39661	0
39662	0
39663	0
39664	0
39665	0
39666	0
39667	1
39668	0
39669	0
39670	0
39671	0
39672	0
39673	2
39674	0
39675	0
39676	0
39677	0
39678	0
39679	0
39680	0
39681	0
39682	0
39683	0
39684	0
39685	0
39686	0
39687	0
39688	0
39689	0
39690	0
39823	0
39824	0
39825	0
39826	1
39827	0
39828	0
39829	0
39830	0
39831	0
39832	0
39833	0
39834	0
39835	0
39836	0
39837	0
39838	0
39839	0
39840	0
40022	0
40024	0
40025	0
40026	0
40063	0
40064	0
40065	0
40066	0
40067	0
40068	0
40069	1
40070	0
40071	1
40072	0
40073	0
40074	1
40075	0
40076	0
40077	0
40078	0
40079	0
40080	0
40099	0
40100	0
40101	0
40102	0
40103	0
40104	0
40105	0
40106	0
40107	0
40108	0
40110	0
40111	0
40112	0
40113	0
40114	0
40115	0
40116	0
40141	0
40142	0
40143	0
40144	0
40145	0
40146	0
40153	0
40154	0
40155	0
40156	0
40157	0
40158	0
40165	0
40166	0
40167	0
40168	0
40169	0
40170	0
40195	0
40196	0
40197	0
40198	0
40199	0
40200	1
40201	0
40202	0
40203	0
40204	0
40205	0
40206	0
40273	0
40274	0
40275	0
40276	0
40277	0
40278	0
40279	0
40280	0
40281	0
40282	0
40283	0
40284	0
40285	0
40286	0
40287	0
40288	0
40289	0
40290	0
40345	0
40346	0
40347	0
40348	0
40349	0
40350	0
40351	0
40352	0
40353	0
40354	0
40355	0
40356	0
40741	0
40742	0
40743	0
40744	0
40745	0
40746	1
40747	0
40748	0
40749	0
40750	1
40751	0
40752	0
40753	0
40754	0
40755	0
40756	0
40757	0
40758	0
40843	0
40844	0
40845	0
40846	0
40847	0
40848	0
40897	0
40898	0
40899	0
40900	0
40901	0
40902	1
40951	0
40952	1
40953	0
40954	0
40955	0
40956	0
40957	0
40958	0
40959	0
40960	0
40961	0
40962	0
40963	0
40964	0
40965	0
40966	0
40967	0
40968	0
40969	2
40970	0
40971	0
40972	0
40973	0
40974	0
40975	0
40976	2
40977	0
40978	0
40979	0
40980	0
40981	0
40982	0
40983	0
40984	0
40985	0
40986	0
41023	0
41024	0
41025	0
41026	0
41027	0
41028	0
41029	0
41030	0
41031	0
41032	0
41033	0
41034	0
41041	0
41042	1
41043	0
41044	0
41045	0
41046	0
41047	0
41048	1
41049	0
41050	0
41051	0
41052	0
41053	0
41054	0
41055	0
41056	0
41057	0
41058	0
41071	0
41072	0
41073	0
41074	0
41075	0
41076	1
41095	0
41096	0
41097	0
41098	0
41099	0
41100	0
41137	0
41138	0
41139	0
41140	1
41141	0
41142	0
41143	0
41144	0
41145	0
41146	0
41147	0
41148	0
41149	0
41150	0
41151	0
41152	0
41153	0
41154	0
41185	0
41186	0
41187	0
41188	0
41189	0
41190	0
41221	0
41222	1
41223	0
41224	0
41225	0
41226	0
41521	0
41522	0
41523	0
41524	0
41525	0
41526	0
41527	1
41528	0
41529	0
41530	0
41531	0
41532	0
41557	0
41558	1
41559	0
41560	1
41561	0
41562	1
41563	0
41564	0
41565	1
41566	0
41567	0
41568	0
41569	0
41570	0
41571	0
41572	0
41573	0
41574	0
41593	0
41594	0
41595	0
41596	0
41597	0
41598	1
41617	0
41618	0
41619	0
41620	0
41621	0
41622	0
41665	0
41666	0
41667	1
41668	0
41669	0
41670	0
41677	0
41678	1
41679	0
41680	0
41681	0
41682	0
41683	0
41684	1
41685	1
41686	0
41687	0
41688	0
41689	0
41690	1
41691	0
41692	1
41693	0
41694	0
41785	0
41786	0
41787	0
41788	0
41789	0
41790	0
41821	0
41822	0
41823	0
41824	0
41825	0
41826	0
41845	0
41846	0
41847	0
41848	0
41849	0
41850	0
41881	0
41882	0
41883	0
41884	1
41885	0
41886	2
41899	1
41900	1
41901	1
41902	0
41903	0
41904	0
41905	0
41906	0
41907	0
41908	0
41909	1
41910	1
41923	0
41924	0
41925	0
41926	0
41927	0
41928	0
41929	0
41930	0
41931	0
41932	0
41933	0
41934	0
41941	0
41942	0
41943	0
41944	0
41945	0
41946	0
42037	0
42038	0
42039	0
42040	0
42041	0
42042	0
42067	0
42068	0
42069	0
42070	0
42071	0
42072	0
42133	0
42134	0
42135	0
42136	0
42137	0
42138	0
42139	0
42140	0
42141	0
42142	1
42143	0
42144	0
42151	0
42152	1
42153	0
42154	0
42155	0
42156	0
42175	0
42176	0
42177	2
42178	0
42179	0
42180	0
42187	0
42188	0
42189	3
42190	1
42191	0
42192	0
42211	0
42212	0
42213	0
42214	0
42215	0
42216	0
42313	0
42314	0
42315	0
42316	0
42317	0
42318	0
42319	0
42320	0
42321	1
42322	0
42323	0
42324	3
42337	0
42338	0
42339	0
42340	0
42341	0
42342	0
42355	0
42356	1
42357	0
42358	0
42359	0
42360	0
42505	0
42506	0
42507	0
42508	0
42509	0
42510	0
42511	0
42512	0
42513	0
42514	0
42515	0
42516	0
42517	0
42518	0
42519	0
42520	0
42521	0
42522	0
42577	0
42578	0
42579	0
42580	0
42581	0
42582	0
42631	0
42632	0
42633	0
42634	2
42635	0
42636	0
42637	0
42638	0
42639	0
42640	0
42641	0
42642	0
42763	1
42764	0
42765	0
42766	0
42767	0
42768	0
42769	1
42770	0
42771	0
42772	0
42773	0
42774	0
42775	0
42776	0
42777	0
42778	0
42779	0
42780	0
42805	0
42806	0
42807	0
42808	0
42809	0
42810	0
42811	0
42812	0
42813	0
42814	0
42815	0
42816	0
42817	0
42818	0
42819	0
42820	0
42821	0
42822	0
42895	0
42896	0
42897	0
42898	0
42899	0
42900	0
42943	1
42944	0
42945	0
42946	0
42947	0
42948	0
42949	0
42950	0
42951	0
42952	0
42953	0
42954	0
42955	1
42956	0
42957	3
42958	0
42959	0
42960	0
42991	0
42992	2
42993	0
42994	0
42995	0
42996	0
43075	0
43076	0
43077	0
43078	0
43079	0
43080	0
43081	0
43082	0
43083	0
43084	0
43085	0
43086	0
43087	1
43088	0
43089	0
43090	0
43091	0
43092	0
43423	0
43424	3
43425	0
43426	3
43427	0
43428	0
43429	0
43430	0
43431	0
43432	0
43433	0
43434	0
43435	4
43436	6
43437	0
43438	1
43439	1
43440	0
43603	0
43604	0
43605	0
43606	0
43607	0
43608	0
43609	0
43610	0
43611	0
43612	0
43613	0
43614	0
43615	0
43616	0
43617	0
43618	0
43619	0
43620	0
43741	1
43742	0
43743	0
43744	0
43745	1
43746	0
43915	0
43916	0
43917	0
43918	0
43919	0
43920	0
43921	1
43922	0
43923	0
43924	0
43925	0
43926	0
43927	0
43928	0
43929	0
43930	0
43931	0
43932	0
43933	0
43934	1
43935	0
43936	1
43937	1
43938	0
43939	0
43940	2
43941	0
43942	0
43943	1
43944	0
43945	0
43946	0
43947	1
43948	0
43949	0
43950	0
44947	1
44948	0
44949	0
44950	0
44951	0
44952	0
