ObservationID	Count
97	0
98	0
99	0
100	1
101	1
102	0
121	0
122	0
123	0
124	0
125	0
126	0
127	0
128	0
129	0
130	1
131	0
132	0
133	0
134	0
135	0
136	1
137	0
138	0
145	3
146	0
147	0
148	0
149	0
150	0
181	0
182	0
183	0
184	0
185	0
186	0
187	0
188	0
189	0
190	0
191	0
192	2
193	0
194	0
195	0
196	0
197	0
198	1
205	0
206	0
207	0
208	0
209	0
210	1
241	0
242	0
243	0
244	0
245	0
246	0
265	3
266	0
267	0
268	0
269	3
270	0
505	0
506	1
507	0
508	0
509	0
510	0
511	0
512	2
513	0
514	0
515	0
516	0
517	0
518	2
519	0
520	0
521	0
522	0
565	0
566	0
567	0
568	0
569	0
570	0
571	0
572	0
573	0
574	0
575	0
576	0
589	0
590	1
591	0
592	0
593	0
594	0
745	0
746	0
747	0
748	0
749	0
750	0
817	1
818	0
819	0
820	0
821	0
822	0
823	0
824	0
825	0
826	0
827	0
828	0
829	1
830	0
831	0
832	0
833	0
834	0
877	2
878	2
879	0
880	0
881	3
882	0
883	3
884	0
885	0
886	0
887	2
888	1
889	0
890	0
891	0
892	0
893	0
894	0
931	0
932	1
933	0
934	0
935	0
936	0
943	0
944	1
945	0
946	0
947	0
948	0
949	0
950	0
951	0
952	1
953	0
954	0
973	1
974	0
975	1
976	0
977	1
978	1
1063	0
1064	0
1065	0
1066	0
1067	0
1068	3
1081	0
1082	0
1083	0
1084	1
1085	0
1086	0
1135	0
1136	1
1137	0
1138	0
1139	0
1140	0
1141	0
1142	1
1143	0
1144	0
1145	0
1146	0
1147	0
1148	0
1149	0
1150	0
1151	0
1152	0
1213	0
1214	2
1215	0
1216	0
1217	0
1218	0
1249	0
1250	0
1251	0
1252	0
1253	0
1254	0
1273	1
1274	1
1275	0
1276	0
1277	0
1278	0
1297	0
1298	0
1299	0
1300	1
1301	0
1302	0
1303	0
1304	0
1305	0
1306	0
1307	0
1308	0
1309	0
1310	0
1311	0
1312	0
1313	0
1314	0
1315	0
1316	0
1317	0
1318	0
1319	0
1320	0
1537	0
1538	1
1539	0
1540	0
1541	0
1542	0
1543	0
1544	0
1545	0
1546	0
1547	0
1548	0
1591	0
1592	0
1593	0
1594	0
1595	1
1596	0
1597	0
1598	1
1599	0
1600	0
1601	0
1602	2
1603	0
1604	0
1605	0
1606	0
1607	0
1608	0
1609	0
1610	0
1611	0
1612	0
1613	0
1614	0
1615	0
1616	0
1617	0
1618	0
1619	0
1620	3
1639	0
1640	0
1641	0
1642	0
1643	0
1644	0
1669	0
1670	0
1671	2
1672	0
1673	0
1674	0
1687	1
1688	0
1689	0
1690	0
1691	0
1692	0
1717	0
1718	0
1719	0
1720	0
1721	0
1722	1
1753	0
1754	1
1755	0
1756	0
1757	0
1758	1
1759	0
1760	0
1761	0
1762	0
1763	0
1764	0
1771	0
1772	0
1773	0
1774	0
1775	2
1776	0
1777	0
1778	0
1779	0
1780	0
1781	1
1782	0
1783	0
1784	0
1785	0
1786	0
1787	0
1788	1
1849	0
1850	0
1851	0
1852	0
1853	0
1854	0
1873	0
1874	0
1875	0
1876	0
1877	0
1878	0
1879	0
1880	0
1881	2
1882	0
1883	0
1884	0
1951	0
1952	0
1953	0
1954	0
1955	0
1956	0
1999	4
2000	0
2001	0
2002	0
2003	0
2004	0
2005	2
2006	0
2007	0
2008	0
2009	0
2010	0
2035	0
2036	0
2038	0
2039	1
2040	4
2047	0
2048	0
2050	0
2051	2
2052	3
2053	1
2054	0
2056	0
2057	1
2058	2
2077	0
2078	0
2079	1
2080	0
2081	0
2082	1
2083	0
2084	0
2085	1
2086	0
2087	0
2088	0
2089	0
2090	0
2091	0
2092	0
2093	0
2094	1
2269	0
2270	0
2271	0
2272	0
2273	0
2274	0
2275	0
2276	1
2277	0
2278	0
2279	0
2280	0
2281	0
2282	0
2283	0
2284	0
2285	0
2286	0
2329	0
2330	0
2331	0
2332	0
2333	0
2334	0
2341	0
2342	0
2343	0
2344	0
2345	0
2346	0
2347	4
2348	0
2349	0
2350	0
2351	0
2352	0
2371	0
2372	0
2373	0
2374	0
2375	1
2376	0
2377	1
2378	0
2379	0
2380	1
2381	2
2382	2
2383	0
2384	0
2385	0
2386	1
2387	0
2388	1
2407	0
2408	0
2409	0
2410	0
2411	0
2412	0
2413	0
2414	3
2415	0
2416	1
2417	0
2418	0
2425	0
2426	0
2427	0
2428	0
2429	0
2430	1
2437	0
2438	0
2439	1
2440	0
2441	0
2442	2
2497	0
2498	0
2499	0
2500	0
2501	0
2502	0
2503	2
2504	0
2505	1
2506	0
2507	0
2508	0
2509	1
2510	0
2511	0
2512	0
2513	0
2514	0
2521	0
2522	1
2523	0
2524	0
2525	0
2526	0
2527	0
2528	0
2529	0
2530	0
2531	0
2532	0
2533	0
2534	0
2535	0
2536	0
2537	0
2538	0
2653	0
2654	1
2655	0
2656	0
2657	0
2658	0
2803	0
2804	0
2805	0
2806	0
2807	0
2808	0
2821	0
2822	0
2823	0
2824	0
2825	0
2826	0
2827	0
2828	0
2829	0
2830	0
2831	1
2832	0
2833	0
2834	0
2835	0
2836	0
2837	0
2838	1
2917	0
2918	0
2919	0
2920	0
2921	0
2922	0
3085	0
3086	1
3087	0
3088	0
3089	0
3090	0
3091	0
3092	1
3093	0
3094	0
3095	0
3096	0
3097	0
3098	2
3099	0
3100	0
3101	0
3102	0
3145	0
3146	0
3147	0
3148	1
3149	3
3150	0
3151	0
3152	0
3153	0
3154	1
3155	1
3156	0
3175	0
3176	2
3177	0
3178	0
3179	0
3180	0
3181	0
3182	1
3183	0
3184	0
3185	0
3186	0
3187	0
3188	0
3189	0
3190	0
3191	0
3192	0
3193	0
3194	0
3196	1
3197	0
3198	0
3199	0
3200	0
3202	0
3203	0
3204	0
3217	0
3218	0
3219	0
3220	0
3221	0
3222	0
3451	0
3452	0
3454	0
3455	0
3457	4
3458	0
3460	0
3461	0
3481	0
3482	0
3484	0
3485	0
3487	4
3488	0
3490	0
3491	0
3493	0
3494	1
3496	0
3497	1
3499	0
3500	2
3501	0
3502	0
3503	0
3504	0
3511	0
3512	0
3513	0
3514	0
3515	0
3516	0
3523	0
3524	0
3525	0
3526	0
3527	0
3528	2
3547	0
3548	0
3549	0
3550	0
3551	0
3552	0
3565	0
3566	0
3567	0
3568	0
3569	0
3570	0
3583	0
3584	1
3585	0
3586	0
3587	2
3588	0
3733	0
3734	0
3735	0
3736	0
3737	0
3738	0
3763	0
3764	0
3765	0
3766	0
3767	0
3768	2
3769	0
3770	0
3771	0
3772	0
3773	1
3774	0
3775	0
3776	0
3777	0
3778	0
3779	1
3780	0
3835	0
3836	0
3837	0
3838	0
3839	0
3840	0
3841	0
3842	2
3843	0
3844	0
3845	1
3846	1
3847	0
3848	2
3849	0
3850	0
3851	0
3852	0
3853	0
3854	1
3855	0
3856	1
3857	1
3858	0
3895	0
3897	1
3898	0
3899	0
3901	0
3903	1
3904	1
3905	0
3907	0
3909	0
3910	0
3911	0
4177	0
4178	0
4179	0
4180	0
4181	0
4182	0
4717	0
4718	0
4719	0
4720	0
4721	0
4722	0
4771	0
4772	0
4773	0
4774	0
4775	0
4776	0
4777	0
4778	0
4779	0
4780	0
4781	0
4782	2
4783	0
4784	0
4785	0
4786	0
4787	0
4788	1
4861	0
4862	0
4863	0
4864	1
4865	0
4866	0
4867	0
4868	0
4869	0
4870	0
4871	0
4872	0
4903	0
4904	0
4905	0
4906	0
4907	1
4908	0
5023	0
5024	0
5025	0
5026	1
5027	0
5028	0
5083	1
5084	0
5085	2
5086	1
5087	0
5088	1
5179	0
5180	0
5181	0
5182	0
5183	1
5184	2
5263	0
5264	1
5265	1
5266	1
5267	2
5268	0
5299	0
5300	1
5301	0
5302	2
5303	0
5304	0
5305	0
5306	0
5307	0
5308	0
5309	2
5310	0
5467	0
5468	0
5469	0
5470	0
5471	1
5472	1
5593	0
5594	0
5595	1
5596	0
5597	0
5598	0
5599	0
5600	1
5601	0
5602	1
5603	0
5604	0
5701	0
5702	0
5703	0
5704	0
5705	2
5706	0
5719	0
5720	0
5721	0
5722	1
5723	0
5724	1
5755	0
5756	0
5757	0
5758	0
5759	0
5760	0
5773	0
5774	0
5775	0
5776	0
5777	0
5778	0
5803	0
5804	0
5805	0
5806	2
5807	0
5808	1
5899	1
5900	0
5901	0
5902	0
5903	1
5904	0
5995	0
5996	0
5997	0
5998	0
5999	0
6000	1
6001	0
6002	1
6003	0
6004	4
6005	0
6006	1
6007	1
6008	1
6009	0
6010	1
6011	0
6012	0
6013	0
6014	2
6015	0
6016	1
6017	0
6018	1
6199	1
6200	0
6201	1
6202	0
6203	0
6204	0
6205	2
6206	0
6207	0
6208	0
6209	1
6210	0
6211	1
6212	0
6213	0
6214	0
6215	1
6216	0
6271	0
6272	0
6273	0
6274	0
6275	0
6276	0
6277	0
6278	0
6279	0
6280	0
6281	1
6282	0
6283	0
6284	0
6285	0
6286	0
6287	0
6288	1
6289	0
6290	0
6291	0
6292	1
6293	0
6294	0
6295	0
6296	0
6297	0
6298	0
6299	1
6300	1
6331	0
6332	0
6333	0
6334	0
6335	0
6336	0
6337	0
6338	0
6339	0
6340	0
6341	0
6342	0
6343	2
6344	0
6345	0
6346	0
6347	0
6348	0
6469	0
6470	0
6471	0
6472	0
6473	0
6474	1
6649	0
6650	1
6651	1
6652	2
6653	0
6654	1
6655	1
6656	0
6657	0
6658	1
6659	1
6660	0
6685	0
6686	0
6687	0
6688	0
6689	1
6690	0
6691	0
6692	0
6693	0
6694	0
6695	0
6696	0
6745	0
6746	1
6747	0
6748	0
6749	0
6750	0
6799	0
6800	0
6801	0
6802	0
6803	0
6804	1
6805	0
6806	0
6807	0
6808	0
6809	0
6810	0
6811	0
6812	0
6813	0
6814	0
6815	0
6816	0
6817	0
6818	1
6819	0
6820	0
6821	1
6822	0
6907	0
6908	2
6909	1
6910	0
6911	1
6912	0
6925	1
6926	1
6927	1
6928	2
6929	0
6930	0
7057	1
7058	0
7059	0
7060	0
7061	0
7062	0
7099	0
7100	0
7101	0
7102	0
7103	0
7104	0
7117	1
7118	0
7119	0
7120	0
7121	0
7122	0
7147	2
7148	2
7149	4
7150	2
7151	0
7152	0
7183	2
7184	0
7185	0
7186	0
7187	0
7188	0
7273	1
7274	0
7275	0
7276	1
7277	0
7278	0
7285	0
7287	2
7288	1
7289	0
7290	0
7363	0
7364	2
7365	0
7366	0
7367	0
7368	0
7411	0
7412	0
7413	0
7414	0
7415	0
7416	0
7417	0
7418	0
7419	0
7420	0
7421	0
7422	0
7423	0
7424	0
7425	0
7426	0
7427	0
7428	0
7573	0
7574	0
7575	0
7576	0
7577	0
7578	0
7597	0
7598	0
7599	0
7600	0
7601	0
7602	1
7603	0
7604	1
7605	0
7606	1
7607	0
7608	1
7609	0
7610	0
7611	1
7612	0
7613	3
7614	2
7621	0
7622	0
7623	0
7624	0
7625	0
7626	0
7627	0
7628	1
7629	0
7630	0
7631	0
7632	0
7633	0
7634	0
7635	0
7636	0
7637	0
7638	0
7729	0
7730	0
7731	0
7732	0
7733	0
7734	0
7735	0
7736	0
7737	0
7738	0
7739	0
7740	0
7747	0
7748	0
7749	2
7750	0
7751	0
7752	0
7789	0
7790	2
7791	0
7792	0
7793	0
7794	0
7795	0
7796	1
7797	0
7798	0
7799	0
7800	0
7801	0
7802	0
7803	0
7804	0
7805	0
7806	0
7825	0
7826	0
7827	0
7828	0
7829	0
7830	1
7831	0
7832	0
7833	0
7834	0
7835	0
7836	0
7837	0
7838	0
7839	0
7840	0
7841	0
7842	0
7843	0
7844	0
7845	2
7846	0
7847	0
7848	0
8071	0
8072	0
8073	0
8074	0
8075	0
8076	0
8209	0
8210	0
8211	0
8212	0
8213	0
8214	0
8215	0
8216	0
8217	1
8218	0
8219	0
8220	0
8233	0
8234	0
8235	0
8236	0
8237	0
8238	0
8239	0
8240	0
8241	0
8242	0
8243	0
8244	0
8245	0
8246	0
8247	0
8248	0
8249	0
8250	0
8251	1
8252	0
8253	0
8254	0
8255	0
8256	0
8257	0
8258	0
8259	0
8260	2
8261	2
8262	1
8263	1
8264	1
8265	0
8266	0
8267	0
8268	1
8269	0
8270	0
8271	0
8272	4
8273	0
8274	2
8341	0
8342	0
8343	0
8344	1
8345	0
8346	0
8365	0
8366	0
8367	0
8368	0
8369	0
8370	0
8443	0
8444	0
8445	0
8446	0
8447	0
8448	0
8455	2
8456	0
8457	0
8458	0
8459	1
8460	0
8461	0
8462	2
8463	0
8464	0
8465	0
8466	2
8515	1
8516	0
8517	2
8518	1
8519	0
8520	1
8521	1
8522	1
8523	1
8524	2
8525	0
8526	0
8545	1
8546	0
8547	0
8548	1
8549	0
8550	0
8551	0
8553	1
8554	1
8555	0
8556	0
8563	0
8565	2
8566	1
8567	0
8568	0
8569	1
8570	0
8571	0
8572	2
8573	0
8574	0
8611	1
8612	1
8613	1
8614	0
8615	0
8616	0
8617	0
8618	0
8619	0
8620	0
8621	0
8622	0
8623	0
8624	0
8625	0
8626	0
8627	1
8628	0
8647	1
8648	1
8649	1
8650	0
8651	0
8652	0
8653	1
8654	0
8655	0
8656	0
8657	0
8658	1
8665	0
8666	0
8667	0
8668	0
8669	0
8670	0
8671	0
8672	0
8673	0
8674	0
8675	0
8676	0
8677	0
8678	0
8679	1
8680	0
8681	0
8682	0
8761	1
8762	0
8763	0
8764	0
8765	0
8766	0
8767	0
8768	0
8769	0
8770	0
8771	0
8772	0
8779	2
8780	0
8781	0
8782	0
8783	0
8784	0
8785	2
8786	0
8787	0
8788	0
8789	0
8790	0
8791	4
8792	0
8793	0
8794	0
8795	0
8796	0
8869	0
8870	1
8871	0
8872	1
8873	0
8874	1
8905	0
8906	2
8907	0
8908	1
8909	0
8910	0
9313	0
9314	2
9315	0
9316	0
9317	0
9318	2
9319	0
9320	1
9321	0
9322	1
9323	0
9324	1
9325	0
9326	2
9327	0
9328	1
9329	0
9330	0
9361	0
9362	0
9363	0
9364	0
9365	0
9366	0
9367	0
9368	0
9369	0
9370	0
9371	0
9372	0
9373	0
9374	0
9375	1
9376	0
9377	0
9378	0
9631	0
9632	0
9633	0
9634	0
9635	0
9636	2
9637	0
9638	0
9639	0
9640	0
9641	0
9642	0
9643	0
9644	2
9645	0
9646	0
9647	0
9648	0
9649	0
9650	0
9651	0
9652	0
9653	0
9654	0
9655	0
9656	0
9657	0
9658	0
9659	2
9660	0
9661	0
9662	0
9663	0
9664	0
9665	0
9666	0
9667	1
9668	0
9669	0
9670	0
9671	0
9672	0
9673	0
9674	0
9675	0
9676	0
9677	0
9678	0
10189	0
10190	0
10191	0
10192	0
10193	0
10194	0
10195	0
10196	1
10197	0
10198	0
10199	0
10200	0
10201	0
10202	0
10203	0
10204	0
10205	0
10206	0
10321	0
10322	0
10323	0
10324	1
10325	0
10326	0
10327	0
10328	0
10329	0
10330	1
10331	0
10332	0
10333	0
10334	0
10335	0
10336	0
10337	0
10338	0
10387	0
10388	0
10389	0
10390	0
10391	0
10392	0
10393	0
10394	0
10395	1
10396	0
10397	0
10398	0
10399	0
10400	0
10401	0
10402	0
10403	0
10404	0
10549	0
10550	0
10551	0
10552	0
10553	1
10554	0
10657	0
10658	0
10659	0
10660	0
10661	0
10662	0
10669	0
10670	0
10671	0
10672	0
10673	0
10674	0
10903	0
10904	0
10905	0
10906	0
10907	0
10908	0
10945	0
10946	0
10947	0
10948	0
10949	0
10950	0
10993	0
10994	0
10995	1
10996	0
10997	0
10998	0
11095	0
11096	1
11097	0
11098	1
11099	0
11100	0
11101	0
11102	0
11103	0
11104	0
11105	0
11106	1
11107	0
11108	0
11109	0
11110	0
11111	0
11112	0
11305	0
11306	1
11307	0
11308	0
11309	0
11310	0
11311	0
11312	1
11313	0
11314	0
11315	0
11316	0
11419	0
11420	0
11421	0
11422	0
11423	0
11424	0
11425	0
11426	0
11427	0
11428	1
11429	0
11430	0
11461	0
11462	1
11463	1
11464	0
11465	0
11466	0
11725	0
11726	0
11727	0
11728	0
11729	2
11730	0
11749	0
11750	0
11751	0
11752	0
11753	0
11754	0
11755	0
11756	0
11757	2
11758	0
11759	1
11760	0
12025	1
12026	0
12027	0
12028	0
12029	0
12030	0
12349	0
12350	0
12351	0
12352	0
12353	0
12354	1
12355	0
12356	0
12357	0
12358	0
12359	0
12360	2
12517	1
12518	0
12519	0
12520	0
12521	0
12522	2
12523	0
12524	0
12525	0
12526	0
12527	0
12528	0
12559	1
12560	0
12561	0
12562	0
12563	0
12564	0
12769	0
12770	0
12771	1
12772	0
12773	0
12774	0
12775	0
12776	0
12777	1
12778	0
12779	0
12780	0
12781	0
12782	0
12783	2
12784	0
12785	0
12786	0
13075	1
13076	0
13077	0
13078	0
13079	0
13080	0
13339	0
13340	0
13341	0
13342	0
13343	0
13344	0
13345	0
13346	0
13347	0
13348	0
13349	0
13350	0
13441	0
13442	0
13443	0
13444	0
13445	0
13446	2
13447	0
13448	0
13449	0
13450	0
13451	0
13452	0
13454	0
13455	0
13456	0
13457	0
13458	0
13465	0
13466	0
13467	0
13468	0
13469	0
13470	0
13477	0
13478	1
13479	0
13480	0
13481	0
13482	0
13483	0
13485	0
13486	0
13487	0
13488	0
13489	0
13490	0
13492	0
13493	1
13494	0
13561	0
13562	0
13563	0
13564	0
13565	1
13566	0
13567	0
13568	0
13569	0
13570	0
13571	0
13572	0
13573	1
13574	0
13575	0
13576	1
13577	0
13578	0
13579	0
13580	0
13581	0
13582	1
13583	0
13584	0
13585	0
13586	0
13587	0
13588	3
13589	0
13590	0
13597	0
13598	1
13599	0
13600	0
13601	0
13602	0
13723	0
13724	0
13725	0
13726	0
13727	0
13728	0
13729	0
13730	0
13731	0
13732	0
13733	0
13734	0
13813	0
13814	0
13815	0
13816	0
13817	0
13818	0
13939	0
13940	0
13941	0
13942	0
13943	0
13944	0
13999	0
14000	0
14001	0
14002	0
14003	0
14004	0
14005	0
14006	0
14007	0
14008	0
14009	0
14010	0
14011	0
14012	2
14013	0
14014	0
14015	0
14016	0
14221	0
14222	0
14223	1
14224	0
14225	1
14226	0
14245	4
14246	0
14247	2
14249	8
14250	0
14251	2
14252	0
14253	4
14255	6
14256	0
14479	0
14480	0
14481	0
14482	1
14483	0
14484	0
14485	0
14486	0
14487	0
14488	0
14489	0
14490	0
14491	0
14492	0
14493	0
14494	0
14495	0
14496	0
14497	0
14498	0
14499	1
14500	0
14501	1
14502	0
14503	0
14504	1
14505	0
14506	1
14507	0
14508	0
14509	0
14510	0
14511	1
14512	0
14513	1
14514	0
14527	0
14528	0
14529	1
14530	0
14531	1
14532	0
14533	0
14534	1
14535	0
14536	1
14537	0
14538	0
15097	0
15098	0
15099	0
15100	1
15101	0
15102	0
15103	0
15104	0
15105	0
15106	0
15107	0
15108	0
15109	0
15110	0
15111	0
15112	0
15113	0
15114	0
15151	0
15152	0
15153	0
15154	0
15155	0
15156	0
15157	0
15158	0
15159	2
15160	0
15161	0
15162	0
15163	0
15164	0
15165	0
15166	0
15167	0
15168	0
15673	0
15674	0
15675	0
15676	0
15677	0
15678	2
15679	0
15680	0
15681	0
15682	0
15683	0
15684	0
15686	0
15687	0
15688	0
15689	0
15690	0
15979	2
15980	0
15981	0
15982	0
15983	0
15984	0
15985	2
15986	0
15987	0
15988	0
15989	0
15990	0
15991	4
15992	0
15993	0
15994	0
15995	0
15996	0
16351	0
16352	0
16353	0
16354	0
16355	1
16356	0
16357	0
16358	0
16359	0
16360	0
16361	2
16362	0
16675	0
16676	0
16677	2
16678	0
16679	0
16680	0
16723	0
16724	0
16725	1
16726	0
16727	0
16728	0
16759	0
16760	0
16761	1
16762	0
16763	0
16764	0
17437	0
17438	0
17439	0
17440	0
17441	0
17442	0
17443	0
17444	0
17445	0
17446	0
17447	2
17448	0
17449	0
17450	0
17451	0
17452	0
17453	0
17454	0
17455	1
17456	0
17457	0
17458	0
17459	0
17460	0
17461	0
17462	0
17463	0
17464	0
17465	0
17466	0
17545	0
17546	1
17547	1
17548	0
17549	0
17550	0
17569	0
17570	0
17571	0
17572	0
17573	1
17574	0
17575	0
17576	0
17577	0
17578	0
17579	0
17580	0
17599	0
17600	0
17601	0
17602	0
17603	0
17604	1
17605	0
17606	1
17607	0
17608	1
17609	0
17610	1
17611	0
17612	0
17613	1
17614	0
17615	3
17616	2
17701	0
17702	1
17703	0
17704	0
17705	0
17706	0
17725	0
17726	1
17727	0
17728	0
17729	0
17730	0
17731	1
17732	0
17733	0
17734	0
17735	0
17736	0
17737	0
17738	0
17739	0
17740	0
17741	0
17742	0
17743	1
17744	0
17745	0
17746	0
17747	0
17748	0
17749	0
17750	0
17751	0
17752	0
17753	0
17754	0
18001	0
18002	0
18003	0
18004	0
18005	1
18006	0
18007	0
18008	0
18009	0
18010	0
18011	0
18012	0
18013	0
18014	0
18015	0
18016	0
18017	0
18018	0
18055	1
18056	0
18057	0
18058	0
18059	0
18060	2
18073	0
18074	0
18075	0
18076	0
18077	0
18078	0
18097	1
18098	0
18099	0
18100	0
18101	0
18102	0
18109	0
18110	0
18111	0
18112	0
18113	0
18114	0
18115	0
18116	0
18117	0
18118	0
18119	2
18120	0
18121	0
18122	0
18124	0
18125	1
18126	0
18127	0
18128	1
18129	1
18130	1
18131	2
18132	0
18133	0
18134	1
18135	1
18136	2
18137	0
18138	1
18139	1
18140	0
18141	0
18142	1
18143	1
18144	0
18157	0
18158	0
18159	0
18160	1
18161	0
18162	0
18163	0
18164	0
18165	0
18166	1
18167	0
18168	0
18169	0
18170	0
18171	0
18172	0
18173	0
18174	0
18181	0
18182	0
18183	0
18184	0
18185	0
18186	0
18187	0
18188	0
18189	0
18190	0
18191	0
18192	0
18193	0
18194	0
18195	2
18196	0
18197	0
18198	0
18229	4
18230	0
18231	2
18233	8
18234	0
18235	2
18236	0
18237	4
18239	6
18240	0
18241	2
18242	0
18243	1
18245	4
18246	0
18745	0
18746	0
18747	0
18748	0
18749	0
18750	0
18757	0
18758	0
18759	0
18760	0
18761	0
18762	0
18847	0
18848	0
18849	0
18850	0
18851	0
18852	0
18853	0
18854	0
18855	0
18856	2
18857	2
18858	1
18859	0
18860	0
18861	0
18862	0
18863	0
18864	0
18865	1
18866	1
18867	0
18868	0
18869	0
18870	1
18871	1
18872	0
18873	0
18874	0
18875	0
18876	0
18877	0
18878	0
18879	0
18880	4
18881	0
18882	2
18883	0
18884	0
18885	0
18886	0
18887	2
18888	0
18889	1
18890	0
18891	0
18892	0
18893	1
18894	0
18895	0
18896	2
18897	1
18898	0
18899	1
18900	0
18901	0
18902	1
18903	0
18904	2
18905	0
18906	0
18907	0
18908	1
18909	0
18910	0
18911	1
18912	0
18913	0
18914	0
18915	0
18916	2
18917	0
18918	1
18955	0
18956	1
18957	0
18958	0
18959	0
18960	0
18961	0
18962	2
18963	0
18964	0
18965	0
18966	0
18979	0
18980	0
18981	0
18982	0
18983	0
18984	1
18985	0
18986	0
18987	0
18988	0
18989	0
18990	2
18991	0
18992	0
18993	0
18994	0
18995	0
18996	0
18997	0
18998	0
18999	0
19000	0
19001	0
19002	0
19003	0
19004	0
19005	0
19006	1
19007	0
19008	0
19009	0
19010	0
19011	0
19012	0
19013	0
19014	0
19021	0
19022	0
19023	0
19024	1
19025	0
19026	0
19027	0
19028	0
19029	0
19030	0
19031	0
19032	0
19033	0
19034	0
19035	0
19036	0
19037	0
19038	0
19057	0
19058	2
19059	0
19060	0
19061	0
19062	0
19063	0
19064	0
19065	0
19066	0
19067	0
19068	0
19069	0
19070	0
19071	0
19072	0
19073	0
19074	0
19123	0
19124	0
19125	0
19126	0
19127	0
19128	0
19129	0
19130	0
19131	0
19132	0
19133	0
19134	0
19135	0
19136	0
19137	1
19138	0
19139	0
19140	0
19627	1
19628	0
19629	0
19630	2
19631	0
19632	0
19633	1
19634	1
19635	1
19636	0
19637	0
19638	0
19639	1
19640	0
19641	0
19642	0
19643	0
19644	1
19747	0
19748	0
19749	0
19750	1
19751	0
19752	0
19765	0
19766	0
19767	0
19768	0
19769	0
19770	0
19777	0
19778	0
19779	0
19780	1
19781	0
19782	0
19963	0
19964	0
19965	0
19966	0
19967	0
19968	1
19999	0
20000	1
20001	0
20002	0
20003	0
20004	0
20059	0
20060	0
20061	0
20062	0
20063	0
20064	0
20125	2
20126	0
20127	2
20128	0
20129	0
20215	1
20216	0
20217	0
20218	0
20219	0
20220	0
20221	1
20222	0
20223	0
20224	0
20225	0
20226	0
20371	0
20372	0
20373	0
20374	0
20375	0
20376	0
20383	2
20384	0
20385	0
20386	0
20387	1
20388	0
20407	0
20408	1
20409	0
20410	0
20411	0
20412	0
20611	0
20612	0
20613	0
20614	0
20615	0
20616	0
20617	0
20618	0
20619	0
20620	0
20621	0
20622	0
20623	2
20624	0
20625	0
20626	0
20627	0
20628	0
20977	1
20978	0
20979	0
20980	0
20981	0
20982	0
21037	0
21038	0
21039	0
21040	0
21041	0
21042	0
21187	0
21188	0
21189	0
21190	0
21191	1
21192	2
21193	0
21194	0
21195	1
21196	0
21197	0
21198	0
21199	0
21200	0
21201	0
21202	0
21203	0
21204	1
21205	0
21206	0
21207	2
21208	0
21209	1
21210	0
21211	0
21212	0
21213	0
21214	0
21215	0
21216	0
21217	1
21218	0
21219	0
21220	0
21221	0
21222	0
21223	0
21224	0
21225	0
21226	0
21227	0
21228	0
21235	0
21236	0
21237	0
21238	0
21239	0
21240	0
21241	0
21242	0
21243	0
21244	0
21245	0
21246	0
21247	0
21248	0
21249	0
21250	0
21251	0
21252	0
21559	0
21560	0
21561	0
21562	0
21563	0
21564	0
21565	2
21566	0
21567	0
21568	0
21569	0
21570	0
21571	0
21572	0
21573	0
21574	0
21575	0
21576	0
21625	0
21626	0
21627	0
21628	0
21629	0
21630	0
21631	0
21632	1
21633	0
21634	0
21635	0
21636	0
21637	0
21639	0
21640	0
21641	0
21642	0
21685	0
21686	0
21687	0
21688	1
21689	0
21690	0
21691	0
21692	0
21693	0
21694	1
21695	0
21696	1
21697	0
21698	2
21699	0
21700	0
21701	0
21702	0
21715	0
21716	1
21717	0
21718	4
21719	0
21720	1
21721	1
21722	1
21723	0
21724	1
21725	0
21726	0
21727	0
21728	2
21729	0
21730	1
21731	0
21732	1
21793	1
21794	0
21795	0
21796	1
21797	0
21798	0
21799	0
21800	1
21801	0
21802	0
21803	0
21804	0
21805	0
21806	0
21807	0
21808	0
21809	0
21810	0
21823	0
21824	0
21825	0
21826	1
21827	0
21828	0
21835	0
21836	0
21837	0
21838	3
21839	0
21840	0
21865	0
21866	0
21867	0
21868	0
21869	0
21870	1
21895	0
21896	1
21897	0
21898	0
21899	0
21900	0
21913	0
21914	0
21915	0
21916	0
21917	0
21918	0
22237	0
22238	0
22239	0
22240	1
22241	0
22242	0
22243	0
22244	0
22245	0
22246	0
22247	0
22248	0
22255	0
22256	0
22257	0
22258	1
22259	0
22260	0
22363	2
22364	0
22365	2
22366	0
22367	0
22375	0
22376	0
22377	0
22378	0
22379	0
22380	0
22381	0
22382	0
22383	0
22384	0
22385	0
22386	0
22387	0
22388	0
22389	0
22390	1
22391	0
22392	0
22429	1
22430	0
22431	3
22432	1
22433	0
22434	2
22435	0
22436	0
22437	0
22438	0
22439	0
22440	0
22441	0
22442	0
22443	0
22444	0
22445	0
22446	0
22555	1
22556	0
22557	3
22558	1
22559	0
22560	2
22561	0
22562	0
22563	0
22564	0
22565	0
22566	0
22567	0
22568	0
22569	0
22570	0
22571	0
22572	0
22675	0
22676	0
22677	0
22678	1
22679	0
22680	0
22825	0
22826	0
22827	0
22828	0
22829	0
22830	3
23113	0
23114	0
23115	0
23116	0
23117	1
23118	0
23131	0
23132	0
23133	0
23134	0
23135	0
23136	0
23137	0
23138	0
23139	1
23140	0
23141	0
23142	0
23143	0
23144	0
23145	1
23146	0
23147	0
23148	0
23149	0
23150	0
23151	2
23152	0
23153	1
23154	1
23155	0
23156	0
23157	0
23158	0
23159	3
23160	0
23161	0
23162	0
23163	0
23164	0
23165	0
23166	0
23167	0
23168	0
23169	0
23170	0
23171	0
23172	0
23173	0
23174	0
23175	0
23176	0
23177	1
23178	0
23179	0
23180	0
23181	0
23182	0
23183	0
23184	0
23203	1
23204	0
23205	3
23206	0
23207	1
23208	0
23209	1
23210	0
23211	2
23212	0
23213	2
23214	0
23215	0
23216	0
23217	0
23218	0
23219	1
23220	0
23221	0
23222	0
23223	1
23224	0
23225	0
23226	2
23227	0
23228	0
23229	0
23230	0
23231	0
23232	1
23233	0
23234	0
23235	2
23236	0
23237	1
23238	0
23239	0
23240	0
23241	0
23242	0
23243	0
23244	0
23245	1
23246	1
23247	0
23248	0
23249	0
23250	0
23251	0
23252	1
23253	0
23254	0
23255	0
23256	0
23335	0
23336	0
23337	0
23338	0
23339	0
23340	0
23341	0
23342	0
23343	0
23344	0
23345	0
23346	1
23383	2
23384	0
23385	0
23386	0
23387	0
23388	0
23395	0
23396	0
23397	0
23398	0
23399	0
23400	0
23485	0
23486	0
23487	0
23488	3
23489	4
23490	3
23503	0
23504	1
23505	0
23506	0
23507	0
23508	0
23533	0
23534	0
23535	0
23536	0
23537	0
23538	1
23551	0
23552	0
23553	0
23554	0
23555	1
23556	0
23569	0
23570	0
23571	0
23572	0
23573	0
23574	0
23599	0
23600	0
23601	0
23602	0
23603	0
23604	0
23647	0
23648	0
23649	1
23650	0
23651	0
23652	0
23671	0
23672	0
23673	0
23674	0
23675	0
23676	0
23677	0
23678	0
23679	1
23680	0
23681	0
23682	0
23695	0
23696	0
23697	0
23698	0
23699	0
23700	1
23737	0
23738	0
23739	0
23740	0
23741	0
23742	1
23743	0
23744	0
23745	0
23746	0
23747	1
23748	0
23815	0
23816	0
23818	0
23819	1
23820	2
23947	0
23948	0
23949	0
23950	0
23951	0
23952	0
23971	0
23972	0
23973	0
23974	0
23975	0
23976	0
23995	0
23996	0
23997	0
23998	0
23999	0
24000	0
24019	0
24020	0
24021	0
24022	0
24023	0
24024	0
24025	0
24026	0
24027	0
24028	0
24029	0
24030	0
24049	0
24050	2
24051	0
24052	0
24053	0
24054	0
24055	0
24056	0
24057	0
24058	0
24059	0
24060	0
24061	2
24062	1
24063	0
24064	0
24065	0
24066	0
24067	0
24068	0
24070	0
24071	1
24072	2
24073	0
24074	0
24075	0
24076	0
24077	0
24078	0
24103	3
24104	1
24105	0
24106	0
24107	0
24108	0
24115	0
24116	1
24117	0
24118	0
24119	0
24120	0
24145	0
24146	0
24147	0
24148	0
24149	0
24150	0
24163	0
24164	0
24165	0
24166	0
24167	0
24168	0
24205	2
24206	0
24207	0
24208	0
24209	0
24210	0
24211	2
24212	0
24213	0
24214	0
24215	0
24216	0
24223	0
24224	0
24225	0
24226	0
24227	0
24228	0
24235	0
24236	0
24237	0
24238	0
24239	0
24240	0
24307	0
24308	0
24309	0
24310	0
24311	0
24312	2
24319	0
24320	0
24321	0
24322	0
24323	0
24324	1
24337	1
24338	0
24339	0
24340	0
24341	0
24342	0
24385	0
24386	1
24387	0
24388	0
24389	1
24390	0
24391	0
24392	0
24393	0
24394	0
24395	0
24396	0
24397	0
24398	0
24399	0
24400	1
24401	0
24402	0
24415	0
24416	0
24417	0
24418	0
24419	1
24420	2
24541	0
24542	0
24543	0
24544	0
24545	0
24546	1
24547	0
24548	0
24549	0
24550	0
24551	0
24552	0
24553	0
24554	0
24555	0
24556	0
24557	0
24558	0
24583	0
24584	0
24585	0
24586	0
24587	0
24588	0
24655	0
24656	0
24657	0
24658	0
24659	0
24660	1
24667	0
24668	0
24669	0
24670	0
24671	0
24672	0
24709	1
24710	0
24711	2
24712	4
24713	2
24714	0
24733	0
24734	0
24735	0
24736	0
24737	0
24738	0
24739	0
24740	0
24741	0
24742	0
24743	0
24744	0
24751	0
24752	0
24753	0
24754	0
24755	0
24756	0
24811	0
24812	0
24813	0
24814	0
24815	0
24816	0
24847	0
24848	0
24849	0
24850	1
24851	0
24852	1
24853	0
24854	0
24855	0
24856	0
24857	0
24858	0
24859	0
24860	0
24861	0
24862	1
24863	0
24864	0
24895	0
24896	0
24897	0
24898	0
24899	1
24900	0
24901	1
24902	0
24903	0
24904	0
24905	1
24906	0
24925	0
24926	0
24927	4
24928	3
24929	3
24930	4
24961	0
24962	0
24963	0
24964	0
24965	0
24966	0
24967	2
24968	0
24969	0
24970	0
24971	0
24972	0
24979	1
24980	0
24981	0
24982	0
24983	0
24984	0
24991	0
24992	0
24993	1
24994	0
24995	0
24996	0
25027	0
25028	0
25029	0
25030	0
25031	0
25032	0
25033	0
25034	0
25035	0
25036	0
25037	0
25038	0
25039	0
25040	0
25041	0
25042	0
25043	0
25044	0
25051	0
25052	0
25053	0
25054	1
25055	0
25056	0
25075	0
25076	0
25077	0
25078	0
25079	0
25080	0
25081	0
25082	0
25083	0
25084	0
25085	0
25086	0
25087	0
25088	0
25089	0
25090	0
25091	0
25092	0
25093	0
25094	0
25095	0
25096	0
25097	0
25098	0
25147	0
25148	1
25149	0
25150	1
25151	0
25152	0
25153	0
25154	0
25155	0
25156	0
25157	1
25158	0
25165	0
25166	0
25167	0
25168	0
25169	0
25170	0
25171	0
25172	0
25173	0
25174	0
25175	1
25176	0
25177	0
25178	0
25179	0
25180	0
25181	1
25182	0
25183	0
25184	0
25185	0
25186	0
25187	1
25188	0
25189	3
25190	0
25191	1
25192	0
25193	0
25194	0
25195	2
25196	0
25197	0
25198	0
25199	0
25200	0
25207	0
25208	0
25209	0
25210	0
25211	0
25212	0
25213	0
25214	0
25215	0
25216	0
25217	1
25218	0
25219	0
25220	0
25221	0
25222	0
25223	0
25224	0
25291	0
25292	0
25293	1
25294	0
25295	1
25296	1
25375	0
25376	0
25377	1
25378	0
25379	0
25380	0
25381	0
25382	0
25383	0
25384	0
25385	0
25386	0
25387	0
25388	0
25389	0
25390	0
25391	2
25392	0
25417	0
25418	0
25419	0
25420	0
25421	0
25422	1
25423	0
25424	0
25425	0
25426	0
25427	1
25428	0
25495	0
25496	1
25497	0
25498	0
25499	0
25500	0
25639	0
25640	0
25641	0
25642	0
25643	0
25644	0
25687	0
25688	0
25689	0
25690	0
25691	0
25692	0
25729	0
25730	0
25731	0
25732	0
25733	1
25734	0
25741	0
25742	0
25743	0
25744	0
25745	0
25746	0
25747	0
25748	0
25749	0
25750	1
25751	0
25752	0
25753	0
25754	0
25755	0
25756	0
25757	0
25758	0
25807	0
25808	0
25809	0
25810	1
25811	1
25812	0
25843	1
25844	0
25845	2
25846	0
25847	0
25848	2
25849	0
25850	0
25852	0
25853	0
25873	0
25874	0
25876	0
25877	0
25879	0
25880	0
25882	0
25883	0
25921	0
25922	0
25923	0
25924	0
25925	0
25926	1
25927	0
25928	0
25929	0
25930	0
25931	0
25932	0
25933	0
25934	0
25935	0
25936	0
25937	0
25938	1
26167	0
26168	0
26169	0
26170	0
26171	0
26172	0
26173	0
26174	0
26175	0
26176	1
26177	0
26178	0
26179	0
26180	0
26181	0
26182	0
26183	0
26184	0
26185	0
26186	0
26187	0
26188	0
26189	0
26190	0
26191	0
26192	0
26193	0
26194	0
26195	0
26196	0
26197	0
26198	0
26199	0
26200	0
26201	0
26202	0
26281	0
26282	0
26283	1
26284	0
26285	0
26286	0
26287	0
26288	0
26289	1
26290	0
26291	0
26292	0
26293	0
26294	0
26295	2
26296	0
26297	1
26298	1
26299	0
26300	0
26301	0
26302	0
26303	3
26304	0
26305	0
26306	0
26307	0
26308	0
26309	0
26310	0
26311	0
26312	0
26313	0
26314	0
26315	0
26316	0
26353	0
26354	0
26355	0
26356	0
26357	1
26358	0
26359	0
26360	0
26361	0
26362	0
26363	0
26364	0
26365	0
26366	0
26367	0
26368	0
26369	0
26370	0
26413	3
26414	1
26415	0
26416	0
26417	0
26418	0
26425	0
26426	1
26427	0
26428	0
26429	0
26430	0
26437	0
26438	0
26439	0
26440	0
26441	0
26442	0
26857	0
26858	0
26859	0
26860	0
26861	0
26862	0
26863	0
26864	0
26865	0
26866	0
26867	1
26868	0
26869	0
26870	0
26871	0
26872	0
26873	0
26874	0
26929	0
26930	0
26931	0
26932	0
26933	0
26934	0
26935	0
26936	1
26937	0
26938	0
26939	0
26940	0
26941	0
26942	0
26943	0
26944	0
26945	0
26946	0
27001	0
27002	1
27003	0
27004	0
27005	0
27006	0
27007	0
27008	0
27009	0
27010	0
27011	0
27012	0
27013	0
27014	0
27015	0
27016	1
27017	0
27018	0
27019	0
27020	0
27021	0
27022	0
27023	0
27024	1
27025	0
27026	0
27027	0
27028	0
27029	0
27030	0
27031	0
27032	0
27033	0
27034	0
27035	0
27036	0
27091	0
27092	0
27093	0
27094	0
27095	0
27096	1
27097	0
27098	0
27099	0
27100	0
27101	0
27102	0
27103	0
27104	0
27105	0
27106	0
27107	0
27108	0
27127	0
27128	0
27130	0
27131	0
27133	0
27134	0
27136	0
27137	0
27139	0
27140	0
27142	0
27143	0
27205	1
27206	0
27207	3
27208	0
27209	1
27210	0
27211	1
27212	0
27213	2
27214	0
27215	2
27216	0
27217	0
27218	0
27219	0
27220	0
27221	1
27222	0
27223	0
27224	0
27225	1
27226	0
27227	0
27228	2
27229	0
27230	0
27231	0
27232	0
27233	0
27234	1
27235	0
27236	0
27237	2
27238	0
27239	1
27240	0
27241	0
27242	0
27243	0
27244	0
27245	0
27246	0
27247	2
27248	1
27249	0
27250	0
27251	0
27252	0
27253	0
27254	0
27255	0
27256	0
27257	0
27258	0
27259	0
27260	0
27261	0
27262	0
27263	0
27264	0
27265	0
27266	0
27267	1
27268	0
27269	0
27270	0
27271	0
27272	0
27273	0
27274	0
27275	0
27276	0
27277	0
27278	0
27279	0
27280	0
27281	0
27282	0
27283	0
27284	0
27285	0
27286	0
27287	0
27288	0
27307	2
27308	0
27309	0
27310	0
27311	0
27312	0
27313	1
27314	0
27315	0
27316	0
27317	0
27318	0
27319	0
27320	0
27321	0
27322	0
27323	0
27324	0
27487	1
27488	1
27489	0
27490	0
27491	0
27492	0
27493	0
27494	0
27495	0
27496	0
27497	0
27498	0
27499	0
27500	0
27501	0
27502	0
27503	0
27504	0
27661	0
27662	0
27663	0
27664	0
27665	0
27666	0
27667	0
27668	1
27669	0
27670	0
27671	1
27672	0
27673	0
27674	1
27675	0
27676	1
27677	0
27678	0
27679	2
27680	0
27681	0
27682	0
27683	0
27684	0
27685	2
27686	0
27687	0
27688	0
27689	0
27690	0
27691	2
27692	0
27693	0
27694	0
27695	0
27696	0
27697	0
27698	0
27699	0
27700	0
27701	0
27702	1
27703	0
27704	0
27705	0
27706	0
27707	0
27708	0
27709	0
27710	0
27711	0
27712	0
27713	0
27714	0
27715	0
27716	0
27717	0
27718	0
27719	0
27720	0
27727	0
27728	0
27729	0
27730	0
27731	0
27732	0
27739	3
27740	0
27741	1
27742	0
27743	0
27744	0
27769	0
27770	0
27771	0
27772	0
27773	1
27774	0
27775	0
27776	0
27777	0
27778	0
27779	1
27780	0
27781	0
27782	0
27783	0
27784	0
27785	1
27786	0
27787	0
27788	0
27789	0
27790	0
27791	3
27792	2
27793	0
27794	0
27795	0
27796	0
27797	0
27798	2
27799	0
27800	0
27801	0
27802	0
27803	0
27804	1
27835	0
27836	0
27837	1
27838	0
27839	0
27840	0
27841	0
27842	0
27843	0
27844	0
27845	1
27846	2
27847	0
27848	0
27849	1
27850	0
27851	1
27852	1
27877	0
27878	0
27879	0
27880	0
27881	0
27882	0
27883	0
27884	0
27885	0
27886	0
27887	0
27888	0
27895	1
27896	0
27897	0
27898	0
27899	1
27900	0
28003	0
28004	0
28005	0
28006	3
28007	4
28008	3
28015	1
28016	0
28017	2
28018	4
28019	2
28020	0
28027	0
28028	0
28029	4
28030	3
28031	3
28032	4
28033	0
28034	0
28035	0
28036	1
28037	0
28038	1
28039	0
28040	0
28041	0
28042	0
28043	0
28044	0
28045	0
28046	0
28047	0
28048	1
28049	0
28050	0
28225	0
28226	0
28227	0
28228	0
28229	0
28230	0
28231	1
28232	1
28233	0
28234	0
28235	0
28236	0
28237	0
28238	1
28239	0
28240	0
28241	0
28242	0
28249	2
28250	0
28251	0
28252	0
28253	0
28254	0
28255	1
28256	0
28257	0
28258	0
28259	0
28260	0
28267	0
28268	0
28269	1
28270	0
28271	0
28272	0
28591	0
28592	0
28593	0
28594	0
28595	0
28596	3
28597	0
28598	1
28599	0
28600	0
28601	0
28602	0
28615	0
28616	0
28617	0
28618	0
28619	1
28620	0
28621	0
28622	0
28623	0
28624	0
28625	0
28626	0
28657	0
28658	2
28659	0
28660	0
28661	0
28662	0
28663	0
28664	0
28665	0
28666	0
28667	0
28668	0
28669	0
28670	0
28671	0
28672	0
28673	0
28674	0
28675	0
28676	0
28677	0
28678	0
28679	0
28680	0
28681	0
28682	0
28683	0
28684	0
28685	1
28686	0
28687	0
28688	0
28689	0
28690	0
28691	0
28692	0
28819	0
28820	0
28821	0
28822	0
28823	0
28824	3
28825	0
28826	1
28827	0
28828	0
28829	0
28830	0
28831	0
28832	0
28833	0
28834	0
28835	1
28836	0
29065	0
29066	0
29067	0
29068	0
29069	1
29070	0
29071	0
29072	0
29073	0
29074	0
29075	0
29076	0
29089	0
29090	0
29091	0
29092	0
29093	0
29094	1
29095	0
29096	0
29097	0
29098	0
29099	0
29100	0
29101	0
29102	0
29103	0
29104	0
29105	0
29106	0
29443	0
29444	2
29445	0
29446	0
29447	0
29448	0
29449	0
29450	2
29451	0
29452	0
29453	0
29454	0
29461	2
29462	0
29463	0
29464	0
29465	0
29466	0
29467	0
29468	2
29469	0
29470	0
29471	0
29472	0
29473	0
29474	2
29475	0
29476	0
29477	0
29478	0
29479	2
29480	0
29481	0
29482	0
29483	0
29484	0
29617	0
29618	0
29619	0
29620	1
29621	0
29622	0
29623	0
29624	0
29625	0
29626	0
29627	0
29628	0
29629	0
29630	0
29631	0
29632	0
29633	0
29634	0
29641	4
29642	0
29643	0
29644	3
29645	1
29646	2
29845	0
29846	0
29847	0
29848	0
29849	0
29850	0
29851	0
29852	0
29853	0
29854	0
29855	0
29856	0
29857	0
29858	0
29859	0
29860	1
29861	0
29862	0
29923	0
29924	0
29925	0
29926	0
29927	1
29928	0
29941	0
29942	0
29943	0
29944	0
29945	0
29946	0
29947	0
29948	0
29949	0
29950	1
29951	0
29952	0
29995	1
29996	0
29997	1
29998	0
29999	0
30000	0
30013	1
30014	1
30015	0
30016	0
30017	2
30018	1
30019	0
30020	0
30021	1
30022	0
30023	0
30024	0
30091	0
30092	3
30093	2
30094	0
30095	1
30096	2
30139	0
30140	0
30141	0
30142	0
30143	1
30144	0
30145	0
30146	0
30147	0
30148	0
30149	0
30150	0
30163	0
30164	0
30165	0
30166	0
30167	0
30168	0
30211	0
30212	0
30213	0
30214	0
30215	0
30216	0
30229	0
30230	2
30231	0
30232	0
30233	0
30234	0
30313	0
30314	2
30315	0
30316	0
30318	0
30415	0
30416	4
30417	0
30418	0
30419	4
30420	0
30439	0
30440	0
30441	0
30442	0
30443	2
30444	0
30493	0
30495	2
30496	1
30497	0
30499	0
30501	0
30502	1
30503	0
30505	0
30506	0
30507	0
30508	0
30509	2
30510	0
30553	0
30554	0
30555	0
30556	0
30557	0
30558	0
30565	1
30566	0
30567	0
30568	0
30569	0
30570	0
30589	0
30590	1
30591	1
30592	0
30593	0
30594	0
30607	0
30608	0
30609	0
30610	0
30611	0
30612	0
30613	0
30614	0
30615	0
30616	3
30617	1
30618	0
30631	0
30632	0
30633	0
30634	0
30635	0
30636	2
30637	0
30638	0
30639	0
30640	0
30641	0
30642	0
30643	2
30644	0
30645	0
30646	0
30647	2
30648	3
30649	0
30650	0
30651	0
30652	0
30653	0
30654	0
30673	0
30674	0
30675	0
30676	0
30677	0
30678	0
30883	0
30884	0
30885	0
30886	0
30887	0
30888	0
30931	0
30932	0
30933	0
30934	0
30935	0
30936	0
30967	0
30968	1
30969	0
30970	0
30971	0
30972	0
31033	0
31034	0
31035	0
31036	0
31037	0
31038	0
31039	0
31040	0
31041	0
31042	0
31043	0
31044	0
31045	0
31046	0
31047	0
31048	0
31049	0
31050	0
31075	0
31076	0
31077	0
31078	0
31079	0
31080	0
31081	0
31082	0
31083	0
31084	0
31085	0
31086	0
31183	0
31184	0
31185	0
31186	0
31187	0
31189	0
31191	0
31192	0
31193	0
31195	0
31196	0
31197	0
31198	0
31199	0
31231	0
31232	0
31233	0
31234	0
31235	0
31236	0
31237	0
31238	0
31239	0
31240	0
31241	1
31242	0
31243	0
31244	0
31245	0
31246	0
31247	0
31248	0
31471	0
31472	0
31473	0
31474	0
31475	1
31476	0
31483	0
31484	0
31485	0
31486	0
31487	1
31488	0
31513	0
31514	0
31515	0
31516	0
31517	0
31518	0
31531	1
31532	0
31533	0
31534	0
31535	0
31536	0
31597	0
31598	0
31599	0
31600	0
31601	0
31602	0
31603	0
31604	0
31605	0
31606	1
31607	0
31608	1
31615	2
31616	0
31617	0
31618	0
31619	0
31620	0
31621	1
31622	0
31623	0
31624	0
31625	0
31626	0
31627	1
31628	0
31629	0
31630	0
31631	0
31632	0
31663	1
31664	0
31665	0
31666	0
31667	0
31668	0
31699	0
31700	1
31701	0
31702	0
31703	0
31704	0
31825	0
31826	0
31827	0
31828	0
31829	0
31830	0
31927	3
31928	0
31929	0
31930	0
31931	0
31932	0
31933	0
31934	0
31935	0
31936	0
31937	0
31938	0
31939	0
31940	0
31941	0
31942	0
31943	0
31944	0
32167	0
32168	0
32169	1
32170	0
32171	0
32172	0
32173	0
32174	0
32175	0
32176	0
32177	0
32178	0
32179	0
32180	0
32181	0
32182	0
32183	0
32184	0
32185	0
32186	0
32187	0
32188	2
32189	0
32190	0
32191	1
32192	1
32193	2
32194	2
32195	0
32196	1
32197	2
32198	0
32199	0
32200	0
32201	0
32202	1
32503	1
32504	0
32505	0
32506	0
32507	0
32508	0
32515	0
32516	0
32517	0
32518	0
32519	0
32520	0
32629	0
32630	0
32631	0
32632	0
32633	0
32634	0
32635	0
32636	0
32637	0
32638	0
32639	0
32640	0
32641	1
32642	0
32643	0
32644	0
32645	0
32646	0
32719	0
32720	0
32721	0
32722	0
32723	0
32724	1
32725	0
32726	0
32727	0
32728	0
32729	1
32730	0
32731	0
32732	0
32733	0
32734	0
32735	0
32736	0
32923	0
32924	0
32925	0
32926	0
32927	0
32928	0
32995	0
32996	0
32997	1
32998	0
32999	0
33000	0
33013	0
33014	0
33015	0
33016	0
33017	0
33018	0
33079	1
33080	0
33081	0
33082	0
33083	0
33084	0
33097	0
33098	1
33099	0
33100	0
33101	0
33102	0
33103	0
33104	0
33105	0
33106	0
33107	0
33108	0
33109	1
33110	0
33111	0
33112	0
33113	0
33114	0
33115	0
33116	0
33117	0
33118	0
33119	0
33120	0
33121	1
33122	5
33123	0
33124	0
33125	0
33126	0
33133	0
33134	0
33135	0
33136	0
33137	1
33138	4
33157	0
33158	0
33159	0
33160	0
33161	0
33162	1
33163	0
33164	0
33165	0
33166	0
33167	0
33168	0
33235	0
33236	0
33237	0
33238	3
33239	0
33240	0
33241	0
33242	0
33243	0
33244	0
33245	0
33246	0
33247	0
33248	0
33249	0
33250	1
33251	0
33252	0
33331	0
33332	2
33333	1
33334	1
33335	0
33336	0
33337	0
33338	0
33339	0
33340	0
33341	0
33342	1
33343	0
33344	0
33345	0
33346	0
33347	0
33348	0
33415	0
33416	0
33417	0
33418	0
33420	0
33469	0
33470	0
33471	0
33472	0
33473	1
33474	4
33475	1
33476	0
33477	0
33478	0
33479	0
33480	0
33481	0
33482	0
33483	0
33484	0
33485	0
33486	0
33487	0
33488	0
33489	0
33490	0
33491	0
33492	0
33565	0
33566	0
33567	1
33568	0
33569	0
33570	0
33571	0
33572	0
33573	0
33574	0
33575	0
33576	0
33577	0
33578	0
33579	0
33580	0
33581	0
33582	0
33583	0
33584	2
33585	0
33586	2
33587	0
33588	0
33679	0
33680	0
33681	0
33682	0
33683	0
33684	0
33685	0
33686	1
33687	0
33688	0
33689	0
33690	0
33895	1
33896	0
33897	0
33898	0
33899	0
33900	0
33901	1
33902	0
33903	1
33904	0
33905	0
33906	0
33907	0
33908	0
33909	0
33910	0
33911	0
33912	0
34033	0
34034	0
34035	0
34036	0
34037	0
34038	0
34057	0
34058	0
34059	0
34060	0
34061	0
34062	0
34063	0
34064	0
34065	0
34066	0
34067	1
34068	0
34069	0
34070	1
34071	1
34072	0
34073	1
34074	0
34075	0
34076	0
34077	0
34078	0
34079	0
34080	0
34093	0
34094	0
34095	0
34096	0
34097	2
34098	0
34189	1
34190	0
34191	0
34192	1
34193	0
34194	0
34207	1
34208	1
34209	1
34210	0
34211	0
34212	0
34237	0
34238	0
34239	0
34240	0
34241	0
34242	0
34243	1
34244	0
34245	0
34246	1
34247	0
34248	0
34321	0
34322	0
34323	2
34324	0
34325	0
34326	0
34327	0
34328	0
34329	0
34330	0
34331	0
34332	0
34411	0
34412	0
34413	0
34414	0
34415	0
34416	0
34423	0
34424	0
34425	0
34426	0
34427	0
34428	2
34447	0
34448	0
34449	0
34450	0
34451	0
34452	0
34459	0
34460	0
34461	0
34462	0
34463	0
34464	1
34465	0
34466	0
34467	0
34468	0
34469	0
34470	4
34471	0
34472	0
34473	0
34474	0
34475	0
34476	2
34477	0
34478	1
34479	0
34480	0
34481	2
34482	0
34489	1
34490	0
34491	0
34492	0
34493	0
34494	0
34513	1
34514	0
34515	0
34516	0
34517	0
34518	0
34519	1
34520	0
34521	0
34522	0
34523	0
34524	0
34531	0
34532	1
34533	0
34534	0
34535	0
34536	0
34591	0
34592	0
34593	0
34594	0
34595	0
34596	0
34597	0
34598	0
34599	0
34600	0
34601	0
34602	0
34621	0
34622	0
34623	0
34624	0
34625	0
34626	0
34687	0
34688	1
34689	0
34690	0
34691	0
34692	0
34765	0
34766	0
34767	0
34768	0
34769	0
34770	0
34849	0
34850	0
34851	0
34852	0
34853	0
34854	0
35041	0
35042	0
35043	0
35044	0
35045	0
35046	1
35053	1
35054	0
35055	0
35056	0
35057	0
35058	0
35113	1
35114	0
35115	0
35116	1
35117	0
35118	0
35143	0
35144	0
35145	0
35146	0
35147	0
35148	0
35299	0
35300	0
35301	0
35302	0
35303	0
35304	0
35329	0
35330	1
35331	0
35332	6
35333	0
35334	0
35539	0
35540	0
35541	0
35542	0
35543	0
35544	0
35629	0
35630	0
35631	0
35632	1
35633	2
35634	0
35641	0
35642	0
35643	0
35644	1
35645	0
35646	0
35773	0
35774	0
35775	0
35776	1
35777	0
35778	1
35791	0
35792	0
35793	0
35794	0
35795	0
35796	1
36067	0
36068	0
36069	0
36070	0
36071	1
36072	0
36319	0
36320	0
36321	0
36322	0
36323	0
36324	0
36325	0
36326	0
36327	0
36328	0
36329	0
36330	0
36331	0
36332	0
36333	0
36334	1
36335	0
36336	0
36451	1
36452	0
36453	0
36454	0
36455	0
36456	0
36457	1
36458	0
36459	0
36460	0
36461	0
36462	0
36463	0
36464	0
36465	0
36466	0
36467	0
36468	0
36469	0
36470	0
36471	0
36472	0
36473	0
36474	0
36481	1
36482	0
36483	1
36484	0
36485	0
36486	0
36487	1
36488	0
36489	1
36490	0
36491	0
36492	0
36499	0
36500	0
36501	1
36502	0
36503	0
36504	0
36505	0
36506	0
36507	1
36508	0
36509	0
36510	0
36511	0
36512	0
36513	0
36514	0
36515	0
36516	0
36517	0
36518	0
36519	0
36520	0
36521	0
36522	0
36529	0
36530	0
36531	1
36532	0
36533	0
36534	1
36535	0
36536	0
36537	1
36538	0
36539	0
36540	1
36559	0
36560	1
36561	0
36562	0
36563	0
36564	0
36565	0
36566	0
36567	0
36568	0
36569	0
36570	0
36571	0
36572	0
36573	0
36574	0
36575	0
36576	0
36577	0
36578	0
36579	1
36580	0
36581	2
36582	0
36583	0
36584	2
36585	0
36586	0
36587	0
36588	0
36775	0
36776	1
36777	0
36778	0
36779	0
36780	0
36787	0
36788	1
36789	0
36790	0
36791	0
36792	0
36799	0
36800	0
36801	0
36802	0
36803	0
36804	0
36823	0
36824	0
36825	0
36826	0
36827	0
36828	0
36925	0
36926	0
36927	0
36928	0
36929	1
36930	0
36931	0
36932	0
36933	1
36934	0
36935	0
36936	0
36937	0
36938	0
36939	0
36940	0
36941	0
36942	0
37075	0
37076	0
37077	0
37078	0
37079	0
37080	0
37081	0
37082	0
37083	0
37084	0
37085	0
37086	0
37087	0
37088	0
37089	0
37090	0
37091	1
37092	0
37285	0
37286	2
37287	0
37288	2
37289	0
37290	0
37291	0
37292	0
37293	0
37294	0
37295	0
37296	0
37297	0
37298	1
37299	0
37300	0
37301	0
37302	0
37339	0
37340	0
37341	2
37342	0
37343	0
37344	0
37393	0
37394	0
37395	2
37396	0
37397	0
37399	0
37400	0
37401	0
37402	0
37403	1
37405	0
37406	0
37407	0
37408	0
37409	3
37465	0
37466	0
37467	0
37468	0
37469	0
37470	1
37507	1
37508	0
37509	0
37510	0
37511	0
37512	0
37513	1
37514	0
37515	0
37516	0
37517	0
37518	0
37537	0
37538	0
37539	0
37540	0
37541	0
37542	0
37543	0
37544	0
37545	0
37546	0
37547	0
37548	0
37549	0
37550	0
37551	0
37552	0
37553	0
37554	0
37603	0
37604	0
37605	0
37606	1
37607	0
37608	4
37609	0
37610	0
37611	0
37612	0
37613	0
37614	1
37615	0
37616	0
37617	0
37618	1
37619	0
37620	2
37657	0
37658	0
37659	0
37660	0
37661	0
37662	0
37735	0
37736	0
37737	0
37738	0
37739	0
37740	0
37741	0
37742	0
37743	0
37744	0
37745	0
37746	0
37753	0
37754	0
37755	0
37756	0
37757	1
37758	0
37789	0
37790	0
37791	0
37792	0
37793	0
37794	0
37801	0
37802	0
37803	1
37804	1
37805	0
37806	0
37807	0
37808	1
37809	0
37810	1
37811	0
37812	0
37813	0
37814	0
37815	0
37816	0
37817	1
37818	1
37819	0
37820	0
37821	0
37822	0
37823	0
37824	2
37843	1
37844	0
37845	3
37846	1
37847	2
37848	0
37861	0
37862	1
37863	0
37864	0
37865	0
37866	0
37879	1
37880	0
37881	0
37882	0
37883	0
37884	0
37921	0
37922	0
37923	0
37924	0
37925	0
37926	0
37963	0
37964	0
37965	1
37966	0
37967	0
37968	0
37987	0
37988	0
37989	0
37990	0
37991	0
37992	0
37993	0
37994	0
37995	0
37996	0
37997	1
37998	0
38005	0
38006	0
38007	0
38008	0
38009	0
38010	0
38029	0
38030	0
38031	4
38032	2
38033	2
38034	4
38065	0
38066	0
38067	0
38068	0
38069	2
38070	0
38125	0
38126	1
38128	0
38129	0
38130	1
38221	0
38222	0
38223	0
38224	0
38225	0
38226	0
38233	0
38234	0
38235	0
38236	1
38237	0
38238	0
38239	0
38240	0
38242	0
38243	2
38244	2
38245	0
38246	0
38247	0
38248	1
38249	0
38250	0
38263	0
38264	0
38265	0
38266	0
38267	0
38268	0
38269	0
38270	0
38271	0
38272	0
38273	0
38274	0
38275	0
38276	0
38277	0
38278	0
38279	0
38280	0
38299	0
38300	0
38301	0
38302	0
38303	0
38304	0
38305	0
38306	0
38307	0
38308	0
38309	0
38310	0
38311	0
38312	0
38313	0
38314	0
38315	0
38316	0
38329	0
38330	0
38331	0
38332	0
38333	0
38334	0
38335	0
38336	0
38337	2
38338	0
38339	0
38340	0
38341	0
38342	0
38343	0
38344	0
38345	0
38346	0
38347	0
38348	0
38349	0
38350	1
38351	0
38352	1
38371	0
38372	0
38373	0
38374	0
38375	0
38376	0
38377	1
38378	0
38379	0
38380	0
38381	0
38382	0
38383	1
38384	0
38385	1
38386	0
38387	0
38388	0
38407	0
38408	0
38409	0
38410	0
38411	0
38412	1
38431	0
38432	0
38433	1
38434	0
38435	0
38436	0
38437	0
38438	0
38439	0
38440	0
38441	0
38442	0
38449	0
38450	0
38451	0
38452	0
38453	0
38454	0
38467	0
38468	0
38469	0
38470	0
38471	0
38472	0
38563	0
38564	0
38565	0
38566	1
38567	0
38568	0
38569	0
38570	0
38571	0
38572	2
38573	0
38574	0
38635	0
38636	0
38637	0
38638	0
38639	0
38640	0
38653	0
38654	0
38655	0
38656	0
38657	0
38658	0
38659	0
38660	0
38661	0
38662	0
38663	0
38664	0
38665	0
38666	0
38667	0
38668	0
38669	0
38670	0
38671	0
38672	0
38673	0
38674	0
38675	0
38676	0
38677	0
38678	0
38679	0
38680	0
38681	0
38682	0
38689	0
38690	0
38691	0
38692	0
38693	1
38694	0
38743	0
38744	0
38745	0
38746	0
38747	1
38748	0
38773	0
38774	0
38775	0
38776	1
38777	0
38778	0
38791	1
38792	0
38793	0
38794	0
38795	0
38796	0
38899	0
38900	1
38901	0
38902	0
38903	0
38904	1
38905	0
38906	0
38907	0
38908	0
38909	0
38910	0
38917	0
38918	0
38919	0
38920	0
38921	0
38922	0
38923	0
38924	0
38925	0
38926	0
38927	0
38928	0
38929	2
38930	0
38931	0
38932	0
38933	0
38934	2
38935	2
38936	0
38937	0
38938	0
38939	0
38940	2
38941	0
38942	0
38943	0
38944	0
38945	0
38946	0
38947	0
38948	0
38949	0
38950	0
38951	0
38952	0
38953	2
38954	0
38955	0
38956	2
38957	0
38958	1
38959	2
38960	0
38961	0
38962	2
38963	0
38964	1
38989	0
38990	0
38991	0
38992	0
38993	0
38994	0
39019	0
39020	0
39021	0
39022	0
39023	0
39024	0
39079	0
39080	0
39081	0
39082	0
39083	0
39084	0
39121	1
39122	0
39123	0
39124	0
39125	0
39126	0
39193	0
39194	0
39195	0
39196	0
39197	0
39198	0
39199	0
39200	0
39201	0
39202	0
39203	0
39204	0
39205	0
39206	0
39207	2
39208	0
39209	0
39210	0
39235	0
39236	0
39237	0
39238	0
39239	0
39240	0
39241	0
39242	0
39243	0
39244	0
39245	0
39246	0
39247	0
39248	1
39249	0
39250	0
39251	0
39252	0
39259	1
39260	0
39261	0
39262	0
39263	0
39264	0
39277	0
39278	0
39279	0
39280	0
39281	0
39282	0
39289	6
39290	0
39291	0
39292	0
39293	0
39294	0
39295	2
39296	0
39297	0
39298	0
39299	0
39300	0
39301	0
39302	0
39303	0
39304	0
39305	0
39306	0
39361	0
39362	0
39363	0
39364	0
39365	0
39366	1
39397	0
39398	0
39399	0
39400	0
39401	0
39402	0
39409	0
39410	0
39411	0
39412	0
39413	1
39414	0
39445	0
39446	0
39447	0
39448	0
39449	1
39450	0
39451	0
39452	0
39453	0
39454	0
39455	0
39456	0
39457	0
39458	0
39459	0
39460	0
39461	0
39462	0
39487	0
39488	0
39489	1
39490	0
39491	1
39492	0
39643	0
39644	0
39645	0
39646	1
39647	0
39648	0
39661	0
39662	0
39663	0
39664	0
39665	0
39666	0
39679	0
39680	0
39681	0
39682	0
39683	0
39684	0
39703	0
39704	0
39705	0
39706	0
39707	0
39708	0
39709	0
39710	0
39711	0
39712	0
39713	0
39714	0
39715	0
39716	0
39717	0
39718	0
39719	1
39720	0
39727	0
39728	0
39729	0
39730	0
39731	0
39732	0
39739	0
39740	0
39741	0
39742	0
39743	0
39744	0
39793	0
39794	0
39796	0
39797	2
39799	0
39800	0
39801	0
39802	0
39803	0
39805	0
39806	0
39807	0
39808	0
39809	0
39943	0
39944	0
39945	0
39946	1
39947	0
39948	0
39955	0
39956	0
39957	0
39958	0
39959	0
39960	0
39967	0
39968	0
39969	0
39970	0
39971	0
39972	0
40027	0
40028	0
40029	0
40030	0
40031	0
40032	0
40033	0
40034	0
40035	0
40036	0
40037	0
40038	0
40081	0
40082	0
40083	0
40084	0
40085	0
40086	0
40087	0
40088	0
40089	0
40090	0
40091	0
40092	1
40093	0
40094	0
40095	0
40096	0
40097	1
40098	0
40117	0
40118	0
40119	0
40120	0
40121	1
40122	1
40123	0
40124	0
40125	2
40126	0
40127	0
40128	0
40129	0
40130	0
40131	0
40132	0
40133	0
40134	1
40135	0
40136	0
40137	0
40138	0
40139	0
40140	0
40219	0
40220	0
40221	0
40222	0
40223	1
40224	0
40225	0
40226	0
40227	0
40228	0
40229	0
40230	1
40231	0
40232	0
40233	0
40234	0
40235	0
40236	0
40237	0
40238	0
40239	0
40240	0
40241	1
40242	0
40243	0
40244	0
40245	0
40246	0
40247	0
40248	0
40249	0
40250	0
40251	0
40252	0
40253	1
40254	0
40255	0
40256	0
40257	0
40258	0
40259	0
40260	0
40261	0
40262	2
40263	0
40264	0
40265	0
40266	0
40267	0
40268	0
40269	0
40270	0
40271	0
40272	0
40327	0
40328	0
40329	0
40330	0
40331	0
40332	0
40333	0
40334	0
40335	0
40336	0
40337	0
40338	0
40339	0
40340	0
40341	0
40342	0
40343	0
40344	1
40411	1
40412	0
40413	0
40414	0
40415	0
40416	0
40417	1
40418	0
40419	0
40420	0
40421	0
40422	0
40423	2
40424	0
40425	0
40426	0
40427	0
40428	0
40429	1
40430	0
40431	0
40432	0
40433	0
40434	0
40435	0
40436	0
40437	0
40438	0
40439	0
40440	0
40441	0
40442	0
40443	0
40444	0
40445	0
40446	0
40465	0
40466	0
40467	0
40468	0
40469	0
40470	0
40471	0
40472	0
40473	0
40474	0
40475	0
40476	0
40477	0
40478	0
40479	0
40480	0
40481	0
40482	0
40483	0
40484	0
40485	0
40486	0
40487	0
40488	0
40489	0
40490	0
40491	0
40492	0
40493	0
40494	1
40495	0
40496	0
40497	0
40498	0
40499	0
40500	1
40699	0
40700	4
40701	0
40702	0
40703	0
40704	0
40705	0
40706	0
40707	0
40708	0
40709	0
40710	0
40711	0
40712	0
40713	0
40714	0
40715	0
40716	0
40723	0
40724	0
40725	0
40726	0
40727	0
40728	0
40729	0
40730	0
40731	0
40732	0
40733	0
40734	0
40735	0
40736	0
40737	0
40738	0
40739	0
40740	0
40813	2
40814	0
40815	0
40816	0
40817	0
40818	0
40819	2
40820	0
40821	0
40822	0
40823	0
40824	0
41005	1
41006	1
41007	0
41008	0
41009	0
41010	0
41011	0
41012	0
41013	0
41014	0
41015	0
41016	0
41017	0
41018	0
41019	0
41020	0
41021	0
41022	0
41059	0
41060	1
41061	0
41062	0
41063	0
41064	0
41089	0
41090	0
41091	0
41092	0
41093	0
41094	0
41125	0
41126	2
41127	0
41128	0
41129	0
41130	0
41131	0
41132	0
41133	0
41134	0
41135	0
41136	0
41209	0
41210	0
41211	0
41212	2
41213	0
41214	2
41233	0
41234	0
41235	1
41236	0
41237	0
41238	0
41395	2
41396	2
41397	1
41398	1
41399	1
41400	0
41401	3
41402	0
41403	0
41404	0
41405	1
41406	0
41425	0
41426	0
41427	0
41428	0
41429	0
41430	0
41473	0
41474	1
41475	0
41476	0
41477	0
41478	0
41503	1
41504	0
41505	1
41506	0
41507	0
41508	0
41515	0
41516	0
41517	0
41518	0
41519	0
41520	1
41617	1
41618	4
41619	1
41620	2
41621	0
41622	0
41629	0
41630	0
41631	0
41632	1
41633	1
41634	0
41647	0
41648	1
41649	0
41650	0
41651	0
41652	0
41695	0
41696	0
41697	0
41698	0
41699	0
41700	0
41701	0
41702	0
41703	0
41704	0
41705	0
41706	0
41725	0
41726	0
41727	0
41728	0
41729	0
41730	0
41731	0
41732	0
41733	0
41734	0
41735	0
41736	0
41761	0
41762	0
41763	0
41764	0
41765	0
41766	0
41767	1
41768	1
41769	0
41770	0
41771	0
41772	1
41839	0
41840	0
41841	0
41842	0
41843	0
41844	1
41851	0
41852	0
41853	0
41854	0
41855	0
41856	0
41857	2
41858	0
41859	2
41860	2
41861	0
41862	0
41863	2
41864	0
41865	2
41866	2
41867	0
41868	0
41869	0
41870	0
41871	0
41872	0
41873	0
41874	0
41875	0
41876	0
41877	0
41878	0
41879	0
41880	0
41959	0
41960	0
41961	0
41962	1
41963	0
41964	0
41965	0
41966	0
41967	0
41968	1
41969	0
41970	0
41971	0
41972	0
41973	0
41974	0
41975	0
41976	0
42037	0
42038	0
42039	0
42040	0
42041	0
42042	0
42043	1
42044	1
42045	1
42046	0
42047	1
42048	0
42049	0
42050	0
42051	0
42052	1
42053	0
42054	0
42085	0
42086	0
42087	1
42088	0
42089	1
42090	0
42091	0
42092	0
42093	0
42094	2
42095	0
42096	0
42121	0
42122	0
42123	1
42124	0
42125	0
42126	0
42127	0
42128	0
42129	0
42130	0
42131	0
42132	1
42193	0
42194	0
42195	0
42196	0
42197	1
42198	0
42199	0
42200	0
42201	0
42202	0
42203	0
42204	0
42205	0
42206	0
42207	0
42208	0
42209	3
42210	0
42211	0
42212	1
42213	2
42214	1
42215	0
42216	1
42241	0
42242	0
42243	0
42244	0
42245	0
42246	0
42253	0
42254	0
42255	0
42256	0
42257	0
42258	0
42259	0
42260	0
42261	2
42262	0
42263	0
42264	1
42283	0
42284	0
42285	2
42286	0
42287	2
42288	0
42301	0
42302	0
42303	0
42304	0
42305	1
42306	0
42385	0
42386	0
42387	0
42388	0
42389	0
42390	0
42415	0
42416	0
42417	2
42418	0
42419	2
42420	0
42493	0
42494	0
42495	1
42496	0
42497	0
42498	0
42499	0
42500	0
42501	0
42502	0
42503	0
42504	0
42529	4
42531	0
42532	0
42533	0
42534	0
42541	1
42543	1
42544	0
42545	0
42546	0
42547	3
42549	2
42550	0
42551	0
42552	0
42679	0
42680	0
42681	0
42682	1
42683	0
42684	0
42685	0
42686	0
42687	0
42688	1
42689	0
42690	0
42721	0
42722	1
42723	0
42724	0
42725	0
42726	0
42727	0
42728	1
42729	0
42730	0
42731	0
42732	0
42733	0
42734	0
42735	1
42736	1
42737	0
42738	1
42751	0
42752	1
42753	0
42754	0
42755	0
42756	0
42781	0
42782	0
42783	0
42784	0
42785	0
42786	0
42787	0
42788	0
42789	0
42790	0
42791	0
42792	0
42871	0
42872	0
42873	0
42874	0
42875	0
42876	0
42877	0
42878	1
42879	1
42880	0
42881	0
42882	0
42883	0
42885	1
42886	0
42887	0
42888	0
42889	0
42891	0
42892	0
42893	0
42894	0
42901	0
42902	1
42903	2
42904	0
42905	1
42906	0
42925	0
42926	1
42927	0
42928	2
42929	0
42930	1
42979	0
42980	0
42981	0
42982	1
42983	0
42984	1
42985	0
42986	0
42987	0
42988	1
42989	0
42990	0
42997	1
42998	0
42999	2
43000	0
43001	1
43002	0
43003	1
43004	0
43005	1
43006	0
43007	0
43008	0
43009	3
43010	0
43011	0
43012	0
43013	0
43014	0
43075	0
43076	0
43077	0
43078	1
43079	0
43080	0
43081	0
43082	0
43083	0
43084	2
43085	0
43086	0
43087	0
43088	0
43089	0
43090	0
43091	0
43092	0
43093	0
43094	3
43095	0
43096	0
43097	0
43098	0
43099	0
43100	1
43101	0
43102	0
43103	0
43104	0
43153	0
43154	0
43155	0
43156	0
43157	0
43158	0
43159	0
43160	1
43161	0
43162	0
43163	0
43164	0
43165	0
43166	0
43167	0
43168	0
43169	0
43170	0
43172	0
43173	2
43174	0
43175	0
43176	0
43178	0
43179	2
43180	0
43181	0
43182	0
43183	0
43184	1
43185	1
43186	0
43187	0
43188	0
43189	0
43190	1
43191	1
43192	0
43193	0
43194	0
43195	0
43196	0
43197	0
43198	0
43199	0
43200	0
43201	0
43202	0
43203	0
43204	0
43205	0
43206	0
43207	0
43208	0
43209	0
43210	0
43211	2
43212	0
43213	0
43214	0
43215	0
43216	0
43217	2
43218	0
43219	0
43220	0
43221	2
43222	0
43223	1
43224	0
43225	0
43226	0
43227	2
43228	0
43229	1
43230	0
43231	0
43232	0
43233	0
43234	0
43235	0
43236	0
43237	1
43238	1
43239	0
43240	0
43241	2
43242	0
43333	0
43334	0
43335	0
43336	0
43337	0
43338	0
43339	0
43340	0
43341	0
43342	0
43343	0
43344	0
43345	0
43346	0
43347	0
43348	0
43349	0
43350	1
43351	0
43353	0
43355	0
43356	0
43405	0
43406	0
43407	0
43408	0
43409	1
43410	0
43411	0
43412	0
43413	0
43414	0
43415	0
43416	0
43417	0
43418	0
43419	0
43420	0
43421	0
43422	0
43453	0
43454	0
43455	0
43456	0
43457	0
43458	0
43459	0
43460	0
43461	0
43462	0
43463	0
43464	0
43489	0
43490	0
43491	0
43492	0
43493	0
43494	0
43495	0
43496	0
43497	0
43498	0
43499	0
43500	0
43501	0
43502	0
43503	0
43504	0
43505	0
43506	0
43507	0
43508	0
43509	0
43510	0
43511	0
43512	0
43513	0
43514	0
43515	0
43516	0
43517	0
43518	1
43519	0
43520	0
43521	0
43522	0
43523	0
43524	0
43621	0
43622	0
43623	0
43624	0
43625	0
43626	0
43729	0
43730	0
43731	0
43732	0
43733	0
43734	0
43735	0
43736	0
43737	0
43738	0
43739	0
43740	0
43747	0
43748	0
43749	0
43750	0
43751	0
43752	2
43753	0
43754	0
43755	0
43756	0
43757	0
43758	0
43759	0
43760	0
43761	0
43762	2
43763	0
43764	1
43771	0
43772	0
43773	0
43774	0
43775	0
43776	0
43777	0
43778	0
43779	1
43780	0
43781	0
43782	0
43783	0
43784	0
43785	1
43786	0
43787	0
43788	0
43843	0
43844	0
43845	0
43846	0
43847	0
43848	0
43855	0
43856	0
43857	0
43858	0
43859	0
43860	0
43861	0
43862	0
43863	0
43864	0
43865	0
43866	0
43867	0
43868	0
43869	0
43870	0
43871	0
43872	0
43897	0
43898	0
43899	0
43900	1
43901	0
43902	0
43903	0
43904	0
43905	0
43906	1
43907	0
43908	0
43909	0
43910	0
43911	0
43912	0
43913	0
43914	0
44077	1
44078	0
44079	0
44080	0
44081	0
44082	0
44083	0
44084	0
44085	0
44086	0
44087	0
44088	0
44101	0
44102	0
44103	0
44104	0
44105	0
44106	0
44107	0
44108	0
44109	0
44110	0
44111	0
44112	0
44167	1
44168	0
44169	0
44170	0
44171	0
44172	0
44173	0
44174	1
44175	0
44176	0
44177	0
44178	0
44191	0
44192	0
44193	0
44194	0
44195	0
44196	0
44197	0
44198	0
44199	1
44200	0
44201	0
44202	0
44203	0
44204	0
44205	0
44206	0
44207	0
44208	0
