ObservationID	SubLocationID	Count
146063	9938	0
146063	9939	0
146063	9940	0
146063	9941	0
146063	9942	0
146063	9943	0
146083	9938	0
146083	9939	0
146083	9940	0
146083	9941	0
146083	9942	0
146083	9943	0
146115	9142	0
146115	9143	0
146115	9144	0
146115	9145	0
146115	9146	6
146115	9147	0
146117	9142	0
146117	9143	0
146117	9144	0
146117	9145	0
146117	9146	0
146117	9147	0
146119	9142	0
146119	9143	0
146119	9144	0
146119	9145	0
146119	9146	0
146119	9147	0
146203	9938	0
146203	9939	0
146203	9940	0
146203	9941	0
146203	9942	0
146203	9943	0
146218	9938	0
146218	9939	0
146218	9940	0
146218	9941	1
146218	9942	0
146218	9943	0
146294	8958	0
146294	8959	0
146294	8960	0
146294	8961	0
146294	8962	0
146294	8963	0
146295	8958	0
146295	8959	0
146295	8960	0
146295	8961	0
146295	8962	0
146295	8963	0
146296	8958	0
146296	8959	0
146296	8960	0
146296	8961	0
146296	8962	0
146296	8963	0
146303	9106	1
146303	9107	0
146303	9108	0
146303	9109	0
146303	9110	2
146303	9111	0
146304	9106	0
146304	9107	0
146304	9108	0
146304	9109	0
146304	9110	0
146304	9111	0
146305	9106	1
146305	9107	0
146305	9108	0
146305	9109	0
146305	9110	0
146305	9111	1
146319	9048	0
146319	9049	0
146319	9050	0
146319	9051	0
146319	9052	0
146319	9053	0
146322	9048	0
146322	9049	0
146322	9050	0
146322	9051	0
146322	9052	0
146322	9053	0
146327	9048	0
146327	9049	0
146327	9050	0
146327	9051	0
146327	9052	0
146327	9053	0
147066	11018	0
147066	11019	0
147066	11020	2
147066	11021	2
147066	11022	0
147066	11023	1
147123	10761	0
147123	10762	0
147123	10763	0
147123	10764	0
147123	10765	0
147123	10766	0
147124	10761	0
147124	10762	0
147124	10763	2
147124	10764	0
147124	10765	0
147124	10766	0
147366	11018	0
147366	11019	0
147366	11020	0
147366	11021	0
147366	11022	0
147366	11023	0
147367	11018	0
147367	11019	0
147367	11020	0
147367	11021	0
147367	11022	0
147367	11023	0
147518	10761	0
147518	10762	0
147518	10763	0
147518	10764	0
147518	10765	0
147518	10766	0
148337	11502	0
148337	11503	0
148337	11504	0
148337	11505	0
148337	11506	0
148337	11507	0
148338	11502	0
148338	11503	0
148338	11504	0
148338	11505	0
148338	11506	0
148338	11507	0
148339	11502	0
148339	11503	0
148339	11504	0
148339	11505	0
148339	11506	0
148339	11507	0
148433	11502	0
148433	11503	0
148433	11504	4
148433	11505	0
148433	11506	0
148433	11507	0
148501	11496	3
148501	11497	0
148501	11498	0
148501	11499	0
148501	11500	0
148501	11501	0
148519	11490	0
148519	11491	0
148519	11492	2
148519	11493	1
148519	11494	0
148519	11495	0
148532	11490	0
148532	11491	0
148532	11492	0
148532	11493	0
148532	11494	0
148532	11495	0
148533	11490	0
148533	11491	0
148533	11492	0
148533	11493	0
148533	11494	0
148533	11495	1
148569	11496	0
148569	11497	0
148569	11498	0
148569	11499	0
148569	11500	0
148569	11501	0
148575	11496	0
148575	11497	0
148575	11498	0
148575	11499	0
148575	11500	0
148575	11501	0
148643	11496	3
148643	11497	0
148643	11498	0
148643	11499	0
148643	11500	0
148643	11501	0
148644	11496	0
148644	11497	0
148644	11498	0
148644	11499	0
148644	11500	0
148644	11501	0
148645	11496	0
148645	11497	0
148645	11498	0
148645	11499	0
148645	11500	0
148645	11501	0
151733	8994	0
151733	8995	0
151733	8996	0
151733	8997	0
151733	8998	0
151733	8999	0
151734	8994	0
151734	8995	0
151734	8996	0
151734	8997	0
151734	8998	0
151734	8999	0
151735	8994	0
151735	8995	0
151735	8996	0
151735	8997	1
151735	8998	0
151735	8999	0
151841	8994	0
151841	8995	0
151841	8996	0
151841	8997	0
151841	8998	0
151841	8999	0
151842	8994	0
151842	8995	0
151842	8996	0
151842	8997	0
151842	8998	0
151842	8999	0
152583	8994	0
152583	8995	0
152583	8996	0
152583	8997	1
152583	8998	0
152583	8999	0
152589	10761	0
152589	10762	0
152589	10763	0
152589	10764	0
152589	10765	0
152589	10766	0
152590	10761	0
152590	10762	0
152590	10763	2
152590	10764	0
152590	10765	0
152590	10766	0
152591	10761	0
152591	10762	0
152591	10763	0
152591	10764	0
152591	10765	0
152591	10766	0
153048	11502	0
153048	11503	0
153048	11504	0
153048	11505	0
153048	11506	0
153048	11507	0
153049	11502	0
153049	11503	0
153049	11504	0
153049	11505	0
153049	11506	0
153049	11507	0
153050	11502	0
153050	11503	0
153050	11504	0
153050	11505	0
153050	11506	0
153050	11507	0
153136	11018	0
153136	11019	0
153136	11020	2
153136	11021	2
153136	11022	0
153136	11023	1
153137	11018	0
153137	11019	0
153137	11020	0
153137	11021	0
153137	11022	0
153137	11023	0
153138	11018	0
153138	11019	0
153138	11020	0
153138	11021	0
153138	11022	0
153138	11023	0
153389	11490	0
153389	11491	0
153389	11492	2
153389	11493	1
153389	11494	0
153389	11495	0
153390	11490	0
153390	11491	0
153390	11492	0
153390	11493	0
153390	11494	0
153390	11495	0
153391	11490	0
153391	11491	0
153391	11492	0
153391	11493	0
153391	11494	0
153391	11495	1
155082	9938	0
155082	9939	0
155082	9940	0
155082	9941	0
155082	9942	0
155082	9943	0
155112	9106	1
155112	9107	0
155112	9108	0
155112	9109	0
155112	9110	0
155112	9111	0
155121	8994	0
155121	8995	0
155121	8996	0
155121	8997	0
155121	8998	0
155121	8999	1
155221	9106	0
155221	9107	0
155221	9108	0
155221	9109	0
155221	9110	0
155221	9111	0
155266	9938	0
155266	9939	0
155266	9940	0
155266	9941	0
155266	9942	0
155266	9943	0
155620	9048	0
155620	9049	0
155620	9050	2
155620	9051	0
155620	9052	0
155620	9053	0
155621	9048	0
155621	9049	0
155621	9050	0
155621	9051	0
155621	9052	0
155621	9053	0
155622	9048	0
155622	9049	0
155622	9050	0
155622	9051	0
155622	9052	0
155622	9053	0
155664	9938	0
155664	9939	0
155664	9940	0
155664	9941	0
155664	9942	0
155664	9943	0
155784	9106	0
155784	9107	0
155784	9108	0
155784	9109	0
155784	9110	0
155784	9111	0
156348	9106	1
156348	9107	0
156348	9108	0
156348	9109	0
156348	9110	0
156348	9111	0
156349	9106	0
156349	9107	0
156349	9108	0
156349	9109	0
156349	9110	0
156349	9111	0
156350	9106	0
156350	9107	0
156350	9108	0
156350	9109	0
156350	9110	0
156350	9111	0
156542	9048	0
156542	9049	0
156542	9050	0
156542	9051	0
156542	9052	0
156542	9053	0
156543	9048	0
156543	9049	0
156543	9050	0
156543	9051	0
156543	9052	0
156543	9053	0
156544	9048	0
156544	9049	0
156544	9050	0
156544	9051	0
156544	9052	0
156544	9053	0
156636	9938	0
156636	9939	0
156636	9940	0
156636	9941	0
156636	9942	0
156636	9943	0
156637	9938	0
156637	9939	0
156637	9940	0
156637	9941	0
156637	9942	0
156637	9943	0
156638	9938	0
156638	9939	0
156638	9940	0
156638	9941	0
156638	9942	0
156638	9943	0
156830	8958	0
156830	8959	0
156830	8960	0
156830	8961	0
156830	8962	0
156830	8963	12
156831	8958	0
156831	8959	0
156831	8960	0
156831	8961	0
156831	8962	0
156831	8963	0
156930	8994	0
156930	8995	0
156930	8996	0
156930	8997	0
156930	8998	0
156930	8999	0
157325	10761	0
157325	10762	0
157325	10763	4
157325	10764	1
157325	10765	0
157325	10766	0
157326	11018	0
157326	11019	0
157326	11020	2
157326	11021	0
157326	11022	0
157326	11023	0
157363	11496	0
157363	11497	0
157363	11498	0
157363	11499	0
157363	11500	0
157363	11501	0
157423	11018	0
157423	11019	0
157423	11020	2
157423	11021	0
157423	11022	0
157423	11023	0
157424	10761	0
157424	10762	0
157424	10763	0
157424	10764	0
157424	10765	0
157424	10766	0
157445	11496	0
157445	11497	0
157445	11498	0
157445	11499	0
157445	11500	0
157445	11501	0
157581	10761	0
157581	10762	0
157581	10763	1
157581	10764	0
157581	10765	0
157581	10766	0
157610	11496	0
157610	11497	0
157610	11498	0
157610	11499	0
157610	11500	0
157610	11501	0
157611	11018	0
157611	11019	0
157611	11020	0
157611	11021	0
157611	11022	0
157611	11023	0
158517	11502	0
158517	11503	0
158517	11504	0
158517	11505	0
158517	11506	0
158517	11507	2
158518	11502	0
158518	11503	0
158518	11504	0
158518	11505	0
158518	11506	0
158518	11507	0
158519	11502	0
158519	11503	0
158519	11504	0
158519	11505	0
158519	11506	0
158519	11507	0
158649	11490	0
158649	11491	0
158649	11492	0
158649	11493	1
158649	11494	1
158649	11495	0
158921	11490	0
158921	11491	0
158921	11492	0
158921	11493	0
158921	11494	0
158921	11495	0
158962	11490	0
158962	11491	0
158962	11492	0
158962	11493	0
158962	11494	0
158962	11495	0
159006	8958	0
159006	8959	0
159006	8960	0
159006	8961	0
159006	8962	0
159006	8963	12
159007	8958	0
159007	8959	0
159007	8960	0
159007	8961	0
159007	8962	0
159007	8963	0
159884	11490	0
159884	11491	0
159884	11492	0
159884	11493	1
159884	11494	1
159884	11495	0
159885	11490	0
159885	11491	0
159885	11492	0
159885	11493	0
159885	11494	0
159885	11495	0
159886	11490	0
159886	11491	0
159886	11492	0
159886	11493	0
159886	11494	0
159886	11495	0
160156	8994	0
160156	8995	0
160156	8996	0
160156	8997	0
160156	8998	0
160156	8999	0
160163	9938	0
160163	9939	0
160163	9940	0
160163	9941	0
160163	9942	0
160163	9943	0
160165	9938	0
160165	9939	0
160165	9940	0
160165	9941	0
160165	9942	1
160165	9943	0
160172	9048	0
160172	9049	0
160172	9050	0
160172	9051	0
160172	9052	6
160172	9053	0
160201	9142	0
160201	9143	0
160201	9144	0
160201	9145	0
160201	9146	0
160201	9147	0
160212	8994	0
160212	8995	0
160212	8996	0
160212	8997	0
160212	8998	0
160212	8999	0
160289	9938	0
160289	9939	0
160289	9940	0
160289	9941	0
160289	9942	0
160289	9943	0
160294	9048	0
160294	9049	0
160294	9050	0
160294	9051	0
160294	9052	0
160294	9053	0
160351	9938	0
160351	9939	0
160351	9940	0
160351	9941	0
160351	9942	0
160351	9943	0
160354	8994	0
160354	8995	0
160354	8996	0
160354	8997	0
160354	8998	0
160354	8999	0
160381	9142	0
160381	9143	0
160381	9144	0
160381	9145	0
160381	9146	2
160381	9147	0
160409	8958	0
160409	8959	0
160409	8960	0
160409	8961	0
160409	8962	0
160409	8963	0
160410	8958	0
160410	8959	0
160410	8960	0
160410	8961	0
160410	8962	1
160410	8963	0
160432	9142	0
160432	9143	0
160432	9144	0
160432	9145	0
160432	9146	0
160432	9147	0
160439	9048	0
160439	9049	0
160439	9050	0
160439	9051	0
160439	9052	0
160439	9053	0
160891	11496	0
160891	11497	0
160891	11498	0
160891	11499	0
160891	11500	0
160891	11501	0
160962	11018	0
160962	11019	0
160962	11020	0
160962	11021	0
160962	11022	0
160962	11023	0
160984	11496	2
160984	11497	0
160984	11498	0
160984	11499	0
160984	11500	0
160984	11501	0
161045	11018	0
161045	11019	0
161045	11020	0
161045	11021	0
161045	11022	0
161045	11023	0
161108	11496	0
161108	11497	0
161108	11498	0
161108	11499	0
161108	11500	0
161108	11501	0
161145	11490	0
161145	11491	0
161145	11492	0
161145	11493	0
161145	11494	0
161145	11495	0
161146	11490	0
161146	11491	0
161146	11492	0
161146	11493	0
161146	11494	0
161146	11495	0
161147	11490	0
161147	11491	0
161147	11492	0
161147	11493	0
161147	11494	0
161147	11495	0
161150	11490	0
161150	11491	0
161150	11492	0
161150	11493	0
161150	11494	0
161150	11495	0
161170	11018	0
161170	11019	0
161170	11020	0
161170	11021	0
161170	11022	0
161170	11023	0
161316	11502	0
161316	11503	0
161316	11504	0
161316	11505	0
161316	11506	0
161316	11507	0
161317	11502	0
161317	11503	0
161317	11504	0
161317	11505	0
161317	11506	0
161317	11507	0
161318	11502	0
161318	11503	0
161318	11504	0
161318	11505	0
161318	11506	0
161318	11507	0
