ObservationID	Count
163	0
164	0
165	0
166	0
167	1
168	0
169	0
170	0
171	0
172	0
173	1
174	1
175	1
176	0
177	1
178	0
179	1
180	1
301	5
302	3
303	4
304	4
305	5
306	5
307	2
308	2
309	3
310	2
311	4
312	3
319	2
320	6
321	4
322	5
323	4
324	3
325	7
326	1
327	5
328	0
329	5
330	1
337	4
338	2
339	4
340	2
341	3
342	4
343	4
344	4
345	3
346	3
347	4
348	5
409	0
410	0
411	1
412	0
413	1
414	0
415	2
416	5
417	2
418	4
419	4
420	7
421	1
422	0
423	1
424	0
425	2
426	0
427	4
428	4
429	1
430	5
431	2
432	5
433	0
434	0
435	1
436	0
437	1
438	0
439	1
440	5
441	5
442	5
443	5
444	6
523	7
524	2
525	3
526	0
527	0
528	0
529	1
530	1
531	3
532	0
533	2
534	1
541	3
542	2
543	3
544	0
545	2
546	0
547	0
548	0
549	0
551	0
553	0
554	0
555	0
557	0
559	3
560	1
561	0
563	0
565	1
566	0
567	1
568	0
569	1
570	0
571	0
572	0
573	0
574	0
575	0
576	0
579	1
580	1
582	0
585	1
586	0
588	0
589	0
590	0
591	0
592	0
593	0
594	0
597	0
598	0
600	0
613	1
614	0
615	3
616	0
617	1
618	0
631	2
632	0
633	3
634	1
635	1
636	0
643	2
644	2
645	1
646	1
647	1
648	0
859	0
860	0
861	1
862	1
863	1
864	0
865	0
866	1
867	0
868	0
869	1
870	0
871	0
872	0
873	0
874	1
875	1
876	0
877	0
878	1
879	2
880	0
881	0
882	0
883	1
884	0
885	2
886	0
887	1
888	0
889	0
890	0
891	0
892	0
893	0
894	0
1153	2
1154	2
1155	1
1156	1
1157	4
1158	1
1195	0
1196	1
1197	0
1198	0
1199	0
1200	0
1201	0
1202	1
1203	0
1204	0
1205	0
1206	0
1213	0
1214	0
1215	0
1216	0
1217	1
1218	0
1231	0
1232	1
1233	0
1234	0
1235	0
1236	0
1237	0
1238	3
1239	0
1240	0
1241	0
1242	0
1249	0
1250	0
1251	0
1252	0
1253	1
1254	0
1273	0
1274	0
1275	0
1276	0
1277	2
1278	0
1297	0
1298	1
1299	0
1300	0
1301	0
1302	0
1309	1
1310	0
1311	0
1312	0
1313	0
1314	0
1315	1
1316	2
1317	1
1318	0
1319	0
1320	0
1327	0
1328	1
1329	2
1330	1
1331	0
1332	1
1333	1
1334	0
1335	0
1336	1
1337	1
1338	0
1339	1
1340	0
1341	1
1342	0
1343	0
1344	0
1369	0
1370	1
1371	0
1372	1
1373	0
1374	0
1519	1
1520	0
1521	0
1522	0
1523	1
1524	0
1525	0
1526	0
1527	0
1528	0
1529	1
1530	0
1531	0
1532	0
1533	0
1534	0
1535	1
1536	0
1591	0
1592	0
1593	0
1594	0
1595	1
1596	1
1597	0
1598	0
1599	0
1600	0
1601	2
1602	0
1639	0
1640	0
1641	0
1642	0
1643	1
1644	0
1669	0
1670	0
1671	0
1672	0
1673	0
1674	1
1687	0
1688	0
1689	0
1690	0
1691	0
1692	1
1717	0
1718	0
1719	0
1720	0
1721	0
1722	2
1723	1
1724	1
1725	0
1726	1
1727	1
1728	0
1753	2
1754	1
1755	3
1756	1
1757	1
1758	1
1759	1
1760	0
1761	2
1762	1
1763	5
1764	1
1783	1
1784	1
1785	2
1786	1
1787	2
1788	1
1813	0
1814	1
1815	0
1816	0
1817	0
1818	0
1849	0
1850	1
1851	0
1852	0
1853	0
1854	1
1873	0
1874	3
1875	0
1876	0
1877	0
1878	0
1879	0
1880	1
1881	0
1882	0
1883	0
1884	0
1891	0
1892	0
1893	0
1894	0
1895	0
1896	0
1933	1
1934	1
1935	1
1936	1
1937	3
1938	2
1939	1
1940	2
1941	1
1942	1
1943	2
1944	1
1945	3
1946	4
1947	1
1948	1
1949	2
1950	0
1951	1
1952	0
1953	1
1954	0
1955	0
1956	0
1999	0
2000	0
2001	0
2002	1
2003	0
2004	1
2005	0
2006	0
2007	0
2008	0
2009	0
2010	1
2035	1
2036	4
2038	0
2039	0
2040	0
2047	0
2048	4
2050	0
2051	0
2052	0
2053	1
2054	5
2056	0
2057	0
2058	0
2077	1
2078	0
2079	0
2080	1
2081	0
2082	0
2083	0
2084	0
2085	0
2086	0
2087	0
2088	0
2089	0
2090	0
2091	0
2092	0
2093	0
2094	0
2197	0
2198	0
2199	1
2200	0
2201	0
2202	0
2365	1
2366	0
2367	1
2368	0
2369	2
2370	2
2551	0
2552	0
2553	1
2554	0
2555	5
2556	2
2557	0
2558	0
2559	1
2560	0
2561	1
2562	1
2563	0
2564	0
2565	0
2566	0
2567	1
2568	2
2575	0
2576	0
2577	0
2578	0
2579	0
2580	0
2581	0
2582	0
2583	0
2584	0
2585	0
2586	0
2617	0
2618	1
2619	0
2620	4
2621	1
2622	1
2623	0
2624	0
2625	2
2626	1
2627	0
2628	2
2629	1
2630	0
2631	0
2632	3
2633	1
2634	3
2653	1
2654	1
2655	1
2656	0
2657	0
2658	0
2659	0
2660	0
2661	0
2662	0
2663	0
2664	0
2767	1
2768	3
2769	0
2770	0
2771	1
2772	1
2779	2
2780	1
2781	0
2782	0
2783	0
2784	0
2785	0
2786	0
2787	0
2788	0
2789	0
2790	0
2797	1
2798	2
2799	0
2800	0
2801	0
2802	0
2881	0
2882	0
2883	0
2884	0
2885	0
2886	0
2887	0
2888	0
2889	0
2890	0
2891	0
2892	1
2893	0
2894	0
2895	0
2896	0
2897	0
2898	0
2917	0
2918	1
2919	0
2920	0
2921	0
2922	0
2965	1
2966	0
2967	1
2968	2
2969	2
2970	1
2971	1
2972	1
2973	1
2974	1
2975	1
2976	3
2977	1
2978	1
2979	1
2980	0
2981	1
2982	0
2995	0
2996	0
2997	0
2998	1
2999	0
3000	1
3001	0
3002	0
3003	0
3004	0
3005	0
3006	1
3007	1
3008	0
3009	1
3010	1
3011	3
3012	2
3013	0
3014	0
3015	1
3016	0
3017	2
3018	2
3025	0
3026	1
3027	0
3028	1
3029	0
3030	0
3031	1
3032	2
3033	1
3034	0
3035	0
3036	0
3037	1
3038	1
3039	0
3040	3
3041	0
3042	2
3085	0
3086	0
3087	2
3088	0
3089	3
3090	2
3091	0
3092	0
3093	1
3094	0
3095	2
3096	2
3097	0
3098	0
3099	1
3100	0
3101	0
3102	2
3109	0
3110	0
3111	0
3112	1
3113	0
3114	1
3115	0
3116	0
3117	1
3118	1
3119	0
3120	1
3121	0
3122	1
3123	0
3124	1
3125	0
3126	1
3205	0
3206	0
3207	0
3208	0
3209	0
3210	0
3361	0
3362	0
3363	2
3364	0
3365	3
3366	0
3367	1
3368	0
3369	3
3370	0
3371	2
3372	0
3373	1
3374	0
3375	2
3376	0
3377	3
3378	0
3433	1
3434	4
3435	0
3436	2
3437	0
3438	0
3439	1
3440	0
3441	1
3442	0
3443	0
3444	0
3445	1
3446	2
3447	1
3448	1
3449	0
3450	0
3547	1
3548	0
3549	0
3550	0
3551	1
3552	0
3565	0
3566	0
3567	0
3568	0
3569	0
3570	0
3583	0
3584	0
3585	0
3586	0
3587	1
3588	0
3721	0
3722	1
3723	5
3724	1
3725	1
3726	0
3727	0
3728	0
3729	0
3730	0
3731	0
3732	0
3733	3
3734	1
3735	0
3736	3
3737	0
3738	0
3763	0
3764	1
3765	1
3766	0
3767	0
3768	0
3769	0
3770	0
3771	0
3772	1
3773	3
3774	1
3775	1
3776	2
3777	0
3778	0
3779	0
3780	0
3787	0
3788	0
3789	0
3790	0
3791	0
3792	0
3793	0
3794	0
3795	3
3796	0
3797	0
3798	0
3823	0
3824	1
3825	1
3826	0
3827	0
3828	3
3829	3
3830	0
3831	0
3832	2
3833	2
3834	0
3835	2
3836	5
3837	3
3838	5
3839	0
3840	2
3859	1
3860	0
3861	0
3862	0
3863	0
3864	0
3865	0
3866	0
3867	0
3868	0
3869	0
3870	0
3871	0
3872	0
3873	0
3874	0
3875	0
3876	0
3895	1
3897	1
3898	1
3899	2
3901	1
3903	1
3904	0
3905	0
3907	2
3909	0
3910	1
3911	0
3931	1
3932	2
3933	0
3934	1
3935	1
3936	1
3937	1
3938	0
3939	0
3940	2
3941	1
3942	2
3943	0
3944	1
3945	0
3946	2
3947	2
3948	3
3969	0
3970	1
3971	0
3972	0
3975	0
3976	0
3977	1
3978	0
3981	0
3982	0
3983	0
3984	1
4021	0
4022	0
4023	0
4024	0
4025	0
4026	0
4027	0
4028	0
4029	0
4030	1
4031	0
4032	0
4033	0
4034	0
4035	0
4036	0
4037	0
4038	0
4039	0
4040	0
4041	0
4042	1
4043	0
4044	1
4045	0
4046	0
4047	0
4048	1
4049	0
4050	0
4051	0
4052	0
4053	0
4054	0
4055	0
4056	0
4057	0
4058	0
4059	1
4060	1
4061	1
4062	2
4063	1
4064	0
4065	1
4066	2
4067	1
4068	0
4069	1
4070	0
4071	2
4072	0
4073	1
4074	0
4099	1
4100	0
4101	1
4102	1
4103	2
4104	2
4105	2
4106	1
4107	3
4108	1
4109	1
4110	2
4111	1
4112	1
4113	2
4114	1
4115	1
4116	0
4117	0
4118	0
4119	0
4120	0
4121	0
4122	0
4123	0
4124	0
4125	1
4126	0
4127	0
4128	0
4129	0
4130	0
4131	1
4132	0
4133	0
4134	1
4171	0
4172	1
4173	1
4174	1
4175	0
4176	7
4177	1
4178	4
4179	2
4180	6
4181	0
4182	0
4183	0
4184	0
4185	0
4186	0
4187	0
4188	0
4189	4
4190	1
4191	3
4192	1
4193	2
4194	0
4213	1
4214	1
4215	0
4216	1
4217	0
4218	0
4219	1
4220	3
4221	1
4222	2
4223	1
4224	1
4291	0
4292	0
4293	0
4294	1
4295	0
4296	0
4297	0
4298	0
4299	0
4300	3
4301	1
4302	0
4321	0
4322	0
4323	3
4324	0
4325	1
4326	0
4327	0
4328	2
4329	1
4330	2
4331	0
4332	2
4333	0
4334	1
4335	0
4336	2
4337	0
4338	1
4339	0
4340	0
4341	0
4342	0
4343	0
4344	0
4345	0
4346	0
4347	0
4348	0
4349	0
4350	0
4387	0
4388	0
4389	2
4390	0
4391	0
4392	0
4399	1
4400	2
4401	0
4402	3
4403	0
4404	5
4417	0
4418	3
4419	1
4420	2
4421	0
4422	0
4423	2
4424	3
4425	1
4426	1
4427	0
4428	1
4429	2
4430	3
4431	1
4432	1
4433	0
4434	1
4477	2
4478	1
4479	1
4480	1
4481	0
4482	0
4483	2
4484	2
4485	1
4486	1
4487	0
4488	0
4489	2
4490	1
4491	2
4492	0
4493	0
4494	0
4501	3
4502	3
4503	1
4504	0
4505	0
4506	1
4507	1
4508	3
4509	2
4510	2
4511	1
4512	2
4513	1
4514	3
4515	1
4516	1
4517	2
4518	1
4687	0
4688	0
4689	0
4690	0
4691	0
4692	0
4765	0
4766	0
4767	0
4768	0
4769	0
4770	0
4855	2
4856	1
4857	0
4858	0
4859	2
4860	1
4891	0
4892	0
4893	0
4894	1
4895	2
4896	2
4897	0
4898	0
4899	0
4900	0
4901	2
4902	1
4909	0
4910	0
4911	1
4912	0
4913	2
4914	0
4915	0
4916	0
4917	0
4918	0
4919	0
4920	1
4921	0
4922	0
4923	0
4924	0
4925	0
4926	0
4927	0
4928	0
4929	0
4930	0
4931	0
4932	3
5017	4
5018	0
5019	1
5020	0
5021	0
5022	0
5071	0
5072	0
5073	1
5074	0
5075	1
5076	0
5161	0
5162	0
5163	0
5164	0
5165	0
5166	0
5179	2
5180	1
5181	1
5182	0
5183	0
5184	0
5185	2
5186	0
5187	0
5188	0
5189	0
5190	1
5197	2
5198	2
5199	1
5200	2
5201	0
5202	1
5263	0
5264	1
5265	1
5266	1
5267	1
5268	0
5293	2
5294	3
5295	5
5296	3
5297	4
5298	3
5299	0
5300	0
5301	2
5302	1
5303	1
5304	0
5407	0
5408	0
5409	1
5410	1
5411	1
5412	0
5569	0
5570	1
5571	0
5572	1
5573	1
5574	1
5593	0
5594	4
5595	0
5596	0
5597	1
5598	0
5629	1
5630	2
5631	0
5632	2
5633	0
5634	0
5635	1
5636	0
5637	0
5638	0
5639	0
5640	0
5641	0
5642	0
5643	0
5644	0
5645	0
5646	0
5647	0
5648	1
5649	1
5650	0
5651	0
5652	0
5737	0
5738	0
5739	0
5740	0
5741	1
5742	0
5755	0
5756	0
5757	0
5758	0
5759	0
5760	0
5803	2
5804	0
5805	2
5806	0
5807	0
5808	0
5815	0
5816	0
5817	0
5818	0
5819	2
5820	0
5821	0
5822	0
5823	0
5824	0
5825	0
5826	0
5827	0
5828	0
5829	0
5830	0
5831	1
5832	0
5851	0
5852	0
5853	0
5854	0
5855	0
5856	0
5911	0
5912	0
5913	0
5914	0
5915	0
5916	0
5935	1
5936	0
5937	0
5938	0
5939	0
5940	0
5947	0
5948	0
5949	0
5950	0
5951	0
5952	0
5953	0
5954	0
5955	0
5956	0
5957	0
5958	0
5989	0
5990	0
5991	0
5992	0
5993	0
5994	0
5995	1
5996	0
5997	1
5998	0
5999	0
6000	0
6025	0
6026	0
6027	0
6028	1
6029	3
6030	0
6043	2
6044	2
6045	1
6046	1
6047	0
6048	2
6049	2
6050	5
6051	1
6052	1
6053	2
6054	2
6055	1
6056	2
6057	0
6058	2
6059	0
6060	0
6073	0
6074	0
6075	0
6076	0
6077	0
6078	0
6091	1
6092	0
6093	0
6094	1
6095	0
6096	1
6097	0
6098	1
6099	0
6100	1
6101	1
6102	2
6103	0
6104	1
6105	0
6106	1
6107	1
6108	1
6193	0
6194	0
6195	0
6196	0
6197	0
6198	1
6325	0
6326	0
6327	0
6328	0
6329	0
6330	0
6445	0
6446	0
6447	0
6448	0
6449	0
6450	0
6457	0
6458	0
6459	0
6460	0
6461	0
6462	0
6463	0
6464	0
6465	2
6466	0
6467	3
6468	0
6541	1
6542	0
6543	0
6544	0
6545	0
6546	0
6547	1
6548	0
6549	0
6550	0
6551	0
6552	0
6553	4
6554	1
6555	1
6556	0
6557	0
6558	0
6559	1
6560	0
6561	0
6562	1
6563	0
6564	0
6565	0
6566	0
6567	3
6568	0
6569	1
6570	1
6571	0
6572	0
6573	1
6574	1
6575	2
6576	1
6625	1
6626	0
6627	0
6628	0
6629	0
6630	0
6649	0
6650	1
6651	1
6652	1
6653	1
6654	0
6655	1
6656	0
6657	0
6658	2
6659	0
6660	0
6661	0
6662	0
6663	0
6664	0
6665	0
6666	0
6667	0
6668	1
6669	0
6670	0
6671	0
6672	0
6673	1
6674	0
6675	1
6676	1
6677	0
6678	0
6739	1
6740	1
6741	1
6742	1
6743	1
6744	3
6745	0
6746	0
6747	2
6748	0
6749	3
6750	2
6757	0
6758	0
6759	0
6760	0
6761	0
6762	0
6817	0
6818	0
6819	1
6820	1
6821	1
6822	0
6823	1
6824	1
6825	2
6826	1
6827	1
6828	0
6829	1
6830	0
6831	1
6832	1
6833	1
6834	0
6835	1
6836	1
6837	4
6838	1
6839	2
6840	1
6841	1
6842	1
6843	1
6844	0
6845	0
6846	0
6847	0
6848	0
6849	2
6850	2
6851	2
6852	0
6853	1
6854	0
6855	1
6856	2
6857	0
6858	0
6955	0
6956	0
6957	0
6958	0
6959	0
6960	0
7009	0
7010	0
7011	0
7012	0
7013	1
7014	0
7027	1
7028	2
7029	0
7030	0
7031	0
7032	0
7183	0
7184	0
7185	1
7186	0
7187	1
7188	2
7201	0
7202	0
7203	0
7204	0
7205	0
7206	0
7207	0
7208	0
7209	0
7210	0
7211	0
7212	0
7213	0
7214	0
7215	0
7216	0
7217	0
7218	0
7291	0
7292	0
7293	0
7294	0
7295	0
7296	0
7303	0
7304	0
7305	0
7306	0
7307	0
7308	1
7315	0
7316	0
7317	0
7318	0
7319	0
7320	0
7411	0
7412	0
7413	0
7414	0
7415	0
7416	0
7417	0
7418	0
7419	0
7420	0
7421	1
7422	1
7423	0
7424	0
7425	0
7426	0
7427	1
7428	2
7489	0
7490	0
7491	0
7492	0
7494	0
7495	0
7496	0
7497	0
7498	0
7499	0
7500	0
7501	0
7502	0
7503	0
7504	0
7505	0
7506	0
7507	0
7508	0
7509	1
7510	0
7511	1
7512	0
7513	0
7514	0
7515	0
7516	0
7517	1
7518	0
7519	0
7520	0
7521	0
7522	0
7523	0
7524	0
7525	0
7526	0
7527	0
7528	0
7529	1
7530	0
7675	2
7676	0
7677	3
7678	0
7679	0
7680	0
7687	4
7688	0
7689	6
7690	0
7691	0
7692	1
7699	1
7700	0
7701	2
7702	0
7703	2
7704	1
7807	2
7808	3
7809	4
7810	2
7811	1
7812	1
7813	0
7814	3
7815	0
7816	3
7817	0
7818	2
7819	3
7820	4
7821	2
7822	2
7823	0
7824	0
8503	0
8504	0
8505	0
8506	0
8507	0
8508	0
8509	0
8510	0
8511	0
8512	0
8513	0
8514	0
8527	0
8528	0
8529	1
8530	0
8531	2
8532	0
9577	0
9578	1
9579	0
9580	0
9581	1
9582	2
9583	0
9584	2
9585	1
9586	1
9587	3
9588	2
10009	0
10010	0
10011	0
10012	1
10013	0
10014	0
10015	0
10016	2
10017	0
10018	0
10019	0
10020	0
10021	3
10022	4
10023	7
10024	5
10025	9
10026	8
10057	5
10058	11
10059	2
10060	6
10061	8
10062	7
10087	0
10088	0
10089	0
10090	0
10091	0
10092	0
10135	5
10136	11
10137	2
10138	6
10139	8
10140	7
10141	3
10142	4
10143	7
10144	5
10145	9
10146	8
10147	0
10148	0
10149	0
10150	1
10151	0
10152	0
10225	0
10226	0
10227	6
10228	0
10229	0
10230	0
10231	0
10232	0
10233	0
10234	0
10235	0
10236	0
10237	0
10238	0
10239	0
10240	0
10241	0
10242	0
10303	0
10304	0
10305	0
10306	0
10307	0
10308	0
10321	0
10322	0
10323	0
10324	0
10325	0
10326	0
10327	0
10328	0
10329	1
10330	0
10331	1
10332	0
10333	0
10334	1
10335	0
10336	1
10337	0
10338	0
10501	0
10502	0
10503	0
10504	0
10505	0
10506	0
10579	0
10580	0
10581	0
10582	0
10583	0
10584	0
10771	0
10772	0
10774	1
10775	0
10776	1
10777	0
10778	0
10779	0
10780	0
10781	0
10782	0
10837	0
10838	0
10839	0
10840	0
10841	0
10842	0
11119	0
11120	0
11121	1
11122	0
11123	0
11124	0
11167	1
11168	3
11169	2
11170	2
11171	1
11172	2
11251	0
11252	0
11253	0
11254	0
11255	0
11256	0
11257	0
11258	0
11259	0
11260	0
11261	0
11262	1
11263	0
11264	0
11265	0
11266	0
11267	0
11268	0
11593	0
11594	0
11595	0
11596	0
11597	0
11598	1
11599	0
11600	0
11601	0
11602	0
11603	0
11604	0
11755	0
11756	1
11757	0
11758	0
11759	0
11760	0
11851	1
11852	0
11853	0
11854	0
11855	0
11856	0
12007	1
12008	0
12009	1
12010	0
12011	0
12012	0
12073	0
12074	0
12075	0
12076	0
12077	0
12078	0
12301	0
12302	0
12303	0
12304	0
12305	0
12306	0
12307	0
12308	0
12309	2
12310	0
12311	0
12312	0
12325	1
12326	0
12327	0
12328	1
12329	0
12330	1
12535	1
12536	0
12537	0
12538	0
12539	0
12540	0
12541	2
12542	0
12543	0
12544	0
12545	0
12546	0
12565	2
12566	0
12567	0
12568	0
12569	2
12570	0
12571	3
12572	0
12573	1
12574	0
12575	1
12576	0
12577	2
12578	0
12579	1
12580	0
12581	1
12582	0
12595	0
12596	2
12597	0
12598	2
12599	0
12600	2
12601	0
12602	2
12603	0
12604	2
12605	0
12606	1
12607	0
12608	0
12609	0
12610	2
12611	0
12612	1
12613	0
12614	0
12615	0
12616	1
12617	0
12618	0
12619	0
12620	0
12621	0
12622	1
12623	0
12624	0
12685	0
12686	0
12687	1
12688	0
12689	0
12690	0
12691	1
12692	0
12693	0
12694	0
12695	0
12696	0
12715	0
12716	1
12717	0
12718	0
12719	0
12720	0
12721	0
12722	1
12723	0
12724	0
12725	0
12726	0
12733	0
12734	0
12735	0
12736	0
12737	0
12738	0
12751	0
12752	0
12753	0
12754	0
12755	0
12756	1
12787	0
12788	0
12789	4
12790	0
12791	2
12792	0
12793	0
12794	0
12795	3
12796	0
12797	1
12798	0
12799	0
12800	0
12801	1
12802	1
12803	2
12804	0
12805	0
12806	0
12807	0
12808	0
12809	1
12810	1
12811	0
12812	0
12813	0
12814	0
12815	0
12816	0
12817	0
12818	0
12819	0
12820	0
12821	0
12822	0
12859	1
12860	3
12861	2
12862	2
12863	0
12864	2
13297	2
13298	2
13299	1
13300	2
13301	1
13302	0
13303	2
13304	1
13305	1
13306	3
13307	0
13308	0
13315	3
13316	1
13317	1
13318	2
13319	0
13320	0
13321	1
13322	1
13323	1
13324	1
13325	0
13326	2
13327	1
13328	3
13329	2
13330	1
13331	3
13332	1
13333	1
13334	2
13335	3
13336	2
13337	1
13338	1
13429	0
13430	0
13431	0
13432	0
13433	0
13434	0
13441	0
13442	2
13443	0
13444	0
13445	0
13446	0
13447	1
13448	1
13449	0
13450	0
13451	0
13452	0
13454	2
13455	0
13456	1
13457	3
13458	0
13459	0
13460	0
13461	0
13462	0
13463	0
13464	0
13465	0
13466	0
13467	1
13468	0
13469	0
13470	0
13477	0
13478	0
13479	1
13480	0
13481	0
13482	0
13483	0
13485	0
13486	0
13487	1
13488	0
13501	1
13502	0
13503	0
13504	0
13505	2
13506	0
13507	1
13508	0
13509	0
13510	0
13511	1
13512	0
13513	1
13514	1
13515	0
13516	0
13517	3
13518	0
13519	2
13520	1
13521	0
13522	4
13523	0
13524	0
13525	2
13526	1
13527	0
13528	1
13529	0
13530	1
13531	1
13532	2
13533	1
13534	4
13535	2
13536	2
13963	0
13964	0
13965	0
13966	0
13967	0
13968	0
13969	0
13970	0
13971	0
13972	0
13973	0
13974	0
14125	0
14126	0
14127	0
14128	0
14129	0
14130	0
14245	1
14246	1
14247	0
14249	1
14250	0
14251	1
14252	0
14253	0
14255	0
14256	0
14335	0
14336	0
14337	0
14338	0
14339	0
14340	0
14365	0
14366	0
14367	0
14368	0
14369	0
14370	1
14383	0
14384	0
14385	0
14386	0
14387	0
14388	0
14815	0
14816	0
14817	1
14818	0
14819	0
14820	0
14911	0
14912	0
14913	0
14914	0
14915	1
14916	0
14923	0
14924	0
14925	0
14926	0
14927	0
14928	0
14989	0
14990	0
14991	0
14992	0
14993	0
14994	0
15067	0
15068	0
15069	0
15070	0
15071	0
15072	0
15073	0
15074	0
15075	0
15076	0
15077	0
15078	1
15547	2
15548	1
15549	0
15550	1
15551	0
15552	1
15553	2
15554	1
15555	0
15556	4
15557	0
15558	0
15559	1
15560	2
15561	1
15562	4
15563	2
15564	2
15655	1
15656	0
15657	0
15658	0
15659	2
15660	0
15661	1
15662	0
15663	0
15664	0
15665	1
15666	0
15667	1
15668	1
15669	0
15670	0
15671	3
15672	0
15673	0
15674	2
15675	0
15676	0
15677	0
15678	0
15679	1
15680	1
15681	0
15682	0
15683	0
15684	0
15686	2
15687	0
15688	1
15689	3
15690	0
15691	1
15692	0
15693	0
15694	0
15695	0
15696	0
15715	0
15716	0
15717	0
15718	0
15719	0
15720	0
15763	0
15764	0
15765	0
15766	0
15767	0
15768	0
15769	0
15770	0
15771	1
15772	0
15773	0
15774	0
15775	1
15776	0
15777	0
15778	0
15779	0
15780	0
15781	1
15782	0
15783	0
15784	1
15785	0
15786	0
15787	1
15788	0
15789	0
15790	0
15791	0
15792	0
15793	1
15794	0
15795	0
15796	0
15797	0
15798	0
15799	0
15800	0
15801	3
15802	0
15803	1
15804	1
15805	4
15806	1
15807	1
15808	0
15809	0
15810	0
15811	0
15812	0
15813	1
15814	1
15815	2
15816	1
15817	2
15818	2
15819	1
15820	2
15821	1
15822	0
15823	1
15824	1
15825	1
15826	1
15827	0
15828	2
15829	2
15830	1
15831	1
15832	3
15833	0
15834	0
15835	1
15836	3
15837	2
15838	1
15839	3
15840	1
15841	3
15842	1
15843	1
15844	2
15845	0
15846	0
15847	1
15848	2
15849	3
15850	2
15851	1
15852	1
16033	0
16034	0
16035	6
16036	0
16037	0
16038	0
16039	0
16040	0
16041	0
16042	0
16043	0
16044	0
16045	0
16046	0
16047	0
16048	0
16049	0
16050	0
16669	0
16670	0
16671	0
16672	0
16673	0
16674	0
16681	0
16682	0
16683	0
16684	0
16685	1
16686	1
16687	0
16688	0
16689	4
16690	0
16691	2
16692	0
16705	0
16706	0
16707	0
16708	0
16709	0
16710	0
16717	0
16718	0
16719	0
16720	0
16721	0
16722	0
16729	0
16730	0
16731	3
16732	0
16733	1
16734	0
16747	0
16748	0
16749	1
16750	0
16751	2
16752	0
16765	0
16766	0
16767	1
16768	1
16769	2
16770	0
16771	0
16772	0
16773	0
16774	0
16775	0
16776	0
16813	2
16814	2
16815	1
16816	2
16817	0
16818	1
16831	1
16832	2
16833	0
16834	2
16835	0
16836	0
16837	1
16838	0
16839	1
16840	1
16841	0
16842	0
16849	1
16850	0
16851	0
16852	0
16853	0
16854	0
16855	1
16856	0
16857	1
16858	0
16859	0
16860	0
16861	0
16862	0
16863	0
16864	0
16865	0
16866	0
16909	2
16910	0
16911	3
16912	0
16913	0
16914	0
16921	4
16922	0
16923	6
16924	0
16925	0
16926	1
16933	1
16934	0
16935	2
16936	0
16937	2
16938	1
17083	0
17084	2
17085	0
17086	0
17087	0
17088	0
17131	0
17132	0
17133	1
17134	0
17135	1
17136	0
17137	0
17138	0
17139	1
17140	1
17141	1
17142	0
17155	0
17156	0
17157	0
17158	0
17159	0
17160	0
17227	1
17228	1
17229	2
17230	1
17231	1
17232	0
17233	1
17234	1
17235	4
17236	1
17237	2
17238	1
17239	1
17240	0
17241	1
17242	1
17243	1
17244	0
17245	1
17246	1
17247	1
17248	0
17249	0
17250	0
17251	0
17252	0
17253	2
17254	2
17255	2
17256	0
17257	1
17258	0
17259	1
17260	2
17261	0
17262	0
17317	4
17318	0
17319	1
17320	0
17321	0
17322	0
17335	1
17336	0
17337	0
17338	0
17339	0
17340	0
17341	1
17342	0
17343	0
17344	0
17345	0
17346	0
17419	0
17420	0
17421	0
17422	0
17423	0
17424	0
17425	0
17426	0
17427	0
17428	0
17429	0
17430	1
17431	0
17432	0
17433	0
17434	0
17435	0
17436	0
18127	0
18128	1
18129	1
18130	1
18131	1
18132	0
18133	0
18134	1
18135	1
18136	1
18137	1
18138	0
18139	1
18140	0
18141	0
18142	2
18143	0
18144	0
18145	1
18146	0
18147	0
18148	0
18149	1
18150	0
18151	0
18152	0
18153	0
18154	0
18155	0
18156	0
18157	0
18158	0
18159	1
18160	0
18161	1
18162	0
18163	0
18164	0
18165	0
18166	0
18167	0
18168	0
18169	0
18170	1
18171	0
18172	1
18173	0
18174	0
18175	1
18176	0
18177	0
18178	0
18179	0
18180	0
18229	1
18230	1
18231	0
18233	1
18234	0
18235	1
18236	0
18237	0
18239	0
18240	0
18241	0
18242	0
18243	0
18245	0
18246	0
18805	0
18806	0
18807	0
18808	0
18809	0
18810	0
18811	0
18812	0
18813	0
18814	0
18815	0
18816	0
18817	0
18818	0
18819	0
18820	0
18821	1
18822	0
18901	0
18902	0
18903	2
18904	1
18905	1
18906	0
18907	0
18908	0
18909	1
18910	1
18911	1
18912	0
18913	2
18914	0
18915	2
18916	0
18917	0
18918	0
19411	0
19412	0
19413	0
19414	0
19415	0
19416	0
19417	0
19418	0
19419	0
19420	0
19421	0
19422	0
19423	0
19424	0
19425	2
19426	0
19427	3
19428	0
19429	0
19430	0
19431	0
19432	2
19433	0
19434	1
19435	0
19436	0
19437	0
19438	0
19439	0
19440	0
19441	2
19442	1
19443	0
19444	0
19445	2
19446	1
19447	0
19448	1
19449	0
19450	1
19451	1
19452	1
19453	0
19454	0
19455	0
19456	0
19457	0
19458	0
19459	2
19460	2
19461	1
19462	1
19463	0
19464	2
19465	0
19466	0
19467	0
19468	0
19469	0
19470	0
19471	1
19472	0
19473	0
19474	1
19475	0
19476	1
19477	0
19478	2
19479	0
19480	2
19481	0
19482	2
19483	0
19484	0
19485	0
19486	1
19487	0
19488	0
19489	0
19490	0
19491	0
19492	1
19493	0
19494	0
19495	0
19496	2
19497	0
19498	2
19499	0
19500	1
19519	3
19520	3
19521	1
19522	0
19523	0
19524	1
19543	0
19544	0
19545	0
19546	0
19547	0
19548	0
19555	0
19556	0
19557	0
19558	0
19559	0
19560	0
19561	0
19562	1
19563	0
19564	0
19565	0
19566	0
19591	2
19592	0
19593	0
19594	0
19595	0
19596	1
19597	1
19598	0
19599	0
19600	0
19601	0
19602	0
19603	1
19604	2
19605	0
19606	0
19607	0
19608	0
19645	0
19646	1
19647	1
19648	0
19649	0
19650	0
19651	0
19652	0
19653	0
19654	0
19655	0
19656	0
19657	0
19658	0
19659	0
19660	0
19661	0
19662	0
20023	1
20024	3
20025	2
20026	3
20027	0
20028	1
20029	1
20030	3
20031	2
20032	3
20033	0
20034	1
20035	2
20036	3
20037	5
20038	3
20039	4
20040	3
20041	2
20042	5
20043	1
20044	1
20045	2
20046	2
20047	1
20048	2
20049	0
20050	2
20051	0
20052	0
20149	1
20150	0
20151	2
20152	0
20153	1
20154	0
20155	0
20156	0
20157	0
20158	0
20159	0
20160	0
20161	0
20162	0
20163	2
20164	0
20165	0
20166	0
20186	0
20188	0
20190	0
20192	0
20194	0
20196	0
20203	0
20204	0
20205	0
20206	0
20207	0
20208	0
20240	0
20242	0
20244	0
20629	0
20630	0
20631	0
20632	0
20633	0
20634	0
20635	0
20636	0
20637	0
20638	0
20639	0
20640	1
20809	0
20810	0
20811	0
20812	0
20814	0
20815	0
20816	0
20817	1
20818	0
20819	1
20820	0
20821	0
20822	0
20823	0
20824	0
20825	0
20826	0
20827	0
20828	1
20829	0
20830	1
20831	0
20832	0
20833	0
20834	0
20835	0
20836	0
20837	0
20838	1
20839	0
20840	0
20841	0
20842	0
20843	0
20844	0
20845	0
20846	0
20847	0
20848	0
20849	1
20850	0
20851	0
20852	1
20853	0
20854	0
20855	0
20856	0
20857	0
20858	0
20859	0
20860	0
20861	0
20862	0
20863	0
20864	0
20865	0
20866	0
20867	0
20868	0
20869	0
20870	0
20871	0
20872	0
20873	0
20874	0
20875	0
20876	0
20877	0
20878	0
20879	0
20880	0
20905	0
20906	0
20907	2
20908	0
20909	0
20910	0
20935	1
20936	0
20937	2
20938	0
20939	1
20940	0
20983	0
20984	0
20985	0
20986	0
20987	0
20988	0
20989	0
20990	0
20991	0
20992	0
20993	0
20994	1
20995	0
20996	0
20997	0
20998	0
20999	0
21000	0
21001	0
21002	0
21003	0
21004	0
21005	0
21006	0
21007	0
21008	0
21009	0
21010	0
21011	2
21012	0
21013	0
21014	0
21015	0
21016	1
21017	3
21018	0
21019	0
21020	0
21021	0
21022	0
21023	1
21024	0
21025	1
21026	0
21027	0
21028	0
21029	0
21030	0
21055	2
21056	0
21057	0
21058	0
21059	0
21060	0
21061	0
21062	0
21063	0
21064	0
21065	0
21066	0
21187	2
21188	1
21189	1
21190	0
21191	0
21192	0
21193	0
21194	4
21195	0
21196	0
21197	1
21198	0
21199	1
21200	0
21201	1
21202	0
21203	0
21204	0
21205	0
21206	1
21207	0
21208	0
21209	0
21210	0
21229	2
21230	0
21231	0
21232	0
21233	2
21234	0
21235	0
21236	0
21237	0
21238	0
21239	0
21240	0
21241	0
21242	0
21243	0
21244	0
21245	1
21246	1
21247	0
21248	0
21249	0
21250	0
21251	1
21252	2
21253	3
21254	0
21255	1
21256	0
21257	1
21258	0
21259	2
21260	0
21261	1
21262	0
21263	1
21264	0
21271	2
21272	3
21273	4
21274	2
21275	1
21276	1
21277	3
21278	4
21279	2
21280	2
21281	0
21282	0
21283	0
21284	3
21285	0
21286	3
21287	0
21288	2
21362	0
21364	0
21366	0
21386	0
21388	0
21390	0
21410	0
21412	0
21414	0
21559	0
21560	0
21561	0
21562	0
21563	0
21564	0
21565	0
21566	0
21567	1
21568	0
21569	1
21570	2
21625	0
21626	0
21627	1
21628	0
21629	0
21630	0
21631	0
21632	0
21633	1
21634	0
21635	0
21636	0
21637	0
21639	0
21640	0
21641	1
21642	0
21667	0
21668	3
21669	1
21670	2
21671	0
21672	0
21679	0
21680	0
21681	0
21682	1
21683	0
21684	0
21703	0
21704	0
21705	0
21706	0
21707	0
21708	0
21709	0
21710	0
21711	0
21712	0
21713	0
21714	0
21781	0
21782	0
21784	1
21785	0
21786	1
21787	0
21788	0
21789	0
21790	0
21791	0
21792	0
21985	0
21986	1
21987	0
21988	0
21989	1
21990	2
21991	0
21992	2
21993	1
21994	1
21995	3
21996	2
23137	0
23138	0
23139	1
23140	0
23141	1
23142	0
23143	0
23144	0
23145	1
23146	0
23147	0
23148	0
23149	0
23150	0
23151	1
23152	1
23153	0
23154	0
23155	1
23156	1
23157	0
23158	0
23159	0
23160	0
23161	0
23162	1
23163	0
23164	0
23165	0
23166	0
23167	0
23168	2
23169	0
23170	0
23171	0
23172	0
23203	1
23204	1
23205	1
23206	1
23207	1
23208	1
23209	0
23210	0
23211	0
23212	0
23213	1
23214	0
23215	0
23216	0
23217	0
23218	0
23219	0
23220	0
23221	0
23222	0
23223	0
23224	0
23225	0
23226	0
23227	0
23228	0
23229	0
23230	0
23231	0
23232	0
23233	0
23234	1
23235	0
23236	0
23237	0
23238	0
23239	2
23240	1
23241	1
23242	1
23243	0
23244	0
23245	1
23246	2
23247	1
23248	0
23249	0
23250	0
23251	0
23252	3
23253	0
23254	0
23255	1
23256	0
23287	1
23288	1
23289	1
23290	1
23291	0
23292	12
23293	0
23294	0
23295	1
23296	0
23297	1
23298	0
23323	1
23324	9
23325	2
23326	3
23327	2
23328	2
23329	0
23330	0
23331	2
23332	4
23333	0
23334	0
23395	0
23396	1
23397	0
23398	0
23399	0
23400	0
23575	0
23576	0
23577	1
23578	0
23579	1
23580	1
23587	0
23588	0
23589	2
23590	0
23591	3
23592	4
23599	1
23600	1
23601	0
23602	0
23603	0
23604	0
23605	2
23606	2
23607	2
23608	4
23609	1
23610	1
23683	0
23684	0
23685	1
23686	0
23687	2
23688	4
23695	0
23696	0
23697	0
23698	0
23699	0
23700	0
23803	0
23804	0
23805	0
23806	1
23807	0
23808	0
23815	0
23816	4
23818	0
23819	0
23820	0
23857	0
23858	0
23859	0
23860	0
23861	0
23862	0
23875	2
23876	5
23877	0
23878	5
23879	0
23880	5
23965	0
23966	0
23967	1
23968	0
23969	0
23970	1
23977	0
23978	0
23979	1
23980	1
23981	2
23982	0
24049	0
24050	0
24051	1
24052	0
24053	1
24054	2
24055	0
24056	0
24057	0
24058	0
24059	1
24060	2
24067	0
24068	2
24070	0
24071	0
24072	0
24073	0
24074	0
24075	0
24076	0
24077	0
24078	0
24097	0
24098	1
24099	0
24100	0
24101	0
24102	0
24103	0
24104	0
24105	0
24106	0
24107	3
24108	1
24109	0
24110	0
24111	0
24112	0
24113	0
24114	0
24115	0
24116	0
24117	0
24118	0
24119	3
24120	0
24133	0
24134	0
24135	1
24136	0
24137	0
24138	0
24145	0
24146	4
24147	0
24148	0
24149	0
24150	0
24205	0
24206	0
24207	0
24208	0
24209	0
24210	0
24211	0
24212	0
24213	0
24214	0
24215	0
24216	1
24247	1
24248	0
24249	0
24250	0
24251	0
24252	0
24283	0
24284	0
24285	0
24286	0
24287	0
24288	0
24289	0
24290	0
24291	0
24292	0
24293	0
24294	0
24295	0
24296	0
24297	0
24298	0
24299	0
24300	0
24301	0
24302	0
24303	0
24304	0
24305	0
24306	0
24313	0
24314	0
24315	0
24316	0
24317	1
24318	1
24331	1
24332	0
24333	0
24334	0
24335	0
24336	0
24355	1
24356	2
24357	1
24358	3
24359	1
24360	2
24373	0
24374	0
24375	1
24376	1
24377	3
24378	0
24385	0
24386	0
24387	0
24388	0
24389	0
24390	0
24433	0
24434	5
24435	0
24436	2
24437	0
24438	4
24565	0
24566	1
24567	0
24568	0
24569	0
24570	0
24583	0
24584	0
24585	0
24586	0
24587	2
24588	0
24595	0
24596	0
24597	0
24598	0
24599	0
24600	0
24667	0
24668	0
24669	0
24670	0
24671	1
24672	2
24757	0
24758	0
24759	0
24760	0
24761	0
24762	2
24763	0
24764	0
24765	0
24766	1
24767	0
24768	2
24769	0
24770	0
24771	0
24772	2
24773	0
24774	3
24865	0
24866	0
24867	0
24868	0
24869	0
24870	0
24895	0
24896	0
24897	0
24898	0
24899	0
24900	0
25015	0
25016	0
25017	0
25018	1
25019	0
25020	0
25027	0
25028	0
25029	0
25030	0
25031	0
25032	0
25033	0
25034	0
25035	0
25036	0
25037	0
25038	0
25039	0
25040	0
25041	0
25042	0
25043	0
25044	0
25045	0
25046	0
25047	0
25048	0
25049	0
25050	0
25057	0
25058	0
25059	0
25060	0
25061	0
25062	1
25069	0
25070	0
25071	0
25072	0
25073	1
25074	0
25099	1
25100	3
25101	1
25102	2
25103	1
25104	2
25147	0
25148	1
25149	1
25150	2
25151	0
25152	0
25153	0
25154	0
25155	0
25156	0
25157	0
25158	0
25195	0
25196	0
25197	0
25198	0
25199	0
25200	1
25363	3
25364	3
25365	6
25366	3
25367	5
25368	4
25369	4
25370	0
25371	2
25372	2
25373	4
25374	5
25375	1
25376	1
25377	0
25378	0
25379	0
25380	0
25393	1
25394	1
25395	0
25396	1
25397	1
25398	0
25399	0
25400	0
25401	1
25402	0
25403	1
25404	2
25405	0
25406	0
25407	0
25408	3
25409	0
25410	3
25411	1
25412	1
25413	0
25414	1
25415	0
25416	2
25417	1
25418	3
25419	3
25420	3
25421	0
25422	1
25423	1
25424	2
25425	1
25426	5
25427	0
25428	1
25429	4
25430	1
25431	10
25432	1
25433	2
25434	0
25435	3
25436	1
25437	6
25438	1
25439	1
25440	0
25441	0
25442	0
25443	2
25444	0
25445	0
25446	1
25447	0
25448	0
25449	1
25450	0
25451	0
25452	0
25501	0
25502	0
25503	2
25504	0
25505	0
25506	0
25519	0
25520	0
25521	3
25522	0
25523	1
25524	0
25591	0
25592	0
25593	0
25594	1
25595	0
25596	0
25597	0
25598	1
25599	0
25600	2
25601	0
25602	1
25603	0
25604	1
25605	0
25606	1
25607	0
25608	1
25639	0
25640	0
25641	0
25642	0
25643	2
25644	1
25663	1
25664	0
25665	0
25666	1
25667	0
25668	0
25675	0
25676	1
25677	0
25678	0
25679	0
25680	0
25681	0
25682	0
25683	2
25684	0
25685	1
25686	0
25729	1
25730	2
25731	1
25732	5
25733	0
25734	1
25735	0
25736	0
25737	2
25738	0
25739	0
25740	1
25771	0
25772	0
25773	0
25774	0
25775	0
25776	1
25777	0
25778	0
25779	1
25780	0
25781	0
25782	1
25783	0
25784	0
25785	0
25786	0
25787	0
25788	0
25789	4
25790	0
25791	4
25792	0
25793	0
25794	0
25795	2
25796	0
25797	0
25798	0
25799	0
25800	0
25801	1
25802	0
25803	1
25804	0
25805	0
25806	0
25843	0
25844	0
25845	0
25846	0
25847	0
25848	0
26281	0
26282	0
26283	1
26284	0
26285	1
26286	0
26287	0
26288	0
26289	1
26290	0
26291	0
26292	0
26293	0
26294	0
26295	1
26296	1
26297	0
26298	0
26299	1
26300	1
26301	0
26302	0
26303	0
26304	0
26305	0
26306	1
26307	0
26308	0
26309	0
26310	0
26311	0
26312	2
26313	0
26314	0
26315	0
26316	0
26407	0
26408	1
26409	0
26410	0
26411	0
26412	0
26413	0
26414	0
26415	0
26416	0
26417	3
26418	1
26419	0
26420	0
26421	0
26422	0
26423	0
26424	0
26425	0
26426	0
26427	0
26428	0
26429	3
26430	0
26431	0
26432	1
26433	0
26434	0
26435	0
26436	0
26437	0
26438	0
26439	0
26440	0
26441	2
26442	0
26611	0
26612	0
26613	0
26614	0
26615	0
26616	1
26617	4
26618	0
26619	4
26620	0
26621	0
26622	0
26623	0
26624	0
26625	1
26626	0
26627	0
26628	1
26629	2
26630	0
26631	0
26632	0
26633	0
26634	0
26635	0
26636	0
26637	0
26638	0
26639	0
26640	0
26641	1
26642	0
26643	1
26644	0
26645	0
26646	0
26665	0
26666	0
26667	1
26668	0
26669	1
26670	1
26671	0
26672	0
26673	1
26674	1
26675	2
26676	0
26677	0
26678	0
26679	1
26680	1
26681	3
26682	0
26821	0
26822	0
26823	0
26824	0
26825	0
26826	0
26827	1
26828	9
26829	2
26830	3
26831	2
26832	2
26833	0
26834	0
26835	1
26836	0
26837	0
26838	0
26839	2
26840	2
26841	2
26842	4
26843	1
26844	1
26845	1
26846	2
26847	1
26848	3
26849	1
26850	2
26851	1
26852	3
26853	1
26854	2
26855	1
26856	2
27205	1
27206	1
27207	1
27208	1
27209	1
27210	1
27211	0
27212	0
27213	0
27214	0
27215	1
27216	0
27217	0
27218	0
27219	0
27220	0
27221	0
27222	0
27223	0
27224	0
27225	0
27226	0
27227	0
27228	0
27229	0
27230	0
27231	0
27232	0
27233	0
27234	0
27235	0
27236	1
27237	0
27238	0
27239	0
27240	0
27241	1
27242	1
27243	0
27244	0
27245	0
27246	0
27253	0
27254	4
27255	0
27256	0
27257	0
27258	0
27265	1
27266	1
27267	0
27268	0
27269	0
27270	0
27271	0
27272	0
27273	0
27274	0
27275	0
27276	0
27277	0
27278	0
27279	0
27280	0
27281	0
27282	0
27283	0
27284	0
27285	0
27286	0
27287	0
27288	0
27505	0
27506	0
27507	2
27508	4
27509	0
27510	0
27511	0
27512	0
27513	1
27514	0
27515	0
27516	1
27517	0
27518	0
27519	0
27520	1
27521	0
27522	0
27661	0
27662	0
27663	0
27664	0
27665	0
27666	0
27667	0
27668	0
27669	0
27670	0
27671	0
27672	0
27673	0
27674	1
27675	1
27676	2
27677	0
27678	0
27679	0
27680	0
27681	0
27682	0
27683	0
27684	0
27685	0
27686	0
27687	0
27688	0
27689	0
27690	1
27691	0
27692	0
27693	0
27694	0
27695	0
27696	1
27817	0
27818	0
27819	0
27820	0
27821	0
27822	0
27823	0
27824	0
27825	0
27826	0
27827	0
27828	1
27829	0
27830	0
27831	0
27832	0
27833	1
27834	0
27979	0
27980	0
27981	1
27982	0
27983	2
27984	4
27985	0
27986	0
27987	0
27988	0
27989	1
27990	1
27991	0
27992	0
27993	1
27994	0
27995	1
27996	2
28153	0
28154	0
28155	0
28156	0
28157	0
28158	2
28159	0
28160	0
28161	0
28162	1
28163	0
28164	2
28165	0
28166	0
28167	0
28168	2
28169	0
28170	3
28189	1
28190	0
28191	0
28192	1
28193	0
28194	0
28195	0
28196	1
28197	0
28198	0
28199	0
28200	0
28201	0
28202	0
28203	2
28204	0
28205	1
28206	0
28225	2
28226	1
28227	1
28228	1
28229	0
28230	0
28231	1
28232	2
28233	1
28234	0
28235	0
28236	0
28237	0
28238	3
28239	0
28240	0
28241	1
28242	0
28279	0
28280	0
28281	0
28282	1
28283	0
28284	0
28285	0
28286	1
28287	0
28288	1
28289	0
28290	1
28291	0
28292	1
28293	0
28294	2
28295	0
28296	1
28393	4
28394	2
28395	2
28396	2
28397	1
28398	1
28399	2
28400	1
28401	2
28402	0
28403	0
28404	0
28405	3
28406	0
28407	2
28408	0
28409	1
28410	0
28411	2
28412	2
28413	0
28414	0
28415	0
28416	0
28417	1
28418	0
28419	0
28420	0
28421	1
28422	0
28423	2
28424	0
28425	1
28426	0
28427	0
28428	0
28447	0
28448	0
28449	0
28450	0
28451	1
28452	0
28459	0
28460	0
28461	0
28462	0
28463	3
28464	0
28471	0
28472	0
28473	1
28474	0
28475	3
28476	0
28477	1
28478	3
28479	2
28480	3
28481	1
28482	1
28483	1
28484	1
28485	1
28486	0
28487	0
28488	0
28495	0
28496	0
28497	2
28498	0
28499	1
28500	1
28507	0
28508	0
28509	2
28510	0
28511	0
28512	2
28513	0
28514	0
28515	1
28516	1
28517	1
28518	2
28549	2
28550	1
28551	1
28552	1
28553	1
28554	1
28555	2
28556	1
28557	1
28558	1
28559	3
28560	0
28561	1
28562	1
28563	2
28564	1
28565	1
28566	0
28567	4
28568	4
28569	3
28570	4
28571	3
28572	6
28573	3
28574	3
28575	4
28576	3
28577	6
28578	3
28621	0
28622	1
28623	0
28624	0
28625	0
28626	0
28657	0
28658	0
28659	1
28660	0
28661	1
28662	2
28663	0
28664	0
28665	0
28666	0
28667	1
28668	2
28669	0
28670	0
28671	0
28672	0
28673	1
28674	2
28675	0
28676	1
28677	0
28678	0
28679	0
28680	0
28681	0
28682	0
28683	0
28684	0
28685	0
28686	0
28687	0
28688	1
28689	0
28690	0
28691	0
28692	0
28693	0
28694	0
28695	0
28696	0
28697	1
28698	0
28711	0
28712	0
28713	0
28714	0
28715	3
28716	0
28723	0
28724	0
28725	1
28726	0
28727	3
28728	0
28765	2
28766	1
28767	1
28768	1
28769	1
28770	1
28771	2
28772	1
28773	1
28774	1
28775	3
28776	0
28777	1
28778	1
28779	2
28780	1
28781	1
28782	0
28789	0
28790	0
28791	1
28792	1
28793	1
28794	2
28801	0
28802	0
28803	2
28804	0
28805	0
28806	2
28813	0
28814	0
28815	2
28816	0
28817	1
28818	1
28873	3
28874	0
28875	2
28876	0
28877	1
28878	0
28879	2
28880	0
28881	1
28882	0
28883	0
28884	0
28885	2
28886	2
28887	0
28888	0
28889	0
28890	0
28891	1
28892	0
28893	0
28894	0
28895	1
28896	0
28897	2
28898	1
28899	2
28900	0
28901	0
28902	0
28903	4
28904	2
28905	2
28906	2
28907	1
28908	1
28921	0
28922	0
28923	0
28924	0
28925	0
28926	0
28933	1
28934	0
28935	0
28936	0
28937	0
28938	0
28951	1
28952	0
28953	0
28954	0
28955	0
28956	0
28957	1
28958	0
28959	0
28960	0
28961	0
28962	0
28963	1
28964	0
28965	0
28966	0
28967	1
28968	0
28969	0
28970	0
28971	1
28972	2
28973	0
28974	0
28981	0
28982	0
28983	0
28984	0
28985	0
28986	1
28987	0
28988	0
28989	0
28990	1
28991	0
28992	0
28993	0
28994	0
28995	0
28996	1
28997	0
28998	1
29005	0
29006	0
29007	0
29009	0
29023	0
29024	0
29025	0
29027	2
29065	1
29066	0
29067	1
29068	1
29069	0
29070	0
29071	0
29072	1
29073	0
29074	1
29075	0
29076	1
29107	0
29108	0
29109	0
29110	0
29111	1
29112	0
29203	0
29204	0
29205	0
29206	0
29207	0
29208	0
29245	0
29246	0
29247	0
29248	2
29249	0
29250	2
29251	0
29252	0
29253	0
29254	2
29255	0
29256	0
29257	0
29258	0
29259	0
29260	1
29261	0
29262	1
29641	0
29642	0
29643	0
29644	0
29645	0
29646	0
29647	0
29648	1
29649	0
29650	0
29651	0
29652	0
29653	0
29654	0
29655	0
29656	0
29657	1
29658	0
29659	0
29660	0
29661	0
29662	1
29663	1
29664	0
29845	0
29846	0
29847	1
29848	0
29849	0
29850	0
29851	0
29852	0
29853	0
29854	0
29855	0
29856	0
29857	0
29858	0
29859	0
29860	0
29861	0
29862	0
29923	2
29924	1
29925	0
29926	0
29927	1
29928	0
29941	0
29942	0
29943	0
29944	0
29945	2
29946	0
29947	0
29948	0
29949	0
29950	0
29951	0
29952	0
29995	0
29996	1
29997	1
29998	0
29999	1
30000	1
30013	0
30014	0
30015	0
30016	0
30017	0
30018	0
30019	1
30020	0
30021	0
30022	0
30023	0
30024	0
30031	2
30032	0
30033	2
30034	2
30035	1
30036	0
30043	0
30044	2
30045	1
30046	1
30047	1
30048	1
30061	0
30062	1
30063	0
30064	0
30065	0
30066	2
30067	1
30068	0
30069	0
30070	0
30071	0
30072	0
30151	0
30152	0
30153	0
30154	0
30155	0
30156	0
30157	0
30158	0
30159	0
30160	0
30161	1
30162	0
30163	1
30164	0
30165	0
30166	0
30167	0
30168	0
30169	0
30170	0
30171	0
30172	0
30173	1
30174	0
30181	0
30182	3
30183	1
30184	1
30185	0
30186	0
30187	0
30188	0
30189	4
30190	0
30191	0
30192	0
30259	0
30260	0
30261	0
30262	1
30263	0
30264	0
30265	0
30266	0
30267	0
30268	1
30269	0
30270	0
30271	0
30272	0
30273	0
30274	0
30275	0
30276	0
30277	0
30278	0
30279	0
30280	0
30281	0
30282	0
30283	0
30284	0
30285	0
30286	0
30287	0
30288	0
30289	0
30290	0
30291	0
30292	0
30293	0
30294	0
30295	0
30296	0
30297	1
30298	2
30299	1
30300	1
30307	1
30308	0
30309	1
30310	0
30311	0
30312	0
30367	0
30368	0
30369	0
30370	0
30371	1
30372	0
30415	0
30416	1
30417	0
30418	0
30419	1
30420	0
30463	0
30464	0
30465	0
30466	0
30467	0
30468	0
30471	0
30472	0
30473	1
30474	1
30477	0
30478	0
30479	1
30480	0
30493	1
30495	0
30496	0
30497	1
30499	0
30501	0
30502	0
30503	1
30505	0
30506	0
30507	0
30508	0
30509	0
30510	0
30565	0
30566	0
30567	0
30568	0
30569	1
30570	0
30673	2
30674	2
30675	1
30676	1
30677	0
30678	0
30685	1
30686	2
30687	0
30688	1
30689	0
30690	1
30697	1
30698	0
30699	0
30700	0
30701	0
30702	1
30715	0
30716	0
30717	0
30718	1
30719	1
30720	2
30721	3
30722	0
30723	0
30724	0
30725	0
30726	0
30727	0
30728	0
30729	0
30730	0
30731	0
30732	0
30733	2
30734	1
30735	2
30736	1
30737	3
30738	1
30751	0
30752	0
30753	1
30754	1
30755	2
30756	1
30757	2
30758	0
30759	0
30760	0
30761	0
30762	0
30847	0
30848	0
30849	0
30850	0
30851	0
30852	0
30853	0
30854	0
30855	0
30856	0
30857	0
30858	0
30859	0
30860	1
30861	0
30862	0
30863	0
30864	0
30871	0
30872	0
30873	0
30874	0
30875	0
30876	0
30877	0
30878	2
30879	0
30880	0
30881	0
30882	0
30937	0
30938	0
30939	1
30940	1
30941	1
30942	1
30943	4
30944	0
30945	2
30946	0
30947	0
30948	0
30949	0
30950	0
30951	0
30952	1
30953	0
30954	2
31003	1
31004	6
31005	1
31006	4
31007	0
31008	7
31027	0
31028	0
31029	2
31030	2
31031	2
31032	2
31231	0
31232	0
31233	0
31234	0
31235	1
31236	1
31237	0
31238	0
31239	0
31240	0
31241	1
31242	0
31243	0
31244	0
31245	0
31246	0
31247	1
31248	1
31255	0
31256	0
31257	0
31258	1
31259	1
31260	0
31261	2
31262	1
31263	0
31264	0
31265	0
31266	1
31267	0
31268	0
31269	0
31270	0
31271	0
31272	0
31339	0
31340	0
31341	0
31342	0
31343	0
31344	0
31345	1
31346	2
31347	1
31348	0
31349	1
31350	1
31351	0
31352	0
31353	2
31354	1
31355	1
31356	1
31417	1
31418	2
31419	0
31420	3
31421	0
31422	0
31435	0
31436	0
31437	1
31438	1
31439	1
31440	1
31453	0
31454	0
31455	0
31456	0
31457	0
31458	0
31459	0
31460	0
31461	0
31462	0
31463	0
31464	1
31465	0
31466	0
31467	0
31468	0
31469	0
31470	0
31507	0
31508	2
31509	0
31510	0
31511	0
31512	0
31519	1
31520	1
31521	0
31522	0
31523	0
31524	0
31525	1
31526	0
31527	0
31528	0
31529	0
31530	0
31537	0
31538	2
31539	1
31540	2
31541	0
31542	0
31543	2
31544	3
31545	1
31546	2
31547	1
31548	0
31549	0
31550	0
31551	0
31552	0
31553	0
31554	0
31603	0
31604	0
31605	0
31606	0
31607	1
31608	0
31663	0
31664	2
31665	0
31666	1
31667	0
31668	0
31687	0
31688	0
31689	0
31690	0
31691	0
31692	1
31699	0
31700	0
31701	0
31702	0
31703	1
31704	1
31705	0
31706	0
31707	0
31708	0
31709	0
31710	0
31711	0
31712	0
31713	0
31714	0
31715	1
31716	0
31717	0
31718	0
31719	0
31720	0
31721	0
31722	0
31771	1
31772	0
31773	0
31774	0
31775	1
31776	0
31777	0
31778	0
31779	0
31780	0
31781	1
31782	0
32131	0
32132	0
32133	0
32134	0
32135	0
32136	0
32203	0
32204	0
32205	0
32206	0
32207	1
32208	0
32209	0
32210	0
32211	0
32212	0
32213	0
32214	0
32215	0
32216	0
32217	0
32218	0
32219	0
32220	0
32233	0
32234	0
32235	1
32236	0
32237	1
32238	0
32239	0
32240	0
32241	1
32242	0
32243	1
32244	0
32245	0
32246	0
32247	1
32248	0
32249	1
32250	0
32251	0
32252	0
32253	0
32254	0
32255	0
32256	0
32329	0
32330	0
32331	1
32332	0
32333	0
32334	0
32335	0
32336	0
32337	0
32338	0
32339	0
32340	0
32359	0
32360	0
32361	0
32362	0
32363	2
32364	1
32365	0
32366	0
32367	0
32368	0
32369	2
32370	0
32371	0
32372	0
32373	0
32374	0
32375	1
32376	1
32431	3
32432	0
32433	2
32434	1
32435	1
32436	0
32443	2
32444	1
32445	2
32446	0
32447	1
32448	0
32503	0
32504	0
32505	0
32506	0
32507	0
32508	0
32515	0
32516	0
32517	1
32518	0
32519	0
32520	1
32629	1
32630	0
32631	0
32632	0
32633	0
32634	0
32635	2
32636	2
32637	1
32638	1
32639	0
32640	0
32641	0
32642	2
32643	0
32644	1
32645	0
32646	0
32683	0
32684	0
32685	0
32686	0
32687	0
32688	1
32689	0
32690	0
32691	0
32692	1
32693	0
32694	0
32695	0
32696	0
32697	0
32698	1
32699	0
32700	1
32719	0
32720	0
32721	0
32722	0
32723	0
32724	0
32725	1
32726	0
32727	1
32728	1
32729	0
32730	0
32731	0
32732	1
32733	0
32734	1
32735	0
32736	1
32827	0
32828	0
32829	0
32830	0
32831	1
32832	0
32833	0
32834	0
32835	0
32836	1
32837	1
32838	2
32839	0
32840	0
32841	1
32842	1
32843	1
32844	1
32881	0
32882	0
32883	0
32884	0
32885	0
32886	0
32887	0
32888	0
32889	0
32890	0
32891	0
32892	0
33073	0
33074	0
33075	0
33076	1
33077	0
33078	0
33079	0
33080	0
33081	0
33082	0
33083	0
33084	0
33085	1
33086	0
33087	0
33088	0
33089	0
33090	0
33121	0
33122	1
33123	0
33124	0
33125	1
33126	0
33409	0
33410	0
33411	0
33412	0
33413	0
33414	0
33433	0
33434	0
33435	1
33436	0
33437	1
33438	0
33439	0
33440	7
33441	0
33442	3
33443	4
33444	3
33445	0
33446	0
33447	4
33448	0
33449	5
33450	5
33451	2
33452	4
33453	3
33454	6
33455	6
33456	4
33457	0
33458	2
33459	0
33460	0
33461	2
33462	4
33463	6
33464	8
33465	5
33466	7
33467	4
33468	5
33697	1
33698	0
33699	0
33700	0
33701	1
33702	0
33703	0
33704	0
33705	1
33706	2
33707	0
33708	0
33715	0
33716	0
33717	1
33718	0
33719	0
33720	0
33739	0
33740	0
33741	0
33742	0
33743	0
33744	0
33811	4
33812	5
33813	3
33814	1
33815	3
33816	2
33817	4
33818	4
33819	4
33820	3
33821	2
33822	2
33823	3
33824	6
33825	0
33826	1
33827	0
33828	0
33829	2
33830	4
33831	0
33832	2
33833	0
33834	0
33835	9
33836	6
33837	3
33838	1
33839	3
33840	2
33841	1
33842	5
33843	1
33844	3
33845	0
33846	2
33847	0
33848	0
33849	1
33850	0
33851	0
33852	0
33853	0
33854	0
33855	0
33856	0
33857	0
33858	0
33859	0
33860	0
33861	0
33862	0
33863	0
33864	0
34033	1
34034	2
34035	0
34036	1
34037	5
34038	0
34057	0
34058	0
34059	1
34060	0
34061	1
34062	0
34063	1
34064	0
34065	1
34066	0
34067	0
34068	0
34069	1
34070	0
34071	1
34072	1
34073	1
34074	0
34075	0
34076	0
34077	0
34078	0
34079	0
34080	0
34111	0
34112	0
34113	1
34114	1
34115	0
34116	2
34129	1
34130	0
34131	1
34132	1
34133	0
34134	0
34135	3
34136	0
34137	0
34138	3
34139	1
34140	3
34165	1
34166	0
34167	0
34168	0
34169	0
34170	1
34189	0
34190	1
34191	0
34192	0
34193	0
34194	0
34207	0
34208	0
34209	0
34210	0
34211	0
34212	0
34327	1
34328	1
34329	0
34330	1
34331	0
34332	0
34381	0
34382	0
34383	1
34384	0
34385	1
34386	1
34399	1
34400	0
34401	1
34402	0
34403	1
34404	0
34417	0
34418	1
34419	0
34420	0
34421	0
34422	0
34477	0
34478	0
34479	0
34480	0
34481	0
34482	0
34579	0
34580	0
34581	0
34582	0
34583	0
34584	0
34585	0
34586	0
34587	0
34588	0
34589	0
34590	0
34591	0
34592	0
34593	0
34594	0
34595	0
34596	0
34597	0
34598	0
34599	0
34600	0
34601	0
34602	0
34603	0
34604	0
34605	0
34606	0
34607	0
34608	1
34759	0
34760	0
34761	0
34762	0
34763	0
34764	1
34765	1
34766	0
34767	1
34768	0
34769	0
34770	0
34771	0
34772	0
34773	0
34774	0
34775	0
34776	0
34849	0
34850	1
34851	0
34852	0
34853	0
34854	1
34897	1
34898	0
34899	2
34900	1
34901	0
34902	0
34921	2
34922	1
34923	1
34924	3
34925	0
34926	1
34927	2
34928	1
34929	0
34930	2
34931	1
34932	3
35035	1
35036	1
35037	1
35038	0
35039	0
35040	0
35041	0
35042	2
35043	0
35044	1
35045	0
35046	1
35149	0
35150	1
35151	2
35152	1
35153	1
35154	0
35155	1
35156	1
35157	2
35158	2
35159	4
35160	4
35167	0
35168	0
35169	0
35170	0
35171	0
35172	0
35293	0
35294	0
35295	0
35296	0
35297	0
35298	0
35299	0
35300	2
35301	0
35302	0
35303	0
35304	1
35383	1
35384	2
35385	2
35386	3
35387	1
35388	3
35389	0
35390	0
35391	1
35392	1
35393	0
35394	0
35419	1
35420	1
35421	1
35422	0
35423	1
35424	2
35479	0
35480	0
35481	0
35482	0
35483	0
35484	0
35779	0
35780	0
35781	0
35782	0
35783	0
35784	1
35875	2
35876	1
35877	0
35878	0
35879	1
35880	0
35881	2
35882	0
35883	0
35884	0
35885	2
35886	0
35887	2
35888	0
35889	0
35890	0
35891	2
35892	0
36037	0
36038	0
36039	0
36040	1
36041	1
36042	0
36043	1
36044	0
36045	0
36046	0
36047	0
36048	0
36127	1
36128	1
36129	0
36130	1
36131	1
36132	1
36133	3
36134	0
36135	0
36136	0
36137	0
36138	0
36367	0
36368	1
36369	1
36370	0
36371	0
36372	1
36373	0
36374	0
36375	0
36376	0
36377	0
36378	0
36379	0
36380	0
36381	0
36382	0
36383	0
36384	0
36385	0
36386	0
36387	0
36388	0
36389	0
36390	1
36391	0
36392	0
36393	0
36394	1
36395	0
36396	0
36397	0
36398	0
36399	0
36400	0
36401	0
36402	0
36403	0
36404	0
36405	0
36406	0
36407	0
36408	0
36409	1
36410	1
36411	0
36412	1
36413	1
36414	1
36415	0
36416	1
36417	0
36418	1
36419	0
36420	1
36421	0
36422	1
36423	0
36424	1
36425	0
36426	0
36427	0
36428	0
36429	0
36430	1
36431	0
36432	0
36451	0
36452	0
36453	0
36454	0
36455	0
36456	0
36457	0
36458	0
36459	0
36460	0
36461	0
36462	0
36463	0
36464	0
36465	0
36466	0
36467	0
36468	0
36469	0
36470	0
36471	0
36472	0
36473	0
36474	0
36481	0
36482	1
36483	0
36484	0
36485	0
36486	0
36487	0
36488	1
36489	0
36490	0
36491	0
36492	0
36499	0
36500	0
36501	1
36502	0
36503	0
36504	0
36505	0
36506	0
36507	1
36508	0
36509	0
36510	0
36511	1
36512	0
36513	0
36514	0
36515	1
36516	0
36517	1
36518	0
36519	0
36520	0
36521	1
36522	0
36529	0
36530	0
36531	1
36532	0
36533	0
36534	0
36535	0
36536	0
36537	1
36538	0
36539	0
36540	0
36607	2
36608	0
36609	0
36610	0
36611	0
36612	0
36751	3
36752	0
36753	0
36754	0
36755	0
36756	0
36763	2
36764	0
36765	0
36766	0
36767	0
36768	0
36991	0
36992	0
36993	1
36994	0
36995	0
36996	0
36997	0
36998	0
36999	0
37000	0
37001	0
37002	0
37003	0
37004	0
37005	0
37006	0
37007	0
37008	0
37303	0
37304	7
37305	0
37306	3
37307	4
37308	3
37309	2
37310	4
37311	3
37312	6
37313	6
37314	4
37315	6
37316	8
37317	5
37318	7
37319	4
37320	5
37321	0
37322	0
37323	1
37324	0
37325	1
37326	0
37327	0
37328	0
37329	4
37330	0
37331	5
37332	5
37333	0
37334	2
37335	0
37336	0
37337	2
37338	4
37519	0
37520	0
37521	1
37522	0
37523	0
37524	0
37525	1
37526	0
37527	1
37528	0
37529	0
37530	0
37531	1
37532	0
37533	1
37534	0
37535	0
37536	0
37555	0
37556	1
37557	0
37558	0
37559	0
37560	0
37561	0
37562	1
37563	0
37564	0
37565	0
37566	0
37699	0
37700	0
37701	0
37702	0
37703	0
37704	0
37723	0
37724	0
37725	1
37726	0
37727	1
37728	0
37735	0
37736	0
37737	0
37738	1
37739	0
37740	0
37843	0
37844	1
37845	0
37846	0
37847	0
37848	0
37855	0
37856	0
37857	0
37858	0
37859	0
37860	0
37861	0
37862	0
37863	0
37864	0
37865	0
37866	0
37873	0
37874	0
37875	0
37876	0
37877	2
37878	0
37951	0
37952	2
37953	0
37954	1
37955	0
37956	1
37969	2
37970	1
37971	1
37972	2
37973	1
37974	3
37993	2
37994	9
37995	2
37996	8
37997	0
37998	1
38059	0
38060	0
38061	0
38062	0
38063	0
38064	0
38125	0
38126	1
38128	0
38129	0
38130	0
38173	0
38174	0
38175	2
38176	0
38177	1
38178	0
38197	0
38198	2
38199	0
38200	1
38201	0
38202	1
38203	2
38204	1
38205	1
38206	1
38207	0
38208	3
38209	1
38210	0
38211	0
38212	3
38213	1
38214	3
38215	1
38216	2
38217	2
38218	3
38219	0
38220	2
38233	0
38234	0
38235	0
38236	1
38237	0
38238	0
38239	1
38240	1
38242	0
38243	0
38244	0
38263	0
38264	1
38265	2
38266	1
38267	1
38268	0
38269	0
38270	0
38271	0
38272	0
38273	2
38274	1
38335	0
38336	0
38337	0
38338	0
38339	0
38340	0
38371	0
38372	0
38373	1
38374	3
38375	0
38376	0
38401	0
38402	0
38403	0
38404	0
38405	0
38406	0
38437	0
38438	0
38439	0
38440	0
38441	0
38442	0
38449	0
38450	0
38451	0
38452	0
38453	0
38454	0
38461	1
38462	0
38463	0
38464	0
38465	0
38466	0
38485	1
38486	1
38487	1
38488	2
38489	3
38490	2
38533	1
38534	0
38535	1
38536	0
38537	1
38538	2
38539	0
38540	0
38541	0
38542	0
38543	0
38544	0
38557	0
38558	0
38559	0
38560	0
38561	0
38562	2
38593	0
38594	0
38595	0
38596	0
38597	0
38598	0
38599	1
38600	0
38601	1
38602	0
38603	0
38604	0
38605	0
38606	1
38607	0
38608	3
38609	1
38610	3
38629	0
38630	0
38631	0
38632	0
38633	0
38634	0
38647	3
38648	2
38649	0
38650	0
38651	1
38652	0
38803	0
38804	1
38805	0
38806	2
38807	0
38808	0
38863	0
38864	0
38865	0
38866	1
38867	0
38868	1
38869	0
38870	1
38871	0
38872	0
38873	0
38874	2
38875	0
38876	1
38877	0
38878	0
38879	0
38880	3
38929	0
38930	0
38931	0
38932	2
38933	0
38934	0
38935	0
38936	0
38937	0
38938	2
38939	0
38940	0
38941	0
38942	0
38943	0
38944	2
38945	0
38946	0
38947	0
38948	0
38949	0
38950	2
38951	0
38952	0
38953	1
38954	0
38955	0
38956	1
38957	0
38958	0
38959	1
38960	0
38961	0
38962	1
38963	0
38964	0
38965	1
38966	1
38967	2
38968	0
38969	1
38970	2
38989	0
38990	0
38991	2
38992	0
38993	0
38994	0
39001	0
39002	0
39003	1
39004	0
39005	1
39006	2
39007	0
39008	0
39009	0
39010	0
39011	0
39012	0
39013	0
39014	0
39015	1
39016	0
39017	0
39018	0
39025	0
39026	0
39027	0
39028	0
39029	0
39030	1
39031	0
39032	0
39033	0
39034	0
39035	1
39036	0
39079	0
39080	0
39081	0
39082	2
39083	1
39084	0
39109	0
39110	0
39111	0
39112	2
39113	1
39114	2
39115	1
39116	3
39117	0
39118	2
39119	0
39120	1
39193	1
39194	0
39195	0
39196	0
39197	0
39198	0
39205	0
39206	0
39207	0
39208	0
39209	0
39210	0
39259	0
39260	2
39261	0
39262	3
39263	0
39264	1
39289	0
39290	0
39291	0
39292	0
39293	1
39294	1
39295	0
39296	0
39297	0
39298	1
39299	0
39300	0
39301	0
39302	0
39303	1
39304	0
39305	1
39306	0
39307	0
39308	1
39309	0
39310	0
39311	0
39312	0
39313	3
39314	1
39315	3
39316	0
39317	1
39318	1
39319	2
39320	1
39321	1
39322	0
39323	0
39324	0
39325	3
39326	1
39327	2
39328	0
39329	2
39330	0
39331	3
39332	1
39333	1
39334	1
39335	1
39336	0
39337	1
39338	0
39339	1
39340	0
39341	0
39342	0
39355	0
39356	0
39357	1
39358	1
39359	3
39360	1
39379	1
39380	0
39381	0
39382	0
39383	0
39384	0
39415	0
39416	0
39417	0
39418	0
39419	0
39420	0
39421	0
39422	0
39423	0
39424	0
39425	0
39426	1
39427	0
39428	0
39429	0
39430	0
39431	0
39432	1
39517	2
39518	0
39519	1
39520	0
39521	2
39522	0
39529	2
39530	0
39531	1
39532	0
39533	0
39534	0
39541	1
39542	0
39543	2
39544	0
39545	1
39546	0
39601	0
39602	0
39603	0
39604	1
39605	0
39606	3
39607	0
39608	0
39609	0
39610	1
39611	0
39612	1
39613	0
39614	0
39615	0
39616	2
39617	0
39618	1
39703	0
39704	0
39705	0
39706	0
39707	0
39708	0
39709	0
39710	1
39711	0
39712	0
39713	0
39714	0
39715	0
39716	0
39717	0
39718	0
39719	0
39720	0
39721	0
39722	1
39723	0
39724	0
39725	0
39726	0
39727	0
39728	0
39729	0
39730	0
39731	2
39732	0
39733	0
39734	1
39735	0
39736	0
39737	0
39738	0
39739	0
39740	0
39741	0
39742	0
39743	1
39744	0
39841	0
39842	0
39843	1
39844	0
39845	1
39846	1
39847	1
39848	1
39849	1
39850	0
39851	1
39852	0
39853	1
39854	1
39855	1
39856	0
39857	0
39858	1
39859	2
39860	2
39861	1
39862	0
39863	2
39864	1
39865	1
39866	1
39867	0
39868	0
39869	0
39870	0
39871	0
39872	1
39873	0
39874	0
39875	1
39876	0
39949	0
39950	0
39951	0
39952	2
39953	0
39954	0
39961	1
39962	0
39963	0
39964	2
39965	1
39966	0
39973	1
39974	0
39975	0
39976	1
39977	1
39978	0
39981	0
39983	1
39987	0
39989	0
39993	0
39995	0
40207	0
40208	0
40209	0
40210	0
40211	0
40212	0
40213	0
40214	1
40215	0
40216	0
40217	0
40218	3
40327	1
40328	1
40329	0
40330	0
40331	0
40332	0
40333	1
40334	1
40335	1
40336	0
40337	0
40338	0
40339	1
40340	1
40341	1
40342	0
40343	0
40344	0
40429	0
40430	0
40431	0
40432	0
40433	0
40434	0
40435	0
40436	0
40437	0
40438	0
40439	0
40440	0
40441	0
40442	0
40443	0
40444	0
40445	0
40446	0
40717	0
40718	0
40719	1
40720	0
40721	1
40722	0
40723	0
40724	0
40725	0
40726	0
40727	2
40728	2
40729	0
40730	0
40731	0
40732	1
40733	1
40734	1
40735	1
40736	0
40737	0
40738	0
40739	2
40740	1
40759	0
40760	0
40761	0
40762	0
40763	0
40764	0
40765	0
40766	0
40767	0
40768	0
40769	0
40770	0
40771	0
40772	0
40773	0
40774	0
40775	1
40776	0
40843	2
40844	0
40845	0
40846	0
40847	0
40848	0
40849	2
40850	0
40851	0
40852	0
40853	1
40854	0
40855	0
40856	0
40857	0
40858	0
40859	1
40860	0
40861	1
40862	0
40863	0
40864	0
40865	0
40866	0
40897	1
40898	1
40899	0
40900	0
40901	0
40902	0
41059	0
41060	0
41061	0
41062	0
41063	0
41064	0
41071	0
41072	0
41073	0
41074	0
41075	1
41076	0
41359	0
41360	0
41361	0
41362	0
41363	0
41364	1
41365	0
41366	0
41367	0
41368	0
41369	1
41370	0
41377	2
41378	0
41379	0
41380	0
41381	0
41382	0
41383	0
41384	0
41385	0
41386	0
41387	0
41388	0
41437	2
41438	5
41439	0
41440	2
41441	0
41442	0
41515	0
41516	1
41517	0
41518	1
41519	0
41520	0
41533	0
41534	0
41535	0
41536	0
41537	0
41538	0
41593	6
41594	0
41595	4
41596	0
41597	3
41598	0
41599	0
41600	1
41601	0
41602	0
41603	0
41604	0
41605	0
41606	0
41607	0
41608	2
41609	0
41610	0
41629	0
41630	0
41631	0
41632	0
41633	0
41634	0
41779	0
41780	2
41781	1
41782	1
41783	0
41784	0
41797	0
41798	0
41799	0
41800	0
41801	0
41802	2
41912	0
41914	1
41915	1
41916	0
41917	2
41918	0
41919	0
41920	0
41921	0
41922	0
41959	0
41960	0
41961	1
41962	0
41963	0
41964	1
42049	1
42050	0
42051	0
42052	0
42053	0
42054	0
42067	5
42068	0
42069	3
42070	0
42071	1
42072	0
42073	0
42074	0
42075	1
42076	1
42077	0
42078	0
42091	0
42092	1
42093	0
42094	0
42095	0
42096	0
42109	1
42110	1
42113	0
42114	0
42115	1
42116	1
42117	1
42118	0
42119	0
42120	0
42121	0
42122	0
42123	0
42124	0
42125	0
42126	0
42127	0
42128	0
42129	0
42130	1
42131	0
42132	0
42193	0
42194	0
42195	1
42196	0
42197	0
42198	1
42199	0
42200	0
42201	0
42202	0
42203	2
42204	0
42205	0
42206	0
42207	0
42208	0
42209	1
42210	1
42391	1
42392	3
42393	0
42394	1
42395	0
42396	0
42523	0
42524	0
42525	0
42526	0
42527	0
42528	0
42559	2
42560	0
42561	0
42562	3
42563	3
42564	3
42565	0
42566	1
42567	0
42568	1
42569	1
42570	1
42571	1
42572	0
42573	1
42574	1
42575	0
42576	0
42595	0
42596	0
42597	0
42598	0
42599	1
42600	0
42601	3
42602	0
42603	1
42604	0
42605	0
42606	0
42643	0
42644	1
42645	0
42646	0
42647	0
42648	0
42649	0
42650	0
42651	0
42652	0
42653	0
42654	0
42655	1
42656	1
42657	1
42658	1
42659	2
42660	0
42805	0
42806	0
42807	0
42808	0
42809	0
42810	0
42811	0
42812	0
42813	0
42814	0
42815	0
42816	0
42817	10
42818	0
42819	8
42820	2
42821	2
42822	0
42823	0
42824	0
42825	0
42826	0
42827	0
42828	0
42829	0
42830	0
42831	0
42832	0
42833	0
42834	0
42835	0
42836	0
42837	0
42838	0
42839	0
42840	0
42841	0
42842	0
42843	0
42844	0
42845	0
42846	0
42871	0
42872	0
42873	1
42874	0
42875	1
42876	0
42877	0
42878	0
42879	1
42880	0
42881	0
42882	0
42907	0
42908	0
42909	0
42910	0
42911	0
42912	2
42919	0
42920	0
42921	0
42922	0
42923	0
42924	0
42925	0
42926	2
42927	0
42928	1
42929	0
42930	0
42937	0
42938	0
42939	0
42940	0
42941	0
42942	0
42973	0
42975	0
42976	0
42977	0
42978	0
42979	0
42980	0
42981	0
42982	0
42983	1
42984	0
43033	1
43034	3
43035	0
43036	1
43037	0
43038	1
43039	3
43040	3
43041	2
43042	2
43043	2
43044	1
43045	3
43046	2
43047	3
43048	3
43049	4
43050	2
43051	2
43052	4
43053	1
43054	2
43055	0
43056	0
43153	1
43154	1
43155	0
43156	1
43157	0
43158	1
43159	1
43160	0
43161	1
43162	0
43163	0
43164	0
43165	1
43166	0
43167	1
43168	1
43169	1
43170	1
43172	0
43173	0
43174	0
43175	1
43176	0
43178	0
43179	0
43180	0
43181	1
43182	0
43183	0
43184	0
43185	0
43186	1
43187	1
43188	0
43189	1
43190	0
43191	0
43192	1
43193	1
43194	0
43195	0
43196	0
43197	0
43198	0
43199	0
43200	0
43201	0
43202	0
43203	0
43204	0
43205	0
43206	0
43207	1
43208	0
43209	1
43210	0
43211	0
43212	0
43213	1
43214	0
43215	1
43216	0
43217	0
43218	0
43219	0
43220	0
43221	0
43222	0
43223	0
43224	0
43225	0
43226	0
43227	0
43228	0
43229	0
43230	0
43231	0
43232	0
43233	0
43234	0
43235	0
43236	0
43237	0
43238	0
43239	1
43240	0
43241	1
43242	1
43243	0
43244	1
43245	0
43246	0
43247	0
43248	0
43249	0
43250	1
43251	0
43252	1
43253	0
43254	0
43333	0
43334	0
43335	0
43336	0
43337	0
43338	0
43339	0
43340	1
43341	1
43342	0
43343	0
43344	0
43345	1
43346	3
43347	0
43348	0
43349	0
43350	0
43621	1
43622	2
43623	1
43624	1
43625	0
43626	1
43729	1
43730	2
43731	1
43732	1
43733	0
43734	0
43735	1
43736	1
43737	0
43738	0
43739	0
43740	0
44035	2
44036	0
44037	0
44038	0
44039	0
44040	0
44167	0
44168	0
44169	0
44170	0
44171	0
44172	0
44173	0
44174	0
44175	0
44176	0
44177	0
44178	0
