ObservationID	SubLocationID	Count
146072	9344	0
146072	9345	0
146072	9346	0
146072	9347	2
146072	9348	1
146072	9349	0
146074	9344	0
146074	9345	0
146074	9346	0
146074	9347	0
146074	9348	0
146074	9349	0
146075	9344	0
146075	9345	0
146075	9346	0
146075	9347	0
146075	9348	0
146075	9349	0
146184	8952	0
146184	8953	0
146184	8954	2
146184	8955	1
146184	8956	1
146184	8957	0
146185	8952	0
146185	8953	0
146185	8954	1
146185	8955	0
146185	8956	2
146185	8957	0
146186	8952	0
146186	8953	0
146186	8954	1
146186	8955	0
146186	8956	2
146186	8957	0
146187	9620	0
146187	9621	4
146187	9622	2
146187	9623	2
146187	9624	0
146187	9625	2
146188	9620	2
146188	9621	0
146188	9622	0
146188	9623	0
146188	9624	0
146188	9625	0
146189	9620	0
146189	9621	0
146189	9622	0
146189	9623	0
146189	9624	0
146189	9625	0
146227	9692	0
146227	9693	0
146227	9694	5
146227	9695	0
146227	9696	1
146227	9697	1
146228	9692	0
146228	9693	0
146228	9694	0
146228	9695	0
146228	9696	0
146228	9697	0
146229	9692	0
146229	9693	0
146229	9694	0
146229	9695	0
146229	9696	0
146229	9697	0
146257	9266	0
146257	9267	0
146257	9268	0
146257	9269	0
146257	9270	0
146257	9271	0
146259	9266	0
146259	9267	0
146259	9268	0
146259	9269	0
146259	9270	0
146259	9271	0
146260	9266	0
146260	9267	0
146260	9268	0
146260	9269	0
146260	9270	0
146260	9271	0
146262	9508	1
146262	9509	3
146262	9510	1
146262	9511	3
146262	9512	0
146262	9513	0
146263	9508	2
146263	9509	1
146263	9510	2
146263	9511	2
146263	9512	1
146263	9513	0
146264	9508	1
146264	9509	2
146264	9510	3
146264	9511	1
146264	9512	2
146264	9513	2
146289	9764	0
146289	9765	1
146289	9766	0
146289	9767	0
146289	9768	0
146289	9769	0
146290	9764	0
146290	9765	0
146290	9766	0
146290	9767	0
146290	9768	0
146290	9769	0
146291	9764	0
146291	9765	0
146291	9766	0
146291	9767	0
146291	9768	0
146291	9769	0
146294	8958	0
146294	8959	5
146294	8960	5
146294	8961	0
146294	8962	2
146294	8963	1
146295	8958	0
146295	8959	2
146295	8960	3
146295	8961	0
146295	8962	3
146295	8963	0
146296	8958	0
146296	8959	0
146296	8960	0
146296	8961	3
146296	8962	3
146296	8963	0
146303	9106	0
146303	9107	1
146303	9108	0
146303	9109	1
146303	9110	0
146303	9111	0
146304	9106	0
146304	9107	2
146304	9108	0
146304	9109	0
146304	9110	0
146304	9111	0
146305	9106	1
146305	9107	3
146305	9108	1
146305	9109	1
146305	9110	0
146305	9111	0
146319	9048	0
146319	9049	0
146319	9050	1
146319	9051	0
146319	9052	0
146319	9053	0
146322	9048	0
146322	9049	0
146322	9050	0
146322	9051	0
146322	9052	0
146322	9053	2
146327	9048	0
146327	9049	1
146327	9050	0
146327	9051	0
146327	9052	0
146327	9053	1
146339	9914	0
146339	9915	0
146339	9916	0
146339	9917	0
146339	9918	0
146339	9919	1
146344	9914	0
146344	9915	0
146344	9916	0
146344	9917	0
146344	9918	0
146344	9919	0
146351	9118	0
146351	9119	2
146351	9120	1
146351	9121	0
146351	9122	0
146351	9123	0
146352	9118	0
146352	9119	0
146352	9120	0
146352	9121	3
146352	9122	0
146352	9123	0
146353	9118	0
146353	9119	0
146353	9120	0
146353	9121	0
146353	9122	0
146353	9123	0
146354	9722	2
146354	9723	1
146354	9724	1
146354	9725	0
146354	9726	1
146354	9727	0
146368	9208	0
146368	9209	2
146368	9210	0
146368	9211	0
146368	9212	0
146368	9213	0
146369	9208	0
146369	9209	0
146369	9210	0
146369	9211	0
146369	9212	0
146369	9213	0
146370	9208	0
146370	9209	0
146370	9210	0
146370	9211	0
146370	9212	0
146370	9213	0
146371	9722	0
146371	9723	0
146371	9724	0
146371	9725	0
146371	9726	0
146371	9727	0
146379	9686	0
146379	9687	0
146379	9688	1
146379	9689	0
146379	9690	1
146379	9691	0
146380	9686	0
146380	9687	0
146380	9688	0
146380	9689	2
146380	9690	0
146380	9691	1
146382	9830	0
146382	9831	0
146382	9832	0
146382	9833	0
146382	9834	1
146382	9835	0
146383	9830	0
146383	9831	0
146383	9832	0
146383	9833	0
146383	9834	0
146383	9835	0
146384	9830	0
146384	9831	0
146384	9832	0
146384	9833	0
146384	9834	0
146384	9835	0
146392	9408	0
146392	9409	0
146392	9410	1
146392	9411	2
146392	9412	0
146392	9413	1
146393	9408	0
146393	9409	2
146393	9410	2
146393	9411	0
146393	9412	0
146393	9413	0
146394	9408	0
146394	9409	0
146394	9410	0
146394	9411	0
146394	9412	0
146394	9413	0
146418	9308	0
146418	9309	0
146418	9310	1
146418	9311	0
146418	9312	3
146418	9313	1
146438	9308	0
146438	9309	0
146438	9310	1
146438	9311	1
146438	9312	0
146438	9313	0
146439	9308	0
146439	9309	0
146439	9310	3
146439	9311	1
146439	9312	4
146439	9313	3
146441	9420	0
146441	9421	1
146441	9422	0
146441	9423	0
146441	9424	0
146441	9425	0
146442	9420	0
146442	9421	0
146442	9422	2
146442	9423	0
146442	9424	0
146442	9425	0
146443	9420	0
146443	9421	0
146443	9422	2
146443	9423	0
146443	9424	0
146443	9425	0
146462	9568	0
146462	9569	0
146462	9570	0
146462	9571	0
146462	9572	0
146462	9573	0
146463	9568	0
146463	9569	0
146463	9570	0
146463	9571	0
146463	9572	0
146463	9573	0
146464	9568	0
146464	9569	0
146464	9570	0
146464	9571	0
146464	9572	0
146464	9573	0
146471	9284	0
146471	9285	0
146471	9286	1
146471	9287	0
146471	9288	2
146471	9289	3
146472	9284	0
146472	9285	0
146472	9286	1
146472	9287	0
146472	9288	1
146472	9289	0
146473	9284	0
146473	9285	0
146473	9286	0
146473	9287	0
146473	9288	0
146473	9289	0
146482	10046	0
146482	10047	0
146482	10048	0
146482	10049	3
146482	10050	0
146482	10051	0
146483	10046	1
146483	10047	0
146483	10048	0
146483	10049	1
146483	10050	0
146483	10051	0
146484	10046	3
146484	10047	0
146484	10048	1
146484	10049	0
146484	10050	0
146484	10051	1
146488	9722	0
146488	9723	0
146488	9724	0
146488	9725	0
146488	9726	0
146488	9727	0
146489	8976	0
146489	8977	0
146489	8978	0
146489	8979	0
146489	8980	0
146489	8981	0
146502	9800	0
146502	9801	0
146502	9802	0
146502	9803	0
146502	9804	0
146502	9805	0
146504	9800	0
146504	9801	0
146504	9802	0
146504	9803	0
146504	9804	0
146504	9805	0
146506	9800	0
146506	9801	0
146506	9802	0
146506	9803	0
146506	9804	0
146506	9805	0
146510	8976	0
146510	8977	0
146510	8978	0
146510	8979	0
146510	8980	0
146510	8981	0
146589	9360	0
146589	9361	0
146589	9362	0
146589	9363	0
146589	9364	0
146589	9365	0
146590	9360	0
146590	9361	0
146590	9362	0
146590	9363	1
146590	9364	0
146590	9365	0
146591	9360	2
146591	9361	2
146591	9362	0
146591	9363	1
146591	9364	0
146591	9365	1
146604	9668	2
146604	9669	0
146604	9670	0
146604	9671	0
146604	9672	0
146604	9673	0
146605	9668	0
146605	9669	0
146605	9670	1
146605	9671	0
146605	9672	0
146605	9673	0
146606	9668	0
146606	9669	1
146606	9670	0
146606	9671	0
146606	9672	0
146606	9673	0
146623	9562	0
146623	9563	0
146623	9564	0
146623	9565	0
146623	9566	0
146623	9567	1
146624	9562	0
146624	9563	0
146624	9564	0
146624	9565	0
146624	9566	0
146624	9567	0
146625	9562	0
146625	9563	0
146625	9564	0
146625	9565	0
146625	9566	0
146625	9567	0
146646	9432	0
146646	9433	0
146646	9434	0
146646	9435	0
146646	9436	0
146646	9437	0
146647	9432	0
146647	9433	0
146647	9434	0
146647	9435	0
146647	9436	2
146647	9437	0
146648	9432	0
146648	9433	0
146648	9434	0
146648	9435	0
146648	9436	0
146648	9437	0
146658	9202	0
146658	9203	0
146658	9204	0
146658	9205	0
146658	9206	0
146658	9207	0
146659	9202	0
146659	9203	0
146659	9204	0
146659	9205	0
146659	9206	0
146659	9207	0
146660	9202	0
146660	9203	0
146660	9204	0
146660	9205	0
146660	9206	0
146660	9207	0
146706	9136	0
146706	9137	1
146706	9138	2
146706	9139	1
146706	9140	4
146706	9141	0
146707	9070	0
146707	9071	0
146707	9072	7
146707	9073	0
146707	9074	0
146707	9075	0
146708	9094	0
146708	9095	0
146708	9096	1
146708	9097	3
146708	9098	0
146708	9099	0
146709	9006	5
146709	9007	0
146709	9008	0
146709	9009	0
146709	9010	0
146709	9011	0
146717	8938	0
146717	8939	0
146717	8940	0
146717	8941	0
146717	8942	0
146717	8943	0
146718	9018	0
146718	9019	0
146718	9020	0
146718	9021	0
146718	9022	0
146718	9023	0
146723	9070	0
146723	9071	0
146723	9072	3
146723	9073	0
146723	9074	1
146723	9075	0
146724	9136	2
146724	9137	0
146724	9138	3
146724	9139	0
146724	9140	0
146724	9141	0
146725	9094	0
146725	9095	1
146725	9096	0
146725	9097	4
146725	9098	0
146725	9099	0
146726	10082	0
146726	10083	0
146726	10084	0
146726	10085	0
146726	10086	0
146726	10087	0
146727	10082	0
146727	10083	0
146727	10084	0
146727	10085	0
146727	10086	0
146727	10087	0
146728	10082	0
146728	10083	0
146728	10084	0
146728	10085	1
146728	10086	0
146728	10087	0
146729	9656	2
146729	9657	2
146729	9658	1
146729	9659	3
146729	9660	0
146729	9661	1
146730	9656	0
146730	9657	1
146730	9658	0
146730	9659	0
146730	9660	0
146730	9661	0
146731	9656	0
146731	9657	2
146731	9658	0
146731	9659	0
146731	9660	0
146731	9661	0
146735	9350	2
146735	9351	2
146735	9352	0
146735	9353	5
146736	9350	2
146736	9351	0
146736	9352	0
146736	9353	1
146737	9350	0
146737	9351	0
146737	9352	0
146737	9353	1
146747	10218	1
146747	10219	0
146747	10220	3
146747	10221	0
146748	10218	0
146748	10219	0
146748	10220	0
146748	10221	0
146749	10218	0
146749	10219	0
146749	10220	1
146749	10221	2
146784	10112	0
146784	10113	0
146784	10114	2
146784	10115	5
146784	10116	0
146784	10117	3
146785	9094	0
146785	9095	0
146785	9096	0
146785	9097	0
146785	9098	0
146785	9099	0
146786	9070	0
146786	9071	0
146786	9072	7
146786	9073	0
146786	9074	0
146786	9075	3
146787	9136	0
146787	9137	0
146787	9138	2
146787	9139	2
146787	9140	0
146787	9141	0
146791	9866	0
146791	9867	0
146791	9868	1
146791	9869	1
146791	9870	0
146791	9871	3
146792	9866	0
146792	9867	1
146792	9868	0
146792	9869	1
146792	9870	0
146792	9871	1
146804	8938	0
146804	8939	0
146804	8940	0
146804	8941	0
146804	8942	0
146804	8943	0
146805	8938	0
146805	8939	0
146805	8940	0
146805	8941	0
146805	8942	0
146805	8943	0
146806	9006	0
146806	9007	0
146806	9008	2
146806	9009	0
146806	9010	0
146806	9011	0
146808	9006	0
146808	9007	1
146808	9008	1
146808	9009	0
146808	9010	0
146808	9011	0
146809	9018	0
146809	9019	0
146809	9020	1
146809	9021	0
146809	9022	0
146809	9023	0
146815	9836	2
146815	9837	0
146815	9838	0
146815	9839	0
146815	9840	0
146815	9841	0
146822	9018	0
146822	9019	0
146822	9020	0
146822	9021	0
146822	9022	0
146822	9023	0
146824	10112	0
146824	10113	0
146824	10114	0
146824	10115	1
146824	10116	0
146824	10117	6
146827	9710	2
146827	9711	1
146827	9712	11
146827	9713	2
146827	9714	1
146827	9715	0
146828	9836	0
146828	9837	0
146828	9838	0
146828	9839	0
146828	9840	0
146828	9841	0
146829	9836	0
146829	9837	0
146829	9838	0
146829	9839	0
146829	9840	0
146829	9841	0
146892	9568	0
146892	9569	0
146892	9570	0
146892	9571	0
146892	9572	0
146892	9573	0
147008	9602	0
147008	9603	0
147008	9604	0
147008	9605	0
147008	9606	0
147008	9607	4
147009	9602	0
147009	9603	0
147009	9604	0
147009	9605	0
147009	9606	0
147009	9607	0
147010	9602	0
147010	9603	0
147010	9604	0
147010	9605	0
147010	9606	0
147010	9607	0
147026	10863	0
147026	10864	0
147026	10865	0
147026	10866	0
147026	10867	0
147026	10868	0
147034	10688	0
147034	10689	0
147034	10690	0
147034	10691	1
147034	10692	0
147034	10693	0
147036	11455	1
147036	11456	0
147036	11457	0
147036	11458	0
147036	11459	1
147036	11460	0
147053	11042	0
147053	11043	0
147053	11044	0
147053	11045	0
147053	11046	0
147053	11047	0
147066	11018	1
147066	11019	1
147066	11020	4
147066	11021	0
147066	11022	0
147066	11023	2
147071	11126	0
147071	11127	12
147071	11128	0
147071	11129	22
147071	11130	0
147071	11131	3
147072	11222	0
147072	11223	0
147072	11224	1
147072	11225	0
147072	11226	0
147072	11227	0
147082	9024	0
147082	9025	0
147082	9026	0
147082	9027	0
147083	9024	0
147083	9025	0
147083	9026	1
147083	9027	2
147084	9024	0
147084	9025	0
147084	9026	0
147084	9027	0
147090	10688	0
147090	10689	0
147090	10690	0
147090	10691	1
147090	10692	0
147090	10693	0
147123	10761	0
147123	10762	0
147123	10763	2
147123	10764	0
147123	10765	0
147123	10766	0
147124	10761	0
147124	10762	0
147124	10763	0
147124	10764	0
147124	10765	1
147124	10766	0
147142	10863	0
147142	10864	1
147142	10865	0
147142	10866	0
147142	10867	0
147142	10868	0
147172	11222	0
147172	11223	0
147172	11224	3
147172	11225	0
147172	11226	0
147172	11227	0
147219	11042	0
147219	11043	1
147219	11044	0
147219	11045	0
147219	11046	0
147219	11047	0
147228	10688	0
147228	10689	0
147228	10690	0
147228	10691	2
147228	10692	0
147228	10693	0
147240	11126	0
147240	11127	0
147240	11128	0
147240	11129	0
147240	11130	0
147240	11131	0
147241	11437	0
147241	11438	0
147241	11439	0
147241	11440	1
147241	11441	0
147241	11442	0
147247	9788	0
147247	9789	0
147247	9790	2
147247	9791	0
147247	9792	2
147247	9793	1
147248	9788	0
147248	9789	0
147248	9790	0
147248	9791	0
147248	9792	0
147248	9793	0
147249	9788	0
147249	9789	0
147249	9790	0
147249	9791	0
147249	9792	0
147249	9793	2
147300	9344	0
147300	9345	0
147300	9346	0
147300	9347	2
147300	9348	1
147300	9349	0
147301	9344	0
147301	9345	0
147301	9346	0
147301	9347	0
147301	9348	0
147301	9349	0
147302	9344	0
147302	9345	0
147302	9346	0
147302	9347	0
147302	9348	0
147302	9349	0
147366	11018	1
147366	11019	1
147366	11020	2
147366	11021	0
147366	11022	0
147366	11023	2
147367	11018	0
147367	11019	0
147367	11020	0
147367	11021	0
147367	11022	0
147367	11023	0
147385	9024	0
147385	9025	0
147385	9026	0
147385	9027	0
147421	11222	0
147421	11223	0
147421	11224	2
147421	11225	0
147421	11226	0
147421	11227	0
147422	10803	0
147422	10804	0
147422	10805	0
147422	10806	1
147422	10807	2
147422	10808	0
147423	10731	1
147423	10732	0
147423	10733	0
147423	10734	1
147423	10735	0
147423	10736	0
147424	10803	0
147424	10804	0
147424	10805	0
147424	10806	0
147424	10807	0
147424	10808	0
147425	10731	0
147425	10732	0
147425	10733	0
147425	10734	0
147425	10735	0
147425	10736	1
147426	10803	1
147426	10804	0
147426	10805	1
147426	10806	0
147426	10807	0
147426	10808	0
147427	10731	0
147427	10732	0
147427	10733	0
147427	10734	0
147427	10735	0
147427	10736	0
147512	11455	0
147512	11456	0
147512	11457	0
147512	11458	0
147512	11459	0
147512	11460	0
147518	10761	0
147518	10762	0
147518	10763	0
147518	10764	0
147518	10765	1
147518	10766	1
147529	11042	0
147529	11043	0
147529	11044	0
147529	11045	0
147529	11046	0
147529	11047	0
147857	11455	0
147857	11456	0
147857	11457	0
147857	11458	0
147857	11459	0
147857	11460	0
147866	11168	0
147866	11169	0
147866	11170	0
147866	11171	0
147866	11172	0
147866	11173	0
147867	11168	0
147867	11169	0
147867	11170	0
147867	11171	0
147867	11172	0
147867	11173	0
147868	11168	0
147868	11169	0
147868	11170	0
147868	11171	0
147868	11172	0
147868	11173	0
147869	11006	0
147869	11007	0
147869	11008	0
147869	11009	0
147869	11010	0
147869	11011	0
147870	11006	0
147870	11007	0
147870	11008	1
147870	11009	0
147870	11010	0
147870	11011	0
147881	11228	0
147881	11229	0
147881	11230	0
147881	11231	0
147881	11232	0
147881	11233	0
147883	11228	0
147883	11229	0
147883	11230	0
147883	11231	0
147883	11232	0
147883	11233	0
147885	11228	0
147885	11229	0
147885	11230	0
147885	11231	0
147885	11232	1
147885	11233	0
147893	10863	0
147893	10864	0
147893	10865	1
147893	10866	0
147893	10867	0
147893	10868	0
148367	10797	0
148367	10798	0
148367	10799	0
148367	10800	0
148367	10801	0
148367	10802	0
148369	10797	0
148369	10798	0
148369	10799	0
148369	10800	0
148369	10801	0
148369	10802	0
148371	10797	3
148371	10798	0
148371	10799	0
148371	10800	0
148371	10801	3
148371	10802	0
148491	10874	0
148491	10875	0
148491	10876	0
148491	10877	0
148491	10878	0
148491	10879	0
148492	10874	0
148492	10875	1
148492	10876	0
148492	10877	0
148492	10878	0
148492	10879	0
148493	10874	0
148493	10875	0
148493	10876	0
148493	10877	0
148493	10878	0
148493	10879	0
148510	11455	1
148510	11456	0
148510	11457	0
148510	11458	0
148510	11459	1
148510	11460	0
148511	11455	0
148511	11456	0
148511	11457	0
148511	11458	0
148511	11459	0
148511	11460	0
148584	10964	0
148584	10965	0
148584	10966	0
148584	10967	0
148584	10968	0
148584	10969	0
148603	10964	0
148603	10965	0
148603	10966	0
148603	10967	1
148603	10968	0
148603	10969	0
148604	10964	0
148604	10965	0
148604	10966	0
148604	10967	0
148604	10968	0
148604	10969	0
148640	10779	0
148640	10780	1
148640	10781	0
148640	10782	4
148640	10783	0
148640	10784	0
148702	11658	0
148702	11659	0
148702	11660	0
148702	11661	0
148702	11662	0
148702	11663	0
148703	11658	0
148703	11659	0
148703	11660	0
148703	11661	0
148703	11662	0
148703	11663	0
148719	10779	0
148719	10780	1
148719	10781	0
148719	10782	1
148719	10783	0
148719	10784	0
148720	10779	0
148720	10780	0
148720	10781	0
148720	10782	1
148720	10783	0
148720	10784	0
150173	10833	0
150173	10834	0
150173	10835	0
150173	10836	0
150173	10837	0
150173	10838	0
150174	10833	0
150174	10834	0
150174	10835	2
150174	10836	0
150174	10837	0
150174	10838	0
150175	10833	0
150175	10834	1
150175	10835	1
150175	10836	0
150175	10837	1
150175	10838	0
150518	11006	0
150518	11007	0
150518	11008	0
150518	11009	0
150518	11010	0
150518	11011	0
150525	11168	0
150525	11169	0
150525	11170	0
150525	11171	0
150525	11172	0
150525	11173	0
150532	11006	0
150532	11007	0
150532	11008	1
150532	11009	0
150532	11010	0
150532	11011	0
150542	11168	0
150542	11169	0
150542	11170	0
150542	11171	0
150542	11172	0
150542	11173	0
151835	8976	2
151835	8977	0
151835	8978	0
151835	8979	0
151835	8980	0
151835	8981	0
151836	10779	0
151836	10780	1
151836	10781	0
151836	10782	4
151836	10783	0
151836	10784	0
151837	10779	0
151837	10780	1
151837	10781	0
151837	10782	1
151837	10783	0
151837	10784	0
151838	10779	0
151838	10780	0
151838	10781	0
151838	10782	1
151838	10783	0
151838	10784	0
152028	12466	0
152028	12467	0
152028	12468	0
152028	12469	2
152028	12470	0
152028	12471	1
152031	12203	3
152031	12204	0
152031	12205	0
152031	12206	0
152031	12207	0
152031	12208	0
152078	12203	0
152078	12204	1
152078	12205	0
152078	12206	2
152078	12207	0
152078	12208	1
152159	12680	0
152159	12681	0
152159	12682	0
152159	12683	0
152159	12684	0
152159	12685	0
152160	12680	0
152160	12681	0
152160	12682	0
152160	12683	0
152160	12684	0
152160	12685	0
152161	12680	1
152161	12681	0
152161	12682	0
152161	12683	0
152161	12684	0
152161	12685	0
152164	12394	0
152164	12395	0
152164	12396	0
152164	12397	0
152164	12398	2
152164	12399	0
152165	12394	0
152165	12395	0
152165	12396	0
152165	12397	0
152165	12398	0
152165	12399	0
152231	12304	0
152231	12305	0
152231	12306	0
152231	12307	1
152231	12308	0
152231	12309	0
152232	12304	0
152232	12305	0
152232	12306	0
152232	12307	1
152232	12308	0
152232	12309	0
152234	12304	0
152234	12305	0
152234	12306	1
152234	12307	2
152234	12308	0
152234	12309	2
152237	12304	0
152237	12305	0
152237	12306	1
152237	12307	2
152237	12308	0
152237	12309	2
152246	10785	0
152246	10786	0
152246	10787	0
152246	10788	0
152246	10789	3
152246	10790	0
152247	10785	0
152247	10786	0
152247	10787	0
152247	10788	0
152247	10789	0
152247	10790	0
152248	10785	0
152248	10786	0
152248	10787	0
152248	10788	0
152248	10789	0
152248	10790	0
152351	12161	2
152351	12162	2
152351	12163	2
152351	12164	3
152351	12165	0
152351	12166	1
152464	12161	3
152464	12162	3
152464	12163	0
152464	12164	2
152464	12165	0
152464	12166	2
152465	12161	4
152465	12162	1
152465	12163	2
152465	12164	1
152465	12165	1
152465	12166	3
152504	11228	0
152504	11229	0
152504	11230	0
152504	11231	0
152504	11232	0
152504	11233	0
152509	11228	0
152509	11229	0
152509	11230	0
152509	11231	0
152509	11232	0
152509	11233	0
152512	11228	0
152512	11229	0
152512	11230	0
152512	11231	0
152512	11232	1
152512	11233	0
152584	8976	2
152584	8977	0
152584	8978	0
152584	8979	0
152584	8980	0
152584	8981	0
152589	10761	0
152589	10762	0
152589	10763	2
152589	10764	0
152589	10765	0
152589	10766	0
152590	10761	0
152590	10762	0
152590	10763	0
152590	10764	0
152590	10765	1
152590	10766	0
152591	10761	0
152591	10762	0
152591	10763	0
152591	10764	0
152591	10765	1
152591	10766	1
152595	12161	4
152595	12162	1
152595	12163	2
152595	12164	1
152595	12165	1
152595	12166	3
152596	12161	3
152596	12162	3
152596	12163	0
152596	12164	2
152596	12165	0
152596	12166	2
152597	12161	2
152597	12162	2
152597	12163	2
152597	12164	3
152597	12165	0
152597	12166	1
152604	10964	0
152604	10965	0
152604	10966	0
152604	10967	0
152604	10968	0
152604	10969	0
152605	10964	0
152605	10965	0
152605	10966	0
152605	10967	1
152605	10968	0
152605	10969	0
152606	10964	0
152606	10965	0
152606	10966	0
152606	10967	0
152606	10968	0
152606	10969	0
152610	10874	0
152610	10875	0
152610	10876	0
152610	10877	0
152610	10878	0
152610	10879	0
152612	10874	0
152612	10875	1
152612	10876	0
152612	10877	0
152612	10878	0
152612	10879	0
152616	10874	0
152616	10875	0
152616	10876	0
152616	10877	0
152616	10878	0
152616	10879	0
152895	10785	0
152895	10786	0
152895	10787	0
152895	10788	0
152895	10789	3
152895	10790	0
152901	10785	0
152901	10786	0
152901	10787	0
152901	10788	0
152901	10789	0
152901	10790	0
152910	10785	0
152910	10786	0
152910	10787	0
152910	10788	0
152910	10789	0
152910	10790	0
152933	10797	0
152933	10798	0
152933	10799	0
152933	10800	0
152933	10801	0
152933	10802	0
152935	10797	0
152935	10798	0
152935	10799	0
152935	10800	0
152935	10801	0
152935	10802	0
152937	10797	3
152937	10798	0
152937	10799	0
152937	10800	0
152937	10801	3
152937	10802	0
152970	10688	0
152970	10689	0
152970	10690	0
152970	10691	1
152970	10692	0
152970	10693	0
152971	10688	0
152971	10689	0
152971	10690	0
152971	10691	1
152971	10692	0
152971	10693	0
152974	10688	0
152974	10689	0
152974	10690	0
152974	10691	2
152974	10692	0
152974	10693	0
152986	10803	0
152986	10804	0
152986	10805	0
152986	10806	1
152986	10807	2
152986	10808	0
152987	10803	0
152987	10804	0
152987	10805	0
152987	10806	0
152987	10807	0
152987	10808	0
152988	10731	1
152988	10732	0
152988	10733	0
152988	10734	1
152988	10735	0
152988	10736	0
152989	10731	0
152989	10732	0
152989	10733	0
152989	10734	0
152989	10735	0
152989	10736	1
152990	10803	1
152990	10804	0
152990	10805	1
152990	10806	0
152990	10807	0
152990	10808	0
152991	10731	0
152991	10732	0
152991	10733	0
152991	10734	0
152991	10735	0
152991	10736	0
153024	11658	0
153024	11659	0
153024	11660	0
153024	11661	0
153024	11662	0
153024	11663	0
153025	11658	0
153025	11659	0
153025	11660	0
153025	11661	0
153025	11662	0
153025	11663	0
153136	11018	1
153136	11019	1
153136	11020	4
153136	11021	0
153136	11022	0
153136	11023	2
153137	11018	1
153137	11019	1
153137	11020	2
153137	11021	0
153137	11022	0
153137	11023	2
153138	11018	0
153138	11019	0
153138	11020	0
153138	11021	0
153138	11022	0
153138	11023	0
153141	10833	0
153141	10834	0
153141	10835	2
153141	10836	0
153141	10837	0
153141	10838	0
153142	10833	0
153142	10834	0
153142	10835	0
153142	10836	0
153142	10837	0
153142	10838	0
153143	10833	0
153143	10834	1
153143	10835	1
153143	10836	0
153143	10837	1
153143	10838	0
153248	12203	0
153248	12204	0
153248	12205	0
153248	12206	1
153248	12207	1
153248	12208	0
153252	12203	3
153252	12204	0
153252	12205	0
153252	12206	1
153252	12207	0
153252	12208	3
153253	12203	0
153253	12204	1
153253	12205	0
153253	12206	2
153253	12207	0
153253	12208	1
153265	11222	0
153265	11223	0
153265	11224	1
153265	11225	0
153265	11226	0
153265	11227	0
153266	11222	0
153266	11223	0
153266	11224	2
153266	11225	0
153266	11226	0
153266	11227	0
153267	11222	0
153267	11223	0
153267	11224	3
153267	11225	0
153267	11226	0
153267	11227	0
153268	12466	0
153268	12467	0
153268	12468	0
153268	12469	2
153268	12470	0
153268	12471	1
153383	11042	0
153383	11043	0
153383	11044	0
153383	11045	0
153383	11046	0
153383	11047	0
153384	11042	0
153384	11043	1
153384	11044	0
153384	11045	0
153384	11046	0
153384	11047	0
153385	11042	0
153385	11043	0
153385	11044	0
153385	11045	0
153385	11046	0
153385	11047	0
153466	11437	0
153466	11438	0
153466	11439	0
153466	11440	1
153466	11441	0
153466	11442	0
153467	11126	0
153467	11127	12
153467	11128	0
153467	11129	22
153467	11130	0
153467	11131	3
153468	11126	0
153468	11127	0
153468	11128	0
153468	11129	0
153468	11130	0
153468	11131	0
153469	11437	0
153469	11438	0
153469	11439	0
153469	11440	1
153469	11441	0
153469	11442	0
153633	12304	0
153633	12305	0
153633	12306	1
153633	12307	2
153633	12308	0
153633	12309	2
153634	12304	0
153634	12305	0
153634	12306	1
153634	12307	2
153634	12308	0
153634	12309	2
153676	12680	1
153676	12681	0
153676	12682	0
153676	12683	0
153676	12684	0
153676	12685	0
153681	12394	0
153681	12395	0
153681	12396	0
153681	12397	0
153681	12398	2
153681	12399	0
153682	12394	0
153682	12395	0
153682	12396	0
153682	12397	0
153682	12398	0
153682	12399	0
153683	12466	0
153683	12467	0
153683	12468	0
153683	12469	1
153683	12470	1
153683	12471	1
153806	9710	2
153806	9711	1
153806	9712	11
153806	9713	2
153806	9714	1
153806	9715	0
153809	10863	0
153809	10864	0
153809	10865	0
153809	10866	0
153809	10867	0
153809	10868	0
153810	10863	0
153810	10864	1
153810	10865	0
153810	10866	0
153810	10867	0
153810	10868	0
153811	10863	0
153811	10864	0
153811	10865	1
153811	10866	0
153811	10867	0
153811	10868	0
153923	12466	0
153923	12467	0
153923	12468	0
153923	12469	1
153923	12470	1
153923	12471	1
154263	11407	0
154263	11408	0
154263	11409	0
154263	11410	1
154263	11411	1
154263	11412	0
154264	11407	0
154264	11408	0
154264	11409	0
154264	11410	0
154264	11411	0
154264	11412	0
154267	12514	2
154267	12515	3
154267	12516	1
154267	12517	0
154267	12518	0
154267	12519	0
154268	12514	0
154268	12515	1
154268	12516	0
154268	12517	1
154268	12518	0
154268	12519	1
154269	12514	1
154269	12515	1
154269	12516	1
154269	12517	1
154269	12518	3
154269	12519	2
154331	12514	2
154331	12515	3
154331	12516	1
154331	12517	0
154331	12518	0
154331	12519	0
154332	12514	0
154332	12515	1
154332	12516	0
154332	12517	1
154332	12518	0
154332	12519	1
154333	12514	1
154333	12515	1
154333	12516	1
154333	12517	1
154333	12518	3
154333	12519	2
154334	11407	0
154334	11408	0
154334	11409	0
154334	11410	1
154334	11411	1
154334	11412	0
154335	11407	0
154335	11408	0
154335	11409	0
154335	11410	0
154335	11411	0
154335	11412	0
154829	12412	0
154829	12413	0
154829	12414	0
154829	12415	0
154829	12416	0
154829	12417	0
154830	12412	0
154830	12413	0
154830	12414	0
154830	12415	0
154830	12416	0
154830	12417	0
154831	12412	0
154831	12413	2
154831	12414	0
154831	12415	0
154831	12416	0
154831	12417	0
154848	9058	0
154848	9059	0
154848	9060	0
154848	9061	0
154848	9062	0
154848	9063	0
154849	9058	0
154849	9059	0
154849	9060	0
154849	9061	0
154849	9062	3
154849	9063	0
154850	11030	0
154850	11031	0
154850	11032	0
154850	11033	0
154850	11034	0
154850	11035	0
154851	11030	0
154851	11031	0
154851	11032	0
154851	11033	0
154851	11034	0
154851	11035	0
154852	11030	0
154852	11031	0
154852	11032	0
154852	11033	0
154852	11034	0
154852	11035	0
154856	11347	2
154856	11348	1
154856	11349	4
154856	11350	0
154856	11351	1
154856	11352	0
154857	11347	0
154857	11348	0
154857	11349	0
154857	11350	0
154857	11351	0
154857	11352	0
154858	11347	0
154858	11348	0
154858	11349	0
154858	11350	0
154858	11351	0
154858	11352	0
154872	9508	0
154872	9509	1
154872	9510	1
154872	9511	1
154872	9512	0
154872	9513	3
154873	10046	1
154873	10047	0
154873	10048	2
154873	10049	3
154873	10050	0
154873	10051	2
155019	13140	0
155019	13141	0
155019	13142	0
155019	13143	0
155019	13144	1
155019	13145	0
155025	9420	0
155025	9421	0
155025	9422	2
155025	9423	0
155025	9424	0
155025	9425	0
155042	8952	0
155042	8953	0
155042	8954	2
155042	8955	1
155042	8956	2
155042	8957	1
155074	9408	1
155074	9409	1
155074	9410	0
155074	9411	3
155074	9412	1
155074	9413	0
155075	9866	0
155075	9867	1
155075	9868	0
155075	9869	1
155075	9870	0
155075	9871	0
155089	9830	0
155089	9831	0
155089	9832	0
155089	9833	0
155089	9834	0
155089	9835	0
155112	9106	0
155112	9107	4
155112	9108	0
155112	9109	3
155112	9110	0
155112	9111	0
155120	8976	0
155120	8977	0
155120	8978	0
155120	8979	0
155120	8980	0
155120	8981	0
155189	10046	1
155189	10047	0
155189	10048	0
155189	10049	0
155189	10050	0
155189	10051	0
155191	8952	0
155191	8953	0
155191	8954	0
155191	8955	0
155191	8956	1
155191	8957	0
155205	9420	0
155205	9421	0
155205	9422	0
155205	9423	0
155205	9424	0
155205	9425	0
155207	9722	1
155207	9723	1
155207	9724	2
155207	9725	1
155207	9726	0
155207	9727	0
155217	9508	0
155217	9509	1
155217	9510	0
155217	9511	1
155217	9512	0
155217	9513	0
155219	9408	0
155219	9409	0
155219	9410	0
155219	9411	0
155219	9412	0
155219	9413	0
155221	9106	0
155221	9107	0
155221	9108	0
155221	9109	0
155221	9110	0
155221	9111	0
155229	9686	0
155229	9687	0
155229	9688	0
155229	9689	0
155229	9690	0
155229	9691	1
155230	9686	0
155230	9687	0
155230	9688	0
155230	9689	0
155230	9690	0
155230	9691	0
155236	9360	0
155236	9361	0
155236	9362	0
155236	9363	4
155236	9364	0
155236	9365	2
155242	9284	0
155242	9285	0
155242	9286	0
155242	9287	0
155242	9288	0
155242	9289	0
155245	9284	0
155245	9285	0
155245	9286	0
155245	9287	0
155245	9288	2
155245	9289	5
155254	9866	0
155254	9867	2
155254	9868	0
155254	9869	0
155254	9870	2
155254	9871	2
155257	8952	0
155257	8953	0
155257	8954	2
155257	8955	0
155257	8956	1
155257	8957	0
155261	9722	0
155261	9723	0
155261	9724	0
155261	9725	0
155261	9726	0
155261	9727	0
155547	9508	0
155547	9509	0
155547	9510	2
155547	9511	1
155547	9512	0
155547	9513	0
155574	9602	0
155574	9603	0
155574	9604	0
155574	9605	0
155574	9606	0
155574	9607	0
155575	9602	0
155575	9603	0
155575	9604	0
155575	9605	0
155575	9606	0
155575	9607	2
155576	9602	0
155576	9603	2
155576	9604	0
155576	9605	0
155576	9606	0
155576	9607	1
155608	9420	0
155608	9421	0
155608	9422	0
155608	9423	0
155608	9424	0
155608	9425	0
155609	9568	0
155609	9569	1
155609	9570	1
155609	9571	0
155609	9572	0
155609	9573	2
155612	9568	0
155612	9569	0
155612	9570	0
155612	9571	0
155612	9572	0
155612	9573	0
155614	9568	0
155614	9569	0
155614	9570	0
155614	9571	0
155614	9572	0
155614	9573	0
155618	10046	1
155618	10047	0
155618	10048	0
155618	10049	2
155618	10050	0
155618	10051	0
155620	9048	0
155620	9049	0
155620	9050	1
155620	9051	0
155620	9052	0
155620	9053	2
155621	9048	0
155621	9049	0
155621	9050	0
155621	9051	0
155621	9052	0
155621	9053	1
155622	9048	0
155622	9049	0
155622	9050	0
155622	9051	0
155622	9052	0
155622	9053	0
155632	9866	0
155632	9867	8
155632	9868	0
155632	9869	3
155632	9870	0
155632	9871	2
155638	9830	0
155638	9831	0
155638	9832	0
155638	9833	0
155638	9834	0
155638	9835	0
155639	9830	0
155639	9831	0
155639	9832	0
155639	9833	0
155639	9834	0
155639	9835	0
155640	9722	0
155640	9723	0
155640	9724	0
155640	9725	0
155640	9726	0
155640	9727	0
155644	13191	0
155644	13192	0
155644	13193	0
155644	13194	0
155644	13195	0
155644	13196	0
155645	13191	0
155645	13192	0
155645	13193	0
155645	13194	0
155645	13195	0
155645	13196	0
155646	13191	0
155646	13192	0
155646	13193	0
155646	13194	0
155646	13195	1
155646	13196	0
155648	9686	0
155648	9687	0
155648	9688	0
155648	9689	0
155648	9690	0
155648	9691	0
155784	9106	0
155784	9107	3
155784	9108	0
155784	9109	0
155784	9110	0
155784	9111	0
155788	9408	0
155788	9409	0
155788	9410	0
155788	9411	1
155788	9412	0
155788	9413	0
155793	10112	0
155793	10113	0
155793	10114	0
155793	10115	1
155793	10116	0
155793	10117	1
155794	10112	0
155794	10113	0
155794	10114	0
155794	10115	2
155794	10116	0
155794	10117	0
155795	9094	0
155795	9095	0
155795	9096	0
155795	9097	2
155795	9098	0
155795	9099	0
155796	9094	0
155796	9095	2
155796	9096	0
155796	9097	1
155796	9098	0
155796	9099	0
155797	9136	0
155797	9137	1
155797	9138	2
155797	9139	1
155797	9140	0
155797	9141	0
155798	9136	3
155798	9137	0
155798	9138	1
155798	9139	0
155798	9140	0
155798	9141	0
155799	9070	0
155799	9071	0
155799	9072	4
155799	9073	0
155799	9074	0
155799	9075	1
155800	9070	0
155800	9071	0
155800	9072	1
155800	9073	0
155800	9074	0
155800	9075	0
155801	9006	0
155801	9007	0
155801	9008	0
155801	9009	0
155801	9010	0
155801	9011	0
155803	9562	0
155803	9563	0
155803	9564	0
155803	9565	0
155803	9566	0
155803	9567	0
155804	9344	0
155804	9345	0
155804	9346	0
155804	9347	1
155804	9348	0
155804	9349	0
155805	9344	0
155805	9345	0
155805	9346	0
155805	9347	0
155805	9348	0
155805	9349	0
155806	9344	0
155806	9345	0
155806	9346	0
155806	9347	0
155806	9348	0
155806	9349	0
155809	9018	0
155809	9019	0
155809	9020	0
155809	9021	0
155809	9022	0
155809	9023	0
155824	9018	0
155824	9019	0
155824	9020	2
155824	9021	0
155824	9022	0
155824	9023	0
155991	9692	0
155991	9693	0
155991	9694	0
155991	9695	0
155991	9696	0
155991	9697	2
156000	9692	0
156000	9693	0
156000	9694	0
156000	9695	0
156000	9696	0
156000	9697	0
156008	9692	0
156008	9693	0
156008	9694	0
156008	9695	0
156008	9696	0
156008	9697	0
156061	9562	0
156061	9563	0
156061	9564	0
156061	9565	0
156061	9566	0
156061	9567	1
156073	9094	0
156073	9095	2
156073	9096	0
156073	9097	1
156073	9098	0
156073	9099	0
156074	9070	0
156074	9071	0
156074	9072	4
156074	9073	0
156074	9074	0
156074	9075	1
156121	9202	0
156121	9203	0
156121	9204	1
156121	9205	0
156121	9206	0
156121	9207	0
156122	9202	0
156122	9203	0
156122	9204	0
156122	9205	0
156122	9206	0
156122	9207	0
156123	9202	0
156123	9203	0
156123	9204	0
156123	9205	0
156123	9206	0
156123	9207	0
156304	9620	0
156304	9621	0
156304	9622	0
156304	9623	0
156304	9624	0
156304	9625	0
156348	9106	0
156348	9107	4
156348	9108	0
156348	9109	3
156348	9110	0
156348	9111	0
156349	9106	0
156349	9107	0
156349	9108	0
156349	9109	0
156349	9110	0
156349	9111	0
156350	9106	0
156350	9107	3
156350	9108	0
156350	9109	0
156350	9110	0
156350	9111	0
156386	9344	0
156386	9345	0
156386	9346	0
156386	9347	1
156386	9348	0
156386	9349	0
156387	9344	0
156387	9345	0
156387	9346	0
156387	9347	0
156387	9348	0
156387	9349	0
156388	9344	0
156388	9345	0
156388	9346	0
156388	9347	0
156388	9348	0
156388	9349	0
156433	9202	0
156433	9203	0
156433	9204	1
156433	9205	0
156433	9206	0
156433	9207	0
156435	9202	0
156435	9203	0
156435	9204	0
156435	9205	0
156435	9206	0
156435	9207	0
156437	9202	0
156437	9203	0
156437	9204	0
156437	9205	0
156437	9206	0
156437	9207	0
156441	8952	0
156441	8953	0
156441	8954	2
156441	8955	1
156441	8956	2
156441	8957	1
156442	8952	0
156442	8953	0
156442	8954	0
156442	8955	0
156442	8956	1
156442	8957	0
156443	8952	0
156443	8953	0
156443	8954	2
156443	8955	0
156443	8956	1
156443	8957	0
156463	9562	0
156463	9563	0
156463	9564	0
156463	9565	0
156463	9566	0
156463	9567	0
156467	9508	0
156467	9509	0
156467	9510	2
156467	9511	1
156467	9512	0
156467	9513	0
156468	9508	0
156468	9509	1
156468	9510	1
156468	9511	1
156468	9512	0
156468	9513	3
156469	9508	0
156469	9509	1
156469	9510	0
156469	9511	1
156469	9512	0
156469	9513	0
156470	9866	0
156470	9867	1
156470	9868	0
156470	9869	1
156470	9870	0
156470	9871	0
156471	9866	0
156471	9867	2
156471	9868	0
156471	9869	0
156471	9870	2
156471	9871	2
156472	9866	0
156472	9867	8
156472	9868	0
156472	9869	3
156472	9870	0
156472	9871	2
156503	9830	0
156503	9831	0
156503	9832	0
156503	9833	0
156503	9834	0
156503	9835	0
156504	9830	0
156504	9831	0
156504	9832	0
156504	9833	0
156504	9834	0
156504	9835	0
156505	9830	0
156505	9831	0
156505	9832	0
156505	9833	0
156505	9834	0
156505	9835	0
156531	11030	0
156531	11031	0
156531	11032	0
156531	11033	0
156531	11034	0
156531	11035	0
156532	11030	0
156532	11031	0
156532	11032	0
156532	11033	0
156532	11034	0
156532	11035	0
156533	11030	0
156533	11031	0
156533	11032	0
156533	11033	0
156533	11034	0
156533	11035	0
156537	9408	1
156537	9409	1
156537	9410	0
156537	9411	3
156537	9412	1
156537	9413	0
156538	9420	0
156538	9421	0
156538	9422	0
156538	9423	0
156538	9424	0
156538	9425	0
156539	9408	0
156539	9409	0
156539	9410	0
156539	9411	0
156539	9412	0
156539	9413	0
156540	9420	0
156540	9421	0
156540	9422	0
156540	9423	0
156540	9424	0
156540	9425	0
156541	9408	0
156541	9409	0
156541	9410	0
156541	9411	1
156541	9412	0
156541	9413	0
156542	9048	0
156542	9049	0
156542	9050	1
156542	9051	0
156542	9052	0
156542	9053	2
156543	9048	0
156543	9049	0
156543	9050	0
156543	9051	0
156543	9052	0
156543	9053	1
156544	9048	0
156544	9049	0
156544	9050	0
156544	9051	0
156544	9052	0
156544	9053	0
156581	10046	1
156581	10047	0
156581	10048	2
156581	10049	3
156581	10050	0
156581	10051	2
156582	10046	1
156582	10047	0
156582	10048	0
156582	10049	0
156582	10050	0
156582	10051	0
156583	10046	1
156583	10047	0
156583	10048	0
156583	10049	2
156583	10050	0
156583	10051	0
156607	9722	1
156607	9723	1
156607	9724	2
156607	9725	1
156607	9726	0
156607	9727	0
156608	9722	0
156608	9723	0
156608	9724	0
156608	9725	0
156608	9726	0
156608	9727	0
156609	9722	0
156609	9723	0
156609	9724	0
156609	9725	0
156609	9726	0
156609	9727	0
156610	9686	0
156610	9687	0
156610	9688	0
156610	9689	0
156610	9690	0
156610	9691	1
156611	9686	0
156611	9687	0
156611	9688	0
156611	9689	0
156611	9690	0
156611	9691	0
156612	9686	0
156612	9687	0
156612	9688	0
156612	9689	0
156612	9690	0
156612	9691	0
156625	13191	0
156625	13192	0
156625	13193	0
156625	13194	0
156625	13195	0
156625	13196	0
156626	13191	0
156626	13192	0
156626	13193	0
156626	13194	0
156626	13195	0
156626	13196	0
156627	13191	0
156627	13192	0
156627	13193	0
156627	13194	0
156627	13195	1
156627	13196	0
156683	12412	0
156683	12413	2
156683	12414	0
156683	12415	0
156683	12416	0
156683	12417	0
156685	12412	0
156685	12413	0
156685	12414	0
156685	12415	0
156685	12416	0
156685	12417	0
156687	12412	0
156687	12413	0
156687	12414	0
156687	12415	0
156687	12416	0
156687	12417	0
156689	9602	0
156689	9603	0
156689	9604	0
156689	9605	0
156689	9606	0
156689	9607	0
156690	9602	0
156690	9603	0
156690	9604	0
156690	9605	0
156690	9606	0
156690	9607	2
156691	9602	0
156691	9603	2
156691	9604	0
156691	9605	0
156691	9606	0
156691	9607	1
156698	9692	0
156698	9693	0
156698	9694	0
156698	9695	0
156698	9696	0
156698	9697	2
156699	9692	0
156699	9693	0
156699	9694	0
156699	9695	0
156699	9696	0
156699	9697	0
156700	9692	0
156700	9693	0
156700	9694	0
156700	9695	0
156700	9696	0
156700	9697	0
156701	11347	2
156701	11348	1
156701	11349	4
156701	11350	0
156701	11351	1
156701	11352	0
156702	11347	0
156702	11348	0
156702	11349	0
156702	11350	0
156702	11351	0
156702	11352	0
156703	11347	0
156703	11348	0
156703	11349	0
156703	11350	0
156703	11351	0
156703	11352	0
156705	9568	0
156705	9569	1
156705	9570	1
156705	9571	0
156705	9572	0
156705	9573	2
156706	9568	0
156706	9569	0
156706	9570	0
156706	9571	0
156706	9572	0
156706	9573	0
156708	9568	0
156708	9569	0
156708	9570	0
156708	9571	0
156708	9572	0
156708	9573	0
156744	9432	0
156744	9433	0
156744	9434	0
156744	9435	0
156744	9436	0
156744	9437	0
156746	9432	0
156746	9433	0
156746	9434	0
156746	9435	0
156746	9436	0
156746	9437	0
156748	9432	0
156748	9433	0
156748	9434	0
156748	9435	0
156748	9436	0
156748	9437	0
156761	9208	6
156761	9209	0
156761	9210	0
156761	9211	0
156761	9212	0
156761	9213	0
156762	9208	0
156762	9209	0
156762	9210	0
156762	9211	0
156762	9212	0
156762	9213	0
156763	9208	1
156763	9209	0
156763	9210	0
156763	9211	0
156763	9212	0
156763	9213	0
156776	9118	0
156776	9119	0
156776	9120	1
156776	9121	0
156776	9122	0
156776	9123	0
156777	9118	0
156777	9119	0
156777	9120	0
156777	9121	0
156777	9122	0
156777	9123	0
156778	9118	0
156778	9119	0
156778	9120	0
156778	9121	1
156778	9122	0
156778	9123	0
156785	9432	0
156785	9433	0
156785	9434	0
156785	9435	0
156785	9436	0
156785	9437	0
156788	9432	0
156788	9433	0
156788	9434	0
156788	9435	0
156788	9436	0
156788	9437	0
156790	9432	0
156790	9433	0
156790	9434	0
156790	9435	0
156790	9436	0
156790	9437	0
156794	9118	0
156794	9119	0
156794	9120	1
156794	9121	0
156794	9122	0
156794	9123	0
156795	9118	0
156795	9119	0
156795	9120	0
156795	9121	0
156795	9122	0
156795	9123	0
156796	9118	0
156796	9119	0
156796	9120	0
156796	9121	1
156796	9122	0
156796	9123	0
156797	9208	6
156797	9209	0
156797	9210	0
156797	9211	0
156797	9212	0
156797	9213	0
156798	9208	0
156798	9209	0
156798	9210	0
156798	9211	0
156798	9212	0
156798	9213	0
156799	9208	1
156799	9209	0
156799	9210	0
156799	9211	0
156799	9212	0
156799	9213	0
156812	9562	0
156812	9563	0
156812	9564	0
156812	9565	0
156812	9566	0
156812	9567	1
156813	9562	0
156813	9563	0
156813	9564	0
156813	9565	0
156813	9566	0
156813	9567	0
156814	9562	0
156814	9563	0
156814	9564	0
156814	9565	0
156814	9566	0
156814	9567	0
156830	8958	2
156830	8959	0
156830	8960	1
156830	8961	3
156830	8962	1
156830	8963	2
156831	8958	2
156831	8959	1
156831	8960	3
156831	8961	1
156831	8962	2
156831	8963	2
156833	9668	1
156833	9669	0
156833	9670	0
156833	9671	0
156833	9672	0
156833	9673	0
156834	9668	0
156834	9669	0
156834	9670	0
156834	9671	0
156834	9672	0
156834	9673	0
156835	9668	0
156835	9669	0
156835	9670	0
156835	9671	0
156835	9672	0
156835	9673	0
156842	9764	0
156842	9765	0
156842	9766	0
156842	9767	0
156842	9768	1
156842	9769	0
156843	9764	0
156843	9765	0
156843	9766	0
156843	9767	0
156843	9768	0
156843	9769	0
156844	9764	0
156844	9765	0
156844	9766	0
156844	9767	0
156844	9768	0
156844	9769	0
156937	8976	0
156937	8977	0
156937	8978	0
156937	8979	0
156937	8980	0
156937	8981	0
156957	8938	0
156957	8939	1
156957	8940	0
156957	8941	0
156957	8942	0
156957	8943	0
156958	8938	0
156958	8939	0
156958	8940	0
156958	8941	0
156958	8942	0
156958	8943	0
156959	8938	0
156959	8939	0
156959	8940	0
156959	8941	0
156959	8942	0
156959	8943	0
157054	9914	0
157054	9915	0
157054	9916	0
157054	9917	1
157054	9918	0
157054	9919	3
157061	9800	0
157061	9801	0
157061	9802	0
157061	9803	4
157061	9804	0
157061	9805	2
157062	9800	0
157062	9801	0
157062	9802	0
157062	9803	0
157062	9804	0
157062	9805	0
157168	9308	0
157168	9309	2
157168	9310	0
157168	9311	0
157168	9312	1
157168	9313	0
157169	9308	0
157169	9309	0
157169	9310	0
157169	9311	0
157169	9312	0
157169	9313	0
157170	9308	0
157170	9309	0
157170	9310	0
157170	9311	0
157170	9312	0
157170	9313	0
157181	9620	0
157181	9621	0
157181	9622	0
157181	9623	0
157181	9624	0
157181	9625	0
157182	8976	1
157182	8977	0
157182	8978	0
157182	8979	0
157182	8980	0
157182	8981	0
157313	9266	0
157313	9267	0
157313	9268	0
157313	9269	0
157313	9270	0
157313	9271	0
157314	9266	0
157314	9267	0
157314	9268	0
157314	9269	0
157314	9270	0
157314	9271	0
157315	9266	0
157315	9267	0
157315	9268	1
157315	9269	0
157315	9270	0
157315	9271	0
157325	10761	0
157325	10762	0
157325	10763	0
157325	10764	0
157325	10765	4
157325	10766	2
157326	11018	0
157326	11019	0
157326	11020	0
157326	11021	0
157326	11022	1
157326	11023	1
157333	9058	0
157333	9059	0
157333	9060	0
157333	9061	0
157333	9062	0
157333	9063	0
157334	9058	0
157334	9059	0
157334	9060	0
157334	9061	0
157334	9062	2
157334	9063	0
157335	9058	0
157335	9059	0
157335	9060	0
157335	9061	0
157335	9062	0
157335	9063	0
157338	10833	1
157338	10834	1
157338	10835	2
157338	10836	1
157338	10837	2
157338	10838	2
157341	11030	0
157341	11031	0
157341	11032	0
157341	11033	0
157341	11034	0
157341	11035	0
157344	10731	1
157344	10732	0
157344	10733	1
157344	10734	0
157344	10735	0
157344	10736	0
157346	10803	1
157346	10804	0
157346	10805	1
157346	10806	5
157346	10807	0
157346	10808	0
157349	10688	0
157349	10689	0
157349	10690	0
157349	10691	0
157349	10692	1
157349	10693	0
157364	9656	0
157364	9657	1
157364	9658	0
157364	9659	0
157364	9660	0
157364	9661	1
157365	9656	0
157365	9657	1
157365	9658	0
157365	9659	0
157365	9660	0
157365	9661	0
157366	11347	0
157366	11348	0
157366	11349	0
157366	11350	0
157366	11351	0
157366	11352	1
157377	10863	0
157377	10864	0
157377	10865	0
157377	10866	0
157377	10867	0
157377	10868	0
157416	10688	0
157416	10689	0
157416	10690	0
157416	10691	0
157416	10692	0
157416	10693	0
157417	10218	0
157417	10219	0
157417	10220	0
157417	10221	1
157418	10218	2
157418	10219	0
157418	10220	1
157418	10221	2
157421	9350	0
157421	9351	0
157421	9352	0
157421	9353	3
157422	9350	0
157422	9351	0
157422	9352	0
157422	9353	1
157423	11018	0
157423	11019	0
157423	11020	0
157423	11021	0
157423	11022	0
157423	11023	0
157424	10761	0
157424	10762	0
157424	10763	0
157424	10764	0
157424	10765	2
157424	10766	0
157438	10833	0
157438	10834	0
157438	10835	2
157438	10836	0
157438	10837	1
157438	10838	2
157456	11347	0
157456	11348	0
157456	11349	0
157456	11350	0
157456	11351	0
157456	11352	0
157485	9788	0
157485	9789	0
157485	9790	0
157485	9791	3
157485	9792	0
157485	9793	0
157486	9788	0
157486	9789	0
157486	9790	0
157486	9791	1
157486	9792	0
157486	9793	0
157487	9788	0
157487	9789	2
157487	9790	0
157487	9791	0
157487	9792	0
157487	9793	0
157502	10688	0
157502	10689	0
157502	10690	0
157502	10691	0
157502	10692	0
157502	10693	0
157581	10761	0
157581	10762	0
157581	10763	0
157581	10764	0
157581	10765	0
157581	10766	1
157586	11228	0
157586	11229	0
157586	11230	0
157586	11231	0
157586	11232	0
157586	11233	0
157587	11228	0
157587	11229	0
157587	11230	0
157587	11231	0
157587	11232	0
157587	11233	0
157588	11228	0
157588	11229	0
157588	11230	0
157588	11231	0
157588	11232	0
157588	11233	0
157595	11042	0
157595	11043	0
157595	11044	0
157595	11045	0
157595	11046	0
157595	11047	0
157597	11042	0
157597	11043	0
157597	11044	0
157597	11045	0
157597	11046	0
157597	11047	0
157598	11042	0
157598	11043	0
157598	11044	0
157598	11045	0
157598	11046	0
157598	11047	0
157611	11018	0
157611	11019	0
157611	11020	1
157611	11021	0
157611	11022	0
157611	11023	0
157621	11347	0
157621	11348	0
157621	11349	0
157621	11350	0
157621	11351	0
157621	11352	0
157627	10833	0
157627	10834	0
157627	10835	1
157627	10836	0
157627	10837	0
157627	10838	0
157645	10964	0
157645	10965	0
157645	10966	0
157645	10967	0
157645	10968	0
157645	10969	0
157646	10964	1
157646	10965	0
157646	10966	0
157646	10967	0
157646	10968	0
157646	10969	0
157647	10964	0
157647	10965	0
157647	10966	0
157647	10967	0
157647	10968	0
157647	10969	0
157648	10863	0
157648	10864	0
157648	10865	0
157648	10866	0
157648	10867	0
157648	10868	0
157669	11006	0
157669	11007	0
157669	11008	0
157669	11009	4
157669	11010	0
157669	11011	0
157670	11006	0
157670	11007	0
157670	11008	0
157670	11009	0
157670	11010	0
157670	11011	0
157694	10874	0
157694	10875	1
157694	10876	0
157694	10877	2
157694	10878	0
157694	10879	0
157695	10874	0
157695	10875	0
157695	10876	0
157695	10877	0
157695	10878	0
157695	10879	0
157697	10874	0
157697	10875	0
157697	10876	0
157697	10877	0
157697	10878	0
157697	10879	0
157708	11455	0
157708	11456	0
157708	11457	0
157708	11458	0
157708	11459	0
157708	11460	0
157709	11455	0
157709	11456	0
157709	11457	0
157709	11458	0
157709	11459	0
157709	11460	0
157710	11455	0
157710	11456	0
157710	11457	0
157710	11458	0
157710	11459	0
157710	11460	0
157711	10785	3
157711	10786	0
157711	10787	0
157711	10788	1
157711	10789	1
157711	10790	0
157712	10785	0
157712	10786	0
157712	10787	0
157712	10788	0
157712	10789	0
157712	10790	0
157713	10785	0
157713	10786	0
157713	10787	0
157713	10788	0
157713	10789	0
157713	10790	0
157732	11168	0
157732	11169	0
157732	11170	0
157732	11171	4
157732	11172	0
157732	11173	0
157733	11168	0
157733	11169	0
157733	11170	1
157733	11171	0
157733	11172	0
157733	11173	1
157749	10797	0
157749	10798	0
157749	10799	0
157749	10800	0
157749	10801	0
157749	10802	0
157751	10797	0
157751	10798	0
157751	10799	2
157751	10800	0
157751	10801	0
157751	10802	0
157877	9058	0
157877	9059	0
157877	9060	0
157877	9061	0
157877	9062	0
157877	9063	0
157879	9058	0
157879	9059	0
157879	9060	0
157879	9061	0
157879	9062	3
157879	9063	0
157880	9058	0
157880	9059	0
157880	9060	0
157880	9061	0
157880	9062	0
157880	9063	0
157881	9058	0
157881	9059	0
157881	9060	0
157881	9061	0
157881	9062	2
157881	9063	0
157882	9058	0
157882	9059	0
157882	9060	0
157882	9061	0
157882	9062	0
157882	9063	0
157895	11347	0
157895	11348	0
157895	11349	0
157895	11350	0
157895	11351	0
157895	11352	1
157896	11347	0
157896	11348	0
157896	11349	0
157896	11350	0
157896	11351	0
157896	11352	0
157897	11347	0
157897	11348	0
157897	11349	0
157897	11350	0
157897	11351	0
157897	11352	0
157904	9668	1
157904	9669	0
157904	9670	0
157904	9671	0
157904	9672	0
157904	9673	0
157905	9668	0
157905	9669	0
157905	9670	0
157905	9671	0
157905	9672	0
157905	9673	0
157906	9668	0
157906	9669	0
157906	9670	0
157906	9671	0
157906	9672	0
157906	9673	0
157922	10964	0
157922	10965	0
157922	10966	0
157922	10967	0
157922	10968	0
157922	10969	0
157923	10964	1
157923	10965	0
157923	10966	0
157923	10967	0
157923	10968	0
157923	10969	0
157924	10964	0
157924	10965	0
157924	10966	0
157924	10967	0
157924	10968	0
157924	10969	0
159006	8958	2
159006	8959	0
159006	8960	1
159006	8961	3
159006	8962	1
159006	8963	2
159007	8958	2
159007	8959	1
159007	8960	3
159007	8961	1
159007	8962	2
159007	8963	2
159009	11168	0
159009	11169	0
159009	11170	0
159009	11171	4
159009	11172	0
159009	11173	0
159014	11168	0
159014	11169	0
159014	11170	1
159014	11171	0
159014	11172	0
159014	11173	1
159015	11006	0
159015	11007	0
159015	11008	0
159015	11009	4
159015	11010	0
159015	11011	0
159019	11006	0
159019	11007	0
159019	11008	0
159019	11009	0
159019	11010	0
159019	11011	0
159164	10779	0
159164	10780	0
159164	10781	0
159164	10782	2
159164	10783	0
159164	10784	0
159165	10779	0
159165	10780	1
159165	10781	0
159165	10782	1
159165	10783	0
159165	10784	0
159166	10779	0
159166	10780	0
159166	10781	0
159166	10782	0
159166	10783	0
159166	10784	0
159169	11126	0
159169	11127	0
159169	11128	0
159169	11129	0
159169	11130	0
159169	11131	0
159170	11126	0
159170	11127	0
159170	11128	0
159170	11129	0
159170	11130	0
159170	11131	0
159171	11437	1
159171	11438	0
159171	11439	0
159171	11440	0
159171	11441	0
159171	11442	0
159172	11437	0
159172	11438	1
159172	11439	0
159172	11440	1
159172	11441	0
159172	11442	0
159173	11126	0
159173	11127	0
159173	11128	0
159173	11129	0
159173	11130	0
159173	11131	0
159174	11437	0
159174	11438	0
159174	11439	0
159174	11440	0
159174	11441	0
159174	11442	0
159190	12394	0
159190	12395	0
159190	12396	30
159190	12397	0
159190	12398	2
159190	12399	0
159212	11030	0
159212	11031	0
159212	11032	0
159212	11033	1
159212	11034	0
159212	11035	0
159213	11030	0
159213	11031	0
159213	11032	0
159213	11033	0
159213	11034	0
159213	11035	0
159218	12680	0
159218	12681	0
159218	12682	0
159218	12683	0
159218	12684	0
159218	12685	0
159250	12203	0
159250	12204	0
159250	12205	0
159250	12206	0
159250	12207	0
159250	12208	3
159340	13140	0
159340	13141	0
159340	13142	0
159340	13143	0
159340	13144	0
159340	13145	0
159342	13140	0
159342	13141	0
159342	13142	0
159342	13143	0
159342	13144	0
159342	13145	0
159386	12412	3
159386	12413	0
159386	12414	0
159386	12415	0
159386	12416	2
159386	12417	0
159413	12680	0
159413	12681	0
159413	12682	1
159413	12683	0
159413	12684	0
159413	12685	0
159558	12203	0
159558	12204	0
159558	12205	1
159558	12206	2
159558	12207	2
159558	12208	3
159559	12203	0
159559	12204	1
159559	12205	0
159559	12206	1
159559	12207	0
159559	12208	1
159610	12466	0
159610	12467	0
159610	12468	0
159610	12469	1
159610	12470	0
159610	12471	0
159611	12466	0
159611	12467	1
159611	12468	0
159611	12469	0
159611	12470	0
159611	12471	1
159694	12304	0
159694	12305	0
159694	12306	0
159694	12307	1
159694	12308	0
159694	12309	1
159828	12304	1
159828	12305	0
159828	12306	1
159828	12307	0
159828	12308	0
159828	12309	0
159829	12304	0
159829	12305	0
159829	12306	2
159829	12307	1
159829	12308	0
159829	12309	0
159849	12514	0
159849	12515	0
159849	12516	0
159849	12517	0
159849	12518	1
159849	12519	3
159850	12514	0
159850	12515	1
159850	12516	0
159850	12517	0
159850	12518	0
159850	12519	2
159851	12514	0
159851	12515	0
159851	12516	1
159851	12517	1
159851	12518	0
159851	12519	0
159852	11407	0
159852	11408	1
159852	11409	0
159852	11410	0
159852	11411	4
159852	11412	3
159853	11407	0
159853	11408	0
159853	11409	0
159853	11410	0
159853	11411	0
159853	11412	0
159866	11407	0
159866	11408	0
159866	11409	0
159866	11410	0
159866	11411	0
159866	11412	0
159883	9006	2
159883	9007	0
159883	9008	0
159883	9009	0
159883	9010	0
159883	9011	0
159990	12161	4
159990	12162	4
159990	12163	2
159990	12164	6
159990	12165	2
159990	12166	3
159991	12161	1
159991	12162	2
159991	12163	2
159991	12164	2
159991	12165	2
159991	12166	1
160148	8976	0
160148	8977	0
160148	8978	0
160148	8979	0
160148	8980	0
160148	8981	0
160152	8952	0
160152	8953	0
160152	8954	0
160152	8955	0
160152	8956	0
160152	8957	0
160154	9408	0
160154	9409	0
160154	9410	2
160154	9411	0
160154	9412	0
160154	9413	0
160157	9420	0
160157	9421	0
160157	9422	0
160157	9423	0
160157	9424	1
160157	9425	0
160160	9024	0
160160	9025	0
160160	9026	0
160160	9027	5
160160	9028	0
160160	9029	0
160172	9048	0
160172	9049	0
160172	9050	1
160172	9051	0
160172	9052	0
160172	9053	0
160189	9830	0
160189	9831	0
160189	9832	2
160189	9833	0
160189	9834	2
160189	9835	0
160192	13140	0
160192	13141	0
160192	13142	0
160192	13143	0
160192	13144	1
160192	13145	0
160197	9094	2
160197	9095	2
160197	9096	0
160197	9097	1
160197	9098	0
160197	9099	1
160199	9568	1
160199	9569	0
160199	9570	0
160199	9571	0
160199	9572	0
160199	9573	0
160202	9308	0
160202	9309	0
160202	9310	0
160202	9311	1
160202	9312	2
160202	9313	0
160208	8976	0
160208	8977	0
160208	8978	0
160208	8979	0
160208	8980	0
160208	8981	0
160267	8952	0
160267	8953	0
160267	8954	1
160267	8955	0
160267	8956	0
160267	8957	0
160271	9836	0
160271	9837	0
160271	9838	0
160271	9839	1
160271	9840	0
160271	9841	1
160272	9710	1
160272	9711	0
160272	9712	1
160272	9713	0
160272	9714	0
160272	9715	0
160273	9710	0
160273	9711	0
160273	9712	0
160273	9713	0
160273	9714	0
160273	9715	2
160274	9836	0
160274	9837	0
160274	9838	0
160274	9839	0
160274	9840	0
160274	9841	0
160277	9408	0
160277	9409	0
160277	9410	1
160277	9411	0
160277	9412	0
160277	9413	0
160282	9722	0
160282	9723	0
160282	9724	0
160282	9725	2
160282	9726	0
160282	9727	4
160293	9420	0
160293	9421	0
160293	9422	0
160293	9423	0
160293	9424	0
160293	9425	0
160294	9048	0
160294	9049	0
160294	9050	0
160294	9051	0
160294	9052	0
160294	9053	0
160300	9094	0
160300	9095	0
160300	9096	0
160300	9097	1
160300	9098	0
160300	9099	0
160306	13140	0
160306	13141	0
160306	13142	0
160306	13143	0
160306	13144	0
160306	13145	0
160309	9024	0
160309	9025	0
160309	9026	0
160309	9027	2
160309	9028	0
160309	9029	0
160310	9568	0
160310	9569	0
160310	9570	0
160310	9571	0
160310	9572	0
160310	9573	0
160315	9202	0
160315	9203	0
160315	9204	0
160315	9205	0
160315	9206	0
160315	9207	0
160330	9764	0
160330	9765	0
160330	9766	0
160330	9767	0
160330	9768	0
160330	9769	0
160337	9508	0
160337	9509	0
160337	9510	0
160337	9511	0
160337	9512	0
160337	9513	0
160343	8976	0
160343	8977	0
160343	8978	0
160343	8979	0
160343	8980	0
160343	8981	0
160346	8952	0
160346	8953	0
160346	8954	0
160346	8955	0
160346	8956	0
160346	8957	0
160358	9024	0
160358	9025	0
160358	9026	0
160358	9027	0
160358	9028	0
160358	9029	0
160377	9118	0
160377	9119	0
160377	9120	1
160377	9121	0
160377	9122	2
160377	9123	0
160378	9118	0
160378	9119	0
160378	9120	0
160378	9121	0
160378	9122	0
160378	9123	0
160379	9118	0
160379	9119	0
160379	9120	0
160379	9121	0
160379	9122	0
160379	9123	0
160382	9602	0
160382	9603	0
160382	9604	0
160382	9605	0
160382	9606	0
160382	9607	1
160383	9602	0
160383	9603	0
160383	9604	0
160383	9605	0
160383	9606	0
160383	9607	0
160384	9602	0
160384	9603	0
160384	9604	0
160384	9605	0
160384	9606	0
160384	9607	1
160393	9620	0
160393	9621	0
160393	9622	0
160393	9623	0
160393	9624	0
160393	9625	0
160394	9620	0
160394	9621	0
160394	9622	0
160394	9623	0
160394	9624	0
160394	9625	0
160395	9620	0
160395	9621	0
160395	9622	0
160395	9623	3
160395	9624	1
160395	9625	0
160396	9620	0
160396	9621	0
160396	9622	0
160396	9623	3
160396	9624	1
160396	9625	0
160397	9620	0
160397	9621	0
160397	9622	0
160397	9623	0
160397	9624	0
160397	9625	0
160398	9620	0
160398	9621	0
160398	9622	0
160398	9623	0
160398	9624	0
160398	9625	0
160403	9094	0
160403	9095	0
160403	9096	0
160403	9097	0
160403	9098	0
160403	9099	0
160407	9202	0
160407	9203	0
160407	9204	0
160407	9205	0
160407	9206	0
160407	9207	0
160408	13140	0
160408	13141	0
160408	13142	0
160408	13143	0
160408	13144	0
160408	13145	0
160409	8958	0
160409	8959	3
160409	8960	0
160409	8961	6
160409	8962	1
160409	8963	1
160410	8958	1
160410	8959	1
160410	8960	3
160410	8961	1
160410	8962	1
160410	8963	0
160419	9344	0
160419	9345	0
160419	9346	0
160419	9347	0
160419	9348	2
160419	9349	0
160420	9344	0
160420	9345	0
160420	9346	0
160420	9347	0
160420	9348	0
160420	9349	0
160421	9344	0
160421	9345	0
160421	9346	0
160421	9347	0
160421	9348	0
160421	9349	0
160423	9710	0
160423	9711	0
160423	9712	0
160423	9713	0
160423	9714	0
160423	9715	0
160424	9836	0
160424	9837	0
160424	9838	0
160424	9839	0
160424	9840	0
160424	9841	0
160425	9568	0
160425	9569	0
160425	9570	0
160425	9571	0
160425	9572	0
160425	9573	0
160437	9408	0
160437	9409	0
160437	9410	0
160437	9411	2
160437	9412	0
160437	9413	0
160438	9420	0
160438	9421	0
160438	9422	0
160438	9423	0
160438	9424	0
160438	9425	0
160439	9048	0
160439	9049	0
160439	9050	0
160439	9051	0
160439	9052	0
160439	9053	0
160451	9722	0
160451	9723	1
160451	9724	1
160451	9725	1
160451	9726	0
160451	9727	1
160456	9686	0
160456	9687	0
160456	9688	1
160456	9689	0
160456	9690	1
160456	9691	1
160457	9686	0
160457	9687	0
160457	9688	0
160457	9689	1
160457	9690	0
160457	9691	1
160458	9686	0
160458	9687	0
160458	9688	0
160458	9689	0
160458	9690	0
160458	9691	0
160471	9508	0
160471	9509	1
160471	9510	0
160471	9511	0
160471	9512	0
160471	9513	0
160475	9830	0
160475	9831	0
160475	9832	0
160475	9833	0
160475	9834	0
160475	9835	0
160477	9668	0
160477	9669	0
160477	9670	0
160477	9671	1
160477	9672	2
160477	9673	0
160478	9668	0
160478	9669	0
160478	9670	0
160478	9671	0
160478	9672	0
160478	9673	0
160479	9668	1
160479	9669	0
160479	9670	0
160479	9671	0
160479	9672	0
160479	9673	0
160494	9432	0
160494	9433	0
160494	9434	0
160494	9435	0
160494	9436	0
160494	9437	0
160496	9432	0
160496	9433	0
160496	9434	1
160496	9435	0
160496	9436	0
160496	9437	0
160498	9432	0
160498	9433	0
160498	9434	0
160498	9435	0
160498	9436	0
160498	9437	0
160508	8938	0
160508	8939	0
160508	8940	0
160508	8941	0
160508	8942	0
160508	8943	1
160509	8938	0
160509	8939	0
160509	8940	0
160509	8941	0
160509	8942	0
160509	8943	0
160510	8938	0
160510	8939	0
160510	8940	0
160510	8941	0
160510	8942	0
160510	8943	0
160548	9208	3
160548	9209	0
160548	9210	0
160548	9211	0
160548	9212	0
160548	9213	0
160549	9208	2
160549	9209	0
160549	9210	0
160549	9211	0
160549	9212	0
160549	9213	0
160550	9208	0
160550	9209	0
160550	9210	0
160550	9211	0
160550	9212	0
160550	9213	0
160566	10046	0
160566	10047	2
160566	10048	0
160566	10049	1
160566	10050	0
160566	10051	0
160568	10046	0
160568	10047	0
160568	10048	0
160568	10049	0
160568	10050	1
160568	10051	1
160570	10046	0
160570	10047	1
160570	10048	0
160570	10049	1
160570	10050	0
160570	10051	0
160618	11658	0
160618	11659	0
160618	11660	0
160618	11661	1
160618	11662	0
160618	11663	14
160619	11658	0
160619	11659	0
160619	11660	0
160619	11661	0
160619	11662	0
160619	11663	0
160632	9800	0
160632	9801	0
160632	9802	0
160632	9803	0
160632	9804	2
160632	9805	0
160633	9800	0
160633	9801	0
160633	9802	0
160633	9803	0
160633	9804	0
160633	9805	0
160643	13191	0
160643	13192	0
160643	13193	0
160643	13194	0
160643	13195	1
160643	13196	0
160644	13191	0
160644	13192	0
160644	13193	0
160644	13194	0
160644	13195	0
160644	13196	0
160645	13191	0
160645	13192	0
160645	13193	0
160645	13194	0
160645	13195	0
160645	13196	0
160646	9266	0
160646	9267	0
160646	9268	0
160646	9269	1
160646	9270	0
160646	9271	0
160647	9266	0
160647	9267	0
160647	9268	0
160647	9269	0
160647	9270	0
160647	9271	0
160648	9266	0
160648	9267	0
160648	9268	0
160648	9269	0
160648	9270	0
160648	9271	0
160666	9058	0
160666	9059	0
160666	9060	0
160666	9061	0
160666	9062	0
160666	9063	0
160667	9058	0
160667	9059	0
160667	9060	0
160667	9061	0
160667	9062	0
160667	9063	0
160668	9058	0
160668	9059	0
160668	9060	0
160668	9061	0
160668	9062	0
160668	9063	0
160669	9058	0
160669	9059	0
160669	9060	0
160669	9061	0
160669	9062	0
160669	9063	0
160670	9058	0
160670	9059	0
160670	9060	0
160670	9061	0
160670	9062	0
160670	9063	0
160671	9058	0
160671	9059	0
160671	9060	0
160671	9061	0
160671	9062	0
160671	9063	0
160694	9202	1
160694	9203	0
160694	9204	0
160694	9205	0
160694	9206	0
160694	9207	0
160728	9284	0
160728	9285	0
160728	9286	0
160728	9287	0
160728	9288	0
160728	9289	0
160867	10779	0
160867	10780	0
160867	10781	0
160867	10782	0
160867	10783	0
160867	10784	0
160920	10688	0
160920	10689	0
160920	10690	0
160920	10691	0
160920	10692	0
160920	10693	0
160942	10833	0
160942	10834	1
160942	10835	1
160942	10836	2
160942	10837	0
160942	10838	3
160955	9136	0
160955	9137	0
160955	9138	0
160955	9139	8
160955	9140	0
160955	9141	0
160956	11042	0
160956	11043	1
160956	11044	0
160956	11045	0
160956	11046	0
160956	11047	1
160957	9070	1
160957	9071	2
160957	9072	0
160957	9073	3
160957	9074	0
160957	9075	0
160962	11018	0
160962	11019	0
160962	11020	0
160962	11021	1
160962	11022	0
160962	11023	0
160969	10779	0
160969	10780	0
160969	10781	0
160969	10782	0
160969	10783	0
160969	10784	0
160985	10082	0
160985	10083	0
160985	10084	0
160985	10085	0
160985	10086	0
160985	10087	0
160990	10688	0
160990	10689	0
160990	10690	0
160990	10691	0
160990	10692	0
160990	10693	0
160997	10082	0
160997	10083	0
160997	10084	0
160997	10085	0
160997	10086	0
160997	10087	0
160999	10082	0
160999	10083	0
160999	10084	0
160999	10085	1
160999	10086	0
160999	10087	0
161017	10833	0
161017	10834	0
161017	10835	0
161017	10836	1
161017	10837	1
161017	10838	1
161032	11222	0
161032	11223	1
161032	11224	3
161032	11225	0
161032	11226	0
161032	11227	0
161035	9136	0
161035	9137	0
161035	9138	0
161035	9139	0
161035	9140	0
161035	9141	0
161036	9070	0
161036	9071	0
161036	9072	0
161036	9073	0
161036	9074	0
161036	9075	0
161039	11222	0
161039	11223	0
161039	11224	1
161039	11225	0
161039	11226	0
161039	11227	0
161045	11018	0
161045	11019	0
161045	11020	0
161045	11021	1
161045	11022	0
161045	11023	0
161048	10779	0
161048	10780	0
161048	10781	0
161048	10782	0
161048	10783	0
161048	10784	0
161107	10082	0
161107	10083	0
161107	10084	0
161107	10085	0
161107	10086	0
161107	10087	0
161132	11168	0
161132	11169	0
161132	11170	0
161132	11171	0
161132	11172	0
161132	11173	0
161133	11168	0
161133	11169	0
161133	11170	0
161133	11171	0
161133	11172	0
161133	11173	2
161134	11168	0
161134	11169	0
161134	11170	0
161134	11171	0
161134	11172	0
161134	11173	0
161157	11006	0
161157	11007	0
161157	11008	0
161157	11009	0
161157	11010	0
161157	11011	0
161158	11006	0
161158	11007	0
161158	11008	0
161158	11009	0
161158	11010	0
161158	11011	0
161161	9136	0
161161	9137	0
161161	9138	0
161161	9139	0
161161	9140	0
161161	9141	0
161162	9070	0
161162	9071	1
161162	9072	0
161162	9073	0
161162	9074	0
161162	9075	0
161168	11006	1
161168	11007	0
161168	11008	1
161168	11009	0
161168	11010	2
161168	11011	0
161169	11006	0
161169	11007	0
161169	11008	0
161169	11009	0
161169	11010	0
161169	11011	0
161170	11018	0
161170	11019	0
161170	11020	0
161170	11021	0
161170	11022	0
161170	11023	0
161176	11228	5
161176	11229	0
161176	11230	0
161176	11231	0
161176	11232	0
161176	11233	0
161178	11228	0
161178	11229	0
161178	11230	0
161178	11231	0
161178	11232	0
161178	11233	1
161179	11222	0
161179	11223	1
161179	11224	2
161179	11225	0
161179	11226	0
161179	11227	0
161181	11228	0
161181	11229	0
161181	11230	0
161181	11231	0
161181	11232	0
161181	11233	0
161188	10833	0
161188	10834	0
161188	10835	0
161188	10836	0
161188	10837	0
161188	10838	0
161191	11455	0
161191	11456	1
161191	11457	0
161191	11458	0
161191	11459	0
161191	11460	1
161192	11455	0
161192	11456	1
161192	11457	0
161192	11458	0
161192	11459	0
161192	11460	1
161193	11455	0
161193	11456	1
161193	11457	0
161193	11458	1
161193	11459	0
161193	11460	0
161197	11437	0
161197	11438	0
161197	11439	0
161197	11440	0
161197	11441	0
161197	11442	0
161198	11126	0
161198	11127	0
161198	11128	0
161198	11129	0
161198	11130	0
161198	11131	0
161199	11126	1
161199	11127	1
161199	11128	1
161199	11129	0
161199	11130	2
161199	11131	0
161200	11437	0
161200	11438	0
161200	11439	0
161200	11440	1
161200	11441	0
161200	11442	0
161226	11030	0
161226	11031	0
161226	11032	0
161226	11033	0
161226	11034	0
161226	11035	0
161227	11030	0
161227	11031	0
161227	11032	0
161227	11033	0
161227	11034	0
161227	11035	0
161228	11030	0
161228	11031	0
161228	11032	0
161228	11033	0
161228	11034	0
161228	11035	0
161229	11030	0
161229	11031	0
161229	11032	0
161229	11033	0
161229	11034	0
161229	11035	0
161230	11030	0
161230	11031	0
161230	11032	0
161230	11033	0
161230	11034	0
161230	11035	0
161231	11030	0
161231	11031	1
161231	11032	0
161231	11033	0
161231	11034	0
161231	11035	0
161232	11042	0
161232	11043	0
161232	11044	0
161232	11045	0
161232	11046	0
161232	11047	0
161233	11042	0
161233	11043	0
161233	11044	0
161233	11045	0
161233	11046	0
161233	11047	0
161241	10874	0
161241	10875	0
161241	10876	0
161241	10877	0
161241	10878	0
161241	10879	0
161242	10874	0
161242	10875	0
161242	10876	0
161242	10877	0
161242	10878	0
161242	10879	0
161243	10874	0
161243	10875	0
161243	10876	0
161243	10877	0
161243	10878	0
161243	10879	0
161295	11347	0
161295	11348	0
161295	11349	0
161295	11350	0
161295	11351	0
161295	11352	0
161313	11347	1
161313	11348	16
161313	11349	0
161313	11350	0
161313	11351	0
161313	11352	1
161314	11347	0
161314	11348	0
161314	11349	1
161314	11350	0
161314	11351	0
161314	11352	0
161332	11658	0
161332	11659	1
161332	11660	0
161332	11661	6
161332	11662	0
161332	11663	4
161347	10863	0
161347	10864	0
161347	10865	0
161347	10866	0
161347	10867	0
161347	10868	0
161348	10863	0
161348	10864	0
161348	10865	0
161348	10866	0
161348	10867	0
161348	10868	0
161349	10863	1
161349	10864	0
161349	10865	0
161349	10866	1
161349	10867	0
161349	10868	0
