ObservationID	SubLocationID	Count
146064	10329	0
146064	10330	6
146064	10331	0
146064	10332	0
146064	10333	0
146064	10334	0
146065	10329	2
146065	10330	2
146065	10331	0
146065	10332	0
146065	10333	0
146065	10334	0
146151	9956	0
146151	9957	0
146151	9958	0
146151	9959	0
146151	9960	0
146151	9961	0
146157	9956	0
146157	9957	0
146157	9958	0
146157	9959	0
146157	9960	0
146157	9961	0
146161	10365	0
146161	10366	0
146161	10367	0
146161	10368	0
146161	10369	0
146161	10370	0
146162	8813	0
146162	8814	0
146162	8815	5
146162	8816	0
146162	8817	0
146162	8818	0
146198	9076	10
146198	9077	0
146198	9078	0
146198	9079	0
146198	9080	0
146198	9081	0
146199	9076	10
146199	9077	0
146199	9078	0
146199	9079	0
146199	9080	0
146199	9081	0
146203	9938	0
146203	9939	0
146203	9940	0
146203	9941	0
146203	9942	0
146203	9943	0
146212	10365	15
146212	10366	15
146212	10367	11
146212	10368	26
146212	10369	10
146212	10370	10
146213	8813	2
146213	8814	0
146213	8815	20
146213	8816	21
146213	8817	21
146213	8818	0
146215	10287	0
146215	10288	0
146215	10289	0
146215	10290	0
146215	10291	0
146215	10292	0
146218	9938	0
146218	9939	2
146218	9940	0
146218	9941	0
146218	9942	0
146218	9943	0
146223	10383	0
146223	10384	0
146223	10385	0
146223	10386	0
146223	10387	0
146223	10388	0
146225	10383	0
146225	10384	0
146225	10385	0
146225	10386	0
146225	10387	0
146225	10388	1
146280	10287	0
146280	10288	0
146280	10289	0
146280	10290	0
146280	10291	0
146280	10292	3
146312	10317	0
146312	10318	0
146312	10319	0
146312	10320	0
146312	10321	6
146312	10322	4
146313	10317	0
146313	10318	0
146313	10319	0
146313	10320	0
146313	10321	5
146313	10322	9
146346	10359	4
146346	10360	2
146346	10361	3
146346	10362	2
146346	10363	0
146346	10364	0
146347	10359	8
146347	10360	5
146347	10361	12
146347	10362	12
146347	10363	7
146347	10364	0
146356	10275	0
146356	10276	0
146356	10277	0
146356	10278	2
146356	10279	3
146356	10280	2
146357	10275	0
146357	10276	0
146357	10277	0
146357	10278	0
146357	10279	6
146357	10280	0
146387	9243	0
146387	9244	0
146387	9245	0
146387	9246	0
146387	9247	0
146388	9243	0
146388	9244	0
146388	9245	0
146388	9246	0
146388	9247	0
146402	10233	2
146402	10234	0
146402	10235	0
146402	10236	0
146402	10237	0
146402	10238	0
146403	10233	2
146403	10234	0
146403	10235	2
146403	10236	0
146403	10237	0
146403	10238	0
146420	10353	0
146420	10354	0
146420	10355	0
146420	10356	0
146420	10357	0
146420	10358	0
146451	10263	0
146451	10264	0
146451	10265	0
146451	10266	2
146451	10267	0
146451	10268	0
146465	10245	0
146465	10246	3
146465	10247	0
146465	10248	2
146465	10249	0
146465	10250	0
146467	10028	0
146467	10029	0
146467	10030	0
146467	10031	0
146467	10032	0
146467	10033	0
146468	10028	0
146468	10029	0
146468	10030	0
146468	10031	0
146468	10032	0
146468	10033	0
146621	10353	1
146621	10354	0
146621	10355	1
146621	10356	0
146621	10357	0
146621	10358	0
146672	10004	0
146672	10005	0
146672	10006	0
146672	10007	0
146672	10008	0
146672	10009	0
146674	10004	3
146674	10005	0
146674	10006	0
146674	10007	0
146674	10008	0
146674	10009	0
146688	10124	4
146688	10125	6
146688	10126	1
146688	10127	0
146688	10128	1
146688	10129	1
146689	10124	0
146689	10125	6
146689	10126	2
146689	10127	2
146689	10128	0
146689	10129	1
146704	8860	2
146704	8861	0
146704	8862	0
146704	8863	0
146704	8864	0
146704	8865	0
146709	9006	0
146709	9007	0
146709	9008	0
146709	9009	0
146709	9010	0
146709	9011	0
146790	10341	0
146790	10342	2
146790	10343	2
146790	10344	8
146790	10345	12
146790	10346	0
146803	9196	0
146803	9197	0
146803	9198	0
146803	9199	1
146803	9200	2
146803	9201	0
146808	9006	0
146808	9007	0
146808	9008	0
146808	9009	0
146808	9010	7
146808	9011	0
146813	9366	4
146813	9367	0
146813	9368	0
146813	9369	0
146813	9370	0
146813	9371	0
146814	9366	0
146814	9367	0
146814	9368	0
146814	9369	0
146814	9370	0
146814	9371	0
146821	8988	9
146821	8989	0
146821	8990	0
146821	8991	0
146821	8992	0
146821	8993	0
146823	8860	0
146823	8861	0
146823	8862	0
146823	8863	0
146823	8864	0
146823	8865	0
146826	9196	0
146826	9197	0
146826	9198	0
146826	9199	0
146826	9200	0
146826	9201	1
146834	8609	0
146834	8610	0
146834	8611	0
146834	8612	0
146834	8613	0
146834	8614	0
146835	8609	0
146835	8610	0
146835	8611	0
146835	8612	0
146835	8613	0
146835	8614	0
147082	9024	0
147082	9025	3
147082	9026	0
147082	9027	0
147083	9024	0
147083	9025	0
147083	9026	0
147083	9027	0
147100	11341	1
147100	11342	0
147100	11343	0
147100	11344	0
147100	11345	0
147100	11346	0
147127	11192	0
147127	11193	0
147127	11194	0
147127	11195	0
147127	11196	0
147127	11197	0
147139	11787	0
147139	11788	0
147139	11789	0
147139	11790	0
147139	11791	0
147139	11792	1
147142	10863	0
147142	10864	0
147142	10865	0
147142	10866	0
147142	10867	0
147142	10868	0
147171	11538	0
147171	11539	0
147171	11540	0
147171	11541	0
147171	11542	0
147171	11543	0
147175	9532	0
147175	9533	0
147175	9534	0
147175	9535	0
147175	9536	2
147175	9537	0
147176	9532	0
147176	9533	0
147176	9534	0
147176	9535	0
147176	9536	0
147176	9537	0
147177	10293	0
147177	10294	0
147177	10295	0
147177	10296	0
147177	10297	0
147177	10298	0
147216	11574	0
147216	11575	0
147216	11576	8
147216	11577	0
147216	11578	0
147216	11579	2
147217	11763	0
147217	11764	0
147217	11765	0
147217	11766	2
147217	11767	0
147217	11768	0
147220	11700	1
147220	11701	3
147220	11702	0
147220	11703	0
147220	11704	1
147220	11705	0
147237	10293	4
147237	10294	2
147237	10295	0
147237	10296	2
147237	10297	6
147237	10298	0
147307	11341	1
147307	11342	0
147307	11343	0
147307	11344	0
147307	11345	0
147307	11346	0
147356	11739	3
147356	11740	4
147356	11741	8
147356	11742	3
147356	11743	1
147356	11744	4
147357	11739	6
147357	11740	5
147357	11741	10
147357	11742	6
147357	11743	10
147357	11744	2
147360	11763	1
147360	11764	0
147360	11765	1
147360	11766	0
147360	11767	0
147360	11768	0
147363	11538	1
147363	11539	0
147363	11540	24
147363	11541	4
147363	11542	16
147363	11543	0
147370	11192	0
147370	11193	0
147370	11194	0
147370	11195	0
147370	11196	1
147370	11197	0
147527	11700	0
147527	11701	3
147527	11702	0
147527	11703	0
147527	11704	0
147527	11705	0
147893	10863	0
147893	10864	0
147893	10865	8
147893	10866	0
147893	10867	0
147893	10868	0
147894	11751	2
147894	11752	0
147894	11753	1
147894	11754	2
147894	11755	10
147894	11756	0
147895	11751	2
147895	11752	0
147895	11753	5
147895	11754	5
147895	11755	5
147895	11756	4
148357	11775	0
148357	11776	0
148357	11777	0
148357	11778	0
148357	11779	0
148357	11780	0
148358	11775	0
148358	11776	1
148358	11777	0
148358	11778	0
148358	11779	0
148358	11780	1
148467	11733	1
148467	11734	0
148467	11735	1
148467	11736	0
148467	11737	0
148467	11738	0
148530	11751	2
148530	11752	0
148530	11753	1
148530	11754	2
148530	11755	10
148530	11756	0
148531	11751	2
148531	11752	0
148531	11753	5
148531	11754	5
148531	11755	5
148531	11756	4
148547	11727	3
148547	11728	1
148547	11729	1
148547	11730	0
148547	11731	3
148547	11732	0
148549	11733	6
148549	11734	2
148549	11735	5
148549	11736	1
148549	11737	0
148549	11738	2
148550	10892	0
148550	10893	0
148550	10894	0
148550	10895	0
148550	10896	0
148550	10897	0
148551	11604	0
148551	11605	0
148551	11606	0
148551	11607	0
148551	11608	1
148551	11609	0
148552	11604	0
148552	11605	0
148552	11606	0
148552	11607	0
148552	11608	0
148552	11609	0
148553	10892	0
148553	10893	0
148553	10894	1
148553	10895	0
148553	10896	0
148553	10897	0
148569	11496	0
148569	11497	0
148569	11498	0
148569	11499	0
148569	11500	0
148569	11501	0
148575	11496	0
148575	11497	0
148575	11498	0
148575	11499	1
148575	11500	0
148575	11501	0
148578	11739	3
148578	11740	4
148578	11741	8
148578	11742	3
148578	11743	1
148578	11744	4
148579	11739	6
148579	11740	5
148579	11741	10
148579	11742	6
148579	11743	10
148579	11744	2
148644	11496	0
148644	11497	0
148644	11498	0
148644	11499	0
148644	11500	0
148644	11501	0
148645	11496	0
148645	11497	0
148645	11498	0
148645	11499	1
148645	11500	0
148645	11501	0
148703	11658	0
148703	11659	0
148703	11660	0
148703	11661	0
148703	11662	0
148703	11663	3
148749	11538	0
148749	11539	0
148749	11540	0
148749	11541	0
148749	11542	0
148749	11543	0
148750	11763	0
148750	11764	0
148750	11765	0
148750	11766	2
148750	11767	0
148750	11768	0
148752	11763	1
148752	11764	0
148752	11765	1
148752	11766	0
148752	11767	0
148752	11768	0
148754	11538	1
148754	11539	0
148754	11540	24
148754	11541	4
148754	11542	16
148754	11543	0
148759	11395	0
148759	11396	0
148759	11397	0
148759	11398	0
148759	11399	0
148759	11400	0
148760	11395	0
148760	11396	0
148760	11397	0
148760	11398	0
148760	11399	0
148760	11400	0
148782	11395	0
148782	11396	2
148782	11397	1
148782	11398	0
148782	11399	2
148782	11400	1
149014	11757	0
149014	11758	7
149014	11759	0
149014	11760	0
149014	11761	2
149014	11762	0
149020	11757	4
149020	11758	1
149020	11759	1
149020	11760	1
149020	11761	4
149020	11762	5
150324	11526	0
150324	11527	0
150324	11528	0
150324	11529	0
150324	11530	0
150324	11531	0
150334	11526	0
150334	11527	0
150334	11528	11
150334	11529	0
150334	11530	0
150334	11531	0
150687	10245	0
150687	10246	0
150687	10247	1
150687	10248	4
150687	10249	0
150687	10250	2
150701	10245	0
150701	10246	0
150701	10247	1
150701	10248	4
150701	10249	0
150701	10250	2
151122	11526	0
151122	11527	0
151122	11528	11
151122	11529	0
151122	11530	0
151122	11531	0
151124	11757	4
151124	11758	1
151124	11759	1
151124	11760	1
151124	11761	4
151124	11762	5
151138	11526	0
151138	11527	0
151138	11528	0
151138	11529	0
151138	11530	0
151138	11531	0
151142	11757	0
151142	11758	7
151142	11759	0
151142	11760	0
151142	11761	2
151142	11762	0
152043	13092	1
152043	13093	0
152043	13094	0
152043	13095	0
152043	13096	0
152043	13097	0
152076	12960	0
152076	12961	0
152076	12962	0
152076	12963	2
152076	12964	1
152076	12965	2
152080	12843	0
152080	12844	0
152080	12845	0
152080	12846	0
152080	12847	0
152080	12848	0
152081	12592	1
152081	12593	0
152081	12594	0
152081	12595	0
152081	12596	0
152081	12597	0
152093	12814	4
152093	12815	0
152093	12816	3
152093	12817	9
152093	12818	1
152093	12819	0
152105	12954	0
152105	12955	0
152105	12956	1
152105	12957	0
152105	12958	0
152105	12959	0
152200	13092	2
152200	13093	8
152200	13094	0
152200	13095	0
152200	13096	0
152200	13097	0
152202	12526	0
152202	12527	0
152202	12528	0
152202	12529	0
152202	12530	0
152202	12531	0
152224	12814	0
152224	12815	25
152224	12816	5
152224	12817	25
152224	12818	0
152224	12819	0
152247	10785	0
152247	10786	0
152247	10787	0
152247	10788	0
152247	10789	0
152247	10790	0
152248	10785	1
152248	10786	1
152248	10787	0
152248	10788	8
152248	10789	7
152248	10790	5
152250	10767	0
152250	10768	1
152250	10769	0
152250	10770	0
152250	10771	0
152250	10772	0
152251	10767	5
152251	10768	1
152251	10769	1
152251	10770	1
152251	10771	0
152251	10772	1
152280	12960	0
152280	12961	0
152280	12962	2
152280	12963	3
152280	12964	0
152280	12965	0
152286	12954	0
152286	12955	0
152286	12956	0
152286	12957	0
152286	12958	0
152286	12959	0
152355	12592	0
152355	12593	0
152355	12594	0
152355	12595	0
152355	12596	0
152355	12597	0
152357	12843	0
152357	12844	0
152357	12845	0
152357	12846	0
152357	12847	1
152357	12848	0
152375	13032	0
152375	13033	0
152375	13034	0
152375	13035	0
152375	13036	0
152375	13037	0
152376	13032	0
152376	13033	0
152376	13034	30
152376	13035	1
152376	13036	0
152376	13037	0
152378	12942	0
152378	12943	0
152378	12944	0
152378	12945	0
152378	12946	0
152378	12947	0
152385	13020	0
152385	13021	0
152385	13022	0
152385	13023	0
152385	13024	0
152385	13025	0
152386	13020	0
152386	13021	0
152386	13022	0
152386	13023	0
152386	13024	0
152386	13025	5
152469	12526	0
152469	12527	0
152469	12528	0
152469	12529	0
152469	12530	1
152469	12531	0
152508	11598	0
152508	11599	0
152508	11600	0
152508	11601	0
152508	11602	0
152508	11603	0
152510	11598	0
152510	11599	0
152510	11600	0
152510	11601	0
152510	11602	0
152510	11603	0
152523	13038	0
152523	13039	2
152523	13040	0
152523	13041	0
152523	13042	0
152523	13043	0
152524	13038	0
152524	13039	4
152524	13040	0
152524	13041	0
152524	13042	0
152524	13043	0
152577	12814	4
152577	12815	0
152577	12816	3
152577	12817	9
152577	12818	1
152577	12819	0
152579	12814	0
152579	12815	25
152579	12816	5
152579	12817	25
152579	12818	0
152579	12819	0
152603	11574	0
152603	11575	0
152603	11576	8
152603	11577	0
152603	11578	0
152603	11579	2
152713	10124	4
152713	10125	6
152713	10126	1
152713	10127	0
152713	10128	1
152713	10129	1
152714	10124	0
152714	10125	6
152714	10126	2
152714	10127	2
152714	10128	0
152714	10129	1
152841	11787	0
152841	11788	0
152841	11789	0
152841	11790	0
152841	11791	0
152841	11792	1
152886	12843	0
152886	12844	0
152886	12845	0
152886	12846	0
152886	12847	0
152886	12848	0
152887	12843	0
152887	12844	0
152887	12845	0
152887	12846	0
152887	12847	1
152887	12848	0
152889	10767	0
152889	10768	1
152889	10769	0
152889	10770	0
152889	10771	0
152889	10772	0
152901	10785	0
152901	10786	0
152901	10787	0
152901	10788	0
152901	10789	0
152901	10790	0
152910	10785	1
152910	10786	1
152910	10787	0
152910	10788	8
152910	10789	7
152910	10790	5
152911	10767	5
152911	10768	1
152911	10769	1
152911	10770	1
152911	10771	0
152911	10772	1
152920	11192	0
152920	11193	0
152920	11194	0
152920	11195	0
152920	11196	0
152920	11197	0
152921	11192	0
152921	11193	0
152921	11194	0
152921	11195	0
152921	11196	1
152921	11197	0
152924	12592	1
152924	12593	0
152924	12594	0
152924	12595	0
152924	12596	0
152924	12597	0
152925	12592	0
152925	12593	0
152925	12594	0
152925	12595	0
152925	12596	0
152925	12597	0
152930	8609	0
152930	8610	0
152930	8611	0
152930	8612	0
152930	8613	0
152930	8614	0
152931	8609	0
152931	8610	0
152931	8611	0
152931	8612	0
152931	8613	0
152931	8614	0
152962	11395	0
152962	11396	0
152962	11397	0
152962	11398	0
152962	11399	0
152962	11400	0
153025	11658	0
153025	11659	0
153025	11660	0
153025	11661	0
153025	11662	0
153025	11663	3
153055	10275	0
153055	10276	0
153055	10277	0
153055	10278	2
153055	10279	3
153055	10280	2
153056	10275	0
153056	10276	0
153056	10277	0
153056	10278	0
153056	10279	6
153056	10280	0
153122	12960	0
153122	12961	0
153122	12962	2
153122	12963	3
153122	12964	0
153122	12965	0
153123	12960	0
153123	12961	0
153123	12962	0
153123	12963	2
153123	12964	1
153123	12965	2
153130	13020	0
153130	13021	0
153130	13022	0
153130	13023	0
153130	13024	0
153130	13025	0
153132	13020	0
153132	13021	0
153132	13022	0
153132	13023	0
153132	13024	0
153132	13025	5
153225	13092	1
153225	13093	0
153225	13094	0
153225	13095	0
153225	13096	0
153225	13097	0
153226	13092	2
153226	13093	8
153226	13094	0
153226	13095	0
153226	13096	0
153226	13097	0
153272	10892	0
153272	10893	0
153272	10894	1
153272	10895	0
153272	10896	0
153272	10897	0
153273	10892	0
153273	10893	0
153273	10894	0
153273	10895	0
153273	10896	0
153273	10897	0
153307	12954	0
153307	12955	0
153307	12956	1
153307	12957	0
153307	12958	0
153307	12959	0
153309	12954	0
153309	12955	0
153309	12956	0
153309	12957	0
153309	12958	0
153309	12959	0
153406	11769	0
153406	11770	1
153406	11771	0
153406	11772	1
153406	11773	0
153406	11774	4
153407	11769	0
153407	11770	0
153407	11771	1
153407	11772	0
153407	11773	0
153407	11774	6
153452	13080	2
153452	13081	6
153452	13082	5
153452	13083	0
153452	13084	2
153452	13085	0
153461	12942	6
153461	12943	2
153461	12944	0
153461	12945	0
153461	12946	0
153461	12947	0
153704	12526	0
153704	12527	0
153704	12528	0
153704	12529	0
153704	12530	0
153704	12531	0
153705	12526	0
153705	12527	0
153705	12528	0
153705	12529	0
153705	12530	1
153705	12531	0
153713	11733	6
153713	11734	2
153713	11735	5
153713	11736	1
153713	11737	0
153713	11738	2
153714	11733	1
153714	11734	0
153714	11735	1
153714	11736	0
153714	11737	0
153714	11738	0
153731	11604	0
153731	11605	0
153731	11606	0
153731	11607	0
153731	11608	1
153731	11609	0
153732	11604	0
153732	11605	0
153732	11606	0
153732	11607	0
153732	11608	0
153732	11609	0
153810	10863	0
153810	10864	0
153810	10865	0
153810	10866	0
153810	10867	0
153810	10868	0
153811	10863	0
153811	10864	0
153811	10865	8
153811	10866	0
153811	10867	0
153811	10868	0
153828	11775	0
153828	11776	0
153828	11777	0
153828	11778	0
153828	11779	0
153828	11780	0
153829	11775	0
153829	11776	1
153829	11777	0
153829	11778	0
153829	11779	0
153829	11780	1
153832	13032	0
153832	13033	0
153832	13034	0
153832	13035	0
153832	13036	0
153832	13037	0
153834	13032	0
153834	13033	0
153834	13034	30
153834	13035	1
153834	13036	0
153834	13037	0
153844	12942	6
153844	12943	2
153844	12944	0
153844	12945	0
153844	12946	0
153844	12947	0
153864	11769	0
153864	11770	1
153864	11771	0
153864	11772	1
153864	11773	0
153864	11774	4
153865	11769	0
153865	11770	0
153865	11771	1
153865	11772	0
153865	11773	0
153865	11774	6
153866	13080	2
153866	13081	6
153866	13082	5
153866	13083	0
153866	13084	2
153866	13085	0
154268	12514	0
154268	12515	0
154268	12516	0
154268	12517	0
154268	12518	0
154268	12519	0
154269	12514	0
154269	12515	0
154269	12516	0
154269	12517	0
154269	12518	3
154269	12519	0
154332	12514	0
154332	12515	0
154332	12516	0
154332	12517	0
154332	12518	0
154332	12519	0
154333	12514	0
154333	12515	0
154333	12516	0
154333	12517	0
154333	12518	3
154333	12519	0
154381	12942	0
154381	12943	0
154381	12944	0
154381	12945	2
154381	12946	0
154381	12947	6
154812	10371	6
154812	10372	5
154812	10373	10
154812	10374	21
154812	10375	6
154812	10376	5
154813	10371	4
154813	10372	0
154813	10373	12
154813	10374	11
154813	10375	3
154813	10376	0
155178	10287	0
155178	10288	0
155178	10289	0
155178	10290	0
155178	10291	0
155178	10292	0
155180	13329	0
155180	13330	0
155180	13331	0
155180	13332	0
155180	13333	0
155180	13334	0
155190	10028	0
155190	10029	0
155190	10030	0
155190	10031	0
155190	10032	0
155190	10033	0
155193	10359	10
155193	10360	2
155193	10361	15
155193	10362	5
155193	10363	6
155193	10364	6
155200	10317	0
155200	10318	0
155200	10319	0
155200	10320	0
155200	10321	0
155200	10322	0
155206	9243	0
155206	9244	0
155206	9245	2
155206	9246	0
155206	9247	0
155210	10275	0
155210	10276	0
155210	10277	1
155210	10278	0
155210	10279	0
155210	10280	0
155231	9956	0
155231	9957	0
155231	9958	0
155231	9959	0
155231	9960	0
155231	9961	0
155238	13335	0
155238	13336	0
155238	13337	1
155238	13338	0
155238	13339	1
155238	13340	1
155266	9938	3
155266	9939	0
155266	9940	0
155266	9941	0
155266	9942	0
155266	9943	0
155481	9076	0
155481	9077	0
155481	9078	0
155481	9079	0
155481	9080	0
155481	9081	0
155482	9076	15
155482	9077	0
155482	9078	0
155482	9079	0
155482	9080	0
155482	9081	0
155560	10359	1
155560	10360	1
155560	10361	0
155560	10362	1
155560	10363	0
155560	10364	3
155564	10233	2
155564	10234	0
155564	10235	2
155564	10236	0
155564	10237	0
155564	10238	1
155565	10263	4
155565	10264	0
155565	10265	4
155565	10266	0
155565	10267	0
155565	10268	0
155577	10353	0
155577	10354	0
155577	10355	3
155577	10356	0
155577	10357	0
155577	10358	0
155579	13329	6
155579	13330	2
155579	13331	2
155579	13332	0
155579	13333	4
155579	13334	0
155584	10317	0
155584	10318	2
155584	10319	0
155584	10320	5
155584	10321	7
155584	10322	5
155594	10233	2
155594	10234	2
155594	10235	0
155594	10236	2
155594	10237	0
155594	10238	1
155599	10263	4
155599	10264	9
155599	10265	7
155599	10266	3
155599	10267	4
155599	10268	3
155604	9956	0
155604	9957	2
155604	9958	1
155604	9959	1
155604	9960	0
155604	9961	4
155616	10287	4
155616	10288	0
155616	10289	5
155616	10290	4
155616	10291	0
155616	10292	2
155642	10275	6
155642	10276	2
155642	10277	16
155642	10278	0
155642	10279	26
155642	10280	15
155664	9938	4
155664	9939	0
155664	9940	0
155664	9941	0
155664	9942	0
155664	9943	0
155801	9006	0
155801	9007	0
155801	9008	2
155801	9009	0
155801	9010	0
155801	9011	0
155810	8860	0
155810	8861	0
155810	8862	0
155810	8863	0
155810	8864	0
155810	8865	0
155814	8860	0
155814	8861	0
155814	8862	0
155814	8863	0
155814	8864	0
155814	8865	0
155846	8988	2
155846	8989	5
155846	8990	0
155846	8991	3
155846	8992	0
155846	8993	0
155961	9366	1
155961	9367	0
155961	9368	0
155961	9369	0
155961	9370	0
155961	9371	0
155962	9366	7
155962	9367	0
155962	9368	0
155962	9369	0
155962	9370	4
155962	9371	0
156325	9956	0
156325	9957	0
156325	9958	0
156325	9959	0
156325	9960	0
156325	9961	0
156326	9956	0
156326	9957	2
156326	9958	1
156326	9959	1
156326	9960	0
156326	9961	4
156328	13329	0
156328	13330	0
156328	13331	0
156328	13332	0
156328	13333	0
156328	13334	0
156329	13329	6
156329	13330	2
156329	13331	2
156329	13332	0
156329	13333	4
156329	13334	0
156372	10371	6
156372	10372	5
156372	10373	10
156372	10374	21
156372	10375	6
156372	10376	5
156373	10371	4
156373	10372	0
156373	10373	12
156373	10374	11
156373	10375	3
156373	10376	0
156375	10317	0
156375	10318	0
156375	10319	0
156375	10320	0
156375	10321	0
156375	10322	0
156376	10317	0
156376	10318	2
156376	10319	0
156376	10320	5
156376	10321	7
156376	10322	5
156483	10233	2
156483	10234	0
156483	10235	2
156483	10236	0
156483	10237	0
156483	10238	1
156484	10233	2
156484	10234	2
156484	10235	0
156484	10236	2
156484	10237	0
156484	10238	1
156492	10275	0
156492	10276	0
156492	10277	1
156492	10278	0
156492	10279	0
156492	10280	0
156493	10275	6
156493	10276	2
156493	10277	16
156493	10278	0
156493	10279	26
156493	10280	15
156501	9076	0
156501	9077	0
156501	9078	0
156501	9079	0
156501	9080	0
156501	9081	0
156502	9076	15
156502	9077	0
156502	9078	0
156502	9079	0
156502	9080	0
156502	9081	0
156565	10287	0
156565	10288	0
156565	10289	0
156565	10290	0
156565	10291	0
156565	10292	0
156568	10287	4
156568	10288	0
156568	10289	5
156568	10290	4
156568	10291	0
156568	10292	2
156578	10028	0
156578	10029	0
156578	10030	2
156578	10031	0
156578	10032	0
156578	10033	0
156580	10028	0
156580	10029	0
156580	10030	0
156580	10031	0
156580	10032	0
156580	10033	0
156602	10359	10
156602	10360	2
156602	10361	15
156602	10362	5
156602	10363	6
156602	10364	6
156637	9938	3
156637	9939	0
156637	9940	0
156637	9941	0
156637	9942	0
156637	9943	0
156638	9938	4
156638	9939	0
156638	9940	0
156638	9941	0
156638	9942	0
156638	9943	0
156665	10263	4
156665	10264	0
156665	10265	4
156665	10266	0
156665	10267	0
156665	10268	0
156667	10263	4
156667	10264	9
156667	10265	7
156667	10266	3
156667	10267	4
156667	10268	3
156711	9366	7
156711	9367	0
156711	9368	0
156711	9369	0
156711	9370	4
156711	9371	0
156712	9366	1
156712	9367	0
156712	9368	0
156712	9369	0
156712	9370	0
156712	9371	0
156824	10245	0
156824	10246	3
156824	10247	1
156824	10248	0
156824	10249	0
156824	10250	5
156826	10245	1
156826	10246	2
156826	10247	0
156826	10248	4
156826	10249	1
156826	10250	2
156955	9196	0
156955	9197	0
156955	9198	0
156955	9199	1
156955	9200	0
156955	9201	0
156956	9196	0
156956	9197	0
156956	9198	0
156956	9199	0
156956	9200	0
156956	9201	0
156966	10004	2
156966	10005	4
156966	10006	0
156966	10007	0
156966	10008	2
156966	10009	3
157000	13335	1
157000	13336	0
157000	13337	1
157000	13338	1
157000	13339	1
157000	13340	1
157005	8609	0
157005	8610	0
157005	8611	0
157005	8612	0
157005	8613	0
157005	8614	0
157007	8609	0
157007	8610	2
157007	8611	0
157007	8612	0
157007	8613	0
157007	8614	0
157180	13080	0
157180	13081	0
157180	13082	2
157180	13083	2
157180	13084	0
157180	13085	0
157198	10365	0
157198	10366	0
157198	10367	0
157198	10368	0
157198	10369	0
157198	10370	0
157199	8813	0
157199	8814	0
157199	8815	3
157199	8816	0
157199	8817	0
157199	8818	0
157200	10365	1
157200	10366	0
157200	10367	5
157200	10368	1
157200	10369	1
157200	10370	0
157201	8813	4
157201	8814	1
157201	8815	20
157201	8816	9
157201	8817	1
157201	8818	0
157360	10341	0
157360	10342	0
157360	10343	0
157360	10344	0
157360	10345	0
157360	10346	0
157361	10341	0
157361	10342	10
157361	10343	0
157361	10344	12
157361	10345	0
157361	10346	0
157396	10329	0
157396	10330	0
157396	10331	3
157396	10332	0
157396	10333	2
157396	10334	0
157397	10329	0
157397	10330	15
157397	10331	2
157397	10332	0
157397	10333	3
157397	10334	0
157399	10353	0
157399	10354	0
157399	10355	0
157399	10356	0
157399	10357	0
157399	10358	0
157445	11496	2
157445	11497	0
157445	11498	1
157445	11499	0
157445	11500	1
157445	11501	1
157460	11192	1
157460	11193	0
157460	11194	0
157460	11195	0
157460	11196	0
157460	11197	0
157471	11538	1
157471	11539	2
157471	11540	4
157471	11541	3
157471	11542	5
157471	11543	4
157473	11700	0
157473	11701	4
157473	11702	2
157473	11703	0
157473	11704	5
157473	11705	2
157477	11751	3
157477	11752	2
157477	11753	4
157477	11754	3
157477	11755	3
157477	11756	6
157492	11727	4
157492	11728	8
157492	11729	2
157492	11730	2
157492	11731	10
157492	11732	2
157523	11775	0
157523	11776	0
157523	11777	0
157523	11778	0
157523	11779	0
157523	11780	0
157524	11775	0
157524	11776	5
157524	11777	0
157524	11778	0
157524	11779	0
157524	11780	0
157546	11700	0
157546	11701	14
157546	11702	5
157546	11703	0
157546	11704	2
157546	11705	1
157563	11763	0
157563	11764	0
157563	11765	0
157563	11766	0
157563	11767	0
157563	11768	0
157565	11598	0
157565	11599	0
157565	11600	0
157565	11601	0
157565	11602	0
157565	11603	0
157580	11192	0
157580	11193	0
157580	11194	0
157580	11195	0
157580	11196	0
157580	11197	0
157582	11751	3
157582	11752	3
157582	11753	2
157582	11754	5
157582	11755	3
157582	11756	2
157585	11538	0
157585	11539	0
157585	11540	3
157585	11541	0
157585	11542	0
157585	11543	0
157589	11341	0
157589	11342	0
157589	11343	0
157589	11344	1
157589	11345	0
157589	11346	1
157591	11341	0
157591	11342	0
157591	11343	0
157591	11344	1
157591	11345	0
157591	11346	1
157594	11538	0
157594	11539	0
157594	11540	3
157594	11541	0
157594	11542	0
157594	11543	0
157610	11496	0
157610	11497	0
157610	11498	0
157610	11499	0
157610	11500	0
157610	11501	0
157637	11727	0
157637	11728	0
157637	11729	0
157637	11730	0
157637	11731	0
157637	11732	0
157648	10863	0
157648	10864	0
157648	10865	0
157648	10866	0
157648	10867	0
157648	10868	0
157701	11574	0
157701	11575	0
157701	11576	0
157701	11577	0
157701	11578	0
157701	11579	0
157703	10767	0
157703	10768	0
157703	10769	0
157703	10770	2
157703	10771	0
157703	10772	4
157704	10767	1
157704	10768	0
157704	10769	0
157704	10770	0
157704	10771	2
157704	10772	6
157712	10785	1
157712	10786	0
157712	10787	0
157712	10788	4
157712	10789	5
157712	10790	1
157713	10785	15
157713	10786	6
157713	10787	10
157713	10788	7
157713	10789	9
157713	10790	1
157916	11598	3
157916	11599	0
157916	11600	0
157916	11601	0
157916	11602	0
157916	11603	0
157918	11598	0
157918	11599	0
157918	11600	0
157918	11601	0
157918	11602	0
157918	11603	0
157920	10353	0
157920	10354	0
157920	10355	0
157920	10356	0
157920	10357	0
157920	10358	0
157921	10353	0
157921	10354	0
157921	10355	3
157921	10356	0
157921	10357	0
157921	10358	0
157956	11757	5
157956	11758	4
157956	11759	2
157956	11760	4
157956	11761	0
157956	11762	0
157957	11526	5
157957	11527	0
157957	11528	4
157957	11529	0
157957	11530	0
157957	11531	0
157959	11757	0
157959	11758	1
157959	11759	0
157959	11760	12
157959	11761	2
157959	11762	10
157960	11526	0
157960	11527	0
157960	11528	0
157960	11529	0
157960	11530	0
157960	11531	0
158046	11341	0
158046	11342	0
158046	11343	0
158046	11344	0
158046	11345	0
158046	11346	0
158055	11341	0
158055	11342	0
158055	11343	0
158055	11344	0
158055	11345	0
158055	11346	0
158223	11733	2
158223	11734	2
158223	11735	6
158223	11736	0
158223	11737	0
158223	11738	0
158224	11733	0
158224	11734	0
158224	11735	3
158224	11736	0
158224	11737	0
158224	11738	0
158499	11739	10
158499	11740	6
158499	11741	9
158499	11742	18
158499	11743	8
158499	11744	7
158500	11739	16
158500	11740	18
158500	11741	11
158500	11742	18
158500	11743	8
158500	11744	7
158626	11395	0
158626	11396	0
158626	11397	0
158626	11398	0
158626	11399	0
158626	11400	0
158628	11395	0
158628	11396	0
158628	11397	0
158628	11398	6
158628	11399	0
158628	11400	0
158630	11341	0
158630	11342	0
158630	11343	0
158630	11344	0
158630	11345	0
158630	11346	0
158672	11769	0
158672	11770	4
158672	11771	0
158672	11772	0
158672	11773	0
158672	11774	3
158673	11769	0
158673	11770	0
158673	11771	0
158673	11772	0
158673	11773	0
158673	11774	4
159347	11604	0
159347	11605	0
159347	11606	0
159347	11607	0
159347	11608	0
159347	11609	0
159349	10892	0
159349	10893	0
159349	10894	0
159349	10895	0
159349	10896	0
159349	10897	0
159350	10892	2
159350	10893	0
159350	10894	0
159350	10895	0
159350	10896	0
159350	10897	0
159351	11604	0
159351	11605	0
159351	11606	0
159351	11607	0
159351	11608	0
159351	11609	0
159435	12960	0
159435	12961	0
159435	12962	0
159435	12963	0
159435	12964	0
159435	12965	0
159449	12814	3
159449	12815	6
159449	12816	2
159449	12817	6
159449	12818	0
159449	12819	0
159451	12942	0
159451	12943	1
159451	12944	3
159451	12945	0
159451	12946	0
159451	12947	0
159469	13080	0
159469	13081	0
159469	13082	5
159469	13083	2
159469	13084	4
159469	13085	2
159487	13032	0
159487	13033	1
159487	13034	1
159487	13035	0
159487	13036	0
159487	13037	0
159514	12814	2
159514	12815	4
159514	12816	14
159514	12817	6
159514	12818	6
159514	12819	3
159516	13092	4
159516	13093	7
159516	13094	0
159516	13095	5
159516	13096	0
159516	13097	2
159519	12954	0
159519	12955	0
159519	12956	0
159519	12957	0
159519	12958	3
159519	12959	0
159534	12960	0
159534	12961	0
159534	12962	1
159534	12963	0
159534	12964	0
159534	12965	1
159596	13080	0
159596	13081	0
159596	13082	0
159596	13083	0
159596	13084	0
159596	13085	0
159597	13020	0
159597	13021	0
159597	13022	0
159597	13023	0
159597	13024	3
159597	13025	0
159598	13020	0
159598	13021	0
159598	13022	0
159598	13023	0
159598	13024	6
159598	13025	0
159644	12526	0
159644	12527	0
159644	12528	0
159644	12529	0
159644	12530	0
159644	12531	3
159645	12526	0
159645	12527	0
159645	12528	0
159645	12529	0
159645	12530	0
159645	12531	0
159748	12592	1
159748	12593	0
159748	12594	2
159748	12595	0
159748	12596	0
159748	12597	1
159749	12843	0
159749	12844	0
159749	12845	1
159749	12846	0
159749	12847	1
159749	12848	0
159750	12592	0
159750	12593	0
159750	12594	4
159750	12595	0
159750	12596	0
159750	12597	0
159751	12843	0
159751	12844	0
159751	12845	0
159751	12846	0
159751	12847	0
159751	12848	1
159825	11574	0
159825	11575	0
159825	11576	0
159825	11577	0
159825	11578	2
159825	11579	2
159850	12514	0
159850	12515	0
159850	12516	0
159850	12517	0
159850	12518	0
159850	12519	0
159851	12514	0
159851	12515	0
159851	12516	0
159851	12517	0
159851	12518	0
159851	12519	2
159882	8988	2
159882	8989	2
159882	8990	0
159882	8991	2
159882	8992	0
159882	8993	0
159883	9006	0
159883	9007	0
159883	9008	0
159883	9009	0
159883	9010	0
159883	9011	0
159891	11395	0
159891	11396	0
159891	11397	0
159891	11398	0
159891	11399	0
159891	11400	0
159892	11395	0
159892	11396	0
159892	11397	0
159892	11398	6
159892	11399	0
159892	11400	0
160213	10371	0
160213	10372	0
160213	10373	0
160213	10374	0
160213	10375	0
160213	10376	0
160264	10287	0
160264	10288	0
160264	10289	0
160264	10290	0
160264	10291	0
160264	10292	0
160270	10353	0
160270	10354	0
160270	10355	0
160270	10356	0
160270	10357	0
160270	10358	0
160278	9243	0
160278	9244	0
160278	9245	0
160278	9246	5
160278	9247	0
160286	11763	5
160286	11764	4
160286	11765	0
160286	11766	0
160286	11767	2
160286	11768	0
160289	9938	0
160289	9939	0
160289	9940	0
160289	9941	0
160289	9942	0
160289	9943	0
160309	9024	0
160309	9025	0
160309	9026	2
160309	9027	0
160309	9028	0
160309	9029	0
160314	9956	1
160314	9957	0
160314	9958	0
160314	9959	0
160314	9960	0
160314	9961	0
160351	9938	0
160351	9939	0
160351	9940	0
160351	9941	0
160351	9942	0
160351	9943	0
160358	9024	3
160358	9025	2
160358	9026	0
160358	9027	0
160358	9028	0
160358	9029	0
160365	10353	0
160365	10354	0
160365	10355	0
160365	10356	0
160365	10357	0
160365	10358	0
160372	9366	0
160372	9367	0
160372	9368	0
160372	9369	0
160372	9370	0
160372	9371	0
160386	10287	0
160386	10288	0
160386	10289	2
160386	10290	2
160386	10291	0
160386	10292	3
160389	9076	10
160389	9077	0
160389	9078	0
160389	9079	0
160389	9080	0
160389	9081	0
160392	9076	3
160392	9077	0
160392	9078	0
160392	9079	0
160392	9080	0
160392	9081	0
160433	9956	0
160433	9957	0
160433	9958	0
160433	9959	0
160433	9960	0
160433	9961	0
160435	8860	0
160435	8861	0
160435	8862	0
160435	8863	0
160435	8864	3
160435	8865	3
160450	10371	0
160450	10372	6
160450	10373	6
160450	10374	0
160450	10375	0
160450	10376	0
160472	11763	0
160472	11764	0
160472	11765	0
160472	11766	0
160472	11767	0
160472	11768	0
160512	13329	2
160512	13330	0
160512	13331	0
160512	13332	2
160512	13333	1
160512	13334	0
160524	8860	0
160524	8861	0
160524	8862	0
160524	8863	0
160524	8864	0
160524	8865	0
160556	10245	0
160556	10246	0
160556	10247	0
160556	10248	0
160556	10249	0
160556	10250	0
160557	10245	0
160557	10246	10
160557	10247	4
160557	10248	2
160557	10249	0
160557	10250	2
160567	10028	4
160567	10029	0
160567	10030	0
160567	10031	0
160567	10032	0
160567	10033	0
160569	10028	1
160569	10029	0
160569	10030	0
160569	10031	0
160569	10032	0
160569	10033	0
160601	8609	0
160601	8610	0
160601	8611	0
160601	8612	0
160601	8613	0
160601	8614	0
160603	8609	1
160603	8610	0
160603	8611	0
160603	8612	0
160603	8613	0
160603	8614	0
160607	10383	0
160607	10384	0
160607	10385	0
160607	10386	0
160607	10387	0
160607	10388	0
160608	10383	1
160608	10384	0
160608	10385	0
160608	10386	0
160608	10387	0
160608	10388	0
160619	11658	2
160619	11659	0
160619	11660	0
160619	11661	0
160619	11662	0
160619	11663	0
160621	10329	0
160621	10330	0
160621	10331	5
160621	10332	0
160621	10333	3
160621	10334	0
160622	10329	0
160622	10330	0
160622	10331	0
160622	10332	0
160622	10333	0
160622	10334	0
160624	13038	0
160624	13039	6
160624	13040	0
160624	13041	0
160624	13042	0
160624	13043	0
160625	13038	0
160625	13039	2
160625	13040	0
160625	13041	0
160625	13042	6
160625	13043	0
160702	9532	0
160702	9533	0
160702	9534	0
160702	9535	0
160702	9536	0
160702	9537	0
160703	9532	0
160703	9533	2
160703	9534	0
160703	9535	0
160703	9536	0
160703	9537	0
160708	10293	6
160708	10294	0
160708	10295	0
160708	10296	4
160708	10297	0
160708	10298	0
160709	10293	0
160709	10294	6
160709	10295	0
160709	10296	0
160709	10297	0
160709	10298	2
160724	9196	0
160724	9197	0
160724	9198	0
160724	9199	2
160724	9200	0
160724	9201	0
160912	13335	0
160912	13336	0
160912	13337	0
160912	13338	0
160912	13339	0
160912	13340	2
160914	13335	0
160914	13336	0
160914	13337	0
160914	13338	0
160914	13339	0
160914	13340	0
160965	11775	0
160965	11776	0
160965	11777	0
160965	11778	0
160965	11779	0
160965	11780	0
160980	10124	0
160980	10125	0
160980	10126	0
160980	10127	0
160980	10128	0
160980	10129	0
160984	11496	0
160984	11497	0
160984	11498	0
160984	11499	0
160984	11500	0
160984	11501	0
161006	11598	0
161006	11599	0
161006	11600	0
161006	11601	0
161006	11602	0
161006	11603	0
161014	11700	0
161014	11701	7
161014	11702	0
161014	11703	0
161014	11704	0
161014	11705	0
161015	8988	0
161015	8989	0
161015	8990	0
161015	8991	0
161015	8992	0
161015	8993	0
161020	11538	2
161020	11540	2
161020	11543	0
161026	10233	1
161026	10234	0
161026	10235	1
161026	10236	0
161026	10237	0
161026	10238	0
161027	10233	0
161027	10234	0
161027	10235	0
161027	10236	0
161027	10237	0
161027	10238	0
161051	11757	0
161051	11758	0
161051	11759	0
161051	11760	0
161051	11761	0
161051	11762	8
161085	8988	0
161085	8989	0
161085	8990	0
161085	8991	0
161085	8992	0
161085	8993	0
161089	11775	1
161089	11776	3
161089	11777	3
161089	11778	2
161089	11779	1
161089	11780	0
161100	11598	1
161100	11599	0
161100	11600	0
161100	11601	0
161100	11602	0
161100	11603	0
161104	10124	0
161104	10125	6
161104	10126	4
161104	10127	0
161104	10128	0
161104	10129	4
161105	11538	0
161105	11540	0
161105	11543	3
161108	11496	0
161108	11497	0
161108	11498	0
161108	11499	0
161108	11500	0
161108	11501	0
161111	11700	0
161111	11701	12
161111	11702	2
161111	11703	0
161111	11704	0
161111	11705	0
161128	10892	0
161128	10893	0
161128	10894	0
161128	10895	0
161128	10896	0
161128	10897	0
161129	10892	0
161129	10893	0
161129	10894	0
161129	10895	0
161129	10896	0
161129	10897	0
161245	11739	5
161245	11740	20
161245	11741	5
161245	11742	13
161245	11743	5
161245	11744	5
161246	11739	2
161246	11740	21
161246	11741	17
161246	11742	5
161246	11743	9
161246	11744	5
161260	11787	0
161260	11788	0
161260	11789	4
161260	11790	0
161260	11791	0
161260	11792	0
161261	11787	0
161261	11788	0
161261	11789	0
161261	11790	20
161261	11791	13
161261	11792	0
161277	11341	0
161277	11342	0
161277	11343	0
161277	11344	0
161277	11345	0
161277	11346	0
161278	11341	0
161278	11342	0
161278	11343	0
161278	11344	0
161278	11345	0
161278	11346	0
161348	10863	0
161348	10864	0
161348	10865	0
161348	10866	0
161348	10867	0
161348	10868	0
161349	10863	52
161349	10864	0
161349	10865	0
161349	10866	21
161349	10867	0
161349	10868	0
161770	11604	0
161770	11605	0
161770	11606	0
161770	11607	0
161770	11608	0
161770	11609	0
161771	11604	0
161771	11605	1
161771	11606	0
161771	11607	0
161771	11608	1
161771	11609	0
