ObservationID	SubLocationID	Count
146354	9722	0
146354	9723	0
146354	9724	0
146354	9725	0
146354	9726	1
146354	9727	0
146371	9722	0
146371	9723	0
146371	9724	0
146371	9725	0
146371	9726	1
146371	9727	0
146379	9686	0
146379	9687	0
146379	9688	0
146379	9689	0
146379	9690	0
146379	9691	0
146380	9686	1
146380	9687	0
146380	9688	0
146380	9689	0
146380	9690	0
146380	9691	0
146412	9890	0
146412	9891	0
146412	9892	0
146412	9893	1
146412	9894	0
146412	9895	0
146475	9890	0
146475	9891	0
146475	9892	0
146475	9893	1
146475	9894	0
146475	9895	0
146476	9890	0
146476	9891	0
146476	9892	0
146476	9893	0
146476	9894	1
146476	9895	0
146488	9722	0
146488	9723	0
146488	9724	0
146488	9725	0
146488	9726	2
146488	9727	0
146604	9668	0
146604	9669	0
146604	9670	0
146604	9671	0
146604	9672	0
146604	9673	0
146605	9668	0
146605	9669	0
146605	9670	0
146605	9671	0
146605	9672	0
146605	9673	0
146606	9668	0
146606	9669	0
146606	9670	0
146606	9671	0
146606	9672	0
146606	9673	1
146756	10058	0
146756	10059	0
146756	10060	0
146756	10061	1
146756	10062	1
146756	10063	0
146757	10058	0
146757	10059	0
146757	10060	2
146757	10061	0
146757	10062	2
146757	10063	1
146758	10058	0
146758	10059	0
146758	10060	0
146758	10061	0
146758	10062	1
146758	10063	0
146759	10022	0
146759	10023	0
146759	10024	0
146759	10025	2
146759	10026	0
146759	10027	0
146760	10022	0
146760	10023	1
146760	10024	0
146760	10025	0
146760	10026	0
146760	10027	0
146761	10022	0
146761	10023	0
146761	10024	0
146761	10025	0
146761	10026	0
146761	10027	0
147066	11018	0
147066	11019	0
147066	11020	0
147066	11021	0
147066	11022	0
147066	11023	0
147072	11222	0
147072	11223	0
147072	11224	0
147072	11225	0
147072	11226	0
147072	11227	0
147172	11222	0
147172	11223	0
147172	11224	0
147172	11225	0
147172	11226	0
147172	11227	0
147366	11018	0
147366	11019	0
147366	11020	0
147366	11021	0
147366	11022	0
147366	11023	0
147367	11018	0
147367	11019	0
147367	11020	0
147367	11021	0
147367	11022	0
147367	11023	0
147421	11222	0
147421	11223	0
147421	11224	1
147421	11225	1
147421	11226	0
147421	11227	0
147878	11156	0
147878	11157	0
147878	11158	0
147878	11159	0
147878	11160	0
147878	11161	0
147880	11156	0
147880	11158	0
147880	11159	0
147880	11160	0
147880	11161	0
148376	10827	0
148376	10828	0
148376	10829	0
148376	10830	0
148376	10831	0
148376	10832	0
148377	10827	0
148377	10828	0
148377	10829	1
148377	10830	0
148377	10831	0
148377	10832	0
148379	10827	0
148379	10828	0
148379	10829	0
148379	10830	0
148379	10831	0
148379	10832	0
148515	11156	0
148515	11157	0
148515	11158	0
148515	11159	0
148515	11160	0
148515	11161	0
148516	11156	0
148516	11158	0
148516	11159	0
148516	11160	0
148516	11161	0
148518	11156	0
148518	11158	0
148518	11159	0
148518	11160	0
148518	11161	0
152031	12203	2
152031	12204	0
152031	12205	0
152031	12206	0
152031	12207	0
152031	12208	0
152078	12203	1
152078	12204	0
152078	12205	0
152078	12206	0
152078	12207	0
152078	12208	0
152448	12867	0
152448	12868	0
152448	12869	0
152448	12870	0
152448	12871	0
152448	12872	0
152449	12867	0
152449	12868	1
152449	12869	0
152449	12870	0
152449	12871	0
152449	12872	0
152450	12867	0
152450	12868	0
152450	12869	0
152450	12870	0
152450	12871	0
152450	12872	0
152534	12808	0
152534	12809	0
152534	12810	0
152534	12811	0
152534	12812	1
152534	12813	0
152535	12808	0
152535	12809	0
152535	12810	0
152535	12811	0
152535	12812	1
152535	12813	0
152730	12406	1
152730	12407	0
152730	12408	0
152730	12409	0
152730	12410	0
152730	12411	0
152734	12406	0
152734	12407	0
152734	12408	0
152734	12409	0
152734	12410	0
152734	12411	0
153136	11018	0
153136	11019	0
153136	11020	0
153136	11021	0
153136	11022	0
153136	11023	0
153137	11018	0
153137	11019	0
153137	11020	0
153137	11021	0
153137	11022	0
153137	11023	0
153138	11018	0
153138	11019	0
153138	11020	0
153138	11021	0
153138	11022	0
153138	11023	0
153139	12406	0
153139	12407	0
153139	12408	0
153139	12409	0
153139	12410	0
153139	12411	0
153140	12406	0
153140	12407	0
153140	12408	0
153140	12409	0
153140	12410	0
153140	12411	0
153144	12406	1
153144	12407	0
153144	12408	0
153144	12409	0
153144	12410	0
153144	12411	0
153145	10827	0
153145	10828	0
153145	10829	0
153145	10830	0
153145	10831	0
153145	10832	0
153146	10827	0
153146	10828	0
153146	10829	1
153146	10830	0
153146	10831	0
153146	10832	0
153147	10827	0
153147	10828	0
153147	10829	0
153147	10830	0
153147	10831	0
153147	10832	0
153148	12808	0
153148	12809	0
153148	12810	0
153148	12811	0
153148	12812	1
153148	12813	0
153149	12808	0
153149	12809	0
153149	12810	0
153149	12811	0
153149	12812	1
153149	12813	0
153248	12203	0
153248	12204	0
153248	12205	0
153248	12206	0
153248	12207	0
153248	12208	0
153252	12203	2
153252	12204	0
153252	12205	0
153252	12206	1
153252	12207	0
153252	12208	0
153253	12203	1
153253	12204	0
153253	12205	0
153253	12206	0
153253	12207	0
153253	12208	0
153265	11222	0
153265	11223	0
153265	11224	0
153265	11225	0
153265	11226	0
153265	11227	0
153266	11222	0
153266	11223	0
153266	11224	1
153266	11225	1
153266	11226	0
153266	11227	0
153267	11222	0
153267	11223	0
153267	11224	0
153267	11225	0
153267	11226	0
153267	11227	0
153291	12867	0
153291	12868	0
153291	12869	0
153291	12870	0
153291	12871	0
153291	12872	0
153292	12867	0
153292	12868	1
153292	12869	0
153292	12870	0
153292	12871	0
153292	12872	0
153293	12867	0
153293	12868	0
153293	12869	0
153293	12870	0
153293	12871	0
153293	12872	0
155207	9722	0
155207	9723	0
155207	9724	0
155207	9725	0
155207	9726	0
155207	9727	1
155229	9686	0
155229	9687	0
155229	9688	0
155229	9689	0
155229	9690	0
155229	9691	0
155230	9686	0
155230	9687	0
155230	9688	0
155230	9689	0
155230	9690	0
155230	9691	0
155261	9722	0
155261	9723	1
155261	9724	0
155261	9725	0
155261	9726	1
155261	9727	0
155640	9722	0
155640	9723	1
155640	9724	0
155640	9725	0
155640	9726	0
155640	9727	0
155648	9686	0
155648	9687	0
155648	9688	0
155648	9689	0
155648	9690	0
155648	9691	0
156607	9722	0
156607	9723	0
156607	9724	0
156607	9725	0
156607	9726	0
156607	9727	1
156608	9722	0
156608	9723	1
156608	9724	0
156608	9725	0
156608	9726	1
156608	9727	0
156609	9722	0
156609	9723	1
156609	9724	0
156609	9725	0
156609	9726	0
156609	9727	0
156610	9686	0
156610	9687	0
156610	9688	0
156610	9689	0
156610	9690	0
156610	9691	0
156611	9686	0
156611	9687	0
156611	9688	0
156611	9689	0
156611	9690	0
156611	9691	0
156612	9686	0
156612	9687	0
156612	9688	0
156612	9689	0
156612	9690	0
156612	9691	0
156833	9668	1
156833	9669	0
156833	9670	0
156833	9671	0
156833	9672	0
156833	9673	0
156834	9668	0
156834	9669	0
156834	9670	0
156834	9671	0
156834	9672	0
156834	9673	0
156835	9668	0
156835	9669	0
156835	9670	0
156835	9671	0
156835	9672	0
156835	9673	0
157326	11018	0
157326	11019	0
157326	11020	1
157326	11021	0
157326	11022	0
157326	11023	1
157382	10058	0
157382	10059	0
157382	10060	0
157382	10061	1
157382	10062	0
157382	10063	0
157383	10022	0
157383	10023	0
157383	10024	0
157383	10025	1
157383	10026	0
157383	10027	0
157384	10022	0
157384	10023	0
157384	10024	2
157384	10025	0
157384	10026	0
157384	10027	0
157385	10058	0
157385	10059	0
157385	10060	0
157385	10061	0
157385	10062	0
157385	10063	0
157386	10058	0
157386	10059	0
157386	10060	0
157386	10061	0
157386	10062	2
157386	10063	0
157387	10058	0
157387	10059	0
157387	10060	1
157387	10061	0
157387	10062	2
157387	10063	0
157423	11018	1
157423	11019	0
157423	11020	0
157423	11021	0
157423	11022	0
157423	11023	0
157450	13400	0
157450	13401	1
157450	13402	0
157450	13403	0
157450	13404	0
157450	13405	0
157452	13400	0
157452	13401	0
157452	13402	0
157452	13403	0
157452	13404	0
157452	13405	0
157541	11156	0
157541	11157	0
157541	11158	0
157541	11159	0
157541	11160	0
157542	11156	0
157542	11158	0
157542	11159	0
157542	11160	1
157543	11156	0
157543	11157	0
157543	11158	0
157543	11159	0
157543	11160	0
157599	13400	0
157599	13401	0
157599	13402	0
157599	13403	0
157599	13404	0
157599	13405	0
157611	11018	0
157611	11019	0
157611	11020	1
157611	11021	0
157611	11022	0
157611	11023	0
157665	10827	0
157665	10828	0
157665	10829	0
157665	10830	0
157665	10831	0
157665	10832	0
157666	10827	0
157666	10828	0
157666	10829	0
157666	10830	0
157666	10831	0
157666	10832	0
157667	10827	0
157667	10828	0
157667	10829	0
157667	10830	0
157667	10831	0
157667	10832	0
157904	9668	1
157904	9669	0
157904	9670	0
157904	9671	0
157904	9672	0
157904	9673	0
157905	9668	0
157905	9669	0
157905	9670	0
157905	9671	0
157905	9672	0
157905	9673	0
157906	9668	0
157906	9669	0
157906	9670	0
157906	9671	0
157906	9672	0
157906	9673	0
159228	12406	0
159228	12407	0
159228	12408	0
159228	12409	0
159228	12410	0
159228	12411	0
159250	12203	0
159250	12204	0
159250	12205	0
159250	12206	0
159250	12207	0
159250	12208	0
159441	12867	2
159441	12868	0
159441	12869	0
159441	12870	0
159441	12871	0
159441	12872	0
159460	12406	0
159460	12407	0
159460	12408	0
159460	12409	0
159460	12410	0
159460	12411	0
159558	12203	0
159558	12204	0
159558	12205	0
159558	12206	0
159558	12207	0
159558	12208	0
159559	12203	0
159559	12204	1
159559	12205	0
159559	12206	1
159559	12207	0
159559	12208	0
159566	12808	2
159566	12809	0
159566	12810	0
159566	12811	0
159566	12812	0
159566	12813	0
159567	12808	0
159567	12809	0
159567	12810	0
159567	12811	0
159567	12812	0
159567	12813	0
159571	12808	2
159571	12809	0
159571	12810	0
159571	12811	0
159571	12812	0
159571	12813	0
159572	12808	1
159572	12809	0
159572	12810	0
159572	12811	0
159572	12812	0
159572	12813	0
159573	12808	1
159573	12809	0
159573	12810	0
159573	12811	0
159573	12812	0
159573	12813	0
159575	12406	1
159575	12407	0
159575	12408	0
159575	12409	0
159575	12410	0
159575	12411	0
160282	9722	1
160282	9723	2
160282	9724	1
160282	9725	0
160282	9726	0
160282	9727	0
160451	9722	0
160451	9723	0
160451	9724	0
160451	9725	0
160451	9726	0
160451	9727	0
160456	9686	0
160456	9687	0
160456	9688	0
160456	9689	1
160456	9690	0
160456	9691	0
160457	9686	0
160457	9687	0
160457	9688	0
160457	9689	0
160457	9690	1
160457	9691	1
160458	9686	0
160458	9687	0
160458	9688	0
160458	9689	0
160458	9690	0
160458	9691	0
160477	9668	0
160477	9669	0
160477	9670	0
160477	9671	0
160477	9672	0
160477	9673	0
160478	9668	0
160478	9669	0
160478	9670	0
160478	9671	0
160478	9672	0
160478	9673	0
160479	9668	0
160479	9669	0
160479	9670	0
160479	9671	0
160479	9672	0
160479	9673	0
160571	9892	1
160571	9894	0
160572	9892	0
160572	9894	0
160573	9892	0
160573	9894	0
160877	13400	0
160877	13401	0
160877	13402	0
160877	13403	0
160877	13404	0
160877	13405	0
160962	11018	0
160962	11019	0
160962	11020	0
160962	11021	0
160962	11022	0
160962	11023	0
161000	10827	0
161000	10828	0
161000	10829	0
161000	10830	0
161000	10831	1
161000	10832	0
161001	10827	0
161001	10828	0
161001	10829	0
161001	10830	0
161001	10831	1
161001	10832	0
161002	10827	0
161002	10828	0
161002	10829	0
161002	10830	0
161002	10831	0
161002	10832	0
161003	10827	0
161003	10828	0
161003	10829	0
161003	10830	0
161003	10831	0
161003	10832	0
161032	11222	0
161032	11223	0
161032	11224	0
161032	11225	0
161032	11226	0
161032	11227	0
161039	11222	0
161039	11223	0
161039	11224	0
161039	11225	0
161039	11226	0
161039	11227	0
161045	11018	0
161045	11019	0
161045	11020	0
161045	11021	0
161045	11022	0
161045	11023	0
161067	13400	0
161067	13401	0
161067	13402	1
161067	13403	0
161067	13404	0
161067	13405	0
161113	11156	0
161113	11158	0
161113	11159	0
161113	11160	1
161113	11161	0
161115	11156	0
161115	11158	0
161115	11159	0
161115	11160	0
161115	11161	0
161116	11156	0
161116	11158	0
161116	11159	0
161116	11160	0
161116	11161	0
161138	10827	0
161138	10828	0
161138	10829	0
161138	10830	0
161138	10831	0
161138	10832	0
161139	10827	0
161139	10828	0
161139	10829	0
161139	10830	0
161139	10831	0
161139	10832	0
161156	13400	0
161156	13401	1
161156	13402	0
161156	13403	0
161156	13404	0
161156	13405	0
161170	11018	1
161170	11019	0
161170	11020	0
161170	11021	0
161170	11022	0
161170	11023	0
161179	11222	0
161179	11223	0
161179	11224	1
161179	11225	0
161179	11226	0
161179	11227	0
