ObservationID	SubLocationID	Count
146127	9770	0
146127	9771	0
146127	9772	0
146127	9773	0
146127	9774	0
146127	9775	0
146128	9770	0
146128	9771	8
146128	9772	1
146128	9773	7
146128	9774	0
146128	9775	0
146130	9674	0
146130	9675	1
146130	9676	0
146130	9677	0
146130	9678	0
146130	9679	0
146142	9674	0
146142	9675	6
146142	9676	10
146142	9677	0
146142	9678	0
146142	9679	0
146145	9770	0
146145	9771	24
146145	9772	0
146145	9773	10
146145	9774	0
146145	9775	0
146147	9674	0
146147	9675	0
146147	9676	0
146147	9677	0
146147	9678	0
146147	9679	0
146177	9438	0
146177	9439	12
146177	9440	6
146177	9441	0
146177	9442	0
146177	9443	7
146178	9438	5
146178	9439	60
146178	9440	2
146178	9441	0
146178	9442	0
146178	9443	0
146179	9438	0
146179	9439	0
146179	9440	0
146179	9441	0
146179	9442	0
146179	9443	0
146427	10269	0
146427	10270	0
146427	10271	0
146427	10272	0
146427	10273	0
146427	10274	0
146428	10269	0
146428	10270	0
146428	10271	0
146428	10272	0
146428	10273	0
146428	10274	0
146429	10269	0
146429	10270	0
146429	10271	0
146429	10272	0
146429	10273	0
146429	10274	2
146697	9478	0
146697	9479	0
146697	9480	0
146697	9481	0
146697	9482	20
146697	9483	0
146698	9478	7
146698	9479	0
146698	9480	4
146698	9481	0
146698	9482	0
146698	9483	0
146699	9478	0
146699	9479	0
146699	9480	0
146699	9481	0
146699	9482	0
146699	9483	0
146837	9396	0
146837	9397	0
146837	9398	0
146837	9399	0
146837	9400	0
146837	9401	0
146838	9396	0
146838	9397	0
146838	9398	0
146838	9399	0
146838	9400	0
146838	9401	0
146839	9396	0
146839	9397	0
146839	9398	0
146839	9399	0
146839	9400	1
146839	9401	0
147071	11126	0
147071	11127	0
147071	11128	0
147071	11129	0
147071	11130	0
147071	11131	0
147205	11835	25
147205	11836	18
147205	11837	0
147205	11838	0
147205	11839	0
147205	11840	0
147240	11126	0
147240	11127	0
147240	11128	0
147240	11129	0
147240	11130	0
147240	11131	0
147241	11437	0
147241	11438	0
147241	11439	0
147241	11440	0
147241	11441	0
147241	11442	0
147348	11204	0
147348	11205	0
147348	11206	0
147348	11207	0
147348	11208	0
147348	11209	0
147349	11204	0
147349	11205	0
147349	11206	0
147349	11207	0
147349	11208	0
147349	11209	0
147350	11204	0
147350	11205	0
147350	11206	0
147350	11207	0
147350	11208	0
147350	11209	0
147534	9438	0
147534	9439	12
147534	9440	6
147534	9441	0
147534	9442	0
147534	9443	7
147541	9438	5
147541	9439	60
147541	9440	2
147541	9441	0
147541	9442	0
147541	9443	0
147544	9438	0
147544	9439	0
147544	9440	0
147544	9441	0
147544	9442	0
147544	9443	0
147876	11835	0
147876	11836	2
147876	11837	0
147876	11838	0
147876	11839	0
147876	11840	0
148056	9550	0
148056	9551	0
148056	9552	6
148056	9553	0
148056	9555	9
148057	9550	0
148057	9551	1
148057	9552	3
148057	9553	9
148057	9554	3
148057	9555	4
148058	9550	0
148058	9551	0
148058	9552	0
148058	9553	0
148058	9554	0
148058	9555	0
148422	11311	0
148422	11312	0
148422	11313	1
148422	11314	2
148422	11315	0
148422	11316	0
148423	11311	0
148423	11312	0
148423	11313	0
148423	11314	0
148423	11315	0
148423	11316	0
148424	11311	0
148424	11312	0
148424	11313	0
148424	11314	0
148424	11315	0
148424	11316	0
148425	11811	0
148425	11812	0
148425	11813	0
148425	11814	0
148425	11815	0
148425	11816	0
148426	11811	2
148426	11812	2
148426	11813	2
148426	11814	1
148426	11815	9
148426	11816	0
148427	11811	0
148427	11812	2
148427	11813	1
148427	11814	2
148427	11815	2
148427	11816	1
151440	11060	0
151440	11061	0
151440	11062	0
151440	11063	0
151440	11064	0
151440	11065	0
151829	10976	0
151829	10977	0
151829	10978	0
151829	10979	0
151829	10980	0
151829	10981	6
151830	10976	0
151830	10977	0
151830	10978	0
151830	10979	0
151830	10980	0
151830	10981	0
151834	10976	0
151834	10977	0
151834	10978	0
151834	10979	0
151834	10980	0
151834	10981	0
151848	11060	0
151848	11061	0
151848	11062	0
151848	11063	0
151848	11064	0
151848	11065	0
151978	12197	0
151978	12198	28
151978	12199	0
151978	12200	2
151978	12201	0
151978	12202	0
152000	12382	0
152000	12383	0
152000	12384	0
152000	12385	0
152000	12386	0
152000	12387	0
152092	12382	0
152092	12383	0
152092	12384	0
152092	12385	0
152092	12386	0
152092	12387	0
152213	12769	0
152213	12770	0
152213	12771	0
152213	12772	0
152213	12773	0
152213	12774	0
152214	12769	0
152214	12770	0
152214	12771	0
152214	12772	0
152214	12773	0
152214	12774	0
152215	12769	2
152215	12770	0
152215	12771	0
152215	12772	0
152215	12773	0
152215	12774	0
152350	12382	1
152350	12383	0
152350	12384	0
152350	12385	0
152350	12386	0
152350	12387	0
152372	12197	50
152372	12198	0
152372	12199	0
152372	12200	0
152372	12201	0
152372	12202	0
152373	12197	5
152373	12198	1
152373	12199	3
152373	12200	0
152373	12201	1
152373	12202	0
152374	13032	0
152374	13033	0
152374	13034	0
152374	13035	0
152374	13036	0
152374	13037	0
152375	13032	0
152375	13033	0
152375	13034	0
152375	13035	0
152375	13036	0
152375	13037	0
152376	13032	0
152376	13033	0
152376	13034	0
152376	13035	1
152376	13036	0
152376	13037	0
152643	10269	0
152643	10270	0
152643	10271	0
152643	10272	0
152643	10273	0
152643	10274	0
152644	10269	0
152644	10270	0
152644	10271	0
152644	10272	0
152644	10273	0
152644	10274	0
152645	10269	0
152645	10270	0
152645	10271	0
152645	10272	0
152645	10273	0
152645	10274	2
152746	11204	0
152746	11205	0
152746	11206	0
152746	11207	0
152746	11208	0
152746	11209	0
152747	11204	0
152747	11205	0
152747	11206	0
152747	11207	0
152747	11208	0
152747	11209	0
152749	11204	0
152749	11205	0
152749	11206	0
152749	11207	0
152749	11208	0
152749	11209	0
152948	11311	0
152948	11312	0
152948	11313	1
152948	11314	2
152948	11315	0
152948	11316	0
152949	11811	0
152949	11812	0
152949	11813	0
152949	11814	0
152949	11815	0
152949	11816	0
152954	11311	0
152954	11312	0
152954	11313	0
152954	11314	0
152954	11315	0
152954	11316	0
152955	11811	2
152955	11812	2
152955	11813	2
152955	11814	1
152955	11815	9
152955	11816	0
152960	11311	0
152960	11312	0
152960	11313	0
152960	11314	0
152960	11315	0
152960	11316	0
152961	11811	0
152961	11812	2
152961	11813	1
152961	11814	2
152961	11815	2
152961	11816	1
153039	12197	0
153039	12198	28
153039	12199	0
153039	12200	2
153039	12201	0
153039	12202	0
153040	10976	0
153040	10977	0
153040	10978	0
153040	10979	0
153040	10980	0
153040	10981	6
153041	10976	0
153041	10977	0
153041	10978	0
153041	10979	0
153041	10980	0
153041	10981	0
153042	10976	0
153042	10977	0
153042	10978	0
153042	10979	0
153042	10980	0
153042	10981	0
153043	12197	50
153043	12198	0
153043	12199	0
153043	12200	0
153043	12201	0
153043	12202	0
153044	12197	5
153044	12198	1
153044	12199	3
153044	12200	0
153044	12201	1
153044	12202	0
153355	12769	0
153355	12770	0
153355	12771	0
153355	12772	0
153355	12773	0
153355	12774	0
153364	12769	0
153364	12770	0
153364	12771	0
153364	12772	0
153364	12773	0
153364	12774	0
153365	12769	2
153365	12770	0
153365	12771	0
153365	12772	0
153365	12773	0
153365	12774	0
153466	11437	0
153466	11438	0
153466	11439	0
153466	11440	0
153466	11441	0
153466	11442	0
153467	11126	0
153467	11127	0
153467	11128	0
153467	11129	0
153467	11130	0
153467	11131	0
153468	11126	0
153468	11127	0
153468	11128	0
153468	11129	0
153468	11130	0
153468	11131	0
153469	11437	0
153469	11438	0
153469	11439	0
153469	11440	0
153469	11441	0
153469	11442	0
153553	11959	2
153553	11960	3
153553	11961	15
153553	11962	0
153553	11963	0
153553	11964	0
153554	11959	0
153554	11960	0
153554	11961	0
153554	11962	0
153554	11963	0
153554	11964	0
153555	11959	0
153555	11960	0
153555	11961	0
153555	11962	0
153555	11963	0
153555	11964	0
153562	11959	0
153562	11960	0
153562	11961	0
153562	11962	0
153562	11963	0
153562	11964	0
153663	9550	0
153663	9551	0
153663	9552	6
153663	9553	0
153663	9555	9
153668	9550	0
153668	9551	1
153668	9552	3
153668	9553	9
153668	9554	3
153668	9555	4
153673	9550	0
153673	9551	0
153673	9552	0
153673	9553	0
153673	9554	0
153673	9555	0
153684	11959	2
153684	11960	3
153684	11961	15
153684	11962	0
153684	11963	0
153684	11964	0
153692	11959	0
153692	11960	0
153692	11961	0
153692	11962	0
153692	11963	0
153692	11964	0
153693	12382	0
153693	12383	0
153693	12384	0
153693	12385	0
153693	12386	0
153693	12387	0
153694	12382	0
153694	12383	0
153694	12384	0
153694	12385	0
153694	12386	0
153694	12387	0
153695	12382	1
153695	12383	0
153695	12384	0
153695	12385	0
153695	12386	0
153695	12387	0
153827	13032	0
153827	13033	0
153827	13034	0
153827	13035	0
153827	13036	0
153827	13037	0
153832	13032	0
153832	13033	0
153832	13034	0
153832	13035	0
153832	13036	0
153832	13037	0
153834	13032	0
153834	13033	0
153834	13034	0
153834	13035	1
153834	13036	0
153834	13037	0
155198	9438	2
155198	9439	28
155198	9440	3
155198	9441	0
155198	9442	0
155198	9443	1
155199	9438	7
155199	9439	38
155199	9440	0
155199	9441	4
155199	9442	4
155199	9443	0
155598	9438	0
155598	9439	7
155598	9440	2
155598	9441	2
155598	9442	0
155598	9443	3
156199	10269	0
156199	10270	0
156199	10271	0
156199	10272	0
156199	10273	0
156199	10274	0
156203	10269	0
156203	10270	0
156203	10271	0
156203	10272	0
156203	10273	0
156203	10274	0
156643	9438	2
156643	9439	28
156643	9440	3
156643	9441	0
156643	9442	0
156643	9443	1
156644	9438	7
156644	9439	38
156644	9440	0
156644	9441	4
156644	9442	4
156644	9443	0
156646	9438	0
156646	9439	7
156646	9440	2
156646	9441	2
156646	9442	0
156646	9443	3
156735	9674	0
156735	9675	0
156735	9676	0
156735	9677	0
156735	9678	0
156735	9679	0
156736	9770	0
156736	9771	0
156736	9772	0
156736	9773	1
156736	9774	0
156736	9775	0
156737	9674	0
156737	9675	0
156737	9676	0
156737	9677	0
156737	9678	0
156737	9679	0
156738	9674	0
156738	9675	0
156738	9676	0
156738	9677	0
156738	9678	0
156738	9679	0
156739	9770	20
156739	9771	80
156739	9772	0
156739	9773	15
156739	9774	0
156739	9775	0
156740	9770	3
156740	9771	13
156740	9772	2
156740	9773	13
156740	9774	1
156740	9775	2
156750	9396	0
156750	9397	0
156750	9398	0
156750	9399	16
156750	9400	0
156750	9401	1
156815	9674	0
156815	9675	0
156815	9676	0
156815	9677	0
156815	9678	0
156815	9679	0
156816	9770	3
156816	9771	13
156816	9772	2
156816	9773	13
156816	9774	1
156816	9775	2
156817	9674	0
156817	9675	0
156817	9676	0
156817	9677	0
156817	9678	0
156817	9679	0
156818	9770	20
156818	9771	80
156818	9772	0
156818	9773	15
156818	9774	0
156818	9775	0
156819	9770	0
156819	9771	0
156819	9772	0
156819	9773	1
156819	9774	0
156819	9775	0
156820	9674	0
156820	9675	0
156820	9676	0
156820	9677	0
156820	9678	0
156820	9679	0
156825	9550	0
156825	9551	10
156825	9552	8
156825	9553	15
156825	9554	0
156825	9555	0
156828	9550	2
156828	9551	6
156828	9552	0
156828	9553	16
156828	9554	0
156828	9555	0
156829	9550	5
156829	9551	8
156829	9552	0
156829	9553	14
156829	9554	0
156829	9555	0
157353	10269	0
157353	10270	5
157353	10271	0
157353	10272	0
157353	10273	0
157353	10274	0
157390	11204	0
157390	11205	0
157390	11206	0
157390	11207	0
157390	11208	0
157390	11209	2
157414	11060	0
157414	11061	0
157414	11062	2
157414	11063	0
157414	11064	0
157414	11065	0
157470	11204	0
157470	11205	0
157470	11206	0
157470	11207	0
157470	11208	0
157470	11209	3
157501	11204	0
157501	11205	0
157501	11206	0
157501	11207	0
157501	11208	0
157501	11209	9
157653	11811	0
157653	11812	3
157653	11813	0
157653	11814	2
157653	11815	0
157653	11816	2
157654	11311	0
157654	11312	0
157654	11313	0
157654	11314	0
157654	11315	0
157654	11316	2
157671	11811	1
157671	11812	0
157671	11813	3
157671	11814	4
157671	11815	3
157671	11816	1
157672	11311	0
157672	11312	0
157672	11313	0
157672	11314	0
157672	11315	0
157672	11316	0
157677	11811	2
157677	11812	3
157677	11813	0
157677	11814	0
157677	11815	6
157677	11816	3
157678	11311	0
157678	11312	0
157678	11313	0
157678	11314	0
157678	11315	0
157678	11316	0
157746	10976	0
157746	10977	4
157746	10978	0
157746	10979	0
157746	10980	0
157746	10981	0
159169	11126	0
159169	11127	0
159169	11128	4
159169	11129	0
159169	11130	0
159169	11131	0
159170	11126	2
159170	11127	9
159170	11128	9
159170	11129	4
159170	11130	0
159170	11131	3
159171	11437	6
159171	11438	6
159171	11439	4
159171	11440	7
159171	11441	7
159171	11442	0
159172	11437	40
159172	11438	38
159172	11439	4
159172	11440	0
159172	11441	0
159172	11442	0
159173	11126	0
159173	11127	0
159173	11128	0
159173	11129	0
159173	11130	3
159173	11131	0
159174	11437	14
159174	11438	5
159174	11439	8
159174	11440	4
159174	11441	0
159174	11442	0
159179	11835	8
159179	11836	0
159179	11837	1
159179	11838	0
159179	11839	0
159179	11840	0
159180	11835	0
159180	11836	4
159180	11837	0
159180	11838	0
159180	11839	0
159180	11840	0
159242	13032	0
159242	13033	0
159242	13034	0
159242	13035	0
159242	13036	0
159242	13037	0
159243	11060	0
159243	11061	0
159243	11062	0
159243	11063	0
159243	11064	0
159243	11065	0
159271	12382	1
159271	12383	0
159271	12384	0
159271	12385	1
159271	12386	0
159271	12387	0
159487	13032	0
159487	13033	0
159487	13034	3
159487	13035	1
159487	13036	0
159487	13037	0
159525	12382	0
159525	12383	0
159525	12384	0
159525	12385	0
159525	12386	5
159525	12387	0
159688	12769	0
159688	12770	0
159688	12771	0
159688	12772	33
159688	12773	0
159688	12774	0
159689	12769	0
159689	12770	0
159689	12771	0
159689	12772	0
159689	12773	0
159689	12774	0
159690	12769	0
159690	12770	0
159690	12771	0
159690	12772	0
159690	12773	0
159690	12774	0
159816	12197	20
159816	12198	0
159816	12199	0
159816	12200	0
159816	12201	0
159816	12202	0
159817	12197	20
159817	12198	0
159817	12199	0
159817	12200	0
159817	12201	0
159817	12202	0
159818	12197	0
159818	12198	5
159818	12199	0
159818	12200	0
159818	12201	0
159818	12202	0
160118	11959	18
160118	11960	5
160118	11961	3
160118	11962	0
160118	11963	0
160118	11964	0
160119	11959	1
160119	11960	20
160119	11961	20
160119	11962	20
160119	11963	0
160119	11964	0
160120	11959	1
160120	11960	20
160120	11961	20
160120	11962	20
160120	11963	0
160120	11964	0
160124	11959	0
160124	11960	0
160124	11961	0
160124	11962	0
160124	11963	0
160124	11964	0
160125	11959	0
160125	11960	0
160125	11961	0
160125	11962	0
160125	11963	0
160125	11964	0
160204	9478	2
160204	9479	0
160204	9480	7
160204	9481	0
160204	9482	0
160204	9483	0
160301	9438	4
160301	9439	54
160301	9440	0
160301	9441	0
160301	9442	0
160301	9443	0
160302	9438	9
160302	9439	45
160302	9440	0
160302	9441	2
160302	9442	8
160302	9443	0
160352	9478	0
160352	9479	0
160352	9480	0
160352	9481	0
160352	9482	0
160352	9483	0
160370	9438	5
160370	9439	17
160370	9440	2
160370	9441	0
160370	9442	0
160370	9443	2
160459	9674	0
160459	9675	3
160459	9676	1
160459	9677	4
160459	9678	0
160459	9679	0
160460	9770	50
160460	9771	110
160460	9772	2
160460	9773	50
160460	9774	0
160460	9775	35
160461	9674	7
160461	9675	0
160461	9676	0
160461	9677	1
160461	9678	5
160461	9679	0
160462	9770	25
160462	9771	50
160462	9772	10
160462	9773	40
160462	9774	13
160462	9775	10
160463	9674	8
160463	9675	0
160463	9676	0
160463	9677	4
160463	9678	1
160463	9679	0
160464	9770	40
160464	9771	70
160464	9772	2
160464	9773	70
160464	9774	8
160464	9775	5
160470	10269	0
160470	10270	0
160470	10271	0
160470	10272	0
160470	10273	0
160470	10274	0
160729	9550	0
160729	9551	0
160729	9552	3
160729	9553	2
160729	9554	3
160729	9555	8
160919	11204	0
160919	11205	0
160919	11206	0
160919	11207	0
160919	11208	0
160919	11209	8
160926	11060	0
160926	11061	0
160926	11062	0
160926	11063	0
160926	11064	2
160926	11065	0
160992	11835	0
160992	11836	5
160992	11837	0
160992	11838	0
160992	11839	0
160992	11840	0
161010	11204	0
161010	11205	0
161010	11206	0
161010	11207	0
161010	11208	0
161010	11209	15
161029	11835	0
161029	11836	0
161029	11837	0
161029	11838	0
161029	11839	0
161029	11840	0
161125	11204	0
161125	11205	0
161125	11206	0
161125	11207	8
161125	11208	0
161125	11209	0
161177	11835	0
161177	11836	0
161177	11837	0
161177	11838	0
161177	11839	0
161177	11840	0
161197	11437	5
161197	11438	0
161197	11439	4
161197	11440	0
161197	11441	0
161197	11442	0
161198	11126	0
161198	11127	0
161198	11128	0
161198	11129	0
161198	11130	1
161198	11131	0
161199	11126	16
161199	11127	0
161199	11128	15
161199	11129	0
161199	11130	11
161199	11131	1
161200	11437	30
161200	11438	23
161200	11439	20
161200	11440	14
161200	11441	5
161200	11442	3
