ObservationID	Count
409	0
410	0
411	0
412	0
413	0
414	0
415	0
416	0
417	0
418	0
419	0
420	0
421	0
422	0
423	0
424	0
425	2
426	0
427	0
428	0
429	2
430	0
431	0
432	0
433	0
434	0
435	0
436	0
437	0
438	0
439	0
440	0
441	0
442	0
443	0
444	0
541	0
542	0
543	1
544	0
545	0
546	0
547	0
548	0
549	0
551	0
553	0
554	0
555	0
557	0
559	0
560	2
561	0
563	0
613	0
614	0
615	0
616	0
617	0
618	0
643	0
644	0
645	0
646	0
647	0
648	1
877	0
878	0
879	0
880	0
881	2
882	0
883	0
884	0
885	0
886	0
887	0
888	0
889	0
890	0
891	0
892	0
893	0
894	0
1153	0
1154	0
1155	2
1156	0
1157	0
1158	0
1195	0
1196	0
1197	0
1198	0
1199	2
1200	0
1297	0
1298	0
1299	0
1300	0
1301	0
1302	2
1309	0
1310	0
1311	0
1312	0
1313	0
1314	2
1315	0
1316	0
1317	0
1318	0
1319	0
1320	1
1327	0
1328	0
1329	0
1330	0
1331	0
1332	0
1333	0
1334	0
1335	0
1336	0
1337	0
1338	3
1339	0
1340	2
1341	0
1342	0
1343	0
1344	12
1351	0
1352	0
1353	0
1354	1
1355	0
1356	2
1357	0
1358	1
1359	0
1360	0
1361	2
1362	0
1363	0
1364	0
1365	0
1366	0
1367	0
1368	0
1537	0
1538	0
1539	0
1540	1
1541	0
1542	2
1543	0
1544	1
1545	0
1546	1
1547	1
1548	1
1669	0
1670	1
1671	0
1672	0
1673	0
1674	0
1687	0
1688	0
1689	2
1690	0
1691	0
1692	0
1717	0
1718	0
1719	0
1720	0
1721	1
1722	0
1723	0
1724	0
1725	0
1726	1
1727	2
1728	0
1753	0
1754	0
1755	0
1756	0
1757	0
1758	0
1759	1
1760	0
1761	4
1762	0
1763	0
1764	0
1783	0
1784	0
1785	1
1786	0
1787	1
1788	0
1831	0
1832	0
1833	0
1834	0
1835	0
1836	0
1837	0
1838	0
1839	0
1840	0
1841	0
1842	0
1843	0
1844	0
1845	0
1846	0
1847	0
1848	0
1915	0
1916	0
1917	0
1918	0
1919	0
1920	0
1921	0
1922	0
1923	0
1924	0
1925	1
1926	1
1927	0
1928	0
1929	0
1930	0
1931	0
1932	0
1933	0
1934	0
1935	0
1936	2
1937	0
1938	0
1939	0
1940	0
1941	0
1942	0
1943	0
1944	0
1945	0
1946	0
1947	0
1948	0
1949	0
1950	0
1999	0
2000	2
2001	2
2002	0
2003	2
2004	0
2005	0
2006	0
2007	0
2008	0
2009	0
2010	0
2035	0
2036	0
2038	0
2039	0
2040	0
2047	0
2048	0
2050	0
2051	0
2052	0
2053	0
2054	2
2056	0
2057	0
2058	0
2077	0
2078	0
2079	0
2080	0
2081	2
2082	0
2083	1
2084	0
2085	0
2086	0
2087	0
2088	0
2089	0
2090	0
2091	0
2092	0
2093	0
2094	0
2269	0
2270	0
2271	0
2272	1
2273	0
2274	0
2275	0
2276	0
2277	0
2278	0
2279	0
2280	0
2281	0
2282	0
2283	0
2284	0
2285	0
2286	0
2329	0
2330	2
2331	0
2332	0
2333	0
2334	0
2341	0
2342	0
2343	0
2344	0
2345	0
2346	0
2347	2
2348	0
2349	0
2350	0
2351	0
2352	0
2371	0
2372	0
2373	0
2374	0
2375	0
2376	0
2377	0
2378	0
2379	2
2380	0
2381	0
2382	0
2383	0
2384	0
2385	0
2386	0
2387	0
2388	0
2653	0
2654	0
2655	0
2656	0
2657	0
2658	0
2767	0
2768	0
2769	0
2770	0
2771	0
2772	0
2779	0
2780	1
2781	0
2782	0
2783	0
2784	0
2797	1
2798	0
2799	0
2800	0
2801	0
2802	0
3091	0
3092	0
3093	0
3094	0
3095	0
3096	0
3097	0
3098	0
3099	0
3100	0
3101	0
3102	0
3361	0
3362	0
3363	0
3364	0
3365	2
3366	0
3367	0
3368	0
3369	0
3370	0
3371	2
3372	0
3373	0
3374	0
3375	2
3376	0
3377	6
3378	0
3433	0
3434	0
3435	0
3436	0
3437	0
3438	0
3439	0
3440	0
3441	0
3442	0
3443	0
3444	0
3445	0
3446	0
3447	0
3448	0
3449	0
3450	0
3547	0
3548	0
3549	1
3550	0
3551	0
3552	0
3565	0
3566	0
3567	0
3568	0
3569	0
3570	0
3583	0
3584	0
3585	0
3586	0
3587	6
3588	0
3667	0
3668	2
3669	0
3670	0
3671	2
3672	0
3673	0
3674	0
3675	0
3676	0
3677	0
3678	0
3679	0
3680	0
3681	0
3682	0
3683	0
3684	0
3763	2
3764	0
3765	3
3766	2
3767	0
3768	3
3769	0
3770	0
3771	2
3772	0
3773	0
3774	2
3775	0
3776	1
3777	0
3778	1
3779	0
3780	1
4213	0
4214	0
4215	0
4216	2
4217	0
4218	0
4219	1
4220	2
4221	0
4222	4
4223	0
4224	0
4273	0
4274	0
4275	0
4276	0
4277	0
4278	0
4285	0
4286	0
4287	0
4288	0
4289	0
4290	0
4327	0
4328	0
4329	0
4330	0
4331	0
4332	0
4333	0
4334	0
4335	0
4336	2
4337	0
4338	0
4339	0
4340	0
4341	0
4342	0
4343	0
4344	1
4345	0
4346	0
4347	0
4348	0
4349	0
4350	0
4411	2
4412	0
4413	0
4414	0
4415	0
4416	0
4423	2
4424	0
4425	0
4426	0
4427	0
4428	0
4429	0
4430	0
4431	0
4432	0
4433	0
4434	0
4513	0
4514	0
4515	1
4516	0
4517	0
4518	0
4831	0
4832	0
4835	0
4837	0
4838	0
4839	0
4840	0
4841	0
4842	0
4843	2
4844	0
4845	0
4846	0
4847	0
4848	0
4891	0
4892	0
4893	0
4894	0
4895	0
4896	0
4897	0
4898	0
4899	0
4900	0
4901	0
4902	0
4909	0
4910	0
4911	0
4912	0
4913	1
4914	0
4915	0
4916	0
4917	0
4918	0
4919	0
4920	0
4921	0
4922	0
4923	0
4924	1
4925	0
4926	0
4927	0
4928	0
4929	0
4930	0
4931	0
4932	0
6091	0
6092	0
6093	0
6094	0
6095	0
6096	0
6097	0
6098	1
6099	0
6100	0
6101	0
6102	0
6103	0
6104	2
6105	0
6106	0
6107	0
6108	0
6253	0
6254	0
6255	0
6256	0
6257	0
6258	0
6259	0
6260	0
6261	0
6262	0
6263	1
6264	2
6265	0
6266	0
6267	0
6268	0
6269	0
6270	0
6289	0
6290	0
6291	0
6292	0
6293	0
6294	0
6295	0
6296	0
6297	0
6298	0
6299	0
6300	0
6745	0
6746	0
6747	0
6748	0
6749	0
6750	0
6871	0
6872	0
6873	2
6874	0
6875	0
6876	0
6877	0
6878	0
6879	0
6880	0
6881	0
6882	0
6883	0
6884	0
6885	1
6886	0
6887	0
6888	0
7057	0
7058	0
7059	2
7060	0
7061	0
7062	0
7063	0
7064	0
7065	0
7066	0
7067	0
7068	0
7069	0
7070	0
7071	0
7072	2
7073	0
7074	0
7087	0
7088	0
7089	2
7090	0
7091	0
7092	0
7093	0
7094	0
7095	0
7096	0
7097	0
7098	0
7099	0
7100	0
7101	0
7102	0
7103	0
7104	0
7111	0
7112	0
7113	0
7114	0
7115	0
7116	1
7117	0
7118	0
7119	0
7120	0
7121	0
7122	0
7123	0
7124	0
7125	0
7126	0
7127	0
7128	1
7147	0
7148	0
7149	0
7150	0
7151	0
7152	0
8515	0
8516	0
8517	0
8518	0
8519	0
8520	0
8521	0
8522	0
8523	0
8524	2
8525	0
8526	0
8611	1
8612	0
8613	0
8614	0
8615	0
8616	0
8617	0
8618	0
8619	0
8620	0
8621	0
8622	0
8623	0
8624	0
8625	0
8626	0
8627	0
8628	0
9853	0
9854	0
9855	0
9856	0
9857	0
9858	0
9859	0
9860	2
9861	0
9862	0
9863	0
9864	0
9865	0
9866	0
9867	0
9868	0
9869	0
9870	0
9889	0
9891	0
9893	4
9925	4
9927	0
9929	0
9985	0
9987	0
9989	0
10507	0
10508	0
10509	2
10510	0
10511	0
10512	0
10519	0
10520	0
10521	0
10522	0
10523	0
10524	0
10525	0
10526	0
10527	0
10528	0
10529	0
10530	0
10567	0
10568	0
10569	1
10570	0
10571	1
10572	0
10573	0
10574	0
10575	0
10576	0
10577	0
10578	0
10585	0
10586	0
10587	2
10588	0
10589	0
10590	0
10603	0
10604	0
10605	0
10606	0
10607	0
10608	0
10627	0
10628	0
10629	0
10630	0
10631	0
10632	0
10633	0
10634	0
10635	0
10636	0
10637	0
10638	0
10639	0
10640	0
10641	0
10642	0
10643	0
10644	1
11107	0
11108	0
11109	0
11110	0
11111	0
11112	1
11167	0
11168	0
11169	0
11170	0
11171	0
11172	0
11899	0
11900	0
11901	0
11902	0
11903	0
11904	0
14335	0
14336	0
14337	0
14338	0
14339	0
14340	0
14365	0
14366	0
14367	0
14368	0
14369	0
14370	1
14383	0
14384	0
14385	0
14386	0
14387	0
14388	0
14389	0
14390	0
14391	0
14392	0
14393	0
14394	0
14407	0
14408	0
14409	2
14410	0
14411	0
14412	0
14425	2
14426	0
14427	0
14428	0
14429	0
14430	0
14935	2
14936	0
14937	0
14938	0
14939	0
14940	2
14941	0
14942	0
14943	0
14944	0
14945	0
14946	2
14947	0
14948	0
14949	0
14950	0
14951	0
14952	0
14971	2
14972	2
14973	0
14974	0
14975	0
14976	0
14983	0
14984	0
14985	0
14986	0
14987	0
14988	0
15007	0
15008	0
15009	0
15010	0
15011	0
15012	0
15133	0
15134	0
15135	2
15136	0
15137	0
15138	0
15139	0
15140	0
15141	0
15142	0
15143	0
15144	0
15439	2
15440	0
15441	0
15442	0
15443	0
15444	0
15445	0
15446	0
15447	0
15448	0
15449	0
15450	0
15451	0
15452	0
15453	0
15454	0
15455	0
15456	0
17317	0
17318	0
17319	0
17320	0
17321	0
17322	0
17335	0
17336	0
17337	0
17338	0
17339	0
17340	0
17341	0
17342	0
17343	0
17344	0
17345	0
17346	0
17437	0
17438	0
17439	0
17440	0
17441	0
17442	0
17443	0
17444	0
17445	0
17446	0
17447	0
17448	0
17449	5
17450	0
17451	0
17452	0
17453	0
17454	0
17455	0
17456	0
17457	2
17458	0
17459	0
17460	0
17461	0
17462	0
17463	0
17464	0
17465	0
17466	0
17545	0
17546	0
17547	0
17548	0
17549	0
17550	0
17569	0
17570	0
17571	0
17572	0
17573	0
17574	0
17575	2
17576	0
17577	0
17578	0
17579	0
17580	0
17851	0
17852	0
17853	0
17854	0
17855	0
17856	0
17857	0
17858	2
17859	0
17860	0
17861	0
17862	0
17869	0
17870	0
17871	0
17872	0
17873	0
17874	0
18109	0
18110	0
18111	0
18112	0
18113	0
18114	0
18115	0
18116	0
18117	0
18118	0
18119	0
18120	0
18121	2
18122	0
18124	0
18125	0
18126	0
18127	0
18128	0
18129	0
18130	0
18131	2
18132	0
18133	2
18134	0
18135	0
18136	0
18137	2
18138	0
18139	2
18140	0
18141	0
18142	0
18143	0
18144	0
18157	0
18158	1
18159	0
18160	0
18161	0
18162	1
18163	1
18164	0
18165	0
18166	0
18167	0
18168	0
18169	0
18170	0
18171	0
18172	0
18173	0
18174	0
18229	0
18230	0
18231	2
18233	0
18234	0
18235	0
18236	0
18237	2
18239	0
18240	0
18241	0
18242	0
18243	0
18245	0
18246	0
18265	0
18266	0
18267	0
18268	0
18269	0
18270	0
18271	0
18272	0
18273	0
18274	0
18275	0
18276	0
18277	0
18278	0
18279	0
18280	0
18281	0
18282	0
18763	2
18764	2
18765	0
18766	0
18767	0
18768	0
18769	0
18770	0
18771	0
18772	0
18773	0
18774	0
18775	1
18776	0
18777	0
18778	0
18779	0
18780	0
18799	0
18800	0
18801	0
18802	0
18803	0
18804	0
18823	0
18824	0
18825	0
18826	0
18827	0
18828	1
18829	0
18830	0
18831	0
18832	0
18833	0
18834	2
18919	0
18920	0
18921	0
18922	0
18923	0
18924	2
18937	0
18938	0
18939	0
18940	0
18941	0
18942	0
18943	0
18944	0
18945	1
18946	0
18947	0
18948	1
18949	0
18950	0
18951	0
18952	0
18953	0
18954	0
19015	0
19016	0
19017	0
19018	0
19019	2
19020	2
19075	0
19076	0
19077	0
19078	0
19079	0
19080	0
19081	0
19082	0
19083	0
19084	0
19085	3
19086	0
19087	0
19088	0
19089	0
19090	0
19091	0
19092	0
19093	0
19095	0
19096	2
19097	0
19098	0
19099	0
19100	0
19101	0
19102	3
19103	0
19104	0
19519	0
19520	0
19521	0
19522	0
19523	0
19524	0
19591	0
19592	0
19593	0
19594	0
19595	0
19596	0
19597	0
19598	0
19599	0
19600	0
19601	0
19602	0
19603	0
19604	0
19605	0
19606	0
19607	0
19608	2
20029	0
20030	0
20031	0
20032	0
20033	0
20034	0
20047	0
20048	0
20049	0
20050	0
20051	0
20052	0
20809	0
20810	0
20811	0
20812	0
20814	0
20827	0
20828	1
20829	0
20830	0
20831	0
20832	0
20839	0
20840	0
20841	0
20842	0
20843	0
20844	2
20851	0
20852	0
20853	0
20854	0
20855	0
20856	0
20857	0
20858	0
20859	0
20860	0
20861	0
20862	0
20869	0
20870	0
20871	0
20872	0
20873	0
20874	0
20887	0
20888	2
20889	0
20890	0
20891	0
20892	0
20941	0
20942	0
20943	2
20944	0
20945	0
20946	1
20953	0
20954	0
20955	0
20956	1
20957	0
20958	1
20971	0
20972	0
20973	0
20974	0
20975	0
20976	0
21007	0
21008	0
21009	0
21010	0
21011	0
21012	0
21013	0
21014	0
21015	0
21016	0
21017	0
21018	0
21019	0
21020	0
21021	0
21022	0
21023	0
21024	0
21025	0
21026	0
21027	0
21028	0
21029	0
21030	0
21055	0
21056	0
21057	0
21058	0
21059	1
21060	0
21061	0
21062	0
21063	0
21064	0
21065	0
21066	0
21067	0
21068	0
21069	0
21070	0
21071	0
21072	0
21079	0
21080	2
21081	1
21082	0
21083	0
21084	0
21091	0
21092	0
21093	0
21094	0
21095	0
21096	0
21205	0
21206	1
21207	0
21208	0
21209	0
21210	0
21235	0
21236	0
21237	0
21238	0
21239	2
21240	0
21241	0
21242	0
21243	0
21244	0
21245	1
21246	0
21247	0
21248	0
21249	0
21250	0
21251	0
21252	0
21271	1
21272	0
21273	0
21274	2
21275	0
21276	0
21277	3
21278	0
21279	0
21280	0
21281	0
21282	0
21283	0
21284	0
21285	0
21286	1
21287	0
21288	0
21559	0
21560	0
21561	0
21562	0
21563	0
21564	0
21565	0
21566	0
21567	2
21568	0
21569	0
21570	0
21571	0
21572	0
21573	0
21574	0
21575	0
21576	0
21613	1
21614	2
21615	0
21616	1
21617	2
21618	0
21619	0
21620	0
21621	0
21622	0
21623	0
21624	1
21781	0
21782	0
21784	0
21785	2
21786	0
21787	0
21788	0
21789	0
21790	0
21791	0
21792	0
21985	0
21986	0
21987	0
21988	0
21989	0
21990	0
21991	0
21992	0
21993	0
21994	2
21995	0
21996	0
22369	0
22370	0
22371	0
22372	2
22373	2
22374	0
22381	0
22382	0
22383	2
22384	2
22385	0
22386	0
22555	1
22556	0
22557	1
22558	0
22559	0
22560	0
22561	0
22562	0
22563	0
22564	0
22565	0
22566	0
22567	0
22568	0
22569	0
22570	0
22571	0
22572	0
22675	0
22676	0
22677	0
22678	0
22679	0
22680	0
23125	0
23126	0
23127	0
23128	0
23129	0
23130	0
23569	0
23570	0
23571	0
23572	0
23573	0
23574	0
23593	0
23594	0
23595	0
23596	0
23597	2
23598	0
23815	0
23816	0
23818	0
23819	0
23820	1
23875	0
23876	0
23877	0
23878	0
23879	0
23880	0
24067	0
24068	0
24070	0
24071	0
24072	0
24295	0
24296	0
24297	0
24298	0
24299	0
24300	0
24325	0
24326	0
24327	0
24328	0
24329	0
24330	0
24433	0
24434	1
24435	0
24436	0
24437	0
24438	0
25831	0
25832	0
25833	0
25834	0
25835	0
25836	0
25843	0
25844	0
25845	0
25846	0
25847	0
25848	0
26185	0
26186	0
26187	0
26188	0
26189	0
26190	0
26191	0
26192	0
26193	0
26194	0
26195	0
26196	0
26197	0
26198	0
26199	0
26200	0
26201	0
26202	0
26281	0
26282	0
26283	1
26284	0
26285	2
26286	0
26287	0
26288	0
26289	2
26290	0
26291	0
26292	0
26293	2
26294	0
26295	0
26296	0
26297	0
26298	0
26299	0
26300	0
26301	0
26302	0
26303	0
26304	0
26305	0
26306	0
26307	2
26308	0
26309	0
26310	0
26311	0
26312	0
26313	0
26314	0
26315	0
26316	1
26335	0
26336	0
26337	0
26338	0
26339	0
26340	0
26341	0
26342	0
26343	1
26344	0
26345	0
26346	0
26347	0
26348	0
26349	0
26350	0
26351	0
26352	0
26617	0
26618	0
26619	0
26620	0
26621	0
26622	0
26629	0
26630	0
26631	0
26632	0
26633	0
26634	0
26641	1
26642	0
26643	0
26644	0
26645	0
26646	0
26821	0
26822	0
26823	0
26824	0
26825	1
26826	0
26827	5
26828	1
26829	0
26830	2
26831	0
26832	2
26833	0
26834	0
26835	2
26836	0
26837	0
26838	0
26839	0
26840	0
26841	0
26842	0
26843	0
26844	0
26845	0
26846	0
26847	1
26848	0
26849	0
26850	0
26851	0
26852	0
26853	0
26854	0
26855	0
26856	0
26857	0
26858	0
26859	0
26860	0
26861	0
26862	0
26863	0
26864	0
26865	0
26866	0
26867	2
26868	0
26869	0
26870	0
26871	0
26872	0
26873	0
26874	0
27055	0
27056	2
27057	0
27058	0
27059	0
27060	0
27061	0
27062	0
27063	0
27064	0
27065	0
27066	0
27067	0
27068	0
27069	0
27070	0
27071	0
27072	0
27169	0
27170	0
27171	0
27172	0
27173	2
27174	0
27175	0
27176	0
27177	0
27178	0
27179	0
27180	0
27181	0
27182	0
27183	0
27184	0
27185	0
27186	0
27187	0
27188	0
27189	1
27190	1
27191	3
27192	1
27193	0
27194	0
27195	0
27196	0
27197	0
27198	0
27199	0
27200	0
27201	0
27202	0
27203	0
27204	0
27205	0
27206	0
27207	0
27208	0
27209	0
27210	0
27211	0
27212	0
27213	0
27214	0
27215	0
27216	0
27217	0
27218	0
27219	0
27220	5
27221	0
27222	0
27223	0
27224	0
27225	0
27226	0
27227	0
27228	0
27229	0
27230	0
27231	0
27232	2
27233	0
27234	0
27235	0
27236	0
27237	0
27238	0
27239	0
27240	0
27241	0
27242	2
27243	0
27244	2
27245	0
27246	0
27247	0
27248	0
27249	0
27250	0
27251	0
27252	0
27253	0
27254	0
27255	0
27256	4
27257	1
27258	0
27259	0
27260	0
27261	0
27262	0
27263	0
27264	0
27265	4
27266	0
27267	0
27268	0
27269	0
27270	0
27271	0
27272	0
27273	0
27274	2
27275	0
27276	0
27277	0
27278	0
27279	0
27280	2
27281	0
27282	0
27283	0
27284	0
27285	0
27286	0
27287	0
27288	0
27307	0
27308	0
27309	0
27310	0
27311	0
27312	0
27313	0
27314	0
27315	0
27316	0
27317	0
27318	0
27319	0
27320	0
27321	0
27322	0
27323	0
27324	0
27661	0
27662	0
27663	0
27664	0
27665	0
27666	0
27667	0
27668	0
27669	0
27670	0
27671	0
27672	0
27673	0
27674	0
27675	0
27676	0
27677	0
27678	0
27679	0
27680	0
27681	0
27682	0
27683	0
27684	0
27685	1
27686	0
27687	0
27688	0
27689	1
27690	0
27691	0
27692	0
27693	0
27694	0
27695	0
27696	0
27697	0
27698	0
27699	0
27700	0
27701	0
27702	0
27703	0
27704	0
27705	0
27706	0
27707	0
27708	2
27709	0
27710	0
27711	0
27712	0
27713	0
27714	0
27751	0
27752	0
27753	0
27754	0
27755	2
27756	0
27757	0
27758	0
27759	0
27760	0
27761	0
27762	0
27763	0
27764	0
27765	0
27766	0
27767	0
27768	0
27769	0
27770	0
27771	0
27772	2
27773	0
27774	0
27775	0
27776	0
27777	0
27778	0
27779	0
27780	0
27781	0
27782	0
27783	0
27784	0
27785	0
27786	0
27817	0
27818	0
27819	0
27820	0
27821	0
27822	0
27823	0
27824	0
27825	0
27826	0
27827	0
27828	0
27829	0
27830	0
27831	0
27832	0
27833	0
27834	0
27871	0
27872	0
27873	0
27874	0
27875	0
27876	0
27877	0
27878	0
27879	0
27880	0
27881	0
27882	0
27883	0
27884	0
27885	0
27886	0
27887	0
27888	0
27889	0
27890	0
27891	0
27892	0
27893	0
27894	2
27895	1
27896	0
27897	0
27898	0
27899	0
27900	0
27901	0
27902	0
27903	0
27904	0
27905	0
27906	0
28153	0
28154	0
28155	0
28156	0
28157	0
28158	0
28159	0
28160	0
28161	0
28162	2
28163	0
28164	0
28165	0
28166	0
28167	0
28168	0
28169	0
28170	2
28189	0
28190	0
28191	0
28192	0
28193	0
28194	0
28195	0
28196	0
28197	0
28198	0
28199	0
28200	0
28201	0
28202	0
28203	0
28204	0
28205	0
28206	0
28279	0
28280	0
28281	0
28282	0
28283	0
28284	0
28285	0
28286	0
28287	0
28288	0
28289	0
28290	0
28291	0
28292	0
28293	0
28294	0
28295	0
28296	1
28477	0
28478	0
28479	2
28480	0
28481	0
28482	0
28657	2
28658	0
28659	0
28660	0
28661	0
28662	0
28663	0
28664	0
28665	0
28666	0
28667	0
28668	0
28669	0
28670	0
28671	0
28672	0
28673	0
28674	0
28693	0
28694	0
28695	0
28696	0
28697	0
28698	0
28711	0
28712	0
28713	0
28714	0
28715	0
28716	0
28723	0
28724	0
28725	0
28726	0
28727	0
28728	0
28729	0
28730	0
28731	0
28732	0
28733	0
28734	0
28735	0
28736	0
28737	0
28738	0
28739	0
28740	0
28741	0
28742	0
28743	0
28744	0
28745	0
28746	0
28747	0
28748	0
28749	0
28750	0
28751	0
28752	0
28753	0
28754	0
28755	0
28756	0
28757	0
28758	0
28759	0
28760	0
28761	0
28762	0
28763	0
28764	0
28765	0
28766	0
28767	0
28768	2
28769	0
28770	0
28771	0
28772	0
28773	0
28774	0
28775	0
28776	0
28777	0
28778	2
28779	0
28780	0
28781	0
28782	0
28873	0
28874	0
28875	0
28876	0
28877	0
28878	0
28885	0
28886	0
28887	0
28888	0
28889	0
28890	0
28903	0
28904	1
28905	1
28906	0
28907	0
28908	0
28921	0
28922	0
28923	0
28924	8
28925	0
28926	0
28933	0
28934	0
28935	0
28936	0
28937	0
28938	0
28951	3
28952	0
28953	0
28954	0
28955	0
28956	0
28957	1
28958	0
28959	0
28960	0
28961	0
28962	0
29107	0
29108	0
29109	1
29110	0
29111	0
29112	0
29227	0
29228	0
29229	2
29230	0
29231	0
29232	2
29233	0
29234	2
29235	0
29236	0
29237	0
29238	0
29239	0
29240	0
29241	0
29242	0
29243	0
29244	0
29329	0
29330	0
29331	0
29332	2
29333	0
29334	2
29335	0
29336	0
29337	0
29338	0
29339	0
29340	0
29341	0
29342	0
29343	0
29344	0
29345	0
29346	0
29641	0
29642	0
29643	0
29644	0
29645	0
29646	2
29653	0
29654	0
29655	0
29656	0
29657	0
29658	0
29659	0
29660	0
29661	0
29662	0
29663	2
29664	0
29845	0
29846	0
29847	0
29848	0
29849	0
29850	0
29851	0
29852	0
29853	0
29854	0
29855	0
29856	0
29857	2
29858	0
29859	0
29860	0
29861	0
29862	2
29923	0
29924	0
29925	0
29926	1
29927	0
29928	0
29941	0
29942	0
29943	0
29944	0
29945	2
29946	0
29947	0
29948	0
29949	0
29950	0
29951	0
29952	0
29995	0
29996	0
29997	2
29998	0
29999	2
30000	0
30013	0
30014	0
30015	0
30016	0
30017	0
30018	0
30019	0
30020	0
30021	0
30022	2
30023	1
30024	0
30205	0
30207	0
30209	0
30211	2
30212	0
30213	0
30214	0
30215	0
30216	0
30367	0
30368	0
30369	0
30370	0
30371	0
30372	0
30415	0
30416	1
30417	0
30418	0
30419	0
30420	0
30439	0
30440	0
30441	0
30442	0
30443	0
30444	0
30505	3
30506	2
30507	0
30508	1
30509	0
30510	0
30565	0
30566	0
30567	0
30568	0
30569	0
30570	0
30721	0
30722	0
30723	0
30724	0
30725	0
30726	0
30727	0
30728	0
30729	0
30730	0
30731	0
30732	0
30847	2
30848	2
30849	0
30850	0
30851	0
30852	0
30853	0
30854	0
30855	0
30856	0
30857	0
30858	0
30859	0
30860	1
30861	0
30862	0
30863	0
30864	0
30883	0
30884	0
30885	0
30886	0
30887	0
30888	0
30985	0
30986	0
30987	0
30988	0
30989	0
30990	0
30991	0
30992	0
30993	1
30994	0
30995	0
30996	0
30997	0
30998	0
30999	0
31000	0
31001	0
31002	0
31003	0
31004	0
31005	0
31006	0
31007	0
31008	0
31231	0
31232	0
31233	0
31234	0
31235	0
31236	0
31237	2
31238	0
31239	0
31240	0
31241	0
31242	0
31243	0
31244	0
31245	0
31246	0
31247	0
31248	0
31453	0
31454	0
31455	0
31456	0
31457	0
31458	0
31459	0
31460	0
31461	0
31462	0
31463	0
31464	0
31465	0
31466	0
31467	0
31468	0
31469	0
31470	0
31483	0
31484	0
31485	0
31486	0
31487	0
31488	0
31507	0
31508	0
31509	0
31510	0
31511	0
31512	0
31519	0
31520	0
31521	0
31522	0
31523	0
31524	0
31525	0
31526	0
31527	0
31528	0
31529	0
31530	0
31537	1
31538	0
31539	3
31540	0
31541	0
31542	0
31543	0
31544	0
31545	0
31546	2
31547	0
31548	0
31549	0
31550	13
31551	0
31552	0
31553	0
31554	0
31603	0
31604	1
31605	0
31606	0
31607	0
31608	0
31633	4
31634	0
31635	0
31636	0
31637	0
31638	0
31639	0
31640	0
31641	2
31642	0
31643	0
31644	0
31645	0
31646	0
31647	0
31648	0
31649	0
31650	0
31675	2
31677	0
31679	0
31687	6
31688	0
31689	0
31690	0
31691	0
31692	0
31699	0
31700	0
31701	0
31702	0
31703	16
31704	0
31771	0
31772	0
31773	0
31774	0
31775	0
31776	0
31777	0
31778	1
31779	0
31780	0
31781	0
31782	0
32029	0
32030	0
32031	2
32033	0
32034	0
32035	0
32036	0
32037	0
32039	0
32040	0
32041	1
32042	0
32043	0
32044	0
32045	0
32046	0
32101	0
32102	0
32103	0
32104	2
32105	0
32106	0
32107	0
32108	0
32109	0
32110	0
32111	0
32112	0
32119	0
32120	0
32121	0
32122	0
32123	0
32124	0
32185	0
32186	0
32187	0
32188	2
32189	0
32190	0
32191	0
32192	0
32193	0
32194	1
32195	0
32196	0
32197	0
32198	0
32199	0
32200	0
32201	0
32202	0
32455	0
32456	0
32457	0
32458	0
32459	0
32460	0
32461	0
32462	0
32463	0
32464	0
32465	0
32466	0
32515	1
32516	0
32517	0
32518	0
32519	0
32520	0
32719	0
32720	0
32721	0
32722	0
32723	0
32724	0
32725	0
32726	1
32727	0
32728	0
32729	0
32730	2
32731	0
32732	0
32733	0
32734	0
32735	0
32736	0
32737	0
32738	0
32739	0
32740	2
32741	0
32742	0
32743	0
32744	0
32745	0
32746	0
32747	0
32748	0
32749	0
32750	0
32751	0
32752	0
32753	0
32754	0
32791	1
32792	0
32793	0
32794	0
32795	0
32796	0
32797	2
32798	0
32799	0
32800	0
32801	0
32802	2
32803	2
32804	0
32805	0
32806	0
32807	0
32808	0
32809	0
32810	0
32811	0
32812	0
32813	0
32814	0
32815	0
32816	0
32817	2
32818	2
32819	0
32820	0
32821	3
32822	0
32823	0
32824	0
32825	0
32826	0
32827	0
32828	0
32829	1
32830	0
32831	0
32832	0
32833	0
32834	0
32835	0
32836	0
32837	2
32838	0
32839	0
32840	0
32841	0
32842	1
32843	2
32844	0
33085	0
33086	0
33087	0
33088	0
33089	0
33090	0
33121	0
33122	0
33123	0
33124	0
33125	0
33126	0
33133	0
33134	0
33135	0
33136	2
33137	0
33138	0
33691	0
33692	0
33693	0
33694	0
33695	0
33696	0
33721	0
33722	0
33723	0
33724	0
33725	0
33726	0
33733	0
33734	0
33735	0
33736	0
33737	0
33738	0
33757	0
33758	0
33759	0
33760	0
33761	0
33762	0
33823	0
33824	2
33825	0
33826	0
33827	0
33828	0
33829	0
33830	0
33831	0
33832	0
33833	0
33834	0
33841	0
33842	0
33843	0
33844	0
33845	0
33846	0
33997	0
33998	0
33999	0
34000	0
34001	0
34002	0
34003	0
34004	0
34005	0
34006	0
34007	0
34008	0
34009	0
34010	0
34011	3
34012	0
34013	0
34014	0
34057	0
34058	1
34059	0
34060	3
34061	0
34062	0
34063	0
34064	0
34065	0
34066	0
34067	0
34068	0
34069	0
34070	0
34071	0
34072	0
34073	0
34074	0
34075	0
34076	0
34077	0
34078	0
34079	0
34080	0
34093	0
34094	0
34095	0
34096	0
34097	1
34098	0
34105	0
34106	0
34107	0
34108	2
34109	0
34110	0
34153	0
34154	2
34155	0
34156	0
34157	0
34158	0
34207	0
34208	0
34209	0
34210	0
34211	2
34212	0
34225	0
34226	0
34227	0
34228	0
34229	0
34230	0
34291	0
34292	0
34293	0
34294	0
34295	0
34296	0
34465	0
34466	0
34467	2
34468	0
34469	0
34470	0
34471	0
34472	0
34473	0
34474	3
34475	0
34476	0
34477	0
34478	0
34479	0
34480	0
34481	0
34482	0
34495	0
34496	1
34497	0
34498	0
34499	0
34500	0
34501	0
34502	0
34503	0
34504	0
34505	0
34506	0
34507	0
34508	0
34509	0
34510	0
34511	0
34512	0
34561	0
34562	0
34563	0
34564	0
34565	0
34566	2
34603	0
34604	2
34605	0
34606	0
34607	0
34608	2
34645	0
34646	0
34647	0
34648	0
34649	0
34650	0
34675	0
34676	0
34677	0
34678	0
34679	0
34680	0
34687	1
34688	0
34689	0
34690	1
34691	0
34692	0
34771	0
34772	0
34773	0
34774	0
34775	0
34776	0
34789	0
34790	0
34791	0
34792	0
34793	0
34794	0
34795	0
34796	0
34797	0
34798	0
34799	0
34800	0
34849	0
34850	0
34851	0
34852	0
34853	0
34854	0
34885	0
34886	0
34887	0
34888	0
34889	0
34890	0
34963	0
34964	0
34965	0
34966	0
34967	0
34968	0
34969	2
34970	0
34971	0
34972	0
34973	0
34974	0
34975	0
34976	0
34977	0
34978	0
34979	0
34980	0
35131	0
35132	0
35133	1
35134	0
35135	0
35136	0
35203	0
35204	0
35205	0
35206	0
35207	0
35208	0
35341	0
35342	0
35343	0
35344	0
35345	0
35346	0
35587	0
35588	0
35589	0
35590	0
35591	2
35592	2
35593	0
35594	0
35595	0
35596	0
35597	0
35598	0
35629	0
35630	2
35631	0
35632	0
35633	2
35634	0
35641	0
35642	2
35643	0
35644	0
35645	2
35646	0
35677	0
35678	0
35679	0
35680	0
35681	0
35682	0
35683	0
35684	0
35685	0
35686	0
35687	2
35688	0
35719	0
35720	0
35721	0
35722	0
35723	0
35724	0
35785	0
35786	0
35787	0
35788	0
35789	0
35790	0
35989	2
35990	2
35991	0
35992	0
35993	0
35994	0
35995	0
35996	0
35997	2
35998	2
35999	0
36000	0
36043	0
36044	0
36045	0
36046	0
36047	0
36048	0
36121	1
36122	0
36123	0
36124	0
36125	0
36126	0
36127	2
36128	0
36129	0
36130	0
36131	0
36132	0
36133	0
36134	2
36135	0
36136	0
36137	0
36138	0
36139	0
36140	0
36141	0
36142	0
36143	0
36144	0
36145	0
36146	2
36147	0
36148	0
36149	0
36150	0
36151	1
36152	1
36153	0
36154	0
36155	0
36156	0
36217	0
36218	0
36219	0
36220	0
36221	0
36222	0
36457	0
36458	0
36459	1
36460	0
36461	0
36462	0
36469	0
36470	0
36471	0
36472	0
36473	0
36474	0
36487	0
36488	0
36489	0
36490	0
36491	0
36492	0
36505	0
36506	0
36507	0
36508	0
36509	0
36510	0
36517	2
36518	1
36519	2
36520	0
36521	0
36522	0
36535	0
36536	0
36537	0
36538	0
36539	0
36540	0
36643	2
36644	0
36645	0
36646	0
36647	0
36648	0
36649	0
36650	0
36651	0
36652	0
36653	0
36654	0
36811	0
36812	0
36813	2
36814	0
36815	0
36816	0
36817	0
36818	0
36819	0
36820	0
36821	0
36822	0
36847	0
36848	0
36849	0
36850	0
36851	0
36852	2
36907	0
36908	0
36909	0
36910	0
36911	0
36912	2
36913	0
36914	0
36915	0
36916	0
36917	0
36918	0
36919	0
36920	0
36921	0
36922	0
36923	0
36924	0
36925	0
36926	0
36927	0
36928	0
36929	0
36930	2
36931	0
36932	0
36933	0
36934	0
36935	0
36936	0
36937	0
36938	0
36939	0
36940	0
36941	0
36942	0
37075	0
37076	0
37077	0
37078	0
37079	2
37080	0
37081	0
37082	0
37083	0
37084	0
37085	2
37086	0
37087	0
37088	0
37089	0
37090	0
37091	0
37092	0
37735	0
37736	0
37737	0
37738	2
37739	0
37740	3
37753	0
37754	0
37755	0
37756	0
37757	0
37758	0
37819	0
37820	0
37821	0
37822	0
37823	0
37824	0
37843	0
37844	0
37845	0
37846	0
37847	0
37848	0
37873	0
37874	0
37875	0
37876	0
37877	0
37878	0
37927	0
37928	0
37929	0
37930	0
37931	0
37932	0
37933	0
37934	0
37935	0
37936	2
37937	0
37938	0
37951	0
37952	0
37953	0
37954	0
37955	0
37956	0
37969	1
37970	0
37971	0
37972	0
37973	0
37974	2
37987	0
37988	0
37989	0
37990	0
37991	0
37992	0
38035	2
38036	0
38037	0
38038	0
38039	0
38040	0
38125	0
38126	0
38128	0
38129	0
38130	0
38167	0
38168	0
38169	0
38170	0
38171	2
38172	0
38197	0
38198	0
38199	2
38200	0
38201	0
38202	2
38215	0
38216	2
38217	0
38218	0
38219	0
38220	0
38233	0
38234	0
38235	4
38236	2
38237	2
38238	0
38239	0
38240	0
38242	0
38243	0
38244	0
38257	0
38258	0
38259	0
38260	0
38261	0
38262	0
38275	0
38276	0
38277	0
38278	0
38279	0
38280	0
38299	0
38300	0
38301	0
38302	0
38303	0
38304	0
38329	2
38330	0
38331	0
38332	2
38333	0
38334	0
38335	0
38336	0
38337	0
38338	2
38339	0
38340	0
38377	0
38378	0
38379	0
38380	0
38381	0
38382	0
38383	0
38384	0
38385	0
38386	0
38387	0
38388	0
38389	0
38390	0
38391	0
38392	0
38393	0
38394	0
38395	0
38396	0
38397	0
38398	0
38399	0
38400	0
38437	0
38438	0
38439	0
38440	0
38441	0
38442	0
38449	0
38450	0
38451	0
38452	0
38453	0
38454	0
38461	0
38462	0
38463	2
38464	0
38465	0
38466	0
38485	2
38486	2
38487	0
38488	1
38489	0
38490	0
38557	0
38558	0
38559	0
38560	0
38561	0
38562	2
38593	0
38594	0
38595	0
38596	0
38597	0
38598	0
38683	0
38684	2
38685	0
38686	0
38687	0
38688	0
38689	0
38690	0
38691	0
38692	0
38693	0
38694	0
38791	0
38792	0
38793	0
38794	0
38795	0
38796	0
38803	0
38804	0
38805	0
38806	0
38807	0
38808	0
38809	0
38810	0
38811	0
38812	0
38813	0
38814	0
38833	0
38834	0
38835	0
38836	0
38837	0
38838	0
38839	0
38840	0
38841	0
38842	0
38843	0
38844	0
38845	0
38846	0
38847	0
38848	0
38849	0
38850	0
38863	0
38864	0
38865	0
38866	0
38867	0
38868	0
38869	0
38870	1
38871	0
38872	0
38873	0
38874	0
38875	0
38876	0
38877	0
38878	0
38879	0
38880	0
38881	0
38882	0
38883	0
38884	0
38885	0
38886	1
38935	0
38936	0
38937	0
38938	0
38939	0
38940	0
38947	0
38948	0
38949	0
38950	0
38951	0
38952	0
38959	0
38960	0
38961	0
38962	0
38963	0
38964	0
39013	0
39014	0
39015	0
39016	0
39017	0
39018	0
39079	0
39080	0
39081	0
39082	0
39083	0
39084	0
39085	0
39086	0
39087	0
39088	0
39089	0
39090	0
39091	0
39092	0
39093	0
39094	0
39095	0
39096	0
39097	0
39098	0
39099	0
39100	0
39101	0
39102	0
39115	2
39116	0
39117	0
39118	0
39119	0
39120	0
39193	0
39194	0
39195	0
39196	0
39197	0
39198	0
39199	0
39200	0
39201	0
39202	0
39203	0
39204	0
39205	0
39206	0
39207	0
39208	0
39209	0
39210	0
39235	0
39236	0
39237	0
39238	0
39239	0
39240	0
39241	0
39242	0
39243	0
39244	0
39245	0
39246	0
39247	0
39248	0
39249	1
39250	0
39251	0
39252	0
39259	0
39260	0
39261	0
39262	0
39263	0
39264	0
39277	0
39278	0
39279	0
39280	0
39281	0
39282	0
39289	0
39290	0
39291	0
39292	0
39293	0
39294	0
39295	0
39296	0
39297	0
39298	0
39299	0
39300	0
39301	0
39302	0
39303	0
39304	0
39305	0
39306	0
39307	0
39308	0
39309	0
39310	0
39311	0
39312	0
39319	0
39320	0
39321	0
39322	0
39323	0
39324	0
39331	0
39332	0
39333	0
39334	0
39335	0
39336	0
39355	0
39356	0
39357	0
39358	0
39359	0
39360	0
39379	0
39380	0
39381	0
39382	0
39383	0
39384	0
39499	0
39500	0
39501	0
39502	0
39503	0
39504	0
39505	0
39506	0
39507	2
39508	0
39509	0
39510	0
39511	0
39512	0
39513	0
39514	0
39515	0
39516	0
39517	2
39518	0
39519	0
39520	0
39521	2
39522	0
39529	0
39530	0
39531	0
39532	0
39533	0
39534	0
39541	0
39542	0
39543	0
39544	0
39545	0
39546	0
39841	0
39842	0
39843	0
39844	0
39845	1
39846	0
39847	0
39848	2
39849	0
39850	2
39851	0
39852	0
39853	0
39854	0
39855	0
39856	2
39857	0
39858	0
39859	1
39860	0
39861	2
39862	0
39863	0
39864	0
39865	0
39866	0
39867	0
39868	2
39869	0
39870	0
39871	0
39872	0
39873	0
39874	0
39875	0
39876	0
40255	0
40256	0
40257	0
40258	0
40259	0
40260	0
40261	0
40262	0
40263	0
40264	0
40265	0
40266	0
40267	0
40268	0
40269	0
40270	0
40271	0
40272	0
40327	0
40328	2
40329	0
40330	0
40331	0
40332	1
40333	0
40334	0
40335	0
40336	0
40337	0
40338	0
40339	0
40340	0
40341	0
40342	0
40343	0
40344	0
40411	0
40412	0
40413	0
40414	0
40415	0
40416	2
40417	0
40418	0
40419	0
40420	0
40421	0
40422	0
40423	0
40424	0
40425	0
40426	0
40427	0
40428	0
40429	0
40430	0
40431	0
40432	0
40433	0
40434	1
40435	0
40436	0
40437	0
40438	0
40439	0
40440	0
40441	0
40442	0
40443	0
40444	0
40445	1
40446	0
40531	0
40532	0
40533	0
40534	0
40535	0
40536	0
40543	2
40544	0
40545	0
40546	0
40547	0
40548	0
40603	0
40604	0
40605	0
40606	0
40607	0
40608	0
40717	0
40718	0
40719	0
40720	0
40721	0
40722	0
40723	0
40724	0
40725	0
40726	0
40727	0
40728	0
40729	0
40730	0
40731	2
40732	0
40733	0
40734	0
40735	1
40736	0
40737	0
40738	0
40739	0
40740	0
40825	0
40826	0
40827	0
40828	0
40829	0
40830	0
40831	0
40832	0
40833	0
40834	0
40835	0
40836	0
40837	0
40838	0
40839	0
40840	1
40841	0
40842	0
40843	0
40844	0
40845	0
40846	0
40847	0
40848	0
40849	0
40850	0
40851	0
40852	0
40853	2
40854	0
40861	0
40862	0
40863	2
40864	0
40865	2
40866	0
41059	0
41060	0
41061	0
41062	0
41063	0
41064	0
41311	0
41312	0
41313	0
41314	0
41315	0
41316	0
41437	0
41438	0
41439	0
41440	1
41441	0
41442	0
41503	0
41504	0
41505	0
41506	1
41507	0
41508	0
41515	1
41516	0
41517	1
41518	0
41519	0
41520	0
41533	0
41534	2
41535	0
41536	0
41537	0
41538	0
41545	0
41546	0
41547	0
41548	2
41549	0
41550	0
41581	0
41583	0
41585	0
41599	2
41600	2
41601	0
41602	0
41603	0
41604	0
41629	0
41630	0
41631	0
41632	2
41633	0
41634	0
41779	0
41780	2
41781	0
41782	0
41783	0
41784	1
41953	0
41954	0
41955	0
41956	0
41957	0
41958	0
41959	1
41960	0
41961	0
41962	0
41963	0
41964	1
41965	0
41966	0
41967	0
41968	0
41969	0
41970	0
42079	0
42080	0
42081	0
42082	0
42083	0
42084	0
42109	0
42110	0
42113	0
42114	0
42115	2
42116	0
42117	0
42118	0
42119	0
42120	0
42121	0
42122	0
42123	0
42124	0
42125	0
42126	0
42127	0
42128	0
42129	0
42130	0
42131	0
42132	0
42193	0
42194	0
42195	0
42196	0
42197	0
42198	0
42199	0
42200	0
42201	0
42202	0
42203	0
42204	0
42205	0
42206	0
42207	0
42208	0
42209	0
42210	0
42349	0
42350	0
42351	0
42352	0
42353	1
42354	0
42391	1
42392	2
42393	0
42394	0
42395	0
42396	0
42469	0
42470	1
42471	0
42472	0
42473	0
42474	0
42523	0
42524	0
42525	0
42526	0
42527	0
42528	0
42613	0
42614	0
42615	0
42616	0
42617	0
42618	0
42619	0
42620	0
42621	0
42622	0
42623	0
42624	0
42625	0
42626	0
42627	0
42628	0
42629	0
42630	0
42871	0
42872	0
42873	0
42874	0
42875	0
42876	0
42877	0
42878	0
42879	0
42880	0
42881	0
42882	0
42907	0
42908	0
42909	0
42910	0
42911	0
42912	1
42919	0
42920	0
42921	0
42922	0
42923	2
42924	0
42937	0
42938	0
42939	0
42940	0
42941	0
42942	0
42973	0
42975	0
42976	0
42977	0
42978	0
42979	0
42980	0
42981	0
42982	0
42983	2
42984	0
42985	0
42986	0
42987	1
42988	0
42989	0
42990	0
42997	0
42998	0
42999	0
43000	0
43001	0
43002	0
43003	0
43004	1
43005	0
43006	0
43007	0
43008	0
43009	0
43010	0
43011	0
43012	0
43013	0
43014	0
43021	0
43022	0
43023	0
43024	0
43025	0
43026	0
43033	0
43034	2
43035	0
43036	0
43037	0
43038	0
43051	0
43052	0
43053	0
43054	0
43055	0
43056	0
43153	0
43154	0
43155	0
43156	0
43157	0
43158	0
43159	0
43160	0
43161	2
43162	0
43163	1
43164	1
43165	0
43166	0
43167	0
43168	0
43169	0
43170	2
43213	1
43214	0
43215	0
43216	0
43217	0
43218	0
43225	0
43226	0
43227	1
43228	0
43229	0
43230	0
43237	0
43238	1
43239	0
43240	0
43241	0
43242	0
43243	0
43244	0
43245	0
43246	0
43247	0
43248	0
43249	0
43250	0
43251	0
43252	0
43253	0
43254	0
43297	0
43298	0
43299	0
43300	0
43301	0
43302	0
43303	0
43304	0
43305	0
43306	0
43307	0
43308	0
43309	0
43310	0
43311	0
43312	0
43313	0
43314	0
43507	0
43508	0
43509	0
43510	0
43511	0
43512	0
43513	0
43514	0
43515	0
43516	0
43517	0
43518	0
43519	0
43520	0
43521	0
43522	0
43523	0
43524	0
43627	0
43628	0
43629	0
43630	0
43631	0
43632	0
43633	2
43634	0
43635	0
43636	0
43637	0
43638	0
43639	0
43640	0
43641	0
43642	0
43643	0
43644	0
43843	0
43844	0
43845	0
43846	1
43847	0
43848	0
43849	0
43850	0
43851	0
43852	0
43853	0
43854	2
44167	0
44168	0
44169	1
44170	0
44171	0
44172	1
44173	0
44174	0
44175	0
44176	0
44177	0
44178	0
45361	0
45362	0
45363	0
45364	0
45365	2
45366	0
45367	0
45368	0
45369	0
45370	0
45371	0
45372	0
45373	0
45374	0
45375	0
45376	0
45377	2
45378	0
45403	0
45404	0
45405	0
45406	2
45407	0
45408	0
45409	0
45410	0
45411	0
45412	0
45413	0
45414	0
45547	0
45548	0
45549	2
45550	0
45551	2
45552	0
45553	0
45554	0
45555	0
45556	0
45557	0
45558	1
45559	0
45560	0
45561	2
45562	0
45563	0
45564	0
