ObservationID	Count
181	0
182	0
183	0
184	0
185	0
186	0
187	0
188	0
189	0
190	0
191	0
192	0
193	0
194	0
195	0
196	0
197	0
198	0
199	0
200	0
201	0
202	0
203	0
204	0
211	0
212	0
213	0
214	0
215	0
216	0
217	0
218	1
219	0
220	0
221	0
222	0
295	0
296	0
297	0
298	0
299	1
300	0
313	0
314	0
315	0
316	0
317	0
318	0
331	0
332	0
333	0
334	0
335	0
336	0
523	0
524	0
525	0
526	0
527	0
528	0
529	0
530	0
531	0
532	0
533	0
534	0
631	0
632	0
633	0
634	0
635	0
636	0
979	0
980	0
981	0
982	0
983	0
984	0
1039	0
1040	0
1041	0
1042	0
1043	0
1044	0
1213	0
1214	0
1215	0
1216	0
1217	0
1218	0
1243	0
1244	0
1245	0
1246	0
1247	0
1248	1
1249	0
1250	0
1251	0
1252	0
1253	0
1254	0
1273	0
1274	0
1275	0
1276	0
1277	0
1278	1
1291	0
1292	0
1293	0
1294	0
1295	0
1296	0
1327	0
1328	0
1329	0
1330	0
1331	0
1332	0
1333	0
1334	0
1335	0
1336	0
1337	0
1338	0
1339	0
1340	0
1341	1
1342	0
1343	1
1344	0
1345	0
1346	0
1347	0
1348	0
1349	0
1350	0
1381	0
1382	0
1383	0
1384	0
1385	0
1386	0
1393	0
1394	1
1395	0
1396	0
1397	0
1398	0
1459	0
1460	0
1461	0
1462	0
1463	0
1464	0
1513	0
1514	0
1515	0
1516	0
1517	0
1518	0
1825	0
1826	0
1827	0
1828	0
1829	1
1830	0
1873	0
1874	0
1875	0
1876	2
1877	0
1878	0
1879	0
1880	0
1881	0
1882	0
1883	0
1884	0
2017	0
2018	0
2019	1
2020	0
2021	0
2022	0
2023	0
2024	0
2025	0
2026	0
2027	0
2028	0
2029	0
2030	0
2031	0
2032	0
2033	0
2034	0
2095	0
2096	0
2097	0
2098	0
2099	0
2100	0
2101	0
2102	0
2103	0
2104	0
2105	0
2106	0
2107	1
2108	0
2109	0
2110	0
2111	0
2112	0
2233	0
2234	0
2235	0
2236	1
2237	0
2238	0
2353	0
2354	0
2355	0
2356	1
2357	1
2358	2
2359	1
2360	0
2361	0
2362	1
2363	1
2364	0
2371	0
2372	0
2373	0
2374	1
2375	0
2376	0
2377	0
2378	0
2379	0
2380	0
2381	0
2382	0
2383	0
2384	0
2385	0
2386	0
2387	0
2388	0
2917	0
2918	0
2919	0
2920	0
2921	0
2922	0
3085	0
3086	0
3087	0
3088	0
3089	0
3090	0
3091	0
3092	0
3093	0
3094	0
3095	0
3096	0
3097	0
3098	0
3099	0
3100	0
3101	0
3102	0
3217	0
3218	0
3219	0
3220	1
3221	0
3222	0
3241	0
3242	0
3243	0
3244	0
3245	0
3246	0
3247	0
3248	0
3249	0
3250	0
3251	0
3252	0
3253	0
3254	0
3255	1
3256	0
3257	0
3258	0
3637	0
3638	0
3639	0
3640	0
3641	0
3642	0
3655	0
3656	0
3657	0
3658	1
3659	0
3660	0
3661	0
3662	0
3663	0
3664	1
3665	0
3666	0
3733	0
3734	0
3735	0
3736	0
3737	0
3738	0
3835	0
3836	0
3837	1
3838	0
3839	0
3840	0
4099	0
4100	0
4101	0
4102	0
4103	0
4104	0
4105	0
4106	0
4107	0
4108	0
4109	0
4110	0
4111	0
4112	0
4113	1
4114	0
4115	0
4116	0
4177	0
4178	0
4179	1
4180	0
4181	0
4182	0
4771	0
4772	0
4773	0
4774	0
4775	0
4776	0
4777	0
4778	0
4779	0
4780	0
4781	0
4782	0
4783	0
4784	0
4785	0
4786	0
4787	0
4788	0
4915	0
4916	0
4917	0
4918	0
4919	0
4920	0
4921	0
4922	0
4923	0
4924	0
4925	0
4926	0
4927	0
4928	0
4929	0
4930	0
4931	0
4932	0
5017	0
5018	2
5019	0
5020	0
5021	0
5022	0
5023	0
5024	0
5025	1
5026	0
5027	0
5028	0
5185	0
5186	0
5187	0
5188	1
5189	0
5190	0
5191	0
5192	0
5193	0
5194	0
5195	0
5196	0
5197	0
5198	0
5199	0
5200	0
5201	0
5202	0
5263	0
5264	0
5265	0
5266	0
5267	0
5268	0
5293	0
5294	1
5295	0
5296	0
5297	0
5298	1
5623	0
5624	0
5625	0
5626	0
5627	0
5628	0
5629	0
5630	0
5631	0
5632	0
5633	0
5634	0
5635	0
5636	0
5637	0
5638	0
5639	0
5640	0
5647	0
5648	0
5649	0
5650	0
5651	0
5652	1
5719	0
5720	0
5721	0
5722	0
5723	0
5724	0
5731	1
5732	0
5733	0
5734	0
5735	0
5736	0
5785	0
5787	0
5789	1
5791	1
5793	1
5795	1
5905	1
5906	0
5907	0
5908	0
5909	0
5910	0
5935	0
5936	0
5937	0
5938	0
5939	0
5940	0
5947	0
5948	0
5949	0
5950	0
5951	0
5952	0
6049	1
6050	1
6051	0
6052	0
6053	0
6054	0
6055	0
6056	0
6057	0
6058	0
6059	0
6060	0
6253	0
6254	0
6255	0
6256	0
6257	0
6258	0
6259	0
6260	0
6261	0
6262	0
6263	0
6264	0
6265	0
6266	1
6267	0
6268	0
6269	0
6270	0
6475	1
6476	0
6477	0
6478	0
6479	1
6480	0
6481	0
6482	0
6483	0
6484	0
6485	0
6486	0
6487	1
6488	0
6489	0
6490	0
6491	0
6492	0
6493	0
6494	0
6495	0
6496	0
6497	1
6498	0
6541	0
6542	0
6543	1
6544	0
6545	0
6546	0
6547	0
6548	0
6549	0
6550	0
6551	0
6552	0
6553	0
6554	0
6555	0
6556	0
6557	0
6558	0
6559	0
6560	0
6561	0
6562	0
6563	0
6564	0
6565	0
6566	0
6567	0
6568	0
6569	0
6570	0
6571	0
6572	0
6573	0
6574	0
6575	0
6576	0
6625	0
6626	0
6627	0
6628	0
6629	1
6630	0
6649	0
6650	0
6651	0
6652	0
6653	0
6654	0
6655	0
6656	0
6657	0
6658	0
6659	0
6660	0
6661	0
6662	0
6663	0
6664	0
6665	0
6666	0
6673	0
6674	0
6675	0
6676	0
6677	1
6678	0
6679	1
6680	0
6681	0
6682	0
6683	0
6684	0
6709	0
6711	1
6713	0
6745	0
6746	0
6747	0
6748	0
6749	0
6750	0
7027	0
7028	0
7029	0
7030	0
7031	0
7032	0
7363	0
7364	0
7365	0
7366	0
7367	0
7368	0
7573	0
7574	0
7575	0
7576	1
7577	0
7578	0
7597	0
7598	0
7599	0
7600	0
7601	0
7602	1
7603	0
7604	0
7605	0
7606	2
7607	0
7608	1
7609	0
7610	0
7611	0
7612	0
7613	0
7614	0
7639	0
7640	0
7641	1
7642	0
7643	0
7644	1
7645	0
7646	0
7647	0
7648	0
7649	0
7650	0
7651	0
7652	0
7653	1
7654	0
7655	1
7656	0
7675	0
7676	0
7677	1
7678	0
7679	1
7680	0
7687	0
7688	0
7689	0
7690	0
7691	0
7692	0
7699	0
7700	0
7701	0
7702	0
7703	0
7704	2
8071	0
8072	0
8073	0
8074	0
8075	0
8076	0
8161	0
8162	0
8163	0
8164	0
8165	0
8166	0
8179	0
8180	1
8181	0
8182	0
8183	0
8184	0
8185	0
8186	0
8187	0
8188	0
8189	0
8190	0
8419	0
8420	0
8421	0
8422	0
8423	0
8424	0
8425	0
8426	0
8427	0
8428	0
8429	0
8430	0
8431	1
8432	0
8433	0
8434	0
8435	0
8436	0
8443	0
8444	0
8445	0
8446	1
8447	0
8448	0
8959	0
8960	0
8961	0
8962	0
8963	0
8964	0
9073	0
9074	0
9075	0
9076	0
9077	0
9078	0
9079	0
9080	0
9081	0
9082	1
9083	0
9084	0
9457	0
9458	0
9459	0
9460	0
9461	1
9462	0
9613	0
9614	0
9615	1
9616	0
9617	0
9618	0
9619	0
9620	0
9621	0
9622	0
9623	0
9624	0
9625	0
9626	0
9627	0
9628	0
9629	0
9630	0
9811	0
9813	0
9814	0
9815	0
9816	0
9817	0
9818	0
9819	0
9820	0
9821	0
9822	1
9889	0
9891	0
9893	1
9925	1
9927	1
9929	1
9985	0
9987	1
9989	0
10225	2
10226	0
10227	0
10228	0
10229	0
10230	0
10231	0
10232	0
10233	0
10234	0
10235	0
10236	1
10237	0
10238	0
10239	1
10240	0
10241	0
10242	0
10321	0
10322	0
10323	0
10324	1
10325	0
10326	0
10327	0
10328	0
10329	1
10330	0
10331	0
10332	0
10333	1
10334	0
10335	0
10336	0
10337	0
10338	0
11713	0
11714	0
11715	0
11716	0
11717	0
11718	0
11749	0
11750	0
11751	1
11752	0
11753	0
11754	0
11989	0
11990	0
11991	0
11992	0
11993	0
11994	0
12013	0
12014	0
12015	0
12016	1
12017	0
12018	0
12019	0
12020	0
12021	0
12022	0
12023	0
12024	0
12325	0
12326	0
12327	0
12328	1
12329	0
12330	1
12595	0
12596	1
12597	0
12598	0
12599	0
12600	0
12601	0
12602	0
12603	0
12604	0
12605	1
12606	2
12679	0
12680	0
12681	0
12682	0
12683	0
12684	0
12805	0
12806	0
12807	0
12808	0
12809	0
12810	0
12811	1
12812	1
12813	0
12814	0
12815	0
12816	0
12817	0
12818	0
12819	0
12820	0
12821	0
12822	0
12895	0
12896	0
12897	0
12898	1
12899	0
12900	0
12901	0
12902	0
12903	0
12904	0
12905	0
12906	0
12919	3
12920	0
12921	0
12922	0
12923	0
12924	0
13501	0
13502	0
13503	0
13504	0
13505	0
13506	1
13507	0
13508	0
13509	0
13510	0
13511	0
13512	0
13513	0
13514	0
13515	0
13516	0
13517	0
13518	0
13519	0
13520	0
13521	0
13522	0
13523	2
13524	1
13525	0
13526	0
13527	0
13528	0
13529	1
13530	0
13531	0
13532	0
13533	0
13534	0
13535	0
13536	0
13813	0
13814	0
13815	0
13816	0
13817	0
13818	0
14191	0
14192	0
14193	0
14194	0
14195	0
14196	0
14197	0
14198	0
14199	1
14200	0
14201	0
14202	0
14479	0
14480	0
14481	0
14482	0
14483	0
14484	0
14485	1
14486	0
14487	0
14488	0
14489	0
14490	0
14491	0
14492	0
14493	0
14494	0
14495	0
14496	0
14719	0
14720	0
14721	0
14722	1
14723	0
14724	0
14725	0
14726	0
14727	0
14728	0
14729	0
14730	0
14791	0
14792	0
14793	0
14794	0
14795	0
14796	0
14905	1
14906	0
14907	0
14908	0
14909	0
14910	0
14917	1
14918	0
14919	0
14920	0
14921	0
14922	0
14935	0
14936	0
14937	0
14938	0
14939	0
14940	0
14941	0
14942	0
14943	0
14944	0
14945	0
14946	0
14947	0
14948	0
14949	0
14950	1
14951	0
14952	0
14971	0
14972	0
14973	0
14974	0
14975	0
14976	0
14983	0
14984	0
14985	0
14986	0
14987	0
14988	0
15007	1
15008	0
15009	0
15010	0
15011	0
15012	0
15097	0
15098	0
15099	0
15100	0
15101	0
15102	0
15103	0
15104	0
15105	0
15106	0
15107	0
15108	0
15109	1
15110	0
15111	0
15112	0
15113	0
15114	0
15241	1
15242	0
15243	0
15244	0
15245	1
15246	0
15247	0
15248	0
15249	0
15250	0
15251	0
15252	0
15253	1
15254	0
15255	0
15256	0
15257	0
15258	0
15547	0
15548	0
15549	0
15550	0
15551	1
15552	0
15553	0
15554	0
15555	0
15556	0
15557	2
15558	1
15559	0
15560	0
15561	0
15562	0
15563	0
15564	0
15565	0
15566	0
15567	1
15568	0
15569	0
15570	1
15571	0
15572	0
15573	0
15574	0
15575	0
15576	0
15577	0
15578	0
15579	1
15580	0
15581	1
15582	0
15655	0
15656	0
15657	0
15658	0
15659	0
15660	1
15661	0
15662	0
15663	0
15664	0
15665	0
15666	0
15667	0
15668	0
15669	0
15670	0
15671	0
15672	0
15691	1
15692	0
15693	1
15694	0
15695	0
15696	0
15715	0
15716	0
15717	0
15718	0
15719	0
15720	1
15781	0
15782	0
15783	0
15784	0
15785	0
15786	0
15787	0
15788	0
15789	1
15790	0
15791	0
15792	0
15793	0
15794	0
15795	0
15796	0
15797	0
15798	0
15799	0
15800	0
15801	0
15802	0
15803	0
15804	0
15805	0
15806	0
15807	0
15808	0
15809	0
15810	0
15811	0
15812	0
15813	0
15814	0
15815	0
15816	0
16033	2
16034	0
16035	0
16036	0
16037	0
16038	0
16039	0
16040	0
16041	0
16042	0
16043	0
16044	1
16045	0
16046	0
16047	1
16048	0
16049	0
16050	0
16681	0
16682	0
16683	0
16684	0
16685	0
16686	0
16717	1
16718	1
16719	0
16720	0
16721	0
16722	0
16771	0
16772	0
16773	0
16774	0
16775	0
16776	0
16813	0
16814	0
16815	0
16816	0
16817	0
16818	0
16819	0
16820	0
16821	0
16822	0
16823	0
16824	0
16825	0
16826	0
16827	0
16828	0
16829	0
16830	0
16831	0
16832	0
16833	0
16834	0
16835	0
16836	0
16837	0
16838	0
16839	0
16840	0
16841	1
16842	0
16843	1
16844	0
16845	0
16846	0
16847	0
16848	0
16909	0
16910	0
16911	1
16912	0
16913	1
16914	0
16921	0
16922	0
16923	0
16924	0
16925	0
16926	0
16933	0
16934	0
16935	0
16936	0
16937	0
16938	2
17317	0
17318	2
17319	0
17320	0
17321	0
17322	0
17335	0
17336	0
17337	0
17338	0
17339	0
17340	0
17341	0
17342	0
17343	0
17344	0
17345	1
17346	0
17497	0
17498	0
17499	0
17500	0
17501	0
17502	0
17503	0
17504	0
17505	1
17506	0
17507	0
17508	0
17599	0
17600	0
17601	0
17602	0
17603	0
17604	1
17605	0
17606	0
17607	0
17608	2
17609	0
17610	1
17611	0
17612	0
17613	0
17614	0
17615	0
17616	0
18127	0
18128	0
18129	0
18130	0
18131	0
18132	0
18133	0
18134	0
18135	0
18136	0
18137	0
18138	0
18139	0
18140	0
18141	0
18142	0
18143	0
18144	0
18145	0
18146	0
18147	1
18148	0
18149	0
18150	1
18151	0
18152	0
18153	0
18154	0
18155	0
18156	1
18157	0
18158	0
18159	1
18160	0
18161	0
18162	0
18163	0
18164	0
18165	0
18166	1
18167	0
18168	0
18169	1
18170	0
18171	0
18172	0
18173	0
18174	0
18175	1
18176	0
18177	1
18178	0
18179	0
18180	0
18373	0
18374	0
18375	0
18376	0
18377	0
18378	0
18379	0
18380	1
18381	0
18382	0
18383	0
18384	0
18385	0
18386	0
18387	0
18388	0
18389	0
18390	0
18799	0
18800	0
18801	0
18802	0
18803	3
18804	0
18823	0
18824	0
18825	0
18826	0
18827	0
18828	0
18829	0
18830	0
18831	0
18832	0
18833	0
18834	0
19093	0
19095	0
19096	0
19097	0
19098	0
19099	0
19100	0
19101	0
19102	0
19103	0
19104	1
19471	0
19472	0
19473	0
19474	1
19475	0
19476	1
19477	0
19478	1
19479	0
19480	0
19481	0
19482	0
19495	0
19496	0
19497	0
19498	0
19499	1
19500	2
19591	0
19592	0
19593	0
19594	1
19595	0
19596	0
19597	0
19598	0
19599	0
19600	0
19601	0
19602	0
19603	0
19604	0
19605	0
19606	0
19607	0
19608	0
19645	0
19646	0
19647	0
19648	0
19649	0
19650	1
19651	0
19652	0
19653	0
19654	0
19655	0
19656	0
19657	0
19658	0
19659	0
19660	0
19661	0
19662	0
20029	1
20030	0
20031	1
20032	0
20033	0
20034	0
20035	0
20036	1
20037	0
20038	0
20039	0
20040	1
20041	1
20042	1
20043	0
20044	0
20045	0
20046	0
20047	0
20048	0
20049	0
20050	0
20051	0
20052	0
20059	0
20060	0
20061	0
20062	0
20063	0
20064	0
20941	0
20942	0
20943	0
20944	1
20945	0
20946	0
20953	0
20954	0
20955	0
20956	0
20957	0
20958	0
20971	3
20972	0
20973	0
20974	0
20975	0
20976	0
21073	0
21074	0
21075	0
21076	0
21077	0
21078	0
21085	0
21086	1
21087	0
21088	0
21089	0
21090	0
21097	0
21098	0
21099	0
21100	0
21101	0
21102	0
21571	0
21572	0
21573	1
21574	0
21575	0
21576	0
21685	0
21686	0
21687	1
21688	0
21689	0
21690	0
21691	0
21692	0
21693	0
21694	0
21695	0
21696	0
21697	0
21698	0
21699	0
21700	0
21701	0
21702	0
21913	0
21914	0
21915	0
21916	0
21917	0
21918	0
22375	0
22376	0
22377	0
22378	0
22379	0
22380	0
22381	0
22382	0
22383	0
22384	0
22385	0
22386	0
22387	0
22388	0
22389	0
22390	0
22391	0
22392	0
22405	0
22406	0
22407	1
22408	0
22409	0
22410	0
22411	0
22412	0
22413	0
22414	1
22415	0
22416	1
22429	1
22430	1
22431	0
22432	0
22433	0
22434	1
22435	0
22436	0
22437	0
22438	0
22439	1
22440	0
22441	1
22442	1
22443	0
22444	0
22445	1
22446	0
22555	1
22556	1
22557	0
22558	0
22559	0
22560	1
22561	0
22562	0
22563	0
22564	0
22565	1
22566	0
22567	1
22568	1
22569	0
22570	0
22571	1
22572	0
22573	0
22574	0
22575	1
22576	0
22577	0
22578	0
22579	0
22580	0
22581	0
22582	1
22583	0
22584	1
22675	0
22676	0
22677	0
22678	0
22679	0
22680	0
23137	0
23138	0
23139	0
23140	0
23141	0
23142	0
23143	0
23144	0
23145	0
23146	0
23147	0
23148	0
23149	0
23150	0
23151	0
23152	0
23153	0
23154	0
23287	0
23288	0
23289	0
23290	0
23291	0
23292	0
23323	0
23324	0
23325	0
23326	0
23327	0
23328	0
23359	1
23360	0
23361	0
23362	0
23363	0
23364	0
23365	0
23366	0
23367	0
23368	0
23369	0
23370	0
23395	0
23396	0
23397	0
23398	0
23399	0
23400	0
23437	0
23438	0
23439	0
23440	0
23441	0
23442	0
23527	0
23528	0
23529	0
23530	0
23531	0
23532	0
23569	0
23570	0
23571	0
23572	0
23573	0
23574	0
23629	0
23630	0
23631	0
23632	0
23633	0
23634	0
23689	0
23690	0
23691	0
23692	0
23693	0
23694	0
23755	0
23756	0
23757	1
23758	0
23759	0
23760	0
23845	0
23846	0
23847	0
23848	0
23849	0
23850	0
23905	0
23906	0
23907	0
23908	1
23909	0
23910	0
24049	0
24050	0
24051	0
24052	2
24053	0
24054	0
24055	1
24056	0
24057	0
24058	0
24059	0
24060	0
24061	0
24062	0
24063	0
24064	0
24065	0
24066	1
24103	0
24104	0
24105	0
24106	0
24107	0
24108	0
24115	0
24116	0
24117	0
24118	0
24119	0
24120	0
24133	0
24134	0
24135	0
24136	0
24137	0
24138	0
24169	1
24170	0
24171	0
24172	0
24173	0
24174	0
24583	0
24584	0
24585	0
24586	0
24587	0
24588	0
24595	0
24596	0
24597	0
24598	0
24599	1
24600	0
24667	0
24668	0
24669	0
24670	0
24671	0
24672	0
24691	0
24692	0
24693	0
24694	0
24695	0
24696	0
24715	0
24716	1
24717	0
24718	0
24719	0
24720	0
24721	0
24722	0
24723	0
24724	0
24725	0
24726	1
24727	0
24728	0
24729	0
24730	1
24731	0
24732	0
24757	0
24758	0
24759	0
24760	0
24761	0
24762	0
24763	0
24764	0
24765	0
24766	0
24767	0
24768	0
24769	1
24770	0
24771	0
24772	0
24773	0
24774	0
24811	0
24812	0
24813	0
24814	0
24815	0
24816	1
24883	0
24884	0
24885	0
24886	0
24887	0
24888	0
24931	0
24932	0
24933	0
24934	0
24935	0
24936	0
24961	0
24962	0
24963	0
24964	0
24965	0
24966	0
25111	1
25112	0
25113	0
25114	0
25115	0
25116	0
25135	0
25136	0
25137	0
25138	0
25139	0
25140	0
25141	0
25142	0
25143	0
25144	0
25145	0
25146	0
25153	0
25154	0
25155	0
25156	0
25157	0
25158	0
25225	0
25226	0
25227	1
25228	0
25229	0
25230	0
25357	0
25358	0
25359	0
25360	0
25361	0
25362	0
25417	0
25418	0
25419	0
25420	0
25421	0
25422	0
25423	0
25424	0
25425	0
25426	0
25427	0
25428	0
25471	0
25472	0
25473	0
25474	0
25475	0
25476	0
25477	1
25478	0
25479	0
25480	0
25481	0
25482	0
25483	0
25484	0
25485	0
25486	0
25487	0
25488	0
25699	0
25700	0
25701	1
25702	0
25703	0
25704	0
25705	0
25706	0
25707	0
25708	0
25709	0
25710	0
25729	0
25730	0
25731	0
25732	0
25733	0
25734	0
25807	0
25808	0
25809	0
25810	0
25811	0
25812	0
26281	0
26282	0
26283	0
26284	0
26285	0
26286	0
26287	0
26288	0
26289	0
26290	0
26291	0
26292	0
26293	0
26294	0
26295	0
26296	0
26297	0
26298	0
26335	0
26336	0
26337	0
26338	0
26339	0
26340	0
26341	1
26342	0
26343	0
26344	0
26345	0
26346	0
26347	0
26348	0
26349	0
26350	0
26351	0
26352	0
26389	0
26390	1
26391	0
26392	0
26393	0
26394	0
26395	0
26396	0
26397	0
26398	0
26399	0
26400	1
26401	0
26402	0
26403	0
26404	1
26405	0
26406	0
26413	0
26414	0
26415	0
26416	0
26417	0
26418	0
26425	0
26426	0
26427	0
26428	0
26429	0
26430	0
26437	0
26438	0
26439	0
26440	0
26441	0
26442	0
26821	0
26822	0
26823	0
26824	0
26825	1
26826	0
26827	0
26828	0
26829	0
26830	0
26831	0
26832	0
26833	0
26834	0
26835	0
26836	0
26837	0
26838	0
26875	0
26876	0
26877	0
26878	0
26879	0
26880	0
26881	0
26882	0
26883	0
26884	0
26885	0
26886	0
26887	0
26888	0
26889	0
26890	0
26891	0
26892	0
27037	0
27038	0
27039	0
27040	0
27041	0
27042	0
27043	0
27044	0
27045	0
27046	0
27047	0
27048	0
27049	0
27050	0
27051	0
27052	0
27053	0
27054	0
27091	0
27092	0
27093	0
27094	0
27095	0
27096	0
27097	0
27098	0
27099	0
27100	0
27101	0
27102	0
27103	0
27104	0
27105	0
27106	0
27107	1
27108	0
27169	0
27170	0
27171	1
27172	0
27173	0
27174	0
27175	0
27176	0
27177	1
27178	0
27179	0
27180	0
27181	0
27182	0
27183	0
27184	0
27185	0
27186	0
27247	0
27248	0
27249	0
27250	0
27251	0
27252	1
27259	0
27260	0
27261	0
27262	0
27263	0
27264	0
27343	0
27344	0
27345	0
27346	0
27347	0
27348	0
27373	0
27374	0
27375	0
27376	0
27377	0
27378	0
27379	0
27380	0
27381	0
27382	0
27383	0
27384	0
27403	0
27404	0
27405	0
27406	1
27407	0
27408	0
27415	0
27416	0
27417	1
27418	0
27419	0
27420	0
27439	0
27440	0
27441	0
27442	0
27443	0
27444	0
28153	0
28154	0
28155	0
28156	0
28157	0
28158	0
28159	0
28160	0
28161	0
28162	0
28163	0
28164	0
28165	1
28166	0
28167	0
28168	0
28169	0
28170	0
28387	0
28388	1
28389	0
28390	0
28391	0
28392	0
28399	0
28400	0
28401	1
28402	0
28403	0
28404	0
28417	0
28418	0
28419	0
28420	0
28421	0
28422	0
28423	0
28424	0
28425	0
28426	0
28427	0
28428	0
28621	0
28622	0
28623	0
28624	0
28625	0
28626	0
28657	0
28658	0
28659	0
28660	2
28661	0
28662	0
28663	1
28664	0
28665	0
28666	0
28667	0
28668	0
28669	0
28670	0
28671	0
28672	0
28673	0
28674	0
28675	0
28676	0
28677	0
28678	0
28679	0
28680	0
28681	0
28682	0
28683	0
28684	0
28685	0
28686	0
28687	0
28688	0
28689	0
28690	0
28691	0
28692	0
28879	0
28880	0
28881	0
28882	0
28883	0
28884	0
28891	0
28892	0
28893	0
28894	0
28895	0
28896	0
28897	0
28898	0
28899	1
28900	0
28901	0
28902	0
29083	0
29084	1
29085	0
29086	0
29087	0
29088	0
29389	0
29390	0
29391	0
29392	0
29393	0
29394	0
29395	0
29396	0
29397	0
29398	0
29399	0
29400	0
29401	0
29402	0
29403	0
29404	0
29405	0
29406	0
29407	0
29408	0
29409	0
29410	0
29411	0
29412	0
29413	0
29414	0
29415	0
29416	0
29417	0
29418	0
29419	0
29420	0
29421	0
29422	0
29423	0
29424	0
29563	0
29564	1
29565	1
29566	0
29567	1
29568	0
29569	0
29570	0
29571	0
29572	0
29573	0
29574	0
29575	0
29576	0
29577	0
29578	0
29579	0
29580	1
29581	0
29582	0
29583	0
29584	0
29585	0
29586	0
29587	0
29588	0
29589	0
29590	0
29591	1
29592	0
29593	0
29594	0
29595	0
29596	0
29597	0
29598	0
29923	0
29924	0
29925	0
29926	0
29927	0
29928	0
29995	0
29996	0
29997	0
29998	1
29999	0
30000	0
30019	0
30020	0
30021	0
30022	0
30023	0
30024	0
30103	0
30104	0
30105	0
30106	0
30107	0
30108	0
30181	0
30182	0
30183	0
30184	0
30185	0
30186	0
30205	0
30207	0
30209	0
30229	0
30230	0
30231	1
30232	0
30233	0
30234	0
30295	0
30296	0
30297	0
30298	0
30299	0
30300	0
30307	0
30308	0
30309	0
30310	0
30311	0
30312	0
30505	1
30506	0
30507	0
30508	0
30509	0
30510	0
30565	0
30566	0
30567	1
30568	0
30569	0
30570	0
30679	0
30680	0
30681	0
30682	0
30683	0
30684	1
30685	0
30686	0
30687	0
30688	0
30689	0
30690	0
30697	1
30698	0
30699	0
30700	0
30701	0
30702	1
30721	0
30722	0
30723	0
30724	0
30725	0
30726	0
30727	0
30728	0
30729	0
30730	0
30731	0
30732	0
30751	0
30752	0
30753	0
30754	0
30755	0
30756	0
30757	0
30758	0
30759	0
30760	0
30761	0
30762	0
30781	0
30782	0
30783	0
30784	0
30785	1
30786	0
30877	0
30878	0
30879	1
30880	0
30881	0
30882	0
30937	1
30938	0
30939	0
30940	0
30941	0
30942	0
30943	0
30944	1
30945	0
30946	0
30947	0
30948	0
31165	0
31166	0
31167	0
31168	0
31169	0
31170	0
31345	0
31346	0
31347	0
31348	0
31349	0
31350	0
31351	0
31352	0
31353	0
31354	0
31355	0
31356	1
31411	0
31412	0
31413	0
31414	0
31415	3
31416	0
31417	0
31418	0
31419	0
31420	0
31421	0
31422	0
31507	0
31508	0
31509	0
31510	2
31511	0
31512	0
31519	0
31520	0
31521	0
31522	1
31523	0
31524	0
31525	0
31526	0
31527	0
31528	0
31529	0
31530	0
31603	0
31604	4
31605	0
31606	0
31607	0
31608	0
31669	1
31670	0
31671	0
31672	0
31673	0
31674	0
31675	0
31677	0
31679	1
31687	1
31688	0
31689	0
31690	0
31691	0
31692	0
31699	0
31700	0
31701	0
31702	0
31703	0
31704	1
31807	0
31808	0
31809	0
31810	0
31811	0
31812	0
31813	0
31814	0
31815	0
31816	0
31817	0
31818	1
31819	0
31820	0
31821	0
31822	0
31823	0
31824	0
31825	0
31826	0
31827	0
31828	1
31829	0
31830	0
32101	0
32102	0
32103	0
32104	0
32105	0
32106	0
32107	0
32108	0
32109	0
32110	0
32111	0
32112	0
32119	1
32120	0
32121	0
32122	0
32123	0
32124	0
32137	0
32138	0
32139	0
32140	0
32141	0
32142	1
32203	0
32204	0
32205	0
32206	0
32207	0
32208	0
32209	0
32210	0
32211	0
32212	0
32213	0
32214	0
32215	1
32216	0
32217	0
32218	0
32219	0
32220	0
32431	0
32432	0
32433	0
32434	0
32435	0
32436	0
32443	0
32444	0
32445	0
32446	2
32447	0
32448	1
32791	0
32792	0
32793	0
32794	0
32795	0
32796	0
32797	0
32798	0
32799	0
32800	0
32801	0
32802	1
32803	0
32804	0
32805	0
32806	0
32807	0
32808	0
33331	0
33332	0
33333	0
33334	1
33335	0
33336	2
33337	0
33338	0
33339	0
33340	0
33341	0
33342	0
33343	0
33344	0
33345	0
33346	2
33347	0
33348	0
33427	0
33428	1
33429	0
33430	0
33431	0
33432	0
33811	0
33812	0
33813	0
33814	0
33815	0
33816	0
33817	0
33818	0
33819	0
33820	0
33821	0
33822	0
33823	0
33824	0
33825	0
33826	1
33827	0
33828	0
33829	0
33830	0
33831	0
33832	0
33833	0
33834	1
33835	1
33836	0
33837	1
33838	0
33839	0
33840	0
33841	0
33842	0
33843	0
33844	6
33845	0
33846	1
33847	1
33848	0
33849	0
33850	0
33851	0
33852	0
33853	0
33854	0
33855	0
33856	0
33857	0
33858	0
33859	0
33860	0
33861	1
33862	0
33863	0
33864	0
33925	0
33926	0
33927	0
33928	0
33929	0
33930	0
33931	0
33932	0
33933	0
33934	0
33935	0
33936	0
33961	1
33962	0
33963	1
33964	0
33965	0
33966	0
33967	0
33968	0
33969	0
33970	0
33971	0
33972	0
33973	0
33974	0
33975	0
33976	0
33977	0
33978	0
33997	0
33998	0
33999	0
34000	0
34001	0
34002	0
34003	0
34004	0
34005	0
34006	0
34007	0
34008	0
34009	1
34010	0
34011	1
34012	0
34013	0
34014	0
34057	0
34058	0
34059	0
34060	0
34061	0
34062	0
34063	0
34064	0
34065	1
34066	0
34067	0
34068	0
34165	0
34166	0
34167	0
34168	0
34169	1
34170	0
34269	0
34270	0
34291	0
34292	0
34293	0
34294	0
34295	2
34296	0
34351	0
34352	0
34353	0
34354	0
34355	1
34356	0
34381	0
34382	0
34383	0
34384	1
34385	1
34386	0
34687	0
34688	1
34689	0
34690	0
34691	0
34692	0
34731	0
34732	1
34921	0
34922	0
34923	1
34924	0
34925	0
34926	0
34927	0
34928	0
34929	1
34930	2
34931	0
34932	0
35035	0
35036	0
35037	0
35038	0
35039	0
35040	0
35167	0
35168	0
35169	0
35170	0
35171	0
35172	1
35245	0
35246	0
35247	0
35248	0
35249	0
35250	0
35293	0
35294	0
35295	0
35296	0
35297	0
35298	0
35419	0
35420	0
35421	0
35422	0
35423	0
35424	0
35677	0
35678	0
35679	0
35680	0
35681	0
35682	0
35683	0
35684	0
35685	0
35686	0
35687	0
35688	0
35779	0
35780	0
35781	0
35782	0
35783	0
35784	2
36319	0
36320	0
36321	0
36322	0
36323	0
36324	0
36325	2
36326	0
36327	1
36328	0
36329	0
36330	0
36331	0
36332	0
36333	0
36334	0
36335	0
36336	0
36409	0
36410	0
36411	1
36412	0
36413	0
36414	2
36415	1
36416	0
36417	0
36418	0
36419	0
36420	0
36421	0
36422	0
36423	0
36424	0
36425	0
36426	0
36985	0
36986	0
36987	0
36988	0
36989	0
36990	0
37075	0
37076	0
37077	0
37078	0
37079	0
37080	0
37081	0
37082	0
37083	0
37084	0
37085	0
37086	0
37087	0
37088	1
37089	0
37090	0
37091	0
37092	0
37093	0
37094	0
37095	0
37096	0
37097	0
37098	0
37099	0
37100	0
37101	0
37102	0
37103	0
37104	0
37177	0
37178	1
37179	0
37180	0
37181	0
37182	0
37657	0
37658	0
37659	0
37660	0
37661	0
37662	0
37741	0
37742	0
37743	0
37744	0
37745	0
37746	0
37753	0
37754	0
37755	0
37756	0
37757	0
37758	0
37861	0
37862	0
37863	0
37864	0
37865	0
37866	0
37945	0
37946	0
37947	0
37948	1
37949	1
37950	0
37957	0
37958	0
37959	0
37960	0
37961	0
37962	0
37975	0
37976	0
37977	0
37978	0
37979	0
37980	0
37981	0
37982	0
37983	0
37984	0
37985	0
37986	0
37993	0
37994	0
37995	0
37996	0
37997	0
37998	0
38011	1
38012	0
38013	0
38014	0
38015	0
38016	0
38023	0
38024	0
38025	0
38026	0
38027	0
38028	0
38119	0
38120	0
38121	0
38122	0
38123	0
38124	0
38137	0
38138	0
38139	0
38140	0
38141	0
38142	0
38221	0
38222	0
38223	0
38224	0
38225	0
38226	0
38329	0
38330	0
38331	1
38332	0
38333	0
38334	0
38353	0
38354	0
38355	0
38356	0
38357	0
38358	0
38359	0
38360	0
38361	1
38362	0
38363	0
38364	0
38371	1
38372	0
38373	0
38374	0
38375	0
38376	0
38419	0
38420	0
38421	0
38422	0
38423	0
38424	0
38533	0
38534	0
38535	0
38536	0
38537	0
38538	0
38593	0
38594	0
38595	0
38596	0
38597	0
38598	0
38605	1
38606	0
38607	1
38608	1
38609	0
38610	0
38863	0
38864	0
38865	0
38866	0
38867	0
38868	0
38869	0
38870	0
38871	0
38872	2
38873	0
38874	0
38875	0
38876	0
38877	0
38878	0
38879	0
38880	0
38893	0
38894	0
38895	1
38896	0
38897	2
38898	0
38917	0
38918	0
38919	0
38920	1
38921	0
38922	0
38965	0
38966	0
38967	0
38968	0
38969	0
38970	0
38989	0
38990	0
38991	0
38992	0
38993	0
38994	1
39085	0
39086	0
39087	0
39088	0
39089	0
39090	0
39091	0
39092	0
39093	0
39094	0
39095	0
39096	0
39097	0
39098	0
39099	0
39100	0
39101	0
39102	0
39103	0
39104	0
39105	0
39106	0
39107	0
39108	0
39199	0
39200	0
39201	0
39202	0
39203	0
39204	0
39313	0
39314	0
39315	0
39316	0
39317	0
39318	1
39325	0
39326	0
39327	0
39328	0
39329	0
39330	0
39337	1
39338	0
39339	0
39340	0
39341	0
39342	0
39367	0
39368	0
39369	0
39370	0
39371	1
39372	0
39379	0
39380	0
39381	0
39382	0
39383	0
39384	0
39403	0
39404	0
39405	0
39406	0
39407	0
39408	0
39499	0
39500	0
39501	0
39502	0
39503	0
39504	0
39505	1
39506	0
39507	0
39508	0
39509	0
39510	0
39511	0
39512	0
39513	0
39514	0
39515	0
39516	0
39703	0
39704	0
39705	0
39706	0
39707	1
39708	0
39709	0
39710	0
39711	0
39712	0
39713	0
39714	0
39715	0
39716	0
39717	0
39718	0
39719	0
39720	0
39727	0
39728	0
39729	0
39730	0
39731	2
39732	0
39739	0
39740	0
39741	0
39742	0
39743	1
39744	0
39997	0
39998	0
39999	0
40000	0
40001	0
40002	0
40015	0
40016	0
40017	0
40018	0
40019	0
40020	0
40129	0
40130	0
40131	0
40132	0
40133	0
40134	0
40135	0
40136	0
40137	0
40138	0
40139	0
40140	0
40723	0
40724	0
40725	0
40726	0
40727	0
40728	0
40729	0
40730	1
40731	0
40732	0
40733	0
40734	0
40735	1
40736	0
40737	0
40738	0
40739	0
40740	0
41059	0
41060	0
41061	0
41062	0
41063	0
41064	0
41239	0
41240	0
41241	0
41242	0
41243	0
41244	0
41269	1
41270	0
41271	0
41272	0
41273	0
41274	0
41275	0
41276	0
41277	0
41278	0
41279	0
41280	0
41281	1
41282	0
41283	0
41284	0
41285	0
41286	0
41365	0
41366	0
41367	0
41368	0
41369	0
41370	0
41377	0
41378	0
41379	0
41380	0
41381	0
41382	0
41515	0
41516	0
41517	1
41518	0
41519	0
41520	0
41545	0
41546	0
41547	0
41548	0
41549	0
41550	0
41581	0
41583	0
41585	0
41599	0
41600	0
41601	0
41602	0
41603	0
41604	0
41629	0
41630	0
41631	2
41632	0
41633	0
41634	1
41743	0
41744	0
41745	0
41746	0
41747	0
41748	0
41912	0
41914	0
41915	1
41916	0
41917	0
41918	0
41919	0
41920	0
41921	0
41922	0
41953	0
41954	1
41955	0
41956	0
41957	0
41958	0
41959	0
41960	0
41961	0
41962	0
41963	0
41964	0
41989	0
41990	0
41991	0
41992	0
41993	0
41994	0
41995	0
41996	0
41997	1
41998	0
41999	0
42000	0
42001	0
42002	0
42003	0
42004	0
42005	0
42006	0
42055	0
42056	0
42057	0
42058	0
42059	0
42060	0
42061	0
42062	0
42063	0
42064	0
42065	0
42066	0
42079	0
42080	0
42081	0
42082	0
42083	0
42084	0
42109	0
42110	0
42113	0
42114	0
42115	0
42116	0
42117	0
42118	0
42119	0
42120	0
42121	0
42122	0
42123	0
42124	0
42125	0
42126	0
42127	0
42128	0
42129	0
42130	0
42131	0
42132	0
42367	0
42368	0
42369	0
42370	0
42371	0
42372	0
42373	2
42374	2
42375	0
42376	0
42377	0
42378	0
42379	0
42380	0
42381	0
42382	0
42383	0
42384	0
42463	0
42464	0
42465	0
42466	0
42467	0
42468	0
42469	0
42470	0
42471	0
42472	0
42473	0
42474	0
42595	0
42596	0
42597	0
42598	0
42599	0
42600	0
42601	0
42602	0
42603	0
42604	0
42605	0
42606	0
42871	0
42872	0
42873	0
42874	0
42875	0
42876	0
42877	1
42878	0
42879	0
42880	0
42881	0
42882	0
42979	1
42980	0
42981	0
42982	0
42983	0
42984	0
43015	1
43016	0
43017	0
43018	0
43019	0
43020	0
43033	1
43034	0
43035	0
43036	2
43037	0
43038	0
43039	0
43040	1
43041	0
43042	1
43043	3
43044	0
43045	0
43046	0
43047	0
43048	0
43049	3
43050	0
43051	0
43052	0
43053	2
43054	1
43055	0
43056	0
43172	0
43173	0
43174	0
43175	0
43176	0
43178	0
43179	0
43180	0
43181	0
43182	0
43183	0
43184	0
43185	0
43186	0
43187	0
43188	0
43189	0
43190	0
43191	0
43192	0
43193	0
43194	0
43195	0
43196	0
43197	0
43198	0
43199	0
43200	0
43201	0
43202	0
43203	0
43204	0
43205	0
43206	0
43243	0
43244	0
43245	0
43246	0
43247	0
43248	0
43249	0
43250	0
43251	0
43252	1
43253	0
43254	0
43297	0
43298	0
43299	0
43300	0
43301	0
43302	0
43303	0
43304	0
43305	0
43306	0
43307	0
43308	0
43309	0
43310	0
43311	0
43312	0
43313	0
43314	0
43747	1
43748	0
43749	0
43750	0
43751	0
43752	1
43753	0
43754	1
43755	0
43756	1
43757	0
43758	0
43759	0
43760	0
43761	0
43762	0
43763	1
43764	0
43855	1
43856	0
43857	0
43858	0
43859	0
43860	1
43861	0
43862	0
43863	0
43864	0
43865	0
43866	0
43867	0
43868	0
43869	1
43870	0
43871	1
43872	0
44449	0
44450	0
44451	0
44452	0
44453	0
44454	0
44455	0
44456	0
44457	0
44458	0
44459	0
44460	0
44461	0
44462	0
44463	0
44464	0
44465	0
44466	1
