ObservationID	Count
91	0
92	0
93	0
94	1
95	0
96	2
97	1
98	0
99	0
100	0
101	0
102	1
145	0
146	0
147	0
148	0
149	0
150	0
163	0
164	0
165	0
166	1
167	0
168	0
169	0
170	1
171	0
172	2
173	0
174	0
175	0
176	0
177	0
178	0
179	0
180	0
181	0
182	0
183	0
184	0
185	0
186	0
187	0
188	1
189	0
190	0
191	0
192	0
193	0
194	0
195	1
196	0
197	0
198	0
199	0
200	1
201	0
202	0
203	0
204	0
205	0
206	1
207	0
208	1
209	0
210	0
211	0
212	0
213	0
214	0
215	0
216	0
217	0
218	0
219	1
220	0
221	0
222	1
265	0
266	0
267	1
268	0
269	0
270	0
307	0
308	0
309	0
310	0
311	0
312	0
325	0
326	0
327	0
328	0
329	0
330	0
337	0
338	0
339	1
340	2
341	0
342	0
409	3
410	0
411	0
412	0
413	0
414	0
421	0
422	0
423	0
424	0
425	0
426	0
433	0
434	0
435	0
436	0
437	0
438	0
451	0
452	0
453	0
454	0
455	0
456	0
457	0
458	0
459	1
460	0
461	0
462	0
463	0
464	0
465	1
466	0
467	0
468	0
469	1
470	0
471	0
472	0
473	0
474	0
475	0
476	0
477	0
478	0
479	0
480	0
481	0
482	0
483	0
484	0
485	0
486	0
523	0
524	1
525	0
526	0
527	0
528	0
529	0
530	0
531	0
532	0
533	0
534	0
541	0
542	0
543	0
544	0
545	0
546	0
547	0
548	0
549	0
551	0
553	0
554	1
555	0
557	0
559	0
560	0
561	0
563	0
579	1
580	3
582	1
585	0
586	0
588	0
597	0
598	0
600	0
613	1
614	0
615	0
616	0
617	0
618	0
619	0
620	1
621	1
622	1
623	0
624	1
631	0
632	0
633	0
634	0
635	0
636	0
643	0
644	0
645	0
646	0
647	0
648	0
649	0
650	0
651	0
652	0
653	0
654	2
673	0
674	0
675	0
676	1
677	0
678	0
745	0
746	0
747	0
748	0
749	1
750	0
817	0
818	0
819	0
820	0
821	0
822	1
823	0
824	0
825	1
826	0
827	0
828	1
829	1
830	0
831	3
832	0
833	1
834	0
859	0
860	0
861	0
862	1
863	1
864	0
865	0
866	0
867	0
868	0
869	0
870	0
871	0
872	0
873	0
874	0
875	0
876	0
877	2
878	0
879	2
880	0
881	0
882	2
883	0
884	1
885	0
886	0
887	0
888	0
889	0
890	0
891	0
892	0
893	0
894	0
973	1
974	0
975	1
976	0
977	0
978	0
985	0
986	0
987	0
988	0
989	0
990	0
1003	0
1004	0
1005	0
1006	1
1007	0
1008	0
1009	0
1010	0
1011	0
1012	1
1013	0
1014	1
1015	0
1016	1
1017	0
1018	2
1019	0
1020	1
1063	2
1064	0
1065	1
1066	0
1067	0
1068	0
1081	0
1082	0
1083	0
1084	1
1085	0
1086	0
1087	0
1088	0
1089	0
1090	0
1091	0
1092	0
1093	1
1094	0
1095	0
1096	0
1097	0
1098	0
1099	0
1100	0
1101	0
1102	0
1103	0
1104	0
1105	1
1106	0
1107	0
1108	0
1109	0
1110	0
1111	0
1112	0
1113	0
1114	1
1115	0
1116	0
1153	1
1154	0
1155	1
1156	2
1157	2
1158	0
1195	0
1196	1
1197	0
1198	1
1199	0
1200	0
1207	0
1208	0
1209	0
1210	0
1211	0
1212	0
1213	0
1214	0
1215	0
1216	2
1217	0
1218	0
1219	0
1220	0
1221	0
1222	0
1223	0
1224	0
1225	0
1226	0
1227	0
1228	0
1229	0
1230	0
1249	0
1250	0
1251	0
1252	0
1253	0
1254	0
1273	2
1274	0
1275	0
1276	0
1277	0
1278	0
1285	0
1286	0
1287	0
1288	0
1289	0
1290	1
1297	0
1298	0
1299	0
1300	0
1301	0
1302	0
1303	1
1304	1
1305	0
1306	1
1307	0
1308	0
1309	2
1310	0
1311	1
1312	0
1313	0
1314	2
1315	2
1316	0
1317	0
1318	0
1319	0
1320	2
1327	0
1328	0
1329	0
1330	0
1331	1
1332	0
1333	0
1334	0
1335	0
1336	0
1337	0
1338	0
1339	0
1340	0
1341	1
1342	0
1343	0
1344	0
1351	0
1352	0
1353	0
1354	0
1355	0
1356	0
1357	0
1358	0
1359	0
1360	0
1361	0
1362	0
1363	0
1364	0
1365	0
1366	0
1367	0
1368	0
1369	0
1370	0
1371	0
1372	0
1373	0
1374	0
1387	0
1388	0
1389	0
1390	0
1391	0
1392	0
1507	0
1508	0
1509	0
1510	0
1511	0
1512	0
1537	0
1538	0
1539	0
1540	0
1541	1
1542	0
1543	0
1544	0
1545	0
1546	0
1547	0
1548	0
1573	0
1574	1
1575	1
1576	1
1577	0
1578	0
1579	0
1580	0
1581	0
1582	0
1583	0
1584	0
1585	0
1586	0
1587	0
1588	0
1589	0
1590	0
1591	2
1592	0
1593	0
1594	0
1595	0
1596	0
1597	0
1598	0
1599	0
1600	0
1601	0
1602	0
1621	0
1622	1
1623	1
1624	0
1625	0
1626	0
1627	0
1628	3
1629	0
1630	0
1631	0
1632	0
1633	0
1634	0
1635	0
1636	0
1637	0
1638	0
1639	0
1640	0
1641	0
1642	0
1643	0
1644	0
1669	0
1670	0
1671	0
1672	0
1673	0
1674	0
1687	0
1688	0
1689	0
1690	0
1691	0
1692	0
1717	0
1718	0
1719	0
1720	0
1721	0
1722	0
1723	0
1724	0
1725	0
1726	0
1727	0
1728	2
1753	0
1754	0
1755	0
1756	0
1757	0
1758	0
1759	0
1760	0
1761	0
1762	0
1763	0
1764	2
1783	0
1784	0
1785	0
1786	0
1787	0
1788	1
1813	0
1814	0
1815	0
1816	0
1817	1
1818	0
1885	0
1886	0
1887	0
1888	0
1889	0
1890	0
1891	0
1892	0
1893	0
1894	0
1895	1
1896	0
1933	0
1934	0
1935	0
1936	0
1937	0
1938	0
1939	0
1940	0
1941	0
1942	0
1943	0
1944	0
1945	0
1946	0
1947	0
1948	0
1949	0
1950	1
2017	0
2018	0
2019	0
2020	0
2021	0
2022	2
2023	0
2024	0
2025	0
2026	0
2027	1
2028	2
2029	0
2030	0
2031	0
2032	0
2033	0
2034	0
2035	0
2036	0
2038	0
2039	0
2040	0
2047	0
2048	0
2050	0
2051	0
2052	0
2053	0
2054	0
2056	1
2057	0
2058	0
2095	0
2096	1
2097	0
2098	0
2099	0
2100	0
2101	0
2102	1
2103	0
2104	0
2105	0
2106	0
2107	0
2108	0
2109	0
2110	0
2111	0
2112	0
2113	0
2114	1
2115	0
2116	0
2117	0
2118	0
2119	0
2120	0
2121	0
2122	0
2123	0
2124	0
2125	0
2126	2
2127	0
2128	0
2129	0
2130	0
2233	1
2234	0
2235	0
2236	0
2237	1
2238	0
2269	0
2270	0
2271	0
2272	0
2273	1
2274	0
2275	0
2276	0
2277	0
2278	0
2279	0
2280	0
2281	0
2282	0
2283	0
2284	0
2285	0
2286	0
2329	1
2330	3
2331	0
2332	0
2333	0
2334	0
2341	0
2342	0
2343	0
2344	0
2345	0
2346	0
2347	0
2348	0
2349	0
2350	0
2351	0
2352	0
2353	4
2354	1
2355	0
2356	0
2357	3
2358	0
2359	3
2360	1
2361	0
2362	0
2363	1
2364	1
2371	0
2372	0
2373	0
2374	1
2375	0
2376	0
2377	0
2378	0
2379	0
2380	0
2381	0
2382	0
2383	0
2384	0
2385	0
2386	0
2387	0
2388	0
2497	0
2498	0
2499	0
2500	0
2501	3
2502	1
2503	0
2504	0
2505	0
2506	0
2507	0
2508	0
2509	0
2510	0
2511	0
2512	0
2513	0
2514	0
2521	0
2522	0
2523	0
2524	0
2525	0
2526	0
2527	0
2528	1
2529	0
2530	0
2531	0
2532	0
2533	0
2534	2
2535	0
2536	0
2537	0
2538	0
2617	0
2618	0
2619	0
2620	0
2621	0
2622	0
2623	0
2624	1
2625	0
2626	0
2627	0
2628	0
2629	1
2630	0
2631	0
2632	0
2633	1
2634	0
2737	0
2738	0
2739	0
2740	0
2741	2
2742	1
2749	0
2750	0
2751	0
2752	0
2753	1
2754	3
2761	0
2762	0
2763	0
2764	0
2765	0
2766	0
2767	2
2768	0
2769	0
2770	1
2771	1
2772	1
2779	0
2780	0
2781	1
2782	0
2783	0
2784	0
2797	1
2798	0
2799	0
2800	1
2801	0
2802	0
2821	0
2822	0
2823	0
2824	0
2825	0
2826	0
2827	0
2828	0
2829	5
2830	1
2831	0
2832	0
2833	2
2834	0
2835	1
2836	1
2837	0
2838	0
2923	0
2924	0
2925	0
2926	0
2927	0
2928	0
2929	0
2930	0
2931	0
2932	0
2933	2
2934	0
2935	0
2936	0
2937	0
2938	0
2939	1
2940	0
2941	0
2942	0
2943	0
2944	0
2945	0
2946	0
2947	0
2948	0
2949	0
2950	0
2951	0
2952	0
2953	0
2954	0
2955	0
2956	0
2957	0
2958	0
2959	0
2960	0
2961	0
2962	0
2963	1
2964	1
2965	0
2966	0
2967	0
2968	0
2969	0
2970	0
2971	0
2972	1
2973	0
2974	0
2975	0
2976	0
2977	1
2978	0
2979	0
2980	0
2981	0
2982	0
2995	0
2996	0
2997	1
2998	1
2999	2
3000	1
3001	1
3002	0
3003	0
3004	0
3005	1
3006	0
3085	0
3086	0
3087	1
3088	0
3089	0
3090	0
3091	0
3092	0
3093	0
3094	0
3095	0
3096	0
3097	0
3098	0
3099	0
3100	0
3101	0
3102	0
3205	1
3206	0
3207	0
3208	1
3209	1
3210	0
3223	0
3224	0
3225	0
3226	0
3227	0
3228	0
3229	0
3230	0
3231	0
3232	0
3233	1
3234	1
3235	0
3236	0
3237	0
3238	0
3239	1
3240	1
3241	0
3242	0
3243	0
3244	0
3245	0
3246	0
3247	0
3248	0
3249	0
3250	0
3251	1
3252	0
3253	0
3254	0
3255	0
3256	0
3257	0
3258	0
3361	0
3362	0
3363	1
3364	0
3365	0
3366	0
3367	0
3368	0
3369	0
3370	0
3371	0
3372	0
3373	1
3374	0
3375	0
3376	0
3377	0
3378	0
3379	0
3380	0
3381	0
3382	0
3383	0
3384	0
3385	0
3386	0
3387	0
3388	0
3389	0
3390	0
3391	0
3392	0
3393	0
3394	1
3395	0
3396	1
3433	0
3434	0
3435	0
3436	0
3437	0
3438	0
3439	2
3440	0
3441	0
3442	0
3443	0
3444	0
3445	0
3446	0
3447	0
3448	0
3449	0
3450	0
3451	0
3452	0
3454	2
3455	0
3457	0
3458	0
3460	0
3461	0
3481	0
3482	0
3484	2
3485	0
3487	0
3488	0
3490	0
3491	0
3493	0
3494	0
3496	0
3497	0
3499	0
3500	0
3501	2
3502	0
3503	0
3504	0
3505	1
3506	0
3507	0
3508	0
3509	0
3510	0
3511	0
3512	0
3513	1
3514	0
3515	0
3516	0
3517	0
3518	1
3519	0
3520	0
3521	0
3522	0
3523	0
3524	0
3525	0
3526	0
3527	0
3528	0
3529	0
3530	0
3531	0
3532	0
3533	0
3534	0
3535	1
3536	2
3537	0
3538	0
3539	0
3540	0
3745	0
3746	0
3747	2
3748	1
3749	0
3750	0
3751	0
3752	0
3753	1
3754	0
3755	0
3756	0
3757	0
3758	0
3759	0
3760	0
3761	0
3762	0
3763	0
3764	0
3765	1
3766	0
3767	0
3768	0
3769	0
3770	0
3771	0
3772	0
3773	0
3774	0
3775	0
3776	2
3777	0
3778	0
3779	0
3780	0
3787	0
3788	0
3789	0
3790	0
3791	0
3792	0
3841	0
3842	0
3843	0
3844	0
3845	0
3846	0
3847	0
3848	0
3849	0
3850	0
3851	0
3852	0
3853	0
3854	0
3855	0
3856	0
3857	0
3858	0
3859	0
3860	0
3861	0
3862	0
3863	0
3864	0
3865	0
3866	0
3867	0
3868	0
3869	0
3870	0
3871	0
3872	0
3873	0
3874	0
3875	1
3876	0
3969	0
3970	2
3971	0
3972	0
3975	2
3976	0
3977	0
3978	0
3981	0
3982	0
3983	0
3984	0
4021	0
4022	0
4023	2
4024	0
4025	0
4026	0
4027	0
4028	0
4029	0
4030	0
4031	0
4032	0
4033	0
4034	0
4035	0
4036	0
4037	0
4038	0
4099	0
4100	0
4101	0
4102	0
4103	0
4104	0
4105	0
4106	0
4107	0
4108	0
4109	0
4110	0
4111	0
4112	0
4113	0
4114	0
4115	0
4116	0
4117	0
4118	0
4119	0
4120	0
4121	1
4122	0
4123	0
4124	0
4125	0
4126	0
4127	0
4128	1
4129	0
4130	0
4131	0
4132	0
4133	0
4134	0
4171	1
4172	0
4173	0
4174	0
4175	0
4176	0
4195	0
4196	0
4197	0
4198	0
4199	1
4200	0
4213	0
4214	0
4215	1
4216	0
4217	3
4218	1
4219	0
4220	0
4221	0
4222	1
4223	0
4224	3
4273	0
4274	0
4275	0
4276	2
4277	0
4278	1
4285	0
4286	0
4287	0
4288	1
4289	1
4290	0
4291	0
4292	0
4293	0
4294	0
4295	0
4296	0
4297	0
4298	0
4299	0
4300	0
4301	0
4302	0
4327	0
4328	0
4329	0
4330	0
4331	0
4332	0
4333	0
4334	1
4335	0
4336	0
4337	0
4338	0
4339	1
4340	0
4341	0
4342	0
4343	0
4344	0
4345	0
4346	0
4347	0
4348	0
4349	0
4350	0
4381	0
4382	0
4383	0
4384	0
4385	0
4386	0
4399	0
4400	1
4401	2
4402	0
4403	2
4404	0
4411	0
4412	0
4413	0
4414	0
4415	0
4416	0
4417	0
4418	0
4419	3
4420	1
4421	1
4422	0
4423	0
4424	1
4425	1
4426	0
4427	2
4428	0
4429	0
4430	0
4431	0
4432	1
4433	2
4434	0
4549	0
4550	0
4551	1
4552	0
4553	0
4554	0
4555	0
4556	0
4557	0
4558	0
4559	0
4560	0
4687	0
4688	0
4689	0
4690	0
4691	0
4692	2
4717	0
4718	0
4719	0
4720	0
4721	3
4722	1
4771	0
4772	0
4773	0
4774	0
4775	0
4776	0
4777	0
4778	1
4779	0
4780	0
4781	0
4782	0
4783	0
4784	0
4785	1
4786	0
4787	0
4788	0
4819	0
4820	0
4823	0
4825	0
4826	0
4827	0
4828	0
4829	0
4830	1
4831	0
4832	0
4835	0
4837	0
4838	0
4839	0
4840	0
4841	0
4842	1
4843	0
4844	0
4845	0
4846	0
4847	0
4848	0
4855	0
4856	0
4857	0
4858	0
4859	0
4860	0
4861	0
4862	0
4863	0
4864	0
4865	0
4866	0
4867	0
4868	0
4869	1
4870	0
4871	0
4872	1
4891	0
4892	1
4893	0
4894	0
4895	0
4896	1
4897	0
4898	0
4899	0
4900	1
4901	0
4902	1
4909	0
4910	0
4911	0
4912	0
4913	0
4914	0
5005	0
5006	0
5007	0
5008	1
5009	0
5010	0
5011	0
5012	0
5013	0
5014	0
5015	1
5016	0
5017	0
5018	0
5019	0
5020	0
5021	0
5022	0
5095	0
5096	0
5097	0
5098	0
5099	1
5100	0
5107	0
5108	0
5109	0
5110	0
5111	0
5112	0
5113	0
5114	0
5115	0
5116	1
5117	0
5118	0
5161	1
5162	0
5163	0
5164	0
5165	0
5166	0
5185	0
5186	0
5187	0
5188	0
5189	0
5190	0
5197	1
5198	1
5199	0
5200	0
5201	0
5202	0
5263	0
5264	0
5265	0
5266	0
5267	0
5268	0
5269	0
5270	0
5271	0
5272	0
5273	0
5274	0
5299	0
5300	0
5301	1
5302	0
5303	0
5304	1
5353	0
5354	0
5355	0
5356	0
5357	0
5358	0
5467	0
5468	0
5469	0
5470	0
5471	4
5472	0
5497	0
5498	0
5499	0
5500	0
5501	0
5502	0
5503	0
5504	0
5505	0
5506	0
5507	2
5508	0
5509	0
5510	0
5511	0
5512	0
5513	2
5514	0
5545	0
5546	0
5547	0
5548	0
5549	1
5550	0
5551	0
5552	0
5553	0
5554	0
5555	0
5556	0
5557	0
5558	0
5559	0
5560	0
5561	2
5562	0
5569	1
5570	0
5571	0
5572	0
5573	0
5574	0
5581	0
5582	0
5583	0
5584	0
5585	0
5586	0
5599	0
5600	0
5601	0
5602	0
5603	0
5604	0
5605	0
5606	0
5607	0
5608	0
5609	1
5610	0
5611	0
5612	0
5613	0
5614	0
5615	0
5616	0
5629	0
5630	0
5631	0
5632	0
5633	4
5634	0
5635	0
5636	0
5637	0
5638	0
5639	0
5640	0
5641	0
5642	0
5643	0
5644	0
5645	0
5646	0
5647	0
5648	0
5649	0
5650	0
5651	0
5652	0
5659	0
5660	0
5661	0
5662	0
5663	0
5664	0
5731	0
5732	0
5733	0
5734	0
5735	0
5736	0
5755	0
5756	0
5757	0
5758	0
5759	0
5760	0
5773	0
5774	1
5775	0
5776	0
5777	0
5778	0
5779	0
5780	0
5781	1
5782	0
5783	0
5784	0
5785	0
5787	0
5789	0
5791	0
5793	0
5795	1
5797	0
5798	0
5799	0
5800	0
5801	0
5802	0
5803	1
5804	0
5805	0
5806	0
5807	0
5808	0
5815	1
5816	0
5817	0
5818	0
5819	0
5820	0
5821	0
5822	0
5823	0
5824	0
5825	0
5826	0
5827	0
5828	0
5829	0
5830	0
5831	0
5832	0
5905	1
5906	0
5907	0
5908	0
5909	0
5910	0
5935	0
5936	0
5937	1
5938	0
5939	0
5940	0
5947	2
5948	0
5949	0
5950	1
5951	0
5952	0
5953	0
5954	0
5955	1
5956	0
5957	0
5958	0
5983	1
5984	0
5985	0
5986	0
5987	0
5988	1
6025	0
6026	0
6027	0
6028	0
6029	0
6030	0
6043	0
6044	0
6045	0
6046	0
6047	0
6048	0
6073	0
6074	0
6075	0
6076	0
6077	0
6078	0
6193	0
6194	0
6195	0
6196	0
6197	0
6198	0
6253	0
6254	1
6255	0
6256	0
6257	0
6258	0
6259	0
6260	0
6261	0
6262	0
6263	0
6264	0
6265	0
6266	0
6267	1
6268	0
6269	0
6270	1
6271	0
6272	0
6273	0
6274	0
6275	0
6276	0
6277	0
6278	0
6279	5
6280	1
6281	0
6282	0
6283	2
6284	0
6285	1
6286	1
6287	0
6288	0
6289	0
6290	0
6291	0
6292	0
6293	0
6294	0
6295	0
6296	0
6297	0
6298	0
6299	4
6300	0
6331	0
6332	0
6333	0
6334	0
6335	0
6336	0
6337	0
6338	0
6339	1
6340	0
6341	0
6342	0
6343	1
6344	0
6345	2
6346	0
6347	1
6348	0
6403	0
6404	0
6405	0
6406	1
6407	0
6408	0
6469	0
6470	0
6471	0
6472	0
6473	0
6474	0
6541	1
6542	0
6543	0
6544	0
6545	0
6546	0
6547	0
6548	0
6549	0
6550	0
6551	0
6552	0
6553	1
6554	0
6555	0
6556	0
6557	0
6558	0
6625	0
6626	1
6627	0
6628	0
6629	1
6630	0
6631	0
6632	0
6633	0
6634	0
6635	0
6636	0
6643	0
6644	0
6645	0
6646	0
6647	0
6648	0
6649	0
6650	0
6651	0
6652	0
6653	0
6654	0
6655	0
6656	0
6657	0
6658	0
6659	0
6660	0
6661	0
6662	0
6663	0
6664	0
6665	0
6666	0
6667	0
6668	1
6669	1
6670	0
6671	0
6672	0
6673	0
6674	0
6675	0
6676	0
6677	0
6678	0
6685	1
6686	0
6687	0
6688	0
6689	0
6690	0
6691	0
6692	0
6693	0
6694	0
6695	0
6696	0
6703	0
6704	0
6705	0
6706	0
6707	0
6708	0
6709	0
6711	1
6713	0
6739	0
6740	1
6741	0
6742	0
6743	0
6744	0
6745	0
6746	0
6747	1
6748	0
6749	0
6750	0
6757	0
6758	0
6759	0
6760	0
6761	1
6762	0
6781	0
6782	0
6783	0
6784	0
6785	0
6786	0
6817	0
6818	0
6819	0
6820	0
6821	0
6822	0
6823	0
6824	0
6825	0
6826	0
6827	0
6828	0
6835	1
6836	0
6837	0
6838	0
6839	0
6840	0
6847	0
6848	0
6849	0
6850	0
6851	0
6852	0
6859	0
6860	0
6861	1
6862	0
6863	1
6864	1
6871	0
6872	0
6873	1
6874	1
6875	3
6876	0
6877	0
6878	0
6879	0
6880	0
6881	0
6882	0
6883	0
6884	0
6885	0
6886	1
6887	0
6888	0
6913	0
6914	0
6915	0
6916	0
6917	1
6918	0
6955	0
6956	0
6957	0
6958	0
6959	0
6960	0
6961	0
6962	0
6963	0
6964	0
6965	0
6966	0
7009	2
7010	0
7011	0
7012	0
7013	0
7014	0
7027	0
7028	0
7029	0
7030	0
7031	0
7032	0
7057	0
7058	0
7059	0
7060	0
7061	0
7062	1
7069	0
7070	1
7071	1
7072	1
7073	0
7074	1
7087	0
7088	0
7089	0
7090	0
7091	0
7092	2
7099	0
7100	0
7101	1
7102	0
7103	0
7104	1
7111	0
7112	0
7113	0
7114	1
7115	0
7116	0
7117	1
7118	0
7119	3
7120	0
7121	1
7122	0
7183	0
7184	0
7185	0
7186	0
7187	1
7188	0
7201	0
7202	0
7203	1
7204	0
7205	0
7206	0
7207	0
7208	0
7209	0
7210	2
7211	0
7212	0
7213	1
7214	0
7215	0
7216	0
7217	0
7218	0
7219	0
7220	0
7221	0
7222	0
7223	1
7224	0
7225	0
7226	0
7227	0
7228	0
7229	0
7230	0
7273	0
7274	0
7275	0
7276	0
7277	0
7278	0
7285	0
7287	0
7288	0
7289	0
7290	0
7291	1
7292	0
7293	0
7294	0
7295	0
7296	0
7303	0
7304	0
7305	0
7306	0
7307	0
7308	0
7315	0
7316	0
7317	0
7318	0
7319	0
7320	0
7435	0
7436	1
7437	0
7438	0
7439	1
7440	0
7441	0
7442	0
7443	0
7444	0
7445	0
7446	0
7471	0
7472	0
7473	1
7474	0
7475	0
7476	0
7477	0
7478	0
7479	0
7480	0
7481	1
7482	0
7483	0
7484	0
7485	0
7486	0
7487	0
7488	0
7489	0
7490	0
7491	0
7492	0
7494	0
7495	0
7496	0
7497	0
7498	0
7499	0
7500	0
7501	0
7502	0
7503	0
7504	0
7505	0
7506	0
7507	0
7508	0
7509	0
7510	0
7511	0
7512	0
7513	0
7514	0
7515	0
7516	0
7517	0
7518	0
7519	0
7520	2
7521	0
7522	0
7523	0
7524	0
7525	0
7526	0
7527	0
7528	0
7529	1
7530	0
7549	0
7550	0
7551	0
7552	0
7553	0
7554	0
7555	0
7556	0
7557	0
7558	0
7559	0
7560	0
7561	0
7562	0
7563	0
7564	0
7565	0
7566	0
7567	0
7568	0
7569	1
7570	0
7571	0
7572	0
7597	0
7598	0
7599	0
7600	0
7601	0
7602	0
7603	0
7604	0
7605	0
7606	0
7607	0
7608	0
7609	0
7610	0
7611	0
7612	0
7613	0
7614	0
7657	0
7658	0
7659	1
7660	0
7661	0
7662	0
7663	0
7664	0
7665	0
7666	1
7667	0
7668	0
7675	0
7676	0
7677	0
7678	0
7679	0
7680	0
7687	0
7688	0
7689	1
7690	0
7691	0
7692	1
7699	0
7700	0
7701	0
7702	0
7703	0
7704	0
7783	0
7784	0
7785	0
7786	0
7787	0
7788	0
7801	0
7802	0
7803	0
7804	0
7805	0
7806	0
7807	0
7808	0
7809	0
7810	0
7811	0
7812	0
7813	0
7814	0
7815	0
7816	0
7817	0
7818	0
7819	0
7820	0
7821	0
7822	0
7823	0
7824	0
7831	0
7832	0
7833	0
7834	0
7835	0
7836	2
7837	0
7838	0
7839	0
7840	0
7841	0
7842	0
7843	0
7844	0
7845	0
7846	0
7847	0
7848	0
7849	0
7850	0
7851	0
7852	0
7853	0
7854	0
7861	1
7862	0
7863	0
7864	0
7865	1
7866	0
7867	0
7868	0
7869	0
7870	0
7871	0
7872	0
8005	0
8006	0
8007	0
8008	0
8009	0
8010	0
8011	0
8012	0
8013	1
8014	0
8015	1
8016	1
8017	0
8018	0
8019	0
8020	0
8021	1
8022	0
8053	0
8054	0
8055	1
8056	0
8057	0
8058	0
8059	1
8060	0
8061	0
8062	0
8063	0
8064	0
8065	2
8066	0
8067	0
8068	0
8069	0
8070	0
8071	0
8072	1
8073	0
8074	0
8075	0
8076	0
8077	0
8078	1
8079	0
8080	0
8081	0
8082	0
8083	0
8084	2
8085	0
8086	1
8087	0
8088	1
8143	0
8144	0
8145	0
8146	0
8147	0
8148	0
8149	2
8150	0
8151	1
8152	0
8153	0
8154	0
8155	1
8156	0
8157	0
8158	1
8159	0
8160	0
8161	0
8162	1
8163	0
8164	0
8165	0
8166	0
8167	0
8168	0
8169	0
8170	0
8171	0
8172	0
8173	0
8174	2
8175	1
8176	0
8177	0
8178	0
8179	1
8180	0
8181	0
8182	0
8183	0
8184	0
8185	0
8186	0
8187	0
8188	0
8189	0
8190	0
8191	0
8192	0
8193	1
8194	0
8195	0
8196	0
8209	0
8210	1
8211	0
8212	0
8213	0
8214	0
8215	0
8216	0
8217	0
8218	0
8219	0
8220	0
8239	0
8240	0
8241	0
8242	0
8243	0
8244	0
8245	0
8246	0
8247	0
8248	1
8249	0
8250	1
8251	0
8252	0
8253	1
8254	1
8255	0
8256	0
8257	1
8258	0
8259	1
8260	0
8261	0
8262	0
8263	0
8264	0
8265	0
8266	0
8267	0
8268	3
8269	0
8270	1
8271	0
8272	0
8273	0
8274	0
8293	0
8294	3
8295	1
8296	0
8297	3
8298	0
8299	0
8300	2
8301	0
8302	0
8303	2
8304	0
8305	0
8306	0
8307	0
8308	0
8309	0
8310	0
8341	0
8342	0
8343	0
8344	1
8345	0
8346	1
8365	0
8366	0
8367	0
8368	0
8369	0
8370	0
8401	0
8402	0
8403	0
8404	0
8405	1
8406	0
8407	1
8408	0
8409	0
8410	0
8411	0
8412	0
8413	0
8414	0
8415	0
8416	0
8417	0
8418	0
8419	2
8420	0
8421	0
8422	0
8423	0
8424	0
8425	0
8426	0
8427	0
8428	0
8429	0
8430	0
8431	0
8432	0
8433	0
8434	0
8435	0
8436	0
8461	0
8462	0
8463	0
8464	2
8465	0
8466	0
8545	0
8546	0
8547	0
8548	0
8549	0
8550	0
8551	0
8553	0
8554	0
8555	0
8556	0
8563	0
8565	0
8566	0
8567	0
8568	0
8611	0
8612	0
8613	0
8614	0
8615	0
8616	0
8617	0
8618	0
8619	0
8620	0
8621	0
8622	0
8623	1
8624	0
8625	0
8626	0
8627	0
8628	0
8665	0
8666	1
8667	0
8668	0
8669	0
8670	0
8671	0
8672	0
8673	0
8674	0
8675	0
8676	0
8677	0
8678	0
8679	0
8680	0
8681	0
8682	0
8725	0
8726	0
8727	0
8728	0
8729	0
8731	0
8732	0
8733	0
8734	0
8735	0
8755	0
8756	3
8757	0
8758	0
8759	0
8760	0
8761	0
8762	0
8763	0
8764	0
8765	0
8766	0
8767	0
8768	0
8769	0
8770	0
8771	0
8772	0
8773	0
8774	0
8775	0
8776	0
8777	0
8778	2
8869	0
8870	0
8871	0
8872	0
8873	0
8874	0
8905	0
8906	1
8907	0
8908	0
8909	0
8910	0
8911	0
8912	0
8913	0
8914	0
8915	0
8916	0
8953	0
8954	0
8955	0
8956	1
8957	0
8958	2
8959	0
8960	0
8961	0
8962	0
8963	0
8964	0
9055	4
9056	0
9057	0
9058	0
9059	0
9060	0
9061	2
9062	0
9063	0
9064	0
9065	0
9066	0
9067	1
9068	1
9069	0
9070	1
9071	0
9072	0
9073	0
9074	1
9075	2
9076	1
9077	0
9078	0
9079	0
9080	0
9081	1
9082	0
9083	0
9084	0
9085	0
9086	0
9087	0
9088	0
9089	0
9090	0
9139	0
9140	0
9141	0
9142	0
9143	0
9144	0
9181	0
9182	0
9183	0
9184	0
9185	0
9186	0
9205	0
9206	0
9207	0
9208	0
9209	0
9210	0
9229	0
9230	0
9232	0
9234	0
9235	0
9238	0
9240	0
9241	0
9242	0
9244	0
9246	0
9253	0
9254	0
9256	0
9258	0
9301	0
9304	0
9306	0
9307	0
9308	0
9310	0
9312	0
9313	0
9314	0
9315	0
9316	2
9317	0
9318	0
9319	0
9320	0
9321	0
9322	0
9323	0
9324	0
9325	0
9326	1
9327	0
9328	0
9329	0
9330	0
9361	1
9362	0
9363	2
9364	0
9365	1
9366	0
9367	1
9368	0
9369	0
9370	0
9371	0
9372	1
9373	0
9374	0
9375	0
9376	0
9377	0
9378	0
9385	1
9386	0
9387	0
9388	0
9389	1
9390	2
9415	0
9416	0
9417	0
9418	0
9419	1
9420	0
9523	0
9524	0
9525	0
9526	0
9527	0
9528	0
9547	0
9548	0
9549	0
9550	1
9551	0
9552	0
9613	0
9614	0
9615	0
9616	0
9617	0
9618	0
9619	0
9620	0
9621	0
9622	0
9623	0
9624	0
9625	0
9626	0
9627	0
9628	0
9629	1
9630	0
9631	0
9632	0
9633	0
9634	0
9635	0
9636	0
9637	0
9638	0
9639	1
9640	0
9641	0
9642	0
9643	0
9644	0
9645	2
9646	0
9647	0
9648	0
9649	0
9650	0
9651	1
9652	0
9653	2
9654	0
9655	0
9656	0
9657	0
9658	0
9659	0
9660	0
9661	0
9662	0
9663	0
9664	0
9665	1
9666	0
9667	4
9668	0
9669	0
9670	0
9671	0
9672	0
9673	0
9674	0
9675	0
9676	0
9677	0
9678	1
9799	0
9800	0
9801	0
9802	0
9803	0
9804	0
9805	0
9806	0
9807	0
9808	0
9809	0
9810	0
9811	0
9813	0
9814	0
9815	0
9816	0
9817	0
9818	0
9819	0
9820	0
9821	0
9822	0
9889	0
9891	0
9893	0
9901	0
9902	0
9903	0
9904	0
9905	1
9906	0
9925	0
9927	0
9929	1
9949	0
9950	0
9951	0
9952	0
9953	0
9954	0
9979	0
9980	0
9981	0
9982	0
9983	0
9984	0
9985	0
9987	1
9989	0
10063	0
10064	0
10065	0
10066	0
10067	0
10068	0
10069	0
10070	0
10071	0
10072	0
10073	1
10074	0
10201	0
10202	1
10203	0
10204	0
10205	0
10206	0
10225	0
10226	0
10227	0
10228	0
10229	1
10230	0
10231	0
10232	0
10233	0
10234	0
10235	0
10236	0
10237	0
10238	0
10239	0
10240	0
10241	0
10242	1
10243	0
10244	0
10245	0
10246	0
10247	0
10248	0
10249	0
10250	0
10251	0
10252	0
10253	0
10254	0
10255	1
10256	0
10257	0
10258	0
10259	0
10260	1
10321	0
10322	0
10323	0
10324	0
10325	0
10326	0
10327	1
10328	0
10329	0
10330	0
10331	0
10332	0
10333	0
10334	0
10335	0
10336	0
10337	0
10338	0
10351	0
10352	0
10353	0
10354	0
10355	0
10356	0
10357	0
10358	0
10359	0
10360	0
10361	0
10362	0
10483	0
10484	0
10485	0
10486	0
10487	1
10488	0
10501	0
10502	0
10503	0
10504	2
10505	0
10506	0
10537	0
10538	0
10539	0
10540	0
10541	0
10542	0
10579	1
10580	0
10581	0
10582	0
10583	0
10584	0
11035	0
11036	0
11037	0
11038	1
11039	0
11040	0
11041	0
11042	0
11043	0
11044	0
11045	1
11046	0
11083	0
11084	0
11085	1
11086	0
11087	0
11088	1
11089	0
11090	0
11091	1
11092	0
11093	0
11094	0
11095	0
11096	0
11097	0
11098	0
11099	0
11100	0
11101	0
11102	0
11103	0
11104	0
11105	0
11106	0
11107	0
11108	0
11109	0
11110	0
11111	1
11112	0
11113	0
11114	2
11115	0
11116	0
11117	0
11118	0
11197	0
11198	0
11199	0
11200	1
11201	0
11202	0
11287	0
11288	1
11289	0
11290	1
11291	0
11292	0
11293	0
11294	1
11295	0
11296	0
11297	0
11298	0
11407	0
11408	1
11409	0
11410	0
11411	0
11412	0
11413	0
11414	0
11415	0
11416	0
11417	0
11418	0
11419	1
11420	0
11421	0
11422	0
11423	0
11424	0
11461	0
11462	0
11463	0
11464	0
11465	0
11466	0
11473	1
11474	0
11475	0
11476	0
11477	0
11478	0
11551	0
11552	0
11553	0
11554	0
11555	0
11556	0
11569	0
11570	0
11571	0
11572	0
11573	0
11574	0
11695	0
11696	0
11697	0
11698	0
11699	0
11700	0
11707	0
11708	0
11709	0
11710	0
11711	0
11712	1
11713	0
11714	0
11715	0
11716	0
11717	0
11718	0
11725	1
11726	0
11727	0
11728	0
11729	0
11730	0
11743	0
11744	0
11745	0
11746	0
11747	0
11748	0
11989	0
11990	0
11991	0
11992	0
11993	0
11994	0
12049	0
12050	2
12051	0
12052	0
12053	0
12054	2
12067	0
12068	0
12069	0
12070	0
12071	0
12072	0
12079	0
12080	1
12081	1
12082	0
12083	0
12084	0
12175	0
12176	0
12179	0
12181	0
12182	0
12183	0
12184	0
12185	0
12186	0
12199	0
12200	0
12201	0
12202	0
12203	0
12204	0
12277	0
12278	0
12279	0
12280	0
12281	1
12282	0
12301	0
12302	0
12303	0
12304	0
12305	0
12306	0
12307	0
12308	0
12309	0
12310	0
12311	1
12312	0
12325	2
12326	0
12327	0
12328	0
12329	1
12330	1
12343	0
12344	0
12345	0
12346	0
12347	0
12348	0
12349	0
12350	0
12351	0
12352	0
12353	1
12354	1
12355	0
12356	0
12357	0
12358	0
12359	0
12360	0
12499	1
12500	0
12501	1
12502	0
12503	0
12504	0
12505	0
12506	0
12507	0
12508	0
12509	2
12510	1
12511	0
12512	0
12513	0
12514	0
12515	1
12516	2
12535	1
12536	0
12537	0
12538	0
12539	0
12540	0
12541	3
12542	3
12543	0
12544	0
12545	0
12546	0
12595	1
12596	0
12597	0
12598	0
12599	0
12600	0
12601	0
12602	0
12603	0
12604	0
12605	0
12606	0
12607	1
12608	0
12609	0
12610	0
12611	1
12612	0
12613	0
12614	0
12615	0
12616	0
12617	0
12618	0
12619	0
12620	0
12621	0
12622	0
12623	0
12624	0
12673	0
12674	0
12675	0
12676	0
12677	1
12678	0
12715	0
12716	0
12717	1
12718	0
12719	0
12720	0
12721	0
12722	0
12723	1
12724	0
12725	0
12726	0
12733	0
12734	0
12735	0
12736	0
12737	0
12738	0
12751	1
12752	0
12753	0
12754	0
12755	0
12756	0
12787	0
12788	0
12789	0
12790	0
12791	0
12792	0
12793	0
12794	0
12795	0
12796	1
12797	0
12798	0
12799	0
12800	0
12801	3
12802	0
12803	0
12804	0
12805	0
12806	0
12807	0
12808	0
12809	7
12810	0
12811	0
12812	0
12813	0
12814	0
12815	0
12816	0
12817	0
12818	0
12819	3
12820	0
12821	9
12822	0
12937	0
12938	0
12939	1
12940	0
12941	0
12942	0
13003	0
13004	0
13005	0
13006	0
13007	1
13008	1
13027	1
13028	0
13029	0
13030	0
13031	0
13032	0
13087	1
13088	0
13090	0
13091	0
13092	0
13261	2
13262	0
13263	1
13264	2
13265	1
13266	2
13267	0
13268	0
13269	0
13270	0
13271	0
13272	0
13393	0
13394	0
13396	0
13397	0
13398	0
13441	0
13442	0
13443	0
13444	0
13445	1
13446	0
13447	0
13448	0
13449	2
13450	0
13451	0
13452	0
13454	0
13455	0
13456	0
13457	0
13458	0
13489	0
13490	0
13492	0
13493	2
13494	0
13519	0
13520	0
13521	0
13522	0
13523	0
13524	1
13525	0
13526	0
13527	0
13528	0
13529	0
13530	0
13531	1
13532	0
13533	5
13534	0
13535	0
13536	0
13561	1
13562	1
13563	0
13564	0
13565	0
13566	0
13567	0
13568	0
13569	1
13570	0
13571	3
13572	0
13591	0
13592	0
13593	0
13594	0
13595	0
13596	0
13597	1
13598	0
13599	0
13600	0
13601	0
13602	0
13603	0
13604	0
13605	0
13606	1
13607	0
13608	0
13621	0
13622	0
13623	0
13624	0
13625	0
13626	1
13723	0
13724	0
13725	0
13726	2
13727	0
13728	0
13837	0
13838	0
13839	0
13840	0
13841	0
13842	0
13903	0
13904	0
13905	0
13906	0
13907	2
13908	0
13963	0
13964	0
13965	0
13966	0
13967	0
13968	0
13969	0
13970	0
13971	0
13972	0
13973	0
13974	0
14029	0
14030	0
14031	0
14032	0
14033	0
14034	0
14077	0
14078	0
14079	1
14080	1
14081	0
14082	0
14083	1
14084	0
14085	0
14086	2
14087	0
14088	0
14089	0
14090	1
14091	0
14092	0
14093	0
14094	0
14119	1
14120	0
14121	0
14122	0
14123	0
14124	0
14125	1
14126	0
14127	0
14128	0
14129	0
14130	0
14173	0
14174	0
14175	0
14176	0
14177	0
14178	0
14179	0
14180	0
14181	1
14182	0
14183	1
14184	0
14185	0
14186	0
14187	1
14188	1
14189	0
14190	1
14335	1
14336	0
14337	0
14338	0
14339	0
14340	0
14365	0
14366	0
14367	0
14368	0
14369	0
14370	0
14383	0
14384	0
14385	0
14386	0
14387	0
14388	0
14401	0
14402	0
14403	0
14404	0
14405	0
14406	0
14419	0
14420	0
14421	0
14422	0
14423	1
14424	0
14431	0
14432	0
14433	0
14434	0
14435	0
14436	1
14539	0
14540	0
14541	0
14542	0
14543	0
14544	0
14545	0
14546	2
14547	0
14548	0
14549	0
14550	0
14551	0
14552	0
14553	0
14554	0
14555	0
14556	0
14707	0
14708	1
14709	0
14710	1
14711	0
14712	0
14773	0
14774	1
14775	1
14776	0
14777	0
14778	0
14785	0
14786	0
14787	0
14788	0
14789	1
14790	0
14845	0
14846	0
14847	0
14848	0
14849	1
14850	0
14851	0
14852	0
14853	0
14854	0
14855	0
14856	0
14857	0
14858	0
14859	0
14860	0
14861	0
14862	0
14905	0
14906	0
14907	0
14908	0
14909	0
14910	0
14917	1
14918	0
14919	0
14920	0
14921	0
14922	0
14935	0
14936	0
14937	0
14938	0
14939	0
14940	0
14941	0
14942	1
14943	2
14944	1
14945	0
14946	0
14947	0
14948	0
14949	1
14950	0
14951	0
14952	0
14971	2
14972	0
14973	0
14974	0
14975	0
14976	0
14977	0
14978	0
14979	0
14980	0
14981	1
14982	0
14983	0
14984	0
14985	0
14986	0
14987	0
14988	0
14989	1
14990	0
14991	0
14992	0
14993	0
14994	0
14995	1
14996	0
14997	0
14998	0
14999	0
15000	0
15001	0
15002	0
15003	0
15004	0
15005	0
15006	0
15007	0
15008	0
15009	0
15010	0
15011	0
15012	0
15067	0
15068	0
15069	0
15070	0
15071	0
15072	0
15073	0
15074	0
15075	0
15076	0
15077	0
15078	0
15079	0
15080	0
15081	1
15082	1
15083	0
15084	0
15085	1
15086	0
15087	0
15088	2
15089	0
15090	0
15091	0
15092	1
15093	0
15094	0
15095	0
15096	0
15133	0
15134	0
15135	0
15136	0
15137	0
15138	0
15139	0
15140	0
15141	0
15142	0
15143	2
15144	0
15151	0
15152	0
15153	0
15154	0
15155	0
15156	2
15157	0
15158	0
15159	0
15160	0
15161	0
15162	0
15163	0
15164	0
15165	0
15166	0
15167	0
15168	0
15235	0
15236	0
15237	1
15238	0
15239	0
15240	0
15259	1
15260	0
15261	0
15262	0
15263	0
15264	0
15265	2
15266	0
15267	0
15268	0
15269	0
15270	0
15349	0
15350	0
15352	0
15353	0
15354	0
15355	1
15356	0
15358	0
15359	0
15360	0
15547	0
15548	0
15549	0
15550	0
15551	0
15552	0
15553	0
15554	0
15555	0
15556	0
15557	0
15558	1
15559	1
15560	0
15561	5
15562	0
15563	0
15564	0
15673	0
15674	0
15675	0
15676	0
15677	1
15678	0
15679	0
15680	0
15681	2
15682	0
15683	0
15684	0
15686	0
15687	0
15688	0
15689	0
15690	0
15745	0
15746	0
15747	1
15748	0
15749	0
15750	0
15751	0
15752	0
15753	0
15754	0
15755	1
15756	0
15757	0
15758	0
15759	0
15760	0
15761	0
15762	0
15787	1
15788	0
15789	0
15790	0
15791	0
15792	0
15793	0
15794	0
15795	0
15796	0
15797	0
15798	0
15805	1
15806	0
15807	0
15808	0
15809	0
15810	0
15913	0
15914	0
15915	0
15916	0
15917	0
15918	0
15919	1
15920	0
15921	0
15922	0
15923	0
15924	1
15925	0
15926	0
15927	1
15928	0
15929	1
15930	1
15937	1
15938	0
15939	0
15940	0
15941	1
15942	2
16033	0
16034	0
16035	0
16036	0
16037	1
16038	0
16039	0
16040	0
16041	0
16042	0
16043	0
16044	0
16045	0
16046	0
16047	0
16048	0
16049	0
16050	1
16051	0
16052	0
16053	0
16054	0
16055	0
16056	0
16057	0
16058	0
16059	0
16060	0
16061	0
16062	0
16063	1
16064	0
16065	0
16066	0
16067	0
16068	1
16267	0
16268	0
16269	0
16270	0
16271	0
16272	0
16519	0
16520	0
16521	0
16522	0
16523	0
16585	0
16586	0
16587	0
16588	0
16589	0
16590	0
16591	0
16592	0
16593	0
16594	0
16595	0
16596	0
16597	0
16598	0
16599	1
16600	0
16601	0
16602	0
16681	0
16682	0
16683	0
16684	0
16685	7
16686	0
16687	0
16688	0
16689	0
16690	0
16691	0
16692	0
16717	0
16718	0
16719	0
16720	0
16721	0
16722	0
16729	0
16730	0
16731	0
16732	1
16733	0
16734	0
16765	0
16766	0
16767	3
16768	0
16769	0
16770	0
16771	0
16772	0
16773	3
16774	0
16775	9
16776	0
16813	1
16814	1
16815	0
16816	0
16817	0
16818	0
16831	0
16832	0
16833	0
16834	0
16835	4
16836	0
16837	0
16838	0
16839	0
16840	0
16841	0
16842	0
16909	0
16910	0
16911	0
16912	0
16913	0
16914	0
16921	0
16922	0
16923	1
16924	0
16925	0
16926	1
16933	0
16934	0
16935	0
16936	0
16937	0
16938	0
16999	0
17000	0
17001	0
17002	0
17003	0
17004	0
17035	0
17036	0
17037	1
17038	0
17039	1
17040	1
17071	0
17072	0
17073	0
17074	0
17075	1
17076	0
17227	0
17228	0
17229	0
17230	0
17231	0
17232	0
17233	1
17234	0
17235	0
17236	0
17237	0
17238	0
17251	0
17252	0
17253	0
17254	0
17255	0
17256	0
17317	0
17318	0
17319	0
17320	0
17321	0
17322	0
17335	0
17336	0
17337	0
17338	0
17339	0
17340	0
17341	0
17342	1
17343	0
17344	0
17345	1
17346	0
17437	0
17438	0
17439	1
17440	0
17441	2
17442	0
17443	0
17444	0
17445	0
17446	0
17447	0
17448	0
17449	0
17450	0
17451	0
17452	0
17453	1
17454	0
17455	4
17456	0
17457	0
17458	0
17459	0
17460	0
17461	0
17462	0
17463	0
17464	0
17465	0
17466	1
17467	2
17468	0
17469	1
17470	2
17471	1
17472	2
17473	0
17474	0
17475	0
17476	0
17477	0
17478	0
17479	4
17480	0
17481	0
17482	0
17483	0
17484	0
17485	2
17486	0
17487	0
17488	0
17489	0
17490	0
17491	1
17492	1
17493	0
17494	1
17495	0
17496	0
17545	0
17546	0
17547	0
17548	0
17549	0
17550	0
17551	0
17552	0
17553	1
17554	0
17555	0
17556	1
17557	0
17558	0
17559	1
17560	0
17561	0
17562	0
17563	0
17564	2
17565	0
17566	0
17567	0
17568	0
17569	1
17570	1
17571	0
17572	0
17573	0
17574	0
17575	0
17576	0
17577	1
17578	0
17579	3
17580	0
17599	0
17600	0
17601	0
17602	0
17603	0
17604	0
17605	0
17606	0
17607	0
17608	0
17609	0
17610	0
17611	0
17612	0
17613	0
17614	0
17615	0
17616	0
17617	0
17618	1
17619	0
17620	0
17621	0
17622	0
17623	0
17624	2
17625	0
17626	0
17627	0
17628	2
17629	0
17630	0
17631	0
17632	0
17633	1
17634	1
17683	0
17684	0
17685	0
17686	0
17687	0
17688	0
17689	0
17690	0
17691	0
17692	0
17693	0
17694	0
17695	0
17696	0
17697	1
17698	0
17699	0
17700	0
17755	0
17756	0
17757	0
17758	0
17759	0
17760	0
17773	1
17774	0
17775	0
17776	0
17777	1
17778	0
17791	0
17792	0
17793	0
17794	0
17795	0
17796	0
17839	0
17840	0
17843	0
17845	0
17846	0
17847	0
17848	0
17849	0
17850	0
17893	0
17894	1
17895	0
17896	0
17897	0
17898	0
17899	0
17900	2
17901	0
17902	1
17903	0
17904	1
18067	0
18068	0
18069	0
18070	0
18071	0
18072	0
18079	0
18080	2
18081	0
18082	0
18083	0
18084	0
18085	0
18086	0
18087	0
18088	0
18089	0
18090	0
18109	1
18110	0
18111	0
18112	0
18113	0
18114	0
18115	1
18116	0
18117	0
18118	0
18119	0
18120	0
18121	0
18122	0
18124	0
18125	2
18126	0
18127	0
18128	0
18129	0
18130	0
18131	0
18132	0
18133	0
18134	0
18135	0
18136	0
18137	0
18138	0
18139	0
18140	0
18141	0
18142	0
18143	0
18144	0
18157	1
18158	0
18159	0
18160	0
18161	0
18162	0
18163	0
18164	0
18165	0
18166	0
18167	0
18168	0
18169	0
18170	0
18171	0
18172	0
18173	0
18174	0
18799	0
18800	0
18801	0
18802	0
18803	0
18804	0
18805	0
18806	0
18807	0
18808	0
18809	0
18810	0
18811	0
18812	0
18813	0
18814	0
18815	0
18816	0
18817	2
18818	0
18819	0
18820	0
18821	0
18822	0
18823	0
18824	0
18825	0
18826	1
18827	1
18828	0
18829	0
18830	0
18831	0
18832	0
18833	0
18834	0
18847	0
18848	0
18849	0
18850	0
18851	0
18852	0
18853	1
18854	0
18855	1
18856	0
18857	0
18858	0
18859	0
18860	0
18861	0
18862	1
18863	0
18864	1
18865	0
18866	0
18867	0
18868	0
18869	0
18870	3
18871	0
18872	0
18873	1
18874	1
18875	0
18876	0
18877	0
18878	1
18879	0
18880	0
18881	0
18882	0
18901	0
18902	0
18903	1
18904	0
18905	0
18906	1
18907	0
18908	0
18909	0
18910	0
18911	0
18912	0
18913	1
18914	0
18915	0
18916	0
18917	0
18918	0
18919	0
18920	0
18921	0
18922	0
18923	0
18924	0
18937	0
18938	0
18939	1
18940	0
18941	0
18942	0
18943	0
18944	0
18945	0
18946	0
18947	0
18948	2
18949	0
18950	3
18951	0
18952	0
18953	0
18954	0
18979	0
18980	0
18981	0
18982	0
18983	1
18984	1
18985	0
18986	0
18987	0
18988	0
18989	0
18990	0
18991	0
18992	0
18993	0
18994	2
18995	0
18996	0
18997	0
18998	1
18999	0
19000	0
19001	0
19002	0
19003	0
19004	0
19005	0
19006	1
19007	0
19008	1
19009	0
19010	0
19011	0
19012	0
19013	0
19014	0
19039	0
19040	1
19041	0
19042	0
19043	0
19044	0
19045	0
19046	0
19047	0
19048	0
19049	0
19050	0
19051	0
19052	0
19053	0
19054	0
19055	0
19056	0
19075	1
19076	0
19077	1
19078	0
19079	0
19080	0
19081	0
19082	0
19083	0
19084	0
19085	2
19086	1
19087	0
19088	0
19089	0
19090	0
19091	1
19092	2
19093	0
19095	0
19096	0
19097	0
19098	0
19099	0
19100	0
19101	0
19102	0
19103	0
19104	0
19123	1
19124	0
19125	2
19126	0
19127	1
19128	0
19129	1
19130	0
19131	0
19132	0
19133	0
19134	1
19135	0
19136	0
19137	0
19138	0
19139	0
19140	0
19429	1
19430	0
19431	0
19432	0
19433	1
19434	0
19441	0
19442	0
19443	0
19444	0
19445	0
19446	0
19447	1
19448	0
19449	0
19450	0
19451	0
19452	0
19459	0
19460	0
19461	0
19462	0
19463	0
19464	0
19471	2
19472	0
19473	0
19474	0
19475	1
19476	1
19477	1
19478	0
19479	0
19480	0
19481	0
19482	0
19483	0
19484	0
19485	0
19486	0
19487	0
19488	0
19489	0
19490	0
19491	0
19492	0
19493	0
19494	0
19495	0
19496	0
19497	0
19498	0
19499	0
19500	0
19543	0
19544	0
19545	0
19546	0
19547	0
19548	0
19555	0
19556	0
19557	1
19558	0
19559	0
19560	0
19561	0
19562	1
19563	1
19564	0
19565	0
19566	0
19591	0
19592	0
19593	0
19594	0
19595	0
19596	0
19597	0
19598	0
19599	1
19600	0
19601	0
19602	0
19603	0
19604	0
19605	0
19606	0
19607	0
19608	0
19609	0
19610	0
19611	0
19612	0
19613	0
19614	0
19615	0
19616	0
19617	0
19618	0
19619	0
19620	0
19621	1
19622	0
19623	0
19624	0
19625	0
19626	0
19645	0
19646	0
19647	0
19648	0
19649	0
19650	0
19651	2
19652	0
19653	0
19654	1
19655	0
19656	0
19657	0
19658	0
19659	0
19660	0
19661	0
19662	0
19681	0
19682	0
19683	0
19684	0
19685	1
19686	0
19705	0
19706	0
19707	0
19708	0
19709	0
19710	0
19711	0
19712	0
19713	0
19714	0
19715	0
19716	0
19717	1
19718	0
19719	0
19720	1
19721	0
19722	0
19963	0
19964	0
19965	0
19966	0
19967	0
19968	0
19999	0
20000	0
20001	0
20002	0
20003	0
20004	0
20149	1
20150	0
20151	0
20152	0
20153	0
20154	0
20155	0
20156	0
20157	0
20158	0
20159	0
20160	0
20161	0
20162	1
20163	0
20164	0
20165	0
20166	0
20203	0
20204	1
20205	0
20206	0
20207	0
20208	0
20215	0
20216	0
20217	0
20218	1
20219	0
20220	0
20221	0
20222	0
20223	0
20224	0
20225	0
20226	0
20353	0
20354	0
20355	0
20356	0
20357	0
20358	0
20359	0
20360	0
20361	1
20362	0
20363	1
20364	0
20365	0
20366	0
20367	1
20368	1
20369	0
20370	1
20377	0
20378	0
20379	0
20380	0
20381	0
20382	0
20401	2
20402	0
20403	1
20404	0
20405	0
20406	0
20413	1
20414	0
20415	0
20416	1
20417	0
20418	0
20611	0
20612	0
20613	0
20614	0
20615	0
20616	0
20617	0
20618	0
20619	1
20620	0
20621	0
20622	0
20623	1
20624	0
20625	2
20626	0
20627	1
20628	0
20629	0
20630	0
20631	0
20632	0
20633	0
20634	0
20635	1
20636	0
20637	0
20638	0
20639	0
20640	0
20731	0
20732	0
20733	0
20734	0
20735	0
20736	0
20737	0
20738	0
20739	0
20740	0
20741	0
20742	0
20743	0
20744	0
20745	0
20746	0
20747	0
20748	0
20809	0
20810	0
20811	0
20812	0
20814	0
20815	0
20816	0
20817	0
20818	0
20819	0
20820	0
20827	0
20828	0
20829	0
20830	0
20831	0
20832	0
20839	0
20840	0
20841	0
20842	0
20843	0
20844	0
20845	0
20846	0
20847	0
20848	0
20849	0
20850	0
20851	0
20852	0
20853	0
20854	0
20855	1
20856	0
20857	0
20858	0
20859	0
20860	0
20861	1
20862	0
20869	0
20870	0
20871	0
20872	0
20873	0
20874	0
20875	0
20876	2
20877	0
20878	0
20879	0
20880	0
20905	0
20906	0
20907	0
20908	0
20909	1
20910	0
20929	0
20930	2
20931	0
20932	2
20933	0
20934	0
20935	1
20936	0
20937	0
20938	0
20939	0
20940	0
20977	0
20978	0
20979	0
20980	0
20981	0
20982	0
20983	0
20984	1
20985	0
20986	0
20987	0
20988	0
21007	1
21008	0
21009	0
21010	0
21011	0
21012	0
21013	0
21014	0
21015	0
21016	0
21017	0
21018	0
21019	0
21020	0
21021	0
21022	0
21023	1
21024	0
21025	1
21026	0
21027	0
21028	0
21029	0
21030	0
21031	0
21032	1
21033	0
21034	0
21035	1
21036	0
21037	0
21038	0
21039	0
21040	0
21041	0
21042	0
21043	0
21044	0
21045	0
21046	0
21047	0
21048	0
21049	0
21050	0
21051	0
21052	0
21053	0
21054	0
21055	3
21056	3
21057	0
21058	0
21059	0
21060	0
21061	1
21062	0
21063	0
21064	0
21065	0
21066	0
21067	0
21068	0
21069	0
21070	0
21071	0
21072	0
21073	0
21074	1
21075	0
21076	0
21077	0
21078	0
21079	0
21080	2
21081	1
21082	0
21083	0
21084	0
21085	1
21086	0
21087	0
21088	0
21089	0
21090	0
21091	0
21092	0
21093	1
21094	0
21095	0
21096	0
21097	0
21098	0
21099	0
21100	0
21101	0
21102	0
21157	0
21158	0
21159	0
21160	1
21161	0
21162	0
21163	0
21164	0
21165	0
21166	0
21167	0
21168	0
21169	0
21170	0
21171	0
21172	0
21173	1
21174	0
21211	0
21212	1
21213	0
21214	0
21215	0
21216	0
21217	0
21218	0
21219	0
21220	0
21221	0
21222	0
21223	0
21224	0
21225	0
21226	0
21227	0
21228	0
21265	1
21266	0
21267	0
21268	0
21269	0
21270	0
21271	0
21272	0
21273	0
21274	0
21275	0
21276	0
21277	0
21278	0
21279	0
21280	0
21281	0
21282	0
21283	0
21284	0
21285	0
21286	0
21287	0
21288	0
21289	0
21290	0
21291	0
21292	0
21293	0
21294	1
21295	0
21296	0
21297	0
21298	0
21299	0
21300	0
21301	0
21302	3
21303	1
21304	0
21305	3
21306	0
21307	0
21308	2
21309	0
21310	0
21311	2
21312	0
21313	0
21314	0
21315	0
21316	0
21317	0
21318	0
21559	0
21560	0
21561	0
21562	0
21563	0
21564	0
21565	0
21566	0
21567	0
21568	0
21569	1
21570	0
21613	0
21614	0
21615	1
21616	0
21617	0
21618	0
21619	0
21620	0
21621	0
21622	1
21623	0
21624	0
21667	0
21668	0
21669	3
21670	1
21671	1
21672	0
21679	0
21680	0
21681	0
21682	2
21683	0
21684	2
21703	0
21704	0
21705	0
21706	0
21707	0
21708	0
21709	0
21710	0
21711	0
21712	0
21713	0
21714	0
21811	0
21812	0
21813	0
21814	0
21815	0
21816	0
21841	0
21842	0
21843	0
21844	1
21845	0
21846	0
21865	0
21866	0
21867	0
21868	0
21869	0
21870	0
21895	0
21896	0
21897	0
21898	0
21899	0
21900	0
22009	0
22010	0
22011	0
22012	0
22013	0
22014	0
22015	0
22016	0
22017	0
22018	0
22019	0
22020	0
22021	1
22022	0
22023	0
22024	1
22025	0
22026	0
22033	0
22034	0
22035	0
22036	0
22037	0
22369	0
22370	2
22371	0
22372	2
22373	0
22374	0
22405	0
22406	0
22407	0
22408	0
22409	0
22410	0
22411	1
22412	0
22413	1
22414	0
22415	0
22416	0
22429	1
22430	0
22431	1
22432	0
22433	0
22434	0
22435	1
22436	0
22437	1
22438	1
22439	0
22440	2
22441	1
22442	0
22443	1
22444	2
22445	0
22446	2
22477	0
22478	0
22479	0
22480	0
22481	1
22482	0
22483	0
22484	0
22485	0
22486	0
22487	1
22488	0
22489	0
22490	0
22491	0
22492	0
22493	0
22494	0
22495	0
22496	0
22497	0
22498	0
22499	0
22500	0
22501	0
22502	1
22503	0
22504	0
22505	0
22506	0
22555	1
22556	0
22557	1
22558	0
22559	0
22560	0
22561	1
22562	0
22563	1
22564	1
22565	0
22566	2
22567	1
22568	0
22569	1
22570	2
22571	0
22572	2
22573	0
22574	0
22575	0
22576	0
22577	0
22578	0
22579	1
22580	0
22581	1
22582	0
22583	0
22584	0
22657	0
22658	0
22659	0
22660	0
22661	0
22662	0
22663	0
22664	0
22665	0
22666	0
22667	1
22668	0
22669	0
22670	0
22671	0
22672	0
22673	1
22674	0
22819	0
22820	0
22821	0
22822	0
22823	0
22824	0
22825	0
22826	0
22827	0
22828	0
22829	0
22830	0
22939	2
22940	0
22941	2
22942	0
22943	0
22944	0
22945	0
22946	0
22947	3
22948	0
22949	0
22950	0
22951	0
22952	0
22953	1
22954	0
22955	0
22956	0
23077	0
23078	0
23079	0
23080	0
23081	0
23082	1
23083	0
23084	0
23085	1
23086	0
23087	2
23088	1
23089	1
23090	0
23091	0
23092	0
23093	2
23094	0
23137	0
23138	0
23139	0
23140	0
23141	0
23142	0
23143	0
23144	0
23145	0
23146	0
23147	0
23148	0
23149	0
23150	0
23151	1
23152	1
23153	0
23154	0
23203	1
23204	0
23205	0
23206	0
23207	0
23208	0
23209	0
23210	0
23211	0
23212	0
23213	0
23214	0
23215	0
23216	2
23217	0
23218	0
23219	1
23220	0
23239	0
23240	0
23241	0
23242	0
23243	0
23244	0
23245	0
23246	0
23247	1
23248	0
23249	0
23250	0
23251	0
23252	1
23253	0
23254	0
23255	0
23256	2
23269	0
23270	1
23271	0
23272	0
23273	0
23274	0
23287	0
23288	1
23289	0
23290	0
23291	0
23292	0
23293	0
23294	0
23295	1
23296	1
23297	1
23298	4
23323	0
23324	0
23325	1
23326	0
23327	0
23328	0
23329	1
23330	0
23331	0
23332	0
23333	2
23334	0
23335	0
23336	1
23337	0
23338	0
23339	0
23340	0
23341	0
23342	1
23343	0
23344	0
23345	0
23346	0
23359	0
23360	0
23361	0
23362	0
23363	0
23364	1
23365	0
23366	0
23367	0
23368	0
23369	0
23370	0
23377	0
23378	0
23379	0
23380	0
23381	0
23382	0
23383	0
23384	1
23385	0
23386	0
23387	0
23388	0
23389	0
23390	0
23391	0
23392	0
23393	0
23394	0
23473	0
23474	0
23475	0
23476	0
23477	1
23478	0
23491	0
23492	1
23493	0
23494	2
23495	1
23496	2
23557	0
23558	0
23559	0
23560	0
23561	0
23562	0
23569	0
23570	0
23571	0
23572	0
23573	0
23574	0
23575	0
23576	0
23577	0
23578	0
23579	0
23580	0
23587	0
23588	0
23589	0
23590	0
23591	1
23592	0
23605	0
23606	0
23607	0
23608	0
23609	0
23610	0
23629	0
23630	0
23631	0
23632	0
23633	0
23634	0
23635	0
23636	3
23637	0
23638	0
23639	0
23640	0
23647	2
23648	1
23649	0
23650	0
23651	0
23652	0
23671	0
23672	1
23673	1
23674	0
23675	1
23676	0
23677	0
23678	1
23679	0
23680	0
23681	0
23682	0
23689	0
23690	0
23691	0
23692	0
23693	0
23694	1
23695	0
23696	0
23697	1
23698	0
23699	2
23700	0
23749	0
23750	0
23751	0
23752	0
23753	0
23754	0
23803	0
23804	0
23805	1
23806	0
23807	0
23808	0
23809	0
23810	0
23811	0
23812	0
23813	0
23814	0
23815	0
23816	0
23818	0
23819	0
23820	0
23827	0
23828	0
23829	0
23830	0
23831	0
23832	0
23869	0
23870	0
23871	0
23872	0
23873	0
23874	1
23881	1
23882	0
23883	0
23884	0
23885	1
23886	0
23887	0
23888	0
23889	0
23890	1
23891	0
23892	0
23965	1
23966	0
23967	0
23968	0
23969	0
23970	0
23971	0
23972	1
23973	0
23974	0
23975	0
23976	0
23977	0
23978	0
23979	0
23980	0
23981	0
23982	0
23995	0
23996	0
23997	0
23998	0
23999	0
24000	0
24007	1
24008	1
24009	2
24010	0
24011	0
24012	0
24013	0
24014	1
24015	0
24016	0
24017	0
24018	0
24019	0
24020	1
24021	0
24022	0
24023	0
24024	0
24025	0
24026	0
24027	0
24028	0
24029	1
24030	0
24031	0
24032	0
24033	0
24034	0
24035	0
24036	0
24049	1
24050	1
24051	2
24052	1
24053	0
24054	0
24055	0
24056	0
24057	2
24058	0
24059	0
24060	2
24061	0
24062	0
24063	0
24064	0
24065	0
24066	0
24067	0
24068	0
24070	0
24071	0
24072	0
24103	0
24104	0
24105	0
24106	1
24107	0
24108	0
24115	0
24116	0
24117	0
24118	1
24119	0
24120	0
24121	0
24122	2
24123	1
24124	1
24125	0
24126	0
24133	0
24134	0
24135	0
24136	0
24137	0
24138	0
24157	0
24158	0
24159	0
24160	0
24161	0
24162	0
24223	0
24224	0
24225	0
24226	0
24227	0
24228	0
24235	0
24236	0
24237	0
24238	0
24239	0
24240	1
24295	0
24296	0
24297	0
24298	0
24299	1
24300	0
24307	1
24308	0
24309	0
24310	2
24311	0
24312	0
24319	0
24320	0
24321	0
24322	1
24323	0
24324	0
24331	0
24332	0
24333	0
24334	1
24335	0
24336	0
24337	0
24338	0
24339	0
24340	0
24341	0
24342	0
24355	0
24356	0
24357	1
24358	0
24359	0
24360	0
24367	0
24368	0
24369	0
24370	0
24371	0
24372	0
24373	0
24374	0
24375	0
24376	0
24377	0
24378	0
24391	1
24392	1
24393	1
24394	0
24395	0
24396	0
24397	0
24398	0
24399	1
24400	0
24401	0
24402	1
24415	6
24416	0
24417	2
24418	1
24419	0
24420	0
24439	0
24440	0
24441	1
24442	0
24443	0
24444	0
24583	0
24584	0
24585	0
24586	0
24587	0
24588	0
24595	0
24596	0
24597	0
24598	0
24599	0
24600	0
24667	1
24668	0
24669	0
24670	0
24671	0
24672	0
24685	0
24686	4
24687	0
24688	0
24689	0
24690	0
24691	0
24692	0
24693	3
24694	0
24695	0
24696	0
24751	0
24752	0
24753	0
24754	0
24755	0
24756	0
24811	0
24812	0
24813	0
24814	1
24815	0
24816	0
24817	0
24818	1
24819	0
24820	0
24821	0
24822	0
24841	0
24842	0
24843	0
24844	0
24845	0
24846	0
24883	0
24884	0
24885	0
24886	0
24887	0
24888	0
24889	0
24890	2
24891	0
24892	0
24893	0
24894	0
24895	0
24896	0
24897	1
24898	0
24899	0
24900	0
24901	0
24902	1
24903	0
24904	3
24905	0
24906	0
24919	1
24920	0
24921	0
24922	0
24923	1
24924	0
24943	0
24944	0
24945	0
24946	0
24947	1
24948	0
24949	0
24950	0
24951	0
24952	0
24953	1
24954	0
24961	0
24962	0
24963	0
24964	0
24965	0
24966	0
24967	0
24968	0
24969	0
24970	0
24971	0
24972	0
24979	0
24980	0
24981	0
24982	0
24983	0
24984	0
24991	0
24992	0
24993	0
24994	0
24995	0
24996	0
25015	0
25016	0
25017	3
25018	0
25019	0
25020	0
25027	1
25028	0
25029	0
25030	0
25031	0
25032	0
25033	0
25034	0
25035	0
25036	0
25037	0
25038	0
25039	0
25040	0
25041	0
25042	0
25043	0
25044	0
25045	1
25046	0
25047	0
25048	0
25049	0
25050	0
25057	1
25058	0
25059	0
25060	0
25061	0
25062	0
25069	0
25070	0
25071	0
25072	0
25073	0
25074	0
25075	0
25076	0
25077	0
25078	0
25079	0
25080	0
25081	0
25082	0
25083	0
25084	0
25085	0
25086	0
25087	0
25088	0
25089	0
25090	0
25091	0
25092	0
25093	0
25094	0
25095	0
25096	0
25097	0
25098	0
25099	0
25100	0
25101	0
25102	1
25103	1
25104	2
25135	0
25136	0
25137	1
25138	1
25139	1
25140	3
25141	0
25142	0
25143	1
25144	0
25145	1
25146	0
25165	0
25166	0
25167	0
25168	0
25169	0
25170	0
25171	0
25172	0
25173	0
25174	0
25175	0
25176	0
25177	0
25178	0
25179	0
25180	0
25181	0
25182	0
25183	0
25184	0
25185	0
25186	0
25187	1
25188	0
25189	0
25190	0
25191	0
25192	0
25193	0
25194	0
25207	0
25208	0
25209	1
25210	0
25211	4
25212	0
25213	0
25214	0
25215	0
25216	1
25217	1
25218	0
25219	0
25220	0
25221	0
25222	0
25223	0
25224	0
25231	0
25232	0
25233	0
25234	0
25235	0
25236	1
25237	0
25238	0
25239	0
25240	0
25241	1
25242	0
25243	0
25244	0
25245	0
25246	0
25247	0
25248	0
25291	1
25292	0
25293	0
25294	0
25295	0
25296	0
25351	0
25352	0
25353	0
25354	2
25355	0
25356	0
25369	0
25370	0
25371	0
25372	0
25373	1
25374	0
25381	2
25382	0
25383	2
25384	0
25385	0
25386	0
25387	1
25388	0
25389	0
25390	0
25391	0
25392	0
25393	0
25394	0
25395	2
25396	1
25397	1
25398	0
25405	0
25406	0
25407	0
25408	0
25409	0
25410	0
25411	1
25412	1
25413	1
25414	0
25415	0
25416	0
25465	0
25466	0
25467	0
25468	1
25469	0
25470	0
25471	0
25472	1
25473	1
25474	0
25475	0
25476	0
25477	0
25478	0
25479	0
25480	0
25481	0
25482	0
25483	0
25484	0
25485	0
25486	4
25487	0
25488	0
25495	0
25496	1
25497	0
25498	0
25499	0
25500	0
25537	0
25538	0
25539	0
25540	0
25541	0
25542	0
25591	0
25592	0
25593	0
25594	0
25595	0
25596	0
25597	0
25598	0
25599	0
25600	0
25601	2
25602	0
25603	0
25604	0
25605	0
25606	0
25607	0
25608	0
25639	0
25640	0
25641	0
25642	0
25643	0
25644	0
25657	1
25658	0
25659	0
25660	1
25661	0
25662	0
25663	1
25664	0
25665	0
25666	0
25667	0
25668	0
25675	0
25676	0
25677	0
25678	0
25679	1
25680	0
25681	1
25682	0
25683	0
25684	1
25685	0
25686	1
25687	0
25688	0
25689	0
25690	0
25691	0
25692	0
25771	1
25772	0
25773	0
25774	0
25775	1
25776	1
25777	0
25778	0
25779	0
25780	0
25781	1
25782	0
25783	0
25784	0
25785	0
25786	1
25787	0
25788	0
25789	0
25790	0
25791	0
25792	0
25793	2
25794	0
25795	0
25796	0
25797	0
25798	0
25799	0
25800	0
25801	0
25802	0
25803	0
25804	0
25805	0
25806	0
25807	0
25808	0
25809	0
25810	1
25811	0
25812	0
25825	0
25826	0
25827	0
25828	1
25829	0
25830	1
25843	0
25844	2
25845	2
25846	0
25847	0
25848	0
25849	0
25850	0
25852	0
25853	0
25873	1
25874	0
25876	0
25877	0
25879	0
25880	0
25882	0
25883	0
26107	0
26108	0
26109	0
26110	0
26111	0
26112	0
26113	0
26114	0
26115	0
26116	0
26117	0
26118	0
26119	0
26120	0
26121	0
26122	2
26123	0
26124	0
26185	0
26186	0
26187	0
26188	0
26189	0
26190	0
26191	0
26192	0
26193	0
26194	0
26195	0
26196	0
26197	0
26198	0
26199	0
26200	0
26201	0
26202	0
26263	0
26264	1
26265	0
26266	0
26267	0
26268	0
26269	0
26270	0
26271	0
26272	0
26273	0
26274	0
26275	0
26276	1
26277	0
26278	0
26279	0
26280	0
26281	0
26282	0
26283	0
26284	0
26285	0
26286	0
26287	0
26288	0
26289	0
26290	0
26291	0
26292	0
26293	0
26294	0
26295	1
26296	1
26297	0
26298	0
26335	0
26336	1
26337	1
26338	0
26339	0
26340	0
26341	0
26342	0
26343	0
26344	0
26345	0
26346	0
26347	0
26348	0
26349	0
26350	4
26351	0
26352	0
26413	0
26414	0
26415	0
26416	1
26417	0
26418	0
26425	0
26426	0
26427	0
26428	1
26429	0
26430	0
26437	0
26438	0
26439	0
26440	0
26441	0
26442	0
26503	2
26504	0
26505	2
26506	0
26507	0
26508	0
26515	0
26516	0
26517	3
26518	0
26519	0
26520	0
26527	0
26528	0
26529	1
26530	0
26531	0
26532	0
26563	0
26564	0
26565	0
26566	0
26567	0
26568	0
26569	0
26570	0
26571	0
26572	0
26573	0
26574	0
26581	0
26582	1
26583	0
26584	0
26585	0
26586	0
26611	1
26612	0
26613	0
26614	0
26615	1
26616	1
26617	0
26618	0
26619	0
26620	0
26621	2
26622	0
26623	0
26624	0
26625	0
26626	0
26627	1
26628	0
26629	0
26630	0
26631	0
26632	0
26633	0
26634	0
26635	0
26636	0
26637	0
26638	1
26639	0
26640	0
26641	0
26642	0
26643	0
26644	0
26645	0
26646	0
26665	0
26666	0
26667	0
26668	0
26669	0
26670	0
26671	0
26672	0
26673	0
26674	0
26675	0
26676	0
26677	0
26678	0
26679	0
26680	0
26681	0
26682	0
26761	0
26762	2
26763	0
26764	2
26765	0
26766	1
26797	0
26798	0
26799	0
26800	0
26801	0
26802	1
26821	0
26822	0
26823	0
26824	0
26825	0
26826	0
26827	0
26828	0
26829	1
26830	0
26831	0
26832	0
26833	0
26834	0
26835	0
26836	0
26837	0
26838	0
26839	0
26840	0
26841	0
26842	0
26843	0
26844	0
26845	0
26846	0
26847	1
26848	0
26849	0
26850	0
26851	0
26852	0
26853	0
26854	1
26855	1
26856	2
26857	0
26858	0
26859	1
26860	0
26861	4
26862	0
26863	0
26864	0
26865	0
26866	1
26867	1
26868	0
26869	0
26870	0
26871	0
26872	0
26873	0
26874	0
26875	0
26876	0
26877	0
26878	0
26879	0
26880	0
26881	0
26882	0
26883	0
26884	0
26885	0
26886	0
26887	0
26888	0
26889	3
26890	0
26891	0
26892	0
26893	0
26894	3
26895	0
26896	0
26897	0
26898	0
26899	0
26900	4
26901	0
26902	0
26903	0
26904	0
26905	0
26906	2
26907	0
26908	0
26909	0
26910	0
26929	0
26930	0
26931	0
26932	0
26933	0
26934	0
26935	0
26936	1
26937	0
26938	0
26939	0
26940	0
26941	0
26942	0
26943	0
26944	0
26945	0
26946	0
27037	0
27038	0
27039	0
27040	0
27041	0
27042	1
27043	0
27044	0
27045	1
27046	1
27047	1
27048	3
27049	0
27050	0
27051	1
27052	0
27053	1
27054	0
27055	0
27056	0
27057	0
27058	0
27059	0
27060	0
27061	0
27062	0
27063	0
27064	0
27065	0
27066	0
27067	0
27068	0
27069	0
27070	1
27071	0
27072	1
27127	0
27128	0
27130	0
27131	0
27133	1
27134	0
27136	0
27137	0
27139	0
27140	0
27142	0
27143	0
27205	1
27206	0
27207	0
27208	0
27209	0
27210	0
27211	0
27212	0
27213	0
27214	0
27215	0
27216	0
27217	0
27218	2
27219	0
27220	0
27221	1
27222	0
27247	0
27248	0
27249	0
27250	0
27251	0
27252	0
27259	0
27260	0
27261	0
27262	0
27263	0
27264	0
27271	1
27272	0
27273	0
27274	0
27275	0
27276	0
27277	0
27278	0
27279	0
27280	0
27281	0
27282	0
27283	0
27284	0
27285	0
27286	0
27287	0
27288	0
27307	0
27308	1
27309	0
27310	0
27311	0
27312	0
27313	0
27314	0
27315	0
27316	0
27317	0
27318	0
27319	0
27320	0
27321	0
27322	0
27323	0
27324	0
27325	0
27326	0
27327	0
27328	0
27329	0
27330	0
27331	0
27332	0
27333	0
27334	0
27335	0
27336	0
27337	0
27338	0
27339	0
27340	0
27341	0
27342	0
27349	0
27350	0
27351	0
27352	0
27353	1
27354	0
27385	0
27386	0
27387	0
27388	0
27389	0
27390	1
27421	0
27422	0
27423	0
27424	0
27425	0
27426	1
27451	0
27452	0
27453	0
27454	0
27455	0
27456	0
27457	0
27458	0
27459	0
27460	0
27461	1
27462	0
27463	0
27464	0
27465	0
27466	0
27467	0
27468	0
27469	0
27470	0
27471	0
27472	0
27473	0
27474	0
27475	0
27476	0
27477	0
27478	0
27479	1
27480	0
27481	0
27482	0
27483	0
27484	0
27485	1
27486	0
27487	0
27488	0
27489	0
27490	0
27491	0
27492	0
27493	0
27494	1
27495	0
27496	0
27497	0
27498	0
27499	0
27500	1
27501	0
27502	0
27503	0
27504	0
27505	1
27506	0
27507	0
27508	0
27509	2
27510	0
27511	1
27512	0
27513	0
27514	0
27515	0
27516	0
27517	0
27518	0
27519	3
27520	0
27521	0
27522	0
27697	0
27698	1
27699	0
27700	0
27701	0
27702	0
27703	0
27704	0
27705	0
27706	0
27707	0
27708	0
27709	0
27710	0
27711	0
27712	0
27713	0
27714	0
27715	0
27716	0
27717	0
27718	0
27719	0
27720	0
27727	0
27728	0
27729	0
27730	0
27731	0
27732	1
27739	0
27740	0
27741	0
27742	0
27743	0
27744	0
27751	1
27752	0
27753	0
27754	0
27755	1
27756	0
27757	0
27758	0
27759	0
27760	1
27761	0
27762	0
27763	0
27764	0
27765	1
27766	0
27767	0
27768	0
27769	0
27770	0
27771	0
27772	0
27773	0
27774	0
27775	0
27776	0
27777	0
27778	0
27779	0
27780	0
27781	0
27782	0
27783	0
27784	0
27785	1
27786	0
27787	0
27788	1
27789	0
27790	0
27791	0
27792	0
27793	1
27794	0
27795	0
27796	2
27797	0
27798	0
27799	0
27800	0
27801	0
27802	1
27803	0
27804	0
27817	1
27818	0
27819	0
27820	0
27821	0
27822	0
27823	1
27824	0
27825	0
27826	0
27827	0
27828	0
27829	0
27830	0
27831	0
27832	0
27833	0
27834	0
27835	2
27836	1
27837	0
27838	0
27839	0
27840	0
27841	6
27842	0
27843	2
27844	1
27845	0
27846	0
27847	1
27848	0
27849	0
27850	0
27851	0
27852	0
27871	1
27872	1
27873	2
27874	0
27875	0
27876	0
27877	0
27878	1
27879	0
27880	0
27881	0
27882	0
27883	0
27884	0
27885	0
27886	0
27887	1
27888	0
27889	0
27890	1
27891	0
27892	0
27893	0
27894	0
27895	0
27896	1
27897	0
27898	3
27899	0
27900	0
27901	1
27902	0
27903	0
27904	0
27905	1
27906	0
28117	1
28118	0
28119	0
28120	0
28121	2
28122	0
28129	0
28130	0
28131	0
28132	0
28133	0
28134	1
28141	0
28142	0
28143	1
28144	0
28145	2
28146	1
28189	1
28190	0
28191	0
28192	0
28193	0
28194	0
28195	0
28196	0
28197	0
28198	0
28199	1
28200	0
28201	1
28202	0
28203	0
28204	1
28205	0
28206	1
28225	0
28226	0
28227	0
28228	0
28229	0
28230	0
28231	0
28232	0
28233	1
28234	0
28235	0
28236	0
28237	0
28238	1
28239	0
28240	0
28241	0
28242	2
28249	0
28250	0
28251	0
28252	0
28253	0
28254	0
28255	0
28256	0
28257	0
28258	0
28259	0
28260	0
28267	0
28268	0
28269	0
28270	0
28271	0
28272	0
28279	0
28280	0
28281	0
28282	0
28283	0
28284	0
28285	0
28286	0
28287	0
28288	0
28289	0
28290	0
28291	0
28292	0
28293	0
28294	0
28295	2
28296	0
28393	0
28394	0
28395	0
28396	1
28397	0
28398	0
28399	0
28400	0
28401	0
28402	0
28403	0
28404	0
28405	0
28406	1
28407	0
28408	1
28409	0
28410	2
28411	0
28412	0
28413	2
28414	1
28415	0
28416	0
28417	0
28418	0
28419	0
28420	0
28421	0
28422	0
28423	0
28424	0
28425	0
28426	0
28427	0
28428	0
28441	0
28442	0
28443	0
28444	0
28445	0
28446	0
28447	0
28448	0
28449	0
28450	0
28451	0
28452	0
28453	0
28454	0
28455	0
28456	0
28457	0
28458	0
28459	0
28460	0
28461	0
28462	0
28463	0
28464	0
28465	0
28466	0
28467	0
28468	0
28469	0
28470	0
28471	0
28472	0
28473	0
28474	0
28475	0
28476	0
28489	0
28490	0
28491	0
28492	0
28493	2
28494	0
28495	0
28496	0
28497	0
28498	0
28499	0
28500	0
28501	0
28502	0
28503	0
28504	0
28505	0
28506	0
28507	0
28508	0
28509	0
28510	0
28511	0
28512	1
28513	0
28514	0
28515	0
28516	0
28517	0
28518	0
28519	0
28520	0
28521	0
28522	0
28523	0
28524	0
28549	0
28550	0
28551	0
28552	0
28553	0
28554	1
28555	0
28556	0
28557	0
28558	0
28559	0
28560	0
28561	0
28562	0
28563	0
28564	1
28565	0
28566	0
28573	0
28574	0
28575	0
28576	0
28577	0
28578	0
28591	0
28592	0
28593	2
28594	0
28595	0
28596	0
28597	0
28598	0
28599	0
28600	0
28601	0
28602	0
28615	2
28616	0
28617	0
28618	0
28619	0
28620	0
28657	1
28658	1
28659	2
28660	1
28661	0
28662	0
28663	0
28664	0
28665	2
28666	0
28667	0
28668	2
28669	1
28670	0
28671	0
28672	0
28673	0
28674	0
28693	0
28694	0
28695	0
28696	0
28697	0
28698	0
28699	0
28700	0
28701	0
28702	0
28703	0
28704	0
28705	0
28706	0
28707	0
28708	0
28709	0
28710	0
28711	0
28712	0
28713	0
28714	0
28715	0
28716	0
28717	0
28718	0
28719	0
28720	0
28721	0
28722	0
28723	0
28724	0
28725	0
28726	0
28727	0
28728	0
28765	0
28766	0
28767	0
28768	0
28769	0
28770	1
28771	0
28772	0
28773	0
28774	0
28775	0
28776	0
28777	0
28778	0
28779	0
28780	1
28781	0
28782	0
28783	0
28784	0
28785	0
28786	0
28787	0
28788	0
28789	0
28790	0
28791	0
28792	0
28793	0
28794	0
28795	0
28796	0
28797	0
28798	0
28799	0
28800	0
28801	0
28802	0
28803	0
28804	0
28805	0
28806	1
28807	0
28808	0
28809	0
28810	0
28811	2
28812	0
28813	0
28814	0
28815	0
28816	0
28817	0
28818	0
28819	0
28820	0
28821	2
28822	0
28823	0
28824	0
28825	0
28826	0
28827	0
28828	0
28829	0
28830	0
28831	2
28832	0
28833	0
28834	0
28835	0
28836	0
28855	1
28856	0
28857	0
28858	1
28859	0
28860	0
28861	0
28862	0
28863	0
28864	1
28865	0
28866	0
28867	0
28868	0
28869	0
28870	0
28871	0
28872	1
28873	0
28874	1
28875	0
28876	1
28877	0
28878	2
28879	0
28880	0
28881	0
28882	0
28883	0
28884	0
28885	0
28886	0
28887	2
28888	1
28889	0
28890	0
28891	0
28892	0
28893	0
28894	0
28895	0
28896	0
28897	0
28898	0
28899	0
28900	0
28901	0
28902	0
28903	0
28904	0
28905	0
28906	1
28907	0
28908	0
28933	1
28934	0
28935	0
28936	0
28937	0
28938	0
28951	0
28952	0
28953	0
28954	1
28955	0
28956	0
28957	0
28958	0
28959	0
28960	0
28961	0
28962	0
29053	2
29054	1
29055	0
29056	0
29057	0
29058	0
29065	1
29066	0
29067	2
29068	0
29069	1
29070	0
29071	0
29072	1
29073	1
29074	0
29075	2
29076	0
29089	0
29090	0
29091	0
29092	1
29093	0
29094	0
29095	0
29096	0
29097	1
29098	0
29099	0
29100	0
29101	0
29102	1
29103	0
29104	0
29105	0
29106	0
29107	1
29108	0
29109	0
29110	0
29111	1
29112	1
29161	1
29162	1
29163	0
29164	0
29165	0
29166	0
29167	0
29168	0
29169	0
29170	2
29171	0
29172	0
29173	0
29174	0
29175	0
29176	0
29177	0
29178	0
29227	1
29228	1
29229	0
29230	1
29231	1
29232	0
29233	0
29234	0
29235	0
29236	0
29237	1
29238	0
29239	0
29240	0
29241	0
29242	1
29243	1
29244	0
29245	0
29246	0
29247	0
29248	1
29249	0
29250	0
29251	0
29252	0
29253	0
29254	0
29255	0
29256	0
29257	0
29258	0
29259	0
29260	0
29261	0
29262	0
29263	1
29264	1
29265	0
29266	0
29267	0
29268	0
29269	0
29270	0
29271	0
29272	2
29273	0
29274	0
29275	0
29276	0
29277	0
29278	0
29279	0
29280	0
29293	0
29294	0
29295	0
29296	0
29297	0
29298	0
29299	1
29300	0
29301	0
29302	1
29303	0
29304	0
29389	0
29390	0
29391	1
29392	1
29393	1
29394	0
29395	0
29396	2
29397	2
29398	1
29399	0
29400	1
29401	0
29402	0
29403	1
29404	1
29405	1
29406	0
29407	0
29408	2
29409	2
29410	1
29411	0
29412	1
29413	0
29414	1
29415	0
29416	0
29417	1
29418	0
29419	0
29420	1
29421	0
29422	0
29423	1
29424	0
29443	0
29444	0
29445	1
29446	0
29447	0
29448	0
29449	1
29450	0
29451	0
29452	0
29453	0
29454	0
29461	0
29462	2
29463	0
29464	0
29465	0
29466	0
29467	0
29468	0
29469	1
29470	0
29471	0
29472	0
29473	1
29474	0
29475	0
29476	0
29477	0
29478	0
29479	0
29480	2
29481	0
29482	0
29483	0
29484	0
29515	0
29516	0
29517	0
29518	2
29519	0
29520	2
29521	0
29522	0
29523	1
29524	0
29525	0
29526	0
29563	0
29564	2
29565	1
29566	0
29567	0
29568	2
29569	0
29570	0
29571	0
29572	0
29573	0
29574	3
29575	0
29576	0
29577	0
29578	0
29579	0
29580	0
29581	0
29582	0
29583	0
29584	0
29585	0
29586	0
29587	0
29588	0
29589	0
29590	0
29591	0
29592	0
29593	0
29594	0
29595	0
29596	1
29597	0
29598	0
29617	4
29618	0
29619	2
29620	2
29621	0
29622	1
29623	1
29624	0
29625	1
29626	0
29627	0
29628	0
29629	1
29630	1
29631	0
29632	7
29633	0
29634	0
29641	0
29642	0
29643	0
29644	2
29645	0
29646	0
29653	1
29654	0
29655	1
29656	0
29657	0
29658	0
29659	0
29660	0
29661	0
29662	0
29663	0
29664	1
29665	0
29666	1
29667	0
29668	0
29669	0
29670	0
29671	0
29672	0
29673	0
29674	0
29675	0
29676	0
29779	0
29780	0
29781	0
29782	1
29783	0
29784	0
29845	0
29846	0
29847	1
29848	0
29849	0
29850	0
29851	1
29852	0
29853	0
29854	0
29855	1
29856	1
29857	0
29858	0
29859	0
29860	0
29861	0
29862	0
29911	2
29912	1
29913	0
29914	0
29915	0
29916	0
29917	0
29918	0
29919	1
29920	0
29921	1
29922	0
29923	0
29924	0
29925	0
29926	1
29927	0
29928	1
29929	0
29930	0
29931	0
29932	0
29933	1
29934	0
29959	1
29960	0
29961	0
29962	0
29963	0
29964	0
29995	0
29996	0
29997	0
29998	1
29999	0
30000	1
30007	0
30008	1
30009	0
30010	2
30011	0
30012	0
30013	0
30014	0
30015	0
30016	0
30017	0
30018	0
30019	0
30020	0
30021	0
30022	0
30023	0
30024	2
30043	0
30044	0
30045	0
30046	0
30047	2
30048	0
30067	0
30068	0
30069	0
30070	0
30071	0
30072	0
30079	1
30080	1
30081	1
30082	1
30083	0
30084	0
30139	0
30140	0
30141	0
30142	0
30143	0
30144	0
30145	0
30146	0
30147	0
30148	1
30149	0
30150	0
30151	0
30152	0
30153	0
30154	0
30155	0
30156	0
30157	0
30158	0
30159	0
30160	1
30161	0
30162	0
30163	0
30164	1
30165	0
30166	0
30167	0
30168	0
30181	0
30182	0
30183	0
30184	0
30185	0
30186	0
30205	1
30207	0
30209	1
30211	1
30212	0
30213	0
30214	1
30215	0
30216	0
30241	0
30243	1
30259	0
30260	0
30261	0
30262	0
30263	0
30264	0
30277	0
30278	0
30279	0
30280	0
30281	0
30282	0
30283	0
30284	0
30285	0
30286	0
30287	0
30288	0
30289	0
30290	1
30291	0
30292	0
30293	1
30294	0
30307	0
30308	0
30309	0
30310	0
30311	0
30312	0
30313	0
30314	2
30315	2
30316	1
30318	0
30319	0
30321	0
30322	0
30323	1
30324	1
30331	0
30332	0
30333	0
30334	0
30335	0
30336	1
30367	0
30368	0
30369	0
30370	0
30371	0
30372	0
30409	0
30410	0
30411	0
30412	0
30413	0
30414	1
30439	1
30440	0
30441	0
30442	0
30443	0
30444	0
30445	0
30446	0
30447	0
30448	0
30449	0
30450	0
30451	0
30452	0
30453	0
30454	0
30455	0
30456	0
30471	2
30472	0
30473	0
30474	0
30477	1
30478	0
30479	0
30480	0
30505	0
30506	0
30507	0
30508	0
30509	0
30510	0
30511	0
30512	0
30513	0
30514	0
30515	0
30516	0
30553	0
30554	0
30555	0
30556	0
30557	0
30558	0
30565	0
30566	0
30567	0
30568	0
30569	0
30570	0
30572	0
30607	0
30608	0
30609	0
30610	2
30611	0
30612	0
30613	1
30614	2
30615	0
30616	6
30617	1
30618	1
30619	0
30620	0
30622	0
30624	0
30673	0
30674	0
30675	1
30676	0
30677	0
30678	0
30685	0
30686	0
30687	0
30688	0
30689	0
30690	0
30697	0
30698	0
30699	0
30700	0
30701	0
30702	0
30721	0
30722	0
30723	0
30724	0
30725	0
30726	0
30727	0
30728	0
30729	0
30730	0
30731	0
30732	0
30745	1
30746	0
30747	1
30748	1
30749	0
30750	1
30757	0
30758	0
30759	0
30760	0
30761	0
30762	0
30763	0
30764	0
30765	0
30766	0
30767	0
30768	0
30871	0
30872	0
30873	0
30874	0
30875	1
30876	0
30877	0
30878	0
30879	0
30880	0
30881	1
30882	0
30883	0
30884	0
30885	0
30886	0
30887	0
30888	0
30895	0
30896	0
30897	0
30898	0
30899	0
30900	0
30901	0
30902	0
30903	0
30904	0
30905	1
30906	0
30931	0
30932	0
30933	0
30934	0
30935	0
30936	0
30943	0
30944	0
30945	1
30946	0
30947	0
30948	0
30955	0
30956	0
30957	0
30958	0
30959	0
30960	0
30961	0
30962	0
30963	0
30964	0
30965	0
30966	0
30985	0
30986	0
30987	0
30988	0
30989	2
30990	1
30991	0
30992	1
30993	0
30994	0
30995	0
30996	1
30997	0
30998	0
30999	0
31000	1
31001	0
31002	0
31033	0
31034	0
31035	0
31036	1
31037	0
31038	0
31039	0
31040	0
31041	0
31042	0
31043	0
31044	0
31045	0
31046	0
31047	0
31048	0
31049	0
31050	0
31135	1
31136	0
31137	0
31138	1
31139	0
31140	0
31165	1
31166	0
31167	0
31168	2
31169	0
31170	0
31183	1
31184	0
31185	0
31186	1
31187	0
31189	0
31191	0
31192	1
31193	0
31195	0
31196	0
31197	0
31198	0
31199	0
31249	0
31251	1
31253	0
31254	0
31255	0
31256	0
31257	0
31258	0
31259	0
31260	1
31261	1
31262	0
31263	0
31264	0
31265	0
31266	0
31267	0
31268	0
31269	0
31270	0
31271	2
31272	2
31303	1
31304	1
31305	0
31306	0
31307	0
31308	0
31339	0
31340	0
31341	0
31342	0
31343	0
31344	0
31345	0
31346	0
31347	0
31348	0
31349	1
31350	0
31351	0
31352	0
31353	0
31354	0
31355	0
31356	0
31357	0
31358	0
31359	0
31360	0
31361	1
31362	0
31363	0
31364	1
31365	0
31366	0
31367	0
31368	0
31369	0
31370	0
31371	1
31372	0
31373	0
31374	0
31417	0
31418	0
31419	0
31420	1
31421	0
31422	0
31423	0
31424	0
31425	0
31426	0
31427	0
31428	0
31447	0
31448	0
31449	0
31450	0
31451	0
31452	1
31453	0
31454	0
31455	0
31456	0
31457	0
31458	1
31459	0
31460	0
31461	0
31462	0
31463	0
31464	0
31465	0
31466	0
31467	0
31468	0
31469	0
31470	0
31471	0
31472	0
31473	0
31474	0
31475	4
31476	0
31483	0
31484	0
31485	0
31486	0
31487	4
31488	0
31501	0
31502	0
31503	0
31504	0
31505	0
31506	1
31507	0
31508	0
31509	1
31510	0
31511	0
31512	0
31519	0
31520	0
31521	0
31522	0
31523	0
31524	0
31525	0
31526	1
31527	0
31528	0
31529	0
31530	0
31537	0
31538	0
31539	0
31540	1
31541	0
31542	0
31543	0
31544	0
31545	0
31546	1
31547	0
31548	1
31549	0
31550	0
31551	0
31552	0
31553	0
31554	0
31573	0
31574	0
31575	0
31576	0
31577	0
31578	0
31579	0
31580	0
31581	0
31582	0
31583	0
31584	0
31585	0
31586	0
31587	0
31588	0
31589	0
31590	0
31597	0
31598	0
31599	0
31600	0
31601	0
31602	0
31603	0
31604	0
31605	0
31606	0
31607	0
31608	0
31651	0
31652	0
31653	1
31654	0
31655	0
31656	0
31663	0
31664	0
31665	1
31666	0
31667	1
31668	0
31675	1
31677	0
31679	0
31687	0
31688	0
31689	0
31690	0
31691	0
31692	0
31699	0
31700	0
31701	2
31702	0
31703	0
31704	2
31705	1
31706	0
31707	0
31708	1
31709	1
31710	0
31711	0
31712	1
31713	0
31714	0
31715	1
31716	1
31717	0
31718	0
31719	0
31720	0
31721	0
31722	0
31723	0
31724	0
31725	0
31726	0
31727	0
31728	0
31729	0
31730	0
31731	0
31732	0
31733	0
31734	0
31735	0
31736	0
31737	0
31738	0
31739	0
31740	0
31771	0
31772	0
31773	0
31774	0
31775	0
31776	0
31777	0
31778	0
31779	0
31780	0
31781	0
31782	0
31807	0
31808	0
31809	0
31810	1
31811	0
31812	0
31813	0
31814	0
31815	0
31816	2
31817	0
31818	0
31819	0
31820	0
31821	0
31822	0
31823	0
31824	1
31861	0
31862	0
31863	0
31864	0
31865	0
31866	0
31879	0
31880	0
31881	0
31882	0
31883	0
31884	0
31909	1
31910	0
31911	0
31912	0
31913	0
31914	0
31951	0
31952	0
31953	0
31954	0
31955	0
31956	0
31957	0
31958	0
31959	0
31960	1
31961	0
31962	0
31969	0
31970	0
31971	2
31972	0
31973	1
31974	0
32005	0
32006	0
32007	0
32008	0
32009	0
32010	0
32017	0
32018	0
32019	0
32020	0
32021	0
32022	0
32029	0
32030	0
32031	0
32033	1
32034	0
32035	0
32036	0
32037	0
32039	0
32040	0
32041	0
32042	0
32043	0
32044	1
32045	0
32046	0
32089	0
32090	0
32091	0
32092	0
32093	0
32094	0
32095	0
32096	0
32097	1
32098	0
32099	0
32100	0
32101	0
32102	3
32103	0
32104	1
32105	0
32106	0
32107	0
32108	0
32109	0
32110	0
32111	0
32112	0
32113	0
32114	0
32115	0
32116	0
32117	0
32118	0
32119	0
32120	0
32121	0
32122	1
32123	0
32124	0
32125	0
32126	0
32127	0
32128	0
32129	0
32130	0
32137	0
32138	1
32139	0
32140	0
32141	0
32142	0
32203	0
32204	0
32205	0
32206	0
32207	0
32208	0
32209	0
32210	0
32211	0
32212	0
32213	1
32214	0
32215	0
32216	0
32217	2
32218	0
32219	1
32220	0
32221	0
32222	0
32223	0
32224	0
32225	0
32226	0
32227	1
32228	0
32229	0
32230	0
32231	0
32232	0
32233	0
32234	0
32235	1
32236	0
32237	0
32238	0
32245	0
32246	0
32247	1
32248	0
32249	1
32250	0
32251	0
32252	0
32253	1
32254	2
32255	1
32256	0
32257	0
32258	0
32259	0
32260	0
32261	0
32262	0
32329	0
32330	0
32331	0
32332	0
32333	0
32334	0
32335	0
32336	2
32337	0
32338	0
32339	0
32340	0
32413	0
32414	1
32415	1
32416	0
32417	0
32418	2
32431	0
32432	0
32433	5
32434	1
32435	0
32436	0
32443	0
32444	0
32445	0
32446	0
32447	0
32448	0
32503	0
32504	1
32505	1
32506	0
32507	0
32508	0
32515	0
32516	0
32517	0
32518	0
32519	0
32520	0
32575	2
32576	1
32577	0
32578	0
32579	0
32580	0
32582	0
32587	0
32588	1
32589	0
32590	0
32591	0
32592	0
32629	0
32630	1
32631	0
32632	0
32633	0
32634	0
32635	0
32636	0
32637	1
32638	0
32639	0
32640	0
32641	0
32642	0
32643	1
32644	0
32645	1
32646	0
32647	0
32648	0
32649	0
32650	0
32651	0
32652	0
32653	0
32654	0
32655	0
32656	0
32657	0
32658	0
32659	0
32660	0
32661	0
32662	0
32663	0
32664	0
32665	0
32666	0
32667	0
32668	1
32669	0
32670	0
32671	0
32672	0
32673	0
32674	0
32675	0
32676	0
32677	0
32678	0
32679	0
32680	0
32681	0
32682	0
32701	0
32702	0
32703	0
32704	0
32705	0
32706	0
32707	0
32708	0
32709	0
32710	0
32711	0
32712	0
32713	0
32714	0
32715	0
32716	0
32717	0
32718	0
32719	0
32720	0
32721	1
32722	0
32723	2
32724	0
32725	1
32726	0
32727	2
32728	0
32729	1
32730	0
32731	0
32732	1
32733	1
32734	0
32735	2
32736	0
32791	0
32792	0
32793	0
32794	1
32795	0
32796	0
32797	0
32798	0
32799	0
32800	2
32801	0
32802	0
32803	0
32804	0
32805	0
32806	0
32807	0
32808	1
32881	0
32882	0
32883	0
32884	0
32885	0
32886	0
32887	0
32888	0
32889	0
32890	1
32891	0
32892	0
33055	0
33056	0
33057	0
33058	0
33059	1
33060	0
33061	2
33062	0
33063	0
33064	0
33065	0
33066	0
33067	0
33068	0
33069	0
33070	0
33071	1
33072	0
33073	0
33074	2
33075	0
33076	0
33077	1
33078	2
33085	0
33086	2
33087	0
33088	0
33089	0
33090	1
33097	0
33098	0
33099	0
33100	0
33101	0
33102	0
33133	1
33134	0
33135	0
33136	0
33137	1
33138	1
33235	0
33236	1
33237	2
33238	0
33239	0
33240	0
33241	0
33242	0
33243	0
33244	0
33245	0
33246	0
33247	0
33248	0
33249	0
33250	0
33251	0
33252	0
33331	0
33332	0
33333	0
33334	0
33335	0
33336	0
33337	1
33338	1
33339	0
33340	0
33341	0
33342	0
33343	0
33344	1
33345	0
33346	0
33347	0
33348	0
33415	0
33416	2
33417	0
33418	0
33420	1
33427	0
33428	0
33429	2
33430	1
33431	0
33432	0
33469	1
33470	0
33471	0
33472	0
33473	1
33474	1
33475	0
33476	0
33477	0
33478	0
33479	0
33480	0
33481	1
33482	0
33483	0
33484	0
33485	0
33486	0
33487	0
33488	0
33489	0
33490	0
33491	0
33492	0
33493	1
33494	0
33495	0
33496	0
33497	0
33498	0
33499	0
33500	0
33501	0
33502	0
33503	0
33504	0
33505	1
33506	0
33507	0
33508	0
33509	0
33510	0
33631	0
33632	0
33633	0
33634	0
33635	0
33636	0
33637	1
33638	0
33639	0
33640	0
33641	0
33642	0
33643	1
33644	0
33645	0
33646	0
33647	0
33648	0
33715	0
33716	0
33717	0
33718	0
33719	0
33720	0
33739	0
33740	2
33741	0
33742	0
33743	0
33744	0
33745	0
33746	0
33747	0
33748	0
33749	0
33750	0
33769	0
33770	0
33771	0
33772	1
33773	0
33774	0
33847	0
33848	0
33849	0
33850	0
33851	2
33852	0
33853	0
33854	0
33855	0
33856	0
33857	2
33858	0
33859	0
33860	0
33861	0
33862	0
33863	0
33864	0
34057	0
34058	0
34059	0
34060	0
34061	0
34062	0
34063	0
34064	0
34065	0
34066	0
34067	0
34068	0
34069	1
34070	0
34071	0
34072	0
34073	0
34074	0
34075	0
34076	0
34077	0
34078	0
34079	0
34080	0
34093	0
34094	0
34095	0
34096	0
34097	0
34098	0
34111	0
34112	0
34113	0
34114	0
34115	1
34116	0
34171	0
34172	0
34173	1
34174	0
34175	0
34176	0
34225	0
34226	0
34227	0
34228	0
34229	2
34230	0
34237	0
34238	0
34239	0
34240	4
34241	0
34242	0
34249	0
34250	0
34251	0
34252	0
34253	0
34254	0
34255	0
34256	0
34257	0
34258	0
34259	0
34260	0
34273	0
34274	2
34275	0
34276	0
34277	1
34278	0
34291	0
34292	0
34293	0
34294	0
34295	0
34296	0
34327	0
34328	0
34329	0
34330	0
34331	1
34332	0
34393	0
34394	0
34395	0
34396	0
34397	0
34398	0
34423	2
34424	0
34425	1
34426	1
34427	1
34428	2
34489	0
34490	0
34491	0
34492	0
34493	0
34494	0
34495	0
34496	1
34497	2
34498	1
34499	0
34500	0
34501	0
34502	0
34503	1
34504	0
34505	0
34506	0
34507	0
34508	1
34509	0
34510	0
34511	0
34512	0
34513	0
34514	0
34515	0
34516	0
34517	0
34518	0
34519	0
34520	0
34521	1
34522	0
34523	0
34524	0
34579	0
34580	0
34581	0
34582	0
34583	0
34584	0
34585	0
34586	0
34587	0
34588	0
34589	0
34590	0
34603	0
34604	0
34605	0
34606	0
34607	0
34608	1
34693	0
34694	0
34695	0
34696	0
34697	0
34698	0
34723	0
34724	0
34725	0
34726	1
34727	0
34728	0
34759	1
34760	4
34761	0
34762	0
34763	0
34764	0
34771	0
34772	0
34773	0
34774	1
34775	0
34776	0
34897	0
34898	0
34899	0
34900	0
34901	0
34902	0
34921	0
34922	0
34923	0
34924	0
34925	0
34926	0
34927	0
34928	0
34929	0
34930	0
34931	0
34932	0
34951	0
34952	0
34953	0
34954	0
34955	0
34956	0
35011	0
35012	0
35013	0
35014	0
35015	0
35016	0
35041	0
35042	0
35043	0
35044	0
35045	0
35046	0
35047	1
35048	0
35049	0
35050	0
35051	0
35052	0
35071	0
35072	0
35073	0
35074	0
35075	0
35076	0
35095	0
35096	0
35097	0
35098	0
35099	0
35100	0
35101	0
35102	0
35103	0
35104	0
35105	0
35106	0
35107	0
35108	2
35109	0
35110	0
35111	0
35112	0
35113	0
35114	0
35115	0
35116	0
35117	0
35118	0
35125	0
35126	0
35127	0
35128	0
35129	0
35130	0
35143	0
35144	0
35145	0
35146	1
35147	0
35148	1
35191	0
35192	0
35193	0
35194	0
35195	0
35196	0
35197	1
35198	0
35199	0
35200	0
35201	0
35202	0
35299	0
35300	0
35301	0
35302	0
35303	0
35304	0
35305	0
35306	0
35307	0
35308	0
35309	0
35310	0
35311	0
35312	0
35313	0
35314	0
35315	0
35316	0
35317	1
35318	0
35319	0
35320	0
35321	0
35322	0
35323	0
35324	0
35325	0
35326	0
35327	0
35328	0
35365	0
35366	0
35367	0
35368	0
35369	0
35370	0
35413	0
35414	0
35415	0
35416	0
35417	1
35418	0
35419	1
35420	0
35421	0
35422	0
35423	0
35424	0
35485	1
35486	2
35487	2
35488	1
35489	1
35490	0
35491	0
35492	0
35493	0
35494	0
35495	0
35496	0
35497	0
35498	0
35499	0
35500	1
35501	0
35502	0
35503	0
35504	0
35505	0
35506	0
35507	0
35508	0
35509	0
35510	0
35511	0
35512	0
35513	0
35514	0
35515	0
35516	0
35517	1
35518	0
35519	0
35520	0
35623	0
35624	0
35625	0
35626	0
35627	0
35628	1
35629	0
35630	0
35631	0
35632	0
35633	1
35634	0
35641	1
35642	0
35643	0
35644	0
35645	0
35646	0
35677	2
35678	0
35679	0
35680	0
35681	0
35682	0
35683	0
35684	0
35685	0
35686	0
35687	0
35688	0
35815	1
35816	0
35817	0
35818	0
35819	0
35820	0
35821	0
35822	1
35823	0
35824	0
35825	0
35826	0
35827	0
35828	0
35829	0
35830	0
35831	1
35832	0
35851	0
35852	0
35853	0
35854	0
35855	0
35856	0
35857	0
35858	0
35859	0
35860	1
35861	0
35862	0
35863	0
35864	0
35865	2
35866	0
35867	0
35868	0
35869	0
35870	0
35871	0
35872	0
35873	0
35874	0
35965	0
35966	0
35967	0
35968	0
35969	0
35970	0
35989	0
35990	1
35991	0
35992	2
35993	0
35994	0
35995	0
35996	1
35997	1
35998	1
35999	0
36000	0
36007	1
36008	0
36009	0
36010	0
36011	0
36012	0
36043	0
36044	0
36045	0
36046	2
36047	0
36048	0
36121	0
36122	0
36123	0
36124	0
36125	2
36126	4
36127	0
36128	0
36129	0
36130	0
36131	0
36132	0
36133	0
36134	0
36135	0
36136	2
36137	0
36138	0
36187	0
36188	0
36189	0
36190	0
36191	0
36192	0
36205	0
36206	1
36207	0
36208	0
36209	0
36210	0
36223	0
36224	0
36225	1
36226	0
36227	0
36228	0
36229	0
36230	0
36231	0
36232	0
36233	0
36234	0
36235	0
36236	0
36237	0
36238	0
36239	0
36240	0
36367	0
36368	0
36369	0
36370	0
36371	0
36372	0
36391	0
36392	0
36393	0
36394	0
36395	1
36396	0
36397	0
36398	0
36399	0
36400	0
36401	0
36402	0
36403	0
36404	0
36405	0
36406	1
36407	0
36408	3
36409	1
36410	0
36411	0
36412	0
36413	0
36414	0
36415	0
36416	0
36417	0
36418	0
36419	0
36420	0
36421	0
36422	0
36423	1
36424	0
36425	0
36426	0
36427	0
36428	0
36429	1
36430	0
36431	0
36432	0
36607	1
36608	2
36609	0
36610	0
36611	1
36612	0
36692	0
36694	0
36695	0
36696	0
36697	0
36698	0
36699	1
36700	0
36701	0
36702	0
36703	2
36704	0
36705	1
36706	0
36707	0
36708	0
36829	0
36830	0
36831	0
36832	1
36833	0
36834	0
36835	0
36836	0
36837	0
36838	0
36839	0
36840	0
36841	0
36842	0
36843	0
36844	0
36845	0
36846	0
36895	0
36896	0
36897	1
36898	0
36899	0
36900	0
36901	0
36902	1
36903	0
36904	0
36905	0
36906	0
36907	0
36908	0
36909	1
36910	0
36911	1
36912	0
36913	0
36914	1
36915	1
36916	0
36917	1
36918	2
36919	0
36920	2
36921	1
36922	0
36923	2
36924	2
36925	0
36926	2
36927	0
36928	0
36929	0
36930	0
36931	0
36932	0
36933	0
36934	0
36935	0
36936	0
36937	0
36938	0
36939	0
36940	0
36941	1
36942	0
36985	0
36986	1
36987	0
36988	0
36989	0
36990	0
36997	0
36998	0
36999	1
37000	0
37001	0
37002	0
37003	0
37004	0
37005	0
37006	0
37007	0
37008	0
37075	0
37076	0
37077	0
37078	0
37079	0
37080	0
37081	0
37082	0
37083	0
37084	0
37085	0
37086	0
37087	0
37088	0
37089	0
37090	0
37091	1
37092	0
37093	2
37094	0
37095	0
37096	1
37097	0
37098	0
37099	0
37100	0
37101	0
37102	0
37103	0
37104	0
37165	0
37166	0
37167	0
37168	0
37169	0
37170	0
37171	0
37172	1
37173	0
37174	0
37175	0
37176	0
37177	0
37178	0
37179	0
37180	0
37181	1
37182	0
37207	0
37208	0
37209	0
37210	0
37211	0
37212	0
37213	0
37214	0
37215	1
37216	0
37217	0
37218	0
37273	0
37274	0
37275	0
37276	0
37277	1
37278	0
37507	1
37508	0
37509	0
37510	0
37511	0
37512	1
37513	1
37514	0
37515	0
37516	0
37517	0
37518	1
37519	0
37520	0
37521	0
37522	2
37523	0
37524	0
37525	0
37526	0
37527	0
37528	0
37529	0
37530	0
37531	0
37532	0
37533	0
37534	0
37535	0
37536	0
37537	0
37538	0
37539	0
37540	0
37541	1
37542	1
37543	0
37544	0
37545	0
37546	0
37547	0
37548	1
37549	0
37550	0
37551	0
37552	0
37553	0
37554	1
37555	0
37556	0
37557	0
37558	0
37559	0
37560	0
37561	0
37562	0
37563	0
37564	0
37565	0
37566	0
37573	0
37574	0
37575	1
37576	0
37577	0
37578	1
37579	0
37580	0
37581	0
37582	0
37583	0
37584	0
37693	1
37694	0
37695	0
37696	0
37697	0
37698	0
37711	2
37712	0
37713	0
37714	0
37715	0
37716	0
37723	0
37724	0
37725	0
37726	0
37727	1
37728	0
37741	0
37742	0
37743	0
37744	0
37745	0
37746	0
37753	0
37754	0
37755	1
37756	0
37757	1
37758	1
37777	1
37778	0
37779	0
37780	0
37781	0
37782	0
37789	0
37790	0
37791	0
37792	0
37793	0
37794	0
37801	0
37802	0
37803	0
37804	0
37805	0
37806	0
37813	1
37814	0
37815	1
37816	0
37817	0
37818	0
37819	0
37820	0
37821	0
37822	0
37823	1
37824	0
37843	0
37844	0
37845	1
37846	0
37847	1
37848	0
37861	0
37862	0
37863	0
37864	0
37865	0
37866	0
37873	0
37874	2
37875	0
37876	0
37877	0
37878	0
37879	0
37880	0
37881	2
37882	2
37883	0
37884	0
37885	0
37886	0
37887	1
37888	0
37889	0
37890	0
37891	0
37892	1
37893	0
37894	0
37895	0
37896	0
37933	0
37934	0
37935	0
37936	0
37937	0
37938	1
37945	0
37946	0
37947	0
37948	0
37949	1
37950	0
37951	0
37952	0
37953	0
37954	0
37955	0
37956	0
37969	1
37970	0
37971	0
37972	1
37973	0
37974	1
37975	0
37976	0
37977	0
37978	0
37979	0
37980	0
37981	0
37982	0
37983	0
37984	1
37985	1
37986	0
37987	0
37988	1
37989	0
37990	0
37991	0
37992	0
38005	0
38006	0
38007	0
38008	0
38009	2
38010	0
38011	0
38012	2
38013	0
38014	0
38015	0
38016	0
38017	0
38018	0
38019	0
38020	0
38021	0
38022	0
38023	0
38024	0
38025	0
38026	2
38027	1
38028	2
38041	0
38042	0
38043	0
38044	0
38045	2
38046	1
38047	0
38048	2
38049	0
38050	0
38051	0
38052	0
38065	0
38066	0
38067	0
38068	0
38069	1
38070	0
38077	0
38078	0
38079	0
38080	0
38081	0
38082	0
38125	0
38126	0
38128	0
38129	0
38130	0
38131	0
38132	0
38133	0
38134	0
38135	0
38136	0
38167	2
38168	0
38169	0
38170	0
38171	0
38172	0
38173	0
38174	0
38175	0
38176	0
38177	0
38178	0
38197	2
38198	0
38199	1
38200	2
38201	0
38202	2
38203	0
38204	0
38205	2
38206	0
38207	0
38208	0
38209	0
38210	1
38211	0
38212	0
38213	2
38214	2
38215	1
38216	1
38217	1
38218	3
38219	0
38220	1
38221	0
38222	0
38223	0
38224	0
38225	0
38226	0
38239	0
38240	0
38242	0
38243	1
38244	0
38269	0
38270	0
38271	0
38272	0
38273	0
38274	0
38275	0
38276	0
38277	0
38278	0
38279	0
38280	0
38299	0
38300	0
38301	0
38302	0
38303	0
38304	0
38305	0
38306	0
38307	0
38308	2
38309	0
38310	0
38311	2
38312	1
38313	1
38314	0
38315	1
38316	0
38329	0
38330	0
38331	0
38332	0
38333	0
38334	0
38335	0
38336	0
38337	0
38338	0
38339	0
38340	0
38341	0
38342	1
38343	0
38344	1
38345	0
38346	0
38347	0
38348	1
38349	0
38350	2
38351	0
38352	0
38377	0
38378	0
38379	0
38380	0
38381	0
38382	0
38383	0
38384	0
38385	0
38386	1
38387	1
38388	0
38389	1
38390	1
38391	0
38392	0
38393	0
38394	0
38395	0
38396	0
38397	0
38398	0
38399	0
38400	0
38401	0
38402	0
38403	1
38404	1
38405	1
38406	0
38431	0
38432	0
38433	0
38434	0
38435	0
38436	0
38461	0
38462	0
38463	0
38464	0
38465	0
38466	0
38467	0
38468	0
38469	0
38470	0
38471	0
38472	0
38521	0
38522	0
38523	0
38524	0
38525	6
38526	0
38527	1
38528	2
38529	0
38530	1
38531	0
38532	0
38533	0
38534	0
38535	0
38536	0
38537	0
38538	0
38539	0
38540	0
38541	0
38542	0
38543	0
38544	0
38545	1
38546	0
38547	0
38548	0
38549	0
38550	0
38557	0
38558	0
38559	0
38560	0
38561	0
38562	0
38593	0
38594	1
38595	0
38596	0
38597	0
38598	0
38599	0
38600	0
38601	0
38602	0
38603	0
38604	1
38605	0
38606	0
38607	4
38608	0
38609	0
38610	0
38647	0
38648	0
38649	0
38650	0
38651	0
38652	0
38677	0
38678	0
38679	4
38680	0
38681	0
38682	0
38689	0
38690	0
38691	0
38692	0
38693	0
38694	0
38743	0
38744	1
38745	0
38746	0
38747	0
38748	0
38773	1
38774	0
38775	0
38776	1
38777	0
38778	0
38791	0
38792	0
38793	0
38794	0
38795	0
38796	0
38803	0
38804	0
38805	0
38806	0
38807	0
38808	0
38809	0
38810	0
38811	0
38812	0
38813	0
38814	0
38851	0
38852	0
38853	0
38854	1
38855	0
38856	0
38857	0
38858	0
38859	0
38860	1
38861	0
38862	0
38881	0
38882	0
38883	0
38884	1
38885	1
38886	0
38911	0
38912	0
38913	0
38914	0
38915	0
38916	0
38917	0
38918	0
38919	0
38920	0
38921	0
38922	0
38929	0
38930	0
38931	1
38932	0
38933	0
38934	0
38935	0
38936	0
38937	1
38938	0
38939	0
38940	0
38941	0
38942	0
38943	0
38944	0
38945	0
38946	0
38947	0
38948	0
38949	0
38950	0
38951	0
38952	0
38953	0
38954	0
38955	1
38956	0
38957	0
38958	0
38959	0
38960	0
38961	1
38962	0
38963	0
38964	0
38965	0
38966	0
38967	0
38968	0
38969	4
38970	0
39001	0
39002	0
39003	0
39004	0
39005	1
39006	0
39007	0
39008	0
39009	0
39010	0
39011	0
39012	0
39013	0
39014	0
39015	0
39016	0
39017	0
39018	0
39085	0
39086	0
39087	0
39088	0
39089	0
39090	0
39091	0
39092	0
39093	0
39094	0
39095	1
39096	0
39097	0
39098	0
39099	0
39100	3
39101	0
39102	0
39109	0
39110	0
39111	0
39112	0
39113	0
39114	0
39115	0
39116	0
39117	1
39118	0
39119	2
39120	0
39121	0
39122	0
39123	0
39124	0
39125	0
39126	0
39163	0
39164	0
39165	0
39166	0
39167	0
39168	0
39199	0
39200	0
39201	0
39202	0
39203	0
39204	0
39205	0
39206	0
39207	0
39208	0
39209	0
39210	0
39211	0
39212	0
39213	0
39214	0
39215	1
39216	0
39217	0
39218	2
39219	0
39220	2
39221	0
39222	3
39229	0
39230	0
39231	0
39232	0
39233	1
39234	0
39235	0
39236	0
39237	0
39238	1
39239	0
39240	0
39241	0
39242	0
39243	0
39244	0
39245	0
39246	0
39247	0
39248	0
39249	0
39250	0
39251	1
39252	0
39277	0
39278	1
39279	0
39280	0
39281	0
39282	0
39307	1
39308	1
39309	1
39310	1
39311	0
39312	2
39313	0
39314	3
39315	1
39316	1
39317	1
39318	2
39319	0
39320	0
39321	0
39322	0
39323	1
39324	1
39325	0
39326	0
39327	0
39328	0
39329	0
39330	0
39331	0
39332	0
39333	0
39334	1
39335	0
39336	1
39337	0
39338	0
39339	0
39340	0
39341	0
39342	0
39355	0
39356	0
39357	0
39358	0
39359	0
39360	0
39361	0
39362	1
39363	1
39364	0
39365	0
39366	0
39379	1
39380	0
39381	0
39382	0
39383	0
39384	0
39403	0
39404	0
39405	0
39406	0
39407	0
39408	1
39487	0
39488	0
39489	0
39490	1
39491	2
39492	0
39517	0
39518	0
39519	0
39520	0
39521	0
39522	0
39523	1
39524	0
39525	0
39526	1
39527	0
39528	0
39529	1
39530	0
39531	0
39532	1
39533	0
39534	0
39535	0
39536	0
39537	0
39538	0
39539	0
39540	0
39541	0
39542	0
39543	0
39544	0
39545	0
39546	0
39547	0
39548	0
39549	1
39550	0
39551	0
39552	0
39601	0
39602	1
39603	0
39604	0
39605	0
39606	0
39607	0
39608	0
39609	0
39610	0
39611	0
39612	0
39613	0
39614	0
39615	0
39616	0
39617	0
39618	0
39727	0
39728	0
39729	0
39730	0
39731	1
39732	1
39739	0
39740	0
39741	0
39742	0
39743	1
39744	0
39793	0
39794	0
39796	0
39797	0
39799	0
39800	0
39801	1
39802	0
39803	0
39805	0
39806	0
39807	0
39808	0
39809	0
39841	0
39842	1
39843	0
39844	1
39845	0
39846	0
39847	0
39848	0
39849	0
39850	0
39851	0
39852	0
39853	0
39854	0
39855	0
39856	0
39857	0
39858	0
39859	1
39860	0
39861	1
39862	1
39863	1
39864	3
39865	1
39866	0
39867	0
39868	0
39869	0
39870	0
39871	1
39872	0
39873	1
39874	1
39875	0
39876	1
39943	0
39944	2
39945	0
39946	0
39947	0
39948	0
39949	0
39950	0
39951	0
39952	0
39953	0
39954	0
39955	0
39956	0
39957	0
39958	1
39959	0
39960	0
39961	0
39962	0
39963	0
39964	0
39965	0
39966	0
39967	0
39968	1
39969	0
39970	1
39971	0
39972	0
39973	0
39974	1
39975	0
39976	0
39977	0
39978	0
40027	0
40028	0
40029	0
40030	0
40031	0
40032	0
40033	0
40034	0
40035	0
40036	1
40037	0
40038	0
40099	0
40100	0
40101	0
40102	0
40103	0
40104	0
40105	0
40106	0
40107	0
40108	0
40110	0
40111	0
40112	1
40113	0
40114	0
40115	0
40116	0
40117	0
40118	0
40119	0
40120	0
40121	1
40122	0
40123	0
40124	0
40125	2
40126	0
40127	0
40128	0
40177	0
40178	0
40179	0
40180	0
40181	2
40182	0
40183	0
40184	0
40185	0
40186	0
40187	0
40188	0
40189	0
40190	0
40191	0
40192	0
40193	0
40194	0
40195	0
40196	0
40197	0
40198	0
40199	0
40200	0
40201	0
40202	0
40203	0
40204	0
40205	0
40206	0
40219	1
40220	0
40221	0
40222	0
40223	0
40224	0
40225	0
40226	0
40227	0
40228	1
40229	0
40230	0
40231	0
40232	1
40233	0
40234	0
40235	0
40236	1
40237	0
40238	0
40239	0
40240	1
40241	0
40242	0
40243	0
40244	0
40245	0
40246	0
40247	0
40248	0
40249	0
40250	0
40251	0
40252	0
40253	0
40254	0
40255	0
40256	0
40257	0
40258	0
40259	0
40260	0
40261	1
40262	0
40263	0
40264	0
40265	0
40266	0
40267	0
40268	0
40269	1
40270	0
40271	0
40272	0
40327	1
40328	0
40329	0
40330	0
40331	1
40332	0
40333	0
40334	1
40335	0
40336	0
40337	1
40338	1
40339	0
40340	0
40341	0
40342	0
40343	2
40344	0
40345	0
40346	0
40347	0
40348	0
40349	2
40350	0
40351	0
40352	0
40353	0
40354	0
40355	1
40356	0
40411	0
40412	0
40413	0
40414	0
40415	0
40416	0
40417	0
40418	0
40419	2
40420	0
40421	0
40422	0
40423	0
40424	0
40425	0
40426	0
40427	0
40428	0
40429	0
40430	0
40431	0
40432	0
40433	0
40434	0
40435	0
40436	1
40437	0
40438	0
40439	0
40440	0
40441	1
40442	0
40443	0
40444	0
40445	0
40446	0
40663	0
40664	1
40665	0
40666	0
40667	0
40668	0
40669	0
40670	1
40671	0
40672	0
40673	0
40674	0
40675	0
40676	0
40677	0
40678	1
40679	0
40680	0
40699	0
40700	0
40701	0
40702	0
40703	0
40704	0
40705	1
40706	0
40707	0
40708	0
40709	0
40710	0
40711	0
40712	0
40713	0
40714	0
40715	0
40716	0
40717	1
40718	0
40719	0
40720	0
40721	0
40722	0
40723	0
40724	0
40725	0
40726	0
40727	2
40728	0
40729	0
40730	0
40731	0
40732	0
40733	0
40734	0
40735	0
40736	0
40737	1
40738	0
40739	1
40740	0
40759	0
40760	0
40761	0
40762	0
40763	0
40764	0
40765	0
40766	0
40767	0
40768	0
40769	0
40770	1
40771	0
40772	0
40773	0
40774	0
40775	0
40776	1
40813	0
40814	0
40815	2
40816	0
40817	0
40818	0
40819	0
40820	0
40821	2
40822	0
40823	0
40824	0
40825	1
40826	0
40827	0
40828	0
40829	0
40830	0
40831	1
40832	1
40833	0
40834	0
40835	0
40836	0
40843	0
40844	0
40845	0
40846	0
40847	0
40848	0
40849	0
40850	0
40851	0
40852	0
40853	0
40854	0
40861	0
40862	0
40863	0
40864	0
40865	0
40866	1
40867	2
40868	2
40869	0
40870	0
40871	0
40872	0
40879	0
40880	0
40881	0
40882	0
40883	0
40884	0
40891	0
40892	0
40893	0
40894	0
40895	0
40896	0
40969	0
40970	1
40971	0
40972	0
40973	0
40974	0
40975	0
40976	1
40977	0
40978	0
40979	0
40980	0
40981	0
40982	0
40983	0
40984	0
40985	0
40986	0
40987	1
40988	0
40989	0
40990	0
40991	0
40992	0
40993	0
40994	0
40995	0
40996	0
40997	0
40998	0
40999	1
41000	0
41001	0
41002	0
41003	0
41004	0
41059	0
41060	0
41061	0
41062	0
41063	0
41064	0
41137	0
41138	0
41139	0
41140	0
41141	0
41142	0
41143	0
41144	0
41145	0
41146	0
41147	0
41148	0
41149	0
41150	0
41151	0
41152	0
41153	0
41154	0
41185	0
41186	0
41187	0
41188	0
41189	0
41190	0
41203	0
41205	2
41206	0
41207	0
41208	1
41209	0
41210	0
41211	0
41212	0
41213	0
41214	0
41221	0
41222	0
41223	0
41224	0
41225	1
41226	0
41227	0
41228	0
41230	0
41231	0
41232	0
41233	1
41234	0
41235	1
41236	1
41237	1
41238	0
41239	0
41240	0
41241	0
41242	0
41243	0
41244	0
41269	0
41270	0
41271	0
41272	0
41273	0
41274	0
41275	0
41276	1
41277	0
41278	0
41279	1
41280	0
41281	0
41282	1
41283	0
41284	0
41285	0
41286	0
41287	0
41288	0
41289	0
41290	1
41291	0
41292	0
41293	0
41294	0
41295	0
41296	1
41297	0
41298	0
41299	1
41300	0
41301	0
41302	0
41303	0
41304	0
41305	0
41306	0
41307	0
41308	0
41309	0
41310	1
41311	0
41312	0
41313	1
41314	1
41315	3
41316	0
41371	1
41373	0
41376	0
41377	0
41378	0
41379	0
41380	0
41381	0
41382	0
41395	0
41396	0
41397	0
41398	0
41399	0
41400	1
41401	4
41402	0
41403	1
41404	0
41405	0
41406	0
41407	0
41408	0
41409	0
41410	0
41411	0
41412	0
41413	0
41414	0
41415	0
41416	0
41417	1
41418	0
41419	2
41420	0
41421	1
41422	1
41423	1
41424	0
41425	0
41426	0
41427	0
41428	0
41429	0
41430	0
41437	0
41438	1
41439	0
41440	0
41441	0
41442	0
41455	0
41456	0
41457	0
41458	0
41459	2
41460	0
41515	0
41516	0
41517	1
41518	0
41519	0
41520	0
41533	0
41534	0
41535	0
41536	0
41537	0
41538	0
41545	0
41546	0
41547	0
41548	2
41549	0
41550	0
41581	0
41583	0
41585	0
41599	1
41600	0
41601	0
41602	1
41603	0
41604	0
41629	0
41630	0
41631	0
41632	1
41633	2
41634	0
41677	0
41678	0
41679	0
41680	0
41681	1
41682	0
41689	0
41690	0
41691	0
41692	0
41693	1
41694	0
41731	0
41732	1
41733	0
41734	0
41735	0
41736	0
41743	0
41744	0
41745	0
41746	0
41747	0
41748	0
41761	0
41762	0
41763	0
41764	0
41765	0
41766	0
41767	0
41768	0
41769	0
41770	0
41771	0
41772	0
41779	0
41780	1
41781	0
41782	0
41783	0
41784	0
41833	0
41834	0
41835	0
41836	2
41837	1
41838	0
41839	0
41840	0
41841	0
41842	0
41843	0
41844	1
41845	0
41846	0
41847	0
41848	0
41849	0
41850	0
41851	0
41852	0
41853	0
41854	2
41855	0
41856	1
41917	0
41918	0
41919	0
41920	0
41921	0
41922	0
41947	0
41948	0
41949	0
41950	0
41951	0
41952	0
41953	0
41954	1
41955	0
41956	2
41957	0
41958	0
41959	0
41960	0
41961	0
41962	0
41963	1
41964	0
41977	0
41979	0
41982	0
41989	0
41990	0
41991	0
41992	0
41993	0
41994	0
41995	0
41996	0
41997	0
41998	0
41999	0
42000	0
42001	0
42002	0
42003	0
42004	0
42005	0
42006	0
42049	0
42050	0
42051	0
42052	0
42053	0
42054	1
42079	0
42080	0
42081	0
42082	0
42083	0
42084	0
42091	0
42092	0
42093	0
42094	0
42095	0
42096	0
42097	0
42098	0
42100	0
42102	0
42109	0
42110	0
42113	0
42114	0
42115	0
42116	0
42117	0
42118	0
42119	0
42120	1
42121	0
42122	0
42123	0
42124	0
42125	0
42126	2
42127	0
42128	0
42129	0
42130	0
42131	1
42132	0
42139	0
42140	0
42141	0
42142	0
42143	0
42144	0
42151	0
42152	0
42153	0
42154	0
42155	1
42156	0
42265	0
42266	0
42267	1
42268	0
42269	0
42270	0
42271	0
42272	0
42273	0
42274	0
42275	0
42276	0
42283	2
42284	2
42285	0
42286	0
42287	1
42288	0
42289	1
42290	0
42292	0
42294	0
42301	0
42302	0
42303	0
42304	0
42305	0
42306	0
42349	0
42350	0
42351	0
42352	0
42353	0
42354	0
42355	0
42356	0
42357	0
42358	0
42359	1
42360	0
42361	0
42362	0
42363	0
42364	0
42365	0
42366	0
42391	0
42392	0
42393	0
42394	0
42395	0
42396	0
42415	2
42416	2
42417	0
42418	0
42419	1
42420	0
42457	0
42458	0
42459	0
42460	0
42461	0
42462	0
42463	0
42464	0
42465	0
42466	0
42467	0
42468	0
42469	0
42470	1
42471	0
42472	0
42473	0
42474	0
42481	0
42483	0
42486	0
42493	0
42494	0
42495	0
42496	0
42497	0
42498	0
42499	0
42500	0
42501	0
42502	0
42503	0
42504	0
42523	0
42524	0
42525	0
42526	0
42527	0
42528	0
42529	0
42531	0
42532	0
42533	0
42534	0
42541	1
42543	0
42544	0
42545	0
42546	0
42547	0
42549	0
42550	0
42551	0
42552	0
42559	0
42560	0
42561	0
42562	0
42563	0
42564	0
42565	0
42566	0
42567	0
42568	0
42569	0
42570	0
42571	0
42572	0
42573	0
42574	0
42575	0
42576	0
42601	0
42602	0
42603	0
42604	0
42605	1
42606	0
42613	0
42614	0
42615	0
42616	0
42617	0
42618	0
42619	0
42620	0
42621	0
42622	0
42623	0
42624	0
42625	0
42626	0
42627	0
42628	0
42629	0
42630	0
42643	1
42644	0
42645	0
42646	0
42647	0
42648	0
42649	0
42650	0
42651	0
42652	0
42653	1
42654	0
42655	0
42656	0
42657	0
42658	1
42659	0
42660	0
42661	0
42662	0
42663	0
42664	0
42665	0
42666	0
42667	1
42668	0
42669	0
42670	0
42671	0
42672	0
42673	0
42674	0
42675	0
42676	0
42677	0
42678	0
42745	0
42746	0
42747	0
42749	0
42750	0
42763	0
42764	0
42765	0
42766	0
42767	0
42768	0
42769	0
42770	0
42771	0
42772	0
42773	0
42774	0
42775	0
42776	0
42777	0
42778	0
42779	0
42780	0
42793	0
42794	0
42795	0
42796	0
42797	0
42798	0
42799	0
42800	0
42801	1
42802	0
42803	0
42804	0
42829	1
42830	0
42831	0
42832	0
42833	0
42834	0
42835	0
42836	0
42837	0
42838	0
42839	0
42840	0
42841	0
42842	0
42843	0
42844	0
42845	1
42846	0
42859	0
42860	0
42861	0
42862	0
42863	0
42864	0
42865	0
42866	0
42867	0
42868	0
42869	2
42870	0
42871	0
42872	0
42873	0
42874	0
42875	2
42876	0
42877	1
42878	0
42879	1
42880	0
42881	1
42882	1
42883	0
42885	0
42886	0
42887	0
42888	0
42889	0
42891	1
42892	0
42893	0
42894	0
42907	0
42908	0
42909	0
42910	1
42911	0
42912	0
42919	0
42920	0
42921	0
42922	0
42923	0
42924	0
42925	0
42926	0
42927	0
42928	0
42929	0
42930	0
42937	0
42938	0
42939	0
42940	0
42941	0
42942	0
42973	0
42975	0
42976	1
42977	1
42978	0
42979	0
42980	0
42981	0
42982	0
42983	0
42984	0
43021	0
43022	1
43023	0
43024	0
43025	0
43026	0
43105	0
43106	0
43107	0
43108	1
43109	0
43110	0
43153	0
43154	0
43155	0
43156	2
43157	0
43158	1
43159	0
43160	0
43161	0
43162	0
43163	0
43164	2
43165	0
43166	0
43167	0
43168	0
43169	0
43170	0
43172	0
43173	0
43174	1
43175	0
43176	0
43178	0
43179	0
43180	1
43181	0
43182	0
43183	0
43184	0
43185	0
43186	1
43187	2
43188	0
43189	0
43190	0
43191	0
43192	1
43193	2
43194	0
43195	0
43196	0
43197	0
43198	0
43199	0
43200	0
43201	0
43202	0
43203	0
43204	0
43205	0
43206	0
43207	0
43208	0
43209	0
43210	0
43211	0
43212	0
43213	0
43214	0
43215	0
43216	0
43217	0
43218	0
43219	0
43220	0
43221	1
43222	0
43223	0
43224	0
43225	0
43226	0
43227	1
43228	0
43229	0
43230	0
43231	0
43232	0
43233	0
43234	0
43235	0
43236	0
43237	0
43238	0
43239	0
43240	0
43241	0
43242	0
43243	0
43244	0
43245	0
43246	0
43247	0
43248	0
43249	0
43250	0
43251	0
43252	0
43253	0
43254	0
43279	0
43280	0
43281	0
43282	0
43283	0
43284	0
43285	0
43286	0
43287	0
43288	0
43289	0
43290	0
43291	1
43292	0
43293	0
43294	0
43295	2
43296	0
43297	0
43298	0
43299	0
43300	2
43301	0
43302	0
43303	0
43304	0
43305	0
43306	0
43307	0
43308	0
43309	0
43310	0
43311	0
43312	0
43313	0
43314	0
43351	0
43353	0
43355	0
43356	0
43363	0
43364	0
43365	0
43366	0
43367	2
43368	0
43369	0
43370	0
43371	0
43372	0
43373	0
43374	0
43375	0
43376	0
43377	0
43378	0
43379	0
43380	0
43441	0
43442	0
43443	0
43444	0
43445	0
43446	1
43447	0
43448	0
43449	0
43450	0
43451	0
43452	0
43465	0
43466	1
43467	1
43468	0
43469	0
43470	0
43471	0
43472	1
43473	0
43474	0
43475	0
43476	0
43477	0
43478	1
43479	0
43480	0
43481	0
43482	0
43483	0
43484	1
43485	1
43486	0
43487	0
43488	0
43489	0
43490	0
43491	0
43492	0
43493	2
43494	0
43495	0
43496	0
43497	0
43498	0
43499	4
43500	0
43501	0
43502	0
43503	0
43504	0
43505	1
43506	0
43507	0
43508	0
43509	0
43510	0
43511	0
43512	0
43513	0
43514	0
43515	0
43516	0
43517	0
43518	0
43519	0
43520	0
43521	0
43522	0
43523	0
43524	0
43525	0
43526	1
43527	1
43528	0
43529	0
43530	0
43603	0
43604	1
43605	1
43606	0
43607	0
43608	0
43609	0
43610	1
43611	1
43612	0
43613	0
43614	0
43615	0
43616	0
43617	0
43618	0
43619	0
43620	0
43621	1
43622	0
43623	0
43624	0
43625	0
43626	0
43729	0
43730	0
43731	0
43732	0
43733	0
43734	0
43735	0
43736	0
43737	0
43738	0
43739	0
43740	0
43747	0
43748	0
43749	0
43750	0
43751	0
43752	0
43753	0
43754	0
43755	0
43756	0
43757	0
43758	0
43759	0
43760	0
43761	0
43762	0
43763	0
43764	0
43765	0
43766	1
43767	0
43768	0
43769	0
43770	2
43771	0
43772	0
43773	0
43774	0
43775	0
43776	0
43777	0
43778	0
43779	0
43780	0
43781	0
43782	0
43783	0
43784	1
43785	0
43786	1
43787	0
43788	1
43843	0
43844	0
43845	0
43846	0
43847	0
43848	0
43873	2
43874	0
43875	0
43876	0
43877	0
43878	0
43879	0
43880	0
43881	0
43882	0
43883	0
43884	0
43897	0
43898	0
43899	0
43900	0
43901	0
43902	0
43903	0
43904	0
43905	0
43906	0
43907	0
43908	0
43909	0
43910	0
43911	0
43912	0
43913	0
43914	0
44035	0
44036	0
44037	0
44038	0
44039	0
44040	0
44047	0
44048	0
44049	0
44050	0
44051	0
44052	0
44053	0
44054	0
44055	0
44056	0
44057	0
44058	0
44059	1
44060	0
44061	0
44062	0
44063	0
44064	0
44077	0
44078	0
44079	0
44080	1
44081	0
44082	0
44083	0
44084	1
44085	0
44086	1
44087	1
44088	0
44101	0
44102	0
44103	0
44104	0
44105	0
44106	0
44107	1
44108	0
44109	0
44110	2
44111	0
44112	0
44167	0
44168	1
44169	1
44170	0
44171	0
44172	0
44173	0
44174	0
44175	0
44176	0
44177	1
44178	0
44191	0
44192	0
44193	0
44194	0
44195	0
44196	0
44197	0
44198	0
44199	0
44200	0
44201	0
44202	0
44203	0
44204	0
44205	0
44206	0
44207	0
44208	0
44263	0
44264	0
44265	0
44266	0
44267	0
44268	0
44449	0
44450	1
44451	0
44452	0
44453	0
44454	0
44455	0
44456	0
44457	0
44458	0
44459	0
44460	0
44461	0
44462	0
44463	0
44464	0
44465	1
44466	0
