ObservationID	SubLocationID	Count
146051	8759	0
146051	8760	0
146051	8761	0
146051	8762	0
146051	8763	0
146051	8764	0
146052	8759	0
146052	8760	0
146052	8761	0
146052	8762	1
146052	8763	0
146052	8764	0
146053	8759	0
146053	8760	0
146053	8761	0
146053	8762	0
146053	8763	0
146053	8764	0
146059	8669	0
146059	8670	0
146059	8671	0
146059	8672	0
146059	8673	0
146059	8674	0
146060	8669	0
146060	8670	0
146060	8671	0
146060	8672	0
146060	8673	0
146060	8674	0
146061	8669	0
146061	8670	1
146061	8671	0
146061	8672	0
146061	8673	0
146061	8674	0
146076	9054	0
146076	9055	0
146076	9056	0
146076	9057	0
146077	9054	0
146077	9055	0
146077	9056	1
146077	9057	0
146078	9054	0
146078	9055	0
146078	9056	0
146078	9057	0
146080	8681	0
146080	8682	1
146080	8683	0
146080	8684	1
146080	8685	0
146080	8686	0
146081	8681	0
146081	8682	0
146081	8683	0
146081	8684	0
146081	8685	0
146081	8686	0
146082	8681	0
146082	8682	0
146082	8683	1
146082	8684	0
146082	8685	0
146082	8686	0
146115	9142	0
146115	9143	0
146115	9144	0
146115	9145	1
146115	9146	0
146115	9147	0
146117	9142	1
146117	9143	0
146117	9144	0
146117	9145	0
146117	9146	0
146117	9147	0
146119	9142	0
146119	9143	0
146119	9144	0
146119	9145	0
146119	9146	0
146119	9147	0
146144	8789	1
146144	8790	1
146144	8791	0
146144	8792	0
146144	8793	0
146144	8794	1
146149	8789	2
146149	8790	1
146149	8791	1
146149	8792	0
146149	8793	0
146149	8794	1
146153	8789	0
146153	8790	0
146153	8791	0
146153	8792	2
146153	8793	0
146153	8794	0
146163	10200	0
146163	10201	0
146163	10202	0
146163	10203	0
146163	10204	0
146163	10205	1
146164	10200	0
146164	10201	0
146164	10202	0
146164	10203	0
146164	10204	0
146164	10205	0
146204	9112	0
146204	9113	0
146204	9114	0
146204	9115	0
146204	9116	2
146204	9117	0
146205	9100	0
146205	9101	0
146205	9102	0
146205	9103	2
146205	9104	1
146205	9105	2
146211	8890	0
146211	8891	0
146211	8892	1
146211	8893	1
146211	8894	0
146211	8895	0
146214	9042	0
146214	9043	0
146214	9044	0
146214	9045	0
146214	9046	0
146214	9047	0
146234	8854	0
146234	8855	0
146234	8856	0
146234	8857	0
146234	8858	0
146234	8859	0
146235	8854	0
146235	8855	0
146235	8856	0
146235	8857	0
146235	8858	1
146235	8859	0
146236	8854	0
146236	8855	0
146236	8856	1
146236	8857	0
146236	8858	0
146236	8859	0
146242	8723	0
146242	8724	0
146242	8725	0
146242	8726	0
146242	8727	0
146242	8728	1
146244	8723	0
146244	8724	0
146244	8725	0
146244	8726	0
146244	8727	0
146244	8728	0
146245	8723	0
146245	8724	0
146245	8725	0
146245	8726	0
146245	8727	0
146245	8728	0
146250	8717	0
146250	8718	1
146250	8719	0
146250	8720	0
146250	8721	0
146250	8722	0
146255	9100	0
146255	9101	0
146255	9102	0
146255	9103	0
146255	9104	1
146255	9105	0
146261	8717	0
146261	8718	0
146261	8719	0
146261	8720	0
146261	8721	2
146261	8722	0
146265	9112	0
146265	9113	0
146265	9114	0
146265	9115	1
146265	9116	0
146265	9117	0
146270	8890	1
146270	8891	0
146270	8892	0
146270	8893	0
146270	8894	1
146270	8895	0
146271	9112	1
146271	9113	1
146271	9114	0
146271	9115	0
146271	9116	0
146271	9117	0
146273	9042	0
146273	9043	0
146273	9044	0
146273	9045	0
146273	9046	0
146273	9047	2
146277	8842	1
146277	8843	1
146277	8844	0
146277	8845	0
146277	8846	0
146277	8847	1
146278	8842	1
146278	8843	0
146278	8844	1
146278	8845	0
146278	8846	0
146278	8847	0
146279	8842	0
146279	8843	1
146279	8844	0
146279	8845	0
146279	8846	0
146279	8847	0
146283	8717	0
146283	8718	0
146283	8719	0
146283	8720	0
146283	8721	0
146283	8722	0
146284	9112	1
146284	9113	0
146284	9114	0
146284	9115	0
146284	9116	0
146284	9117	0
146292	9100	0
146292	9101	0
146292	9102	2
146292	9103	1
146292	9104	0
146292	9105	0
146293	9042	0
146293	9043	0
146293	9044	0
146293	9045	0
146293	9046	1
146293	9047	0
146349	10200	0
146349	10201	0
146349	10202	0
146349	10203	0
146349	10204	0
146349	10205	0
146376	8627	2
146376	8628	0
146376	8629	0
146376	8630	0
146376	8631	0
146376	8632	0
146377	8627	1
146377	8628	0
146377	8629	0
146377	8630	1
146377	8631	0
146377	8632	0
146378	8627	0
146378	8628	0
146378	8629	0
146378	8630	0
146378	8631	0
146378	8632	0
146398	8777	0
146398	8778	0
146398	8779	0
146398	8780	0
146398	8781	0
146398	8782	0
146399	8777	0
146399	8778	0
146399	8779	0
146399	8780	0
146399	8781	0
146399	8782	0
146400	8777	0
146400	8778	0
146400	8779	0
146400	8780	1
146400	8781	2
146400	8782	1
146415	8878	0
146415	8879	0
146415	8880	0
146415	8881	1
146415	8882	0
146415	8883	0
146416	8878	1
146416	8879	0
146416	8880	0
146416	8881	2
146416	8882	1
146416	8883	1
146417	8878	0
146417	8879	1
146417	8880	0
146417	8881	1
146417	8882	0
146417	8883	2
146489	8976	0
146489	8977	0
146489	8978	0
146489	8979	0
146489	8980	0
146489	8981	0
146492	8896	1
146492	8897	1
146492	8898	1
146492	8899	1
146492	8900	0
146492	8901	2
146493	8896	0
146493	8897	0
146493	8898	0
146493	8899	1
146493	8900	0
146493	8901	1
146494	8896	0
146494	8897	0
146494	8898	1
146494	8899	2
146494	8900	0
146494	8901	1
146510	8976	0
146510	8977	0
146510	8978	0
146510	8979	0
146510	8980	0
146510	8981	0
146704	8860	0
146704	8861	2
146704	8862	0
146704	8863	0
146704	8864	0
146704	8865	0
146705	8639	0
146705	8640	0
146705	8641	0
146705	8642	0
146705	8643	0
146705	8644	0
146706	9136	0
146706	9137	0
146706	9138	0
146706	9139	0
146706	9140	0
146706	9141	0
146707	9070	0
146707	9071	0
146707	9072	0
146707	9073	0
146707	9074	1
146707	9075	0
146718	9018	0
146718	9019	0
146718	9020	0
146718	9021	0
146718	9022	0
146718	9023	0
146719	8639	1
146719	8640	0
146719	8641	0
146719	8642	1
146719	8643	0
146719	8644	0
146722	8860	2
146722	8861	0
146722	8862	2
146722	8863	1
146722	8864	2
146722	8865	1
146723	9070	0
146723	9071	0
146723	9072	0
146723	9073	0
146723	9074	1
146723	9075	0
146724	9136	0
146724	9137	0
146724	9138	0
146724	9139	0
146724	9140	0
146724	9141	1
146786	9070	0
146786	9071	0
146786	9072	0
146786	9073	0
146786	9074	0
146786	9075	0
146787	9136	0
146787	9137	0
146787	9138	0
146787	9139	0
146787	9140	0
146787	9141	0
146807	8639	0
146807	8640	1
146807	8641	1
146807	8642	0
146807	8643	0
146807	8644	0
146809	9018	0
146809	9019	2
146809	9020	1
146809	9021	0
146809	9022	0
146809	9023	0
146822	9018	0
146822	9019	0
146822	9020	0
146822	9021	0
146822	9022	0
146822	9023	0
146823	8860	0
146823	8861	2
146823	8862	0
146823	8863	0
146823	8864	0
146823	8865	0
146831	8609	1
146831	8610	0
146831	8611	0
146831	8612	0
146831	8613	0
146831	8614	2
146832	8621	0
146832	8622	2
146832	8623	0
146832	8624	0
146832	8625	1
146832	8626	1
146833	8621	0
146833	8622	0
146833	8623	0
146833	8624	0
146833	8625	0
146833	8626	0
146834	8609	0
146834	8610	0
146834	8611	0
146834	8612	0
146834	8613	0
146834	8614	0
146835	8609	0
146835	8610	0
146835	8611	0
146835	8612	0
146835	8613	0
146835	8614	0
146836	8621	0
146836	8622	0
146836	8623	0
146836	8624	0
146836	8625	0
146836	8626	0
146864	8579	0
146864	8580	0
146864	8581	0
146864	8582	1
146864	8583	0
146864	8584	0
146865	8579	0
146865	8580	0
146865	8581	0
146865	8582	0
146865	8583	0
146865	8584	0
146945	8765	0
146945	8766	0
146945	8767	0
146945	8768	1
146945	8769	0
146945	8770	0
146946	8765	1
146946	8766	1
146946	8767	0
146946	8768	1
146946	8769	0
146946	8770	0
146947	8765	0
146947	8766	0
146947	8767	0
146947	8768	0
146947	8769	0
146947	8770	0
146997	10580	2
146997	10581	3
146997	10582	0
146997	10583	3
146997	10584	1
146997	10585	1
147014	8549	0
147014	8550	0
147014	8551	2
147014	8552	0
147014	8553	0
147014	8554	1
147015	8549	1
147015	8550	0
147015	8551	0
147015	8552	2
147015	8553	0
147015	8554	2
147017	8549	0
147017	8550	0
147017	8551	0
147017	8552	0
147017	8553	1
147017	8554	0
147041	10574	0
147041	10575	0
147041	10576	0
147041	10577	0
147041	10578	1
147041	10579	0
147042	8783	0
147042	8784	0
147042	8785	2
147042	8786	0
147042	8787	0
147042	8788	1
147043	8783	1
147043	8784	0
147043	8785	0
147043	8786	2
147043	8787	0
147043	8788	2
147044	8783	0
147044	8784	0
147044	8785	0
147044	8786	0
147044	8787	1
147044	8788	0
147045	8549	0
147045	8550	0
147045	8551	0
147045	8552	0
147045	8553	0
147045	8554	1
147046	8549	0
147046	8550	0
147046	8551	0
147046	8552	1
147046	8553	2
147046	8554	0
147047	8549	0
147047	8550	0
147047	8551	0
147047	8552	0
147047	8553	2
147047	8554	0
147056	11700	0
147056	11701	0
147056	11702	0
147056	11703	0
147056	11704	0
147056	11705	2
147063	10395	2
147063	10396	0
147063	10397	0
147063	10398	0
147063	10399	0
147063	10400	0
147067	11066	0
147067	11067	0
147067	11068	2
147067	11069	0
147067	11070	0
147067	11071	0
147081	10574	0
147081	10575	0
147081	10576	0
147081	10577	0
147081	10578	0
147081	10579	0
147085	10640	0
147085	10641	0
147085	10642	2
147085	10643	0
147085	10644	0
147085	10645	2
147096	10580	4
147096	10581	0
147096	10582	2
147096	10583	1
147096	10584	1
147096	10585	1
147173	10640	0
147173	10641	0
147173	10642	0
147173	10643	0
147173	10644	0
147173	10645	0
147208	11610	1
147208	11611	1
147208	11612	0
147208	11613	0
147208	11614	0
147208	11615	1
147220	11700	0
147220	11701	0
147220	11702	0
147220	11703	0
147220	11704	0
147220	11705	0
147319	10520	1
147319	10521	0
147319	10522	0
147319	10523	1
147319	10524	0
147319	10525	0
147320	10520	0
147320	10521	1
147320	10522	0
147320	10523	2
147320	10524	0
147320	10525	0
147321	10520	0
147321	10521	0
147321	10522	0
147321	10523	0
147321	10524	0
147321	10525	0
147327	10640	2
147327	10641	0
147327	10642	2
147327	10643	0
147327	10644	0
147327	10645	0
147342	10580	0
147342	10581	0
147342	10582	0
147342	10583	0
147342	10584	0
147342	10585	0
147365	11066	0
147365	11067	0
147365	11068	0
147365	11069	0
147365	11070	0
147365	11071	1
147375	10574	0
147375	10575	0
147375	10576	0
147375	10577	0
147375	10578	0
147375	10579	0
147415	11066	0
147415	11067	0
147415	11068	0
147415	11069	0
147415	11070	0
147415	11071	0
147519	10490	0
147519	10491	2
147519	10492	0
147519	10493	0
147519	10494	0
147519	10495	0
147520	10490	0
147520	10491	0
147520	10492	0
147520	10493	0
147520	10494	0
147520	10495	0
147527	11700	0
147527	11701	0
147527	11702	0
147527	11703	0
147527	11704	0
147527	11705	0
147896	10791	1
147896	10792	0
147896	10793	0
147896	10794	0
147896	10795	0
147896	10796	0
147897	10791	0
147897	10792	0
147897	10793	0
147897	10794	0
147897	10795	0
147897	10796	0
148051	11610	0
148051	11611	0
148051	11612	0
148051	11613	0
148051	11614	0
148051	11615	0
148052	11610	0
148052	11611	0
148052	11612	0
148052	11613	1
148052	11614	0
148052	11615	0
148340	10538	0
148340	10539	0
148340	10540	0
148340	10541	0
148340	10542	0
148340	10543	0
148366	10490	3
148366	10491	0
148366	10492	0
148366	10493	1
148366	10494	0
148366	10495	0
148368	10449	0
148368	10450	1
148368	10451	2
148368	10452	0
148368	10453	1
148370	10449	0
148370	10450	0
148370	10451	3
148370	10452	1
148370	10453	1
148372	10449	0
148372	10450	2
148372	10451	0
148372	10452	0
148372	10453	0
148396	10634	1
148396	10635	2
148396	10636	0
148396	10637	4
148396	10638	0
148396	10639	1
148397	10538	0
148397	10539	0
148397	10540	0
148397	10541	1
148397	10542	0
148397	10543	0
148398	10634	0
148398	10635	2
148398	10636	0
148398	10637	3
148398	10638	0
148398	10639	4
148399	10634	0
148399	10635	1
148399	10636	0
148399	10637	2
148399	10638	0
148399	10639	2
148400	10562	0
148400	10563	2
148400	10564	2
148400	10565	2
148400	10566	1
148400	10567	2
148401	10562	3
148401	10563	2
148401	10564	3
148401	10565	0
148401	10566	3
148401	10567	0
148402	10562	0
148402	10563	1
148402	10564	0
148402	10565	1
148402	10566	1
148402	10567	3
148403	10407	0
148403	10408	0
148403	10409	1
148403	10410	0
148403	10411	2
148403	10412	2
148404	10407	0
148404	10408	0
148404	10409	0
148404	10410	0
148404	10411	0
148404	10412	0
148405	10407	0
148405	10408	0
148405	10409	0
148405	10410	1
148405	10411	0
148405	10412	0
148406	10478	1
148406	10479	0
148406	10480	1
148406	10481	1
148406	10482	0
148406	10483	2
148407	10478	3
148407	10479	0
148407	10480	2
148407	10481	0
148407	10482	0
148407	10483	0
148408	10478	0
148408	10479	0
148408	10480	0
148408	10481	0
148408	10482	0
148408	10483	0
148416	10550	0
148416	10551	2
148416	10552	2
148416	10553	0
148416	10554	0
148416	10555	0
148417	10550	3
148417	10551	1
148417	10552	0
148417	10553	2
148417	10554	0
148417	10555	1
148418	10550	0
148418	10551	0
148418	10552	0
148418	10553	0
148418	10554	0
148418	10555	0
148419	10646	1
148419	10647	0
148419	10648	0
148419	10649	0
148419	10650	1
148419	10651	0
148420	10646	0
148420	10647	0
148420	10648	0
148420	10649	0
148420	10650	0
148420	10651	0
148421	10646	0
148421	10647	0
148421	10648	0
148421	10649	0
148421	10650	0
148421	10651	0
148502	10496	1
148502	10497	1
148502	10498	1
148502	10499	0
148502	10500	1
148502	10501	1
148503	10496	2
148503	10497	1
148503	10498	0
148503	10499	1
148503	10500	1
148503	10501	0
148504	10496	0
148504	10497	0
148504	10498	1
148504	10499	0
148504	10500	2
148504	10501	0
148508	10773	0
148508	10774	0
148508	10775	0
148508	10776	0
148508	10777	0
148508	10778	0
148509	10773	1
148509	10774	2
148509	10775	0
148509	10776	0
148509	10777	0
148509	10778	0
148512	10773	0
148512	10774	0
148512	10775	0
148512	10776	0
148512	10777	0
148512	10778	0
148513	10737	0
148513	10738	2
148513	10739	0
148513	10740	1
148513	10741	0
148513	10742	0
148514	10737	0
148514	10738	2
148514	10739	0
148514	10740	1
148514	10741	0
148514	10742	0
148517	10737	0
148517	10738	1
148517	10739	0
148517	10740	0
148517	10741	0
148517	10742	0
148590	10419	0
148590	10420	1
148590	10421	1
148590	10422	1
148590	10423	1
148590	10424	0
148591	10419	0
148591	10420	0
148591	10421	0
148591	10422	0
148591	10423	1
148591	10424	0
148592	10419	0
148592	10420	1
148592	10421	0
148592	10422	0
148592	10423	1
148592	10424	1
148593	8633	0
148593	8634	0
148593	8635	0
148593	8636	0
148593	8637	0
148593	8638	0
148594	8633	0
148594	8634	0
148594	8635	0
148594	8636	0
148594	8637	0
148594	8638	0
148605	8735	0
148605	8736	0
148605	8737	0
148605	8738	0
148605	8739	0
148605	8740	0
148606	8729	0
148606	8730	0
148606	8731	0
148606	8732	0
148606	8733	2
148606	8734	0
148611	8579	0
148611	8580	0
148611	8581	0
148611	8582	0
148611	8583	0
148611	8584	0
148621	8735	0
148621	8736	0
148621	8737	0
148621	8738	0
148621	8739	0
148621	8740	0
148622	8729	0
148622	8730	0
148622	8731	0
148622	8732	0
148622	8733	0
148622	8734	0
148625	8735	0
148625	8736	0
148625	8737	0
148625	8738	0
148625	8739	0
148625	8740	0
148626	8729	0
148626	8730	0
148626	8731	0
148626	8732	0
148626	8733	0
148626	8734	0
148646	10395	0
148646	10396	0
148646	10397	0
148646	10398	0
148646	10399	0
148646	10400	0
148647	10395	0
148647	10396	0
148647	10397	0
148647	10398	0
148647	10399	0
148647	10400	0
148742	10520	1
148742	10521	0
148742	10522	0
148742	10523	1
148742	10524	0
148742	10525	0
148747	10520	0
148747	10521	1
148747	10522	0
148747	10523	2
148747	10524	0
148747	10525	0
148751	10520	0
148751	10521	0
148751	10522	0
148751	10523	0
148751	10524	0
148751	10525	0
150531	10490	0
150531	10491	2
150531	10492	0
150531	10493	0
150531	10494	0
150531	10495	0
150536	10490	3
150536	10491	0
150536	10492	0
150536	10493	1
150536	10494	0
150536	10495	0
150546	10791	1
150546	10792	0
150546	10793	0
150546	10794	0
150546	10795	0
150546	10796	0
150557	10490	0
150557	10491	0
150557	10492	0
150557	10493	0
150557	10494	0
150557	10495	0
150559	10791	0
150559	10792	0
150559	10793	0
150559	10794	0
150559	10795	0
150559	10796	0
151835	8976	2
151835	8977	0
151835	8978	0
151835	8979	0
151835	8980	0
151835	8981	0
151872	11905	0
151872	11906	0
151872	11907	0
151872	11908	0
151872	11909	0
151872	11910	0
151959	11847	0
151959	11848	0
151959	11849	1
151959	11850	0
151959	11851	0
151959	11852	0
152009	11905	0
152009	11906	0
152009	11907	0
152009	11908	2
152009	11909	1
152009	11910	2
152025	11847	0
152025	11848	0
152025	11849	0
152025	11850	1
152025	11851	0
152025	11852	0
152148	11847	0
152148	11848	0
152148	11849	0
152148	11850	0
152148	11851	0
152148	11852	1
152187	12078	0
152187	12079	0
152187	12080	2
152187	12082	0
152240	10592	0
152240	10593	0
152240	10594	0
152240	10595	0
152240	10596	0
152240	10597	0
152241	10592	1
152241	10593	0
152241	10594	1
152241	10595	0
152241	10596	0
152241	10597	1
152242	10592	2
152242	10593	0
152242	10594	1
152242	10595	2
152242	10596	0
152242	10597	3
152243	10437	0
152243	10438	1
152243	10439	0
152243	10440	2
152243	10441	0
152243	10442	0
152244	10437	0
152244	10438	0
152244	10439	0
152244	10440	1
152244	10441	1
152244	10442	0
152245	10437	0
152245	10438	0
152245	10439	0
152245	10440	0
152245	10441	0
152245	10442	1
152288	12078	0
152288	12079	0
152288	12080	2
152288	12082	0
152289	12078	0
152289	12079	0
152289	12080	0
152289	12082	0
152290	12078	0
152290	12079	0
152290	12080	1
152290	12082	0
152423	11923	0
152423	11924	0
152423	11925	0
152423	11926	1
152423	11927	0
152423	11928	0
152424	11923	0
152424	11924	1
152424	11925	0
152424	11926	0
152424	11927	0
152424	11928	0
152425	12185	0
152425	12187	0
152425	12188	1
152425	12189	0
152425	12190	0
152426	12185	1
152426	12187	0
152426	12188	0
152426	12189	0
152427	11923	0
152427	11924	0
152427	11925	1
152427	11926	0
152427	11927	0
152427	11928	0
152584	8976	2
152584	8977	0
152584	8978	0
152584	8979	0
152584	8980	0
152584	8981	0
152662	10580	2
152662	10581	3
152662	10582	0
152662	10583	3
152662	10584	1
152662	10585	1
152663	10580	4
152663	10581	0
152663	10582	2
152663	10583	1
152663	10584	1
152663	10585	1
152664	10580	0
152664	10581	0
152664	10582	0
152664	10583	0
152664	10584	0
152664	10585	0
152678	10395	2
152678	10396	0
152678	10397	0
152678	10398	0
152678	10399	0
152678	10400	0
152679	10395	0
152679	10396	0
152679	10397	0
152679	10398	0
152679	10399	0
152679	10400	0
152680	10395	0
152680	10396	0
152680	10397	0
152680	10398	0
152680	10399	0
152680	10400	0
152738	11905	0
152738	11906	0
152738	11907	0
152738	11908	1
152738	11909	1
152738	11910	0
152757	11905	0
152757	11906	0
152757	11907	0
152757	11908	0
152757	11909	0
152757	11910	0
152758	11905	0
152758	11906	0
152758	11907	0
152758	11908	2
152758	11909	1
152758	11910	2
152890	10496	1
152890	10497	1
152890	10498	1
152890	10499	0
152890	10500	1
152890	10501	1
152892	10737	0
152892	10738	2
152892	10739	0
152892	10740	1
152892	10741	0
152892	10742	0
152893	10773	0
152893	10774	0
152893	10775	0
152893	10776	0
152893	10777	0
152893	10778	0
152894	10592	2
152894	10593	0
152894	10594	1
152894	10595	2
152894	10596	0
152894	10597	3
152896	10437	0
152896	10438	1
152896	10439	0
152896	10440	2
152896	10441	0
152896	10442	0
152897	10496	2
152897	10497	1
152897	10498	0
152897	10499	1
152897	10500	1
152897	10501	0
152899	10773	1
152899	10774	2
152899	10775	0
152899	10776	0
152899	10777	0
152899	10778	0
152900	10737	0
152900	10738	2
152900	10739	0
152900	10740	1
152900	10741	0
152900	10742	0
152902	10592	1
152902	10593	0
152902	10594	1
152902	10595	0
152902	10596	0
152902	10597	1
152903	10437	0
152903	10438	0
152903	10439	0
152903	10440	1
152903	10441	1
152903	10442	0
152904	10496	0
152904	10497	0
152904	10498	1
152904	10499	0
152904	10500	2
152904	10501	0
152906	10773	0
152906	10774	0
152906	10775	0
152906	10776	0
152906	10777	0
152906	10778	0
152907	10737	0
152907	10738	1
152907	10739	0
152907	10740	0
152907	10741	0
152907	10742	0
152908	10592	0
152908	10593	0
152908	10594	0
152908	10595	0
152908	10596	0
152908	10597	0
152909	10437	0
152909	10438	0
152909	10439	0
152909	10440	0
152909	10441	0
152909	10442	1
152926	12185	0
152926	12186	0
152926	12187	0
152926	12188	0
152926	12189	0
152926	12190	0
152927	8609	1
152927	8610	0
152927	8611	0
152927	8612	0
152927	8613	0
152927	8614	2
152928	8621	0
152928	8622	2
152928	8623	0
152928	8624	0
152928	8625	1
152928	8626	1
152929	8621	0
152929	8622	0
152929	8623	0
152929	8624	0
152929	8625	0
152929	8626	0
152930	8609	0
152930	8610	0
152930	8611	0
152930	8612	0
152930	8613	0
152930	8614	0
152931	8609	0
152931	8610	0
152931	8611	0
152931	8612	0
152931	8613	0
152931	8614	0
152932	8621	0
152932	8622	0
152932	8623	0
152932	8624	0
152932	8625	0
152932	8626	0
152934	10449	0
152934	10450	1
152934	10451	2
152934	10452	0
152934	10453	1
152936	10449	0
152936	10450	0
152936	10451	3
152936	10452	1
152936	10453	1
152938	10449	0
152938	10450	2
152938	10451	0
152938	10452	0
152938	10453	0
152939	11923	0
152939	11924	0
152939	11925	0
152939	11926	1
152939	11927	0
152939	11928	0
152940	11923	0
152940	11924	1
152940	11925	0
152940	11926	0
152940	11927	0
152940	11928	0
152941	12185	0
152941	12187	0
152941	12188	1
152941	12189	0
152941	12190	0
152942	12185	1
152942	12187	0
152942	12188	0
152942	12189	0
152943	11923	0
152943	11924	0
152943	11925	1
152943	11926	0
152943	11927	0
152943	11928	0
152944	10478	1
152944	10479	0
152944	10480	1
152944	10481	1
152944	10482	0
152944	10483	2
152946	10550	0
152946	10551	2
152946	10552	2
152946	10553	0
152946	10554	0
152946	10555	0
152947	10646	1
152947	10647	0
152947	10648	0
152947	10649	0
152947	10650	1
152947	10651	0
152950	10478	3
152950	10479	0
152950	10480	2
152950	10481	0
152950	10482	0
152950	10483	0
152952	10550	3
152952	10551	1
152952	10552	0
152952	10553	2
152952	10554	0
152952	10555	1
152953	10646	0
152953	10647	0
152953	10648	0
152953	10649	0
152953	10650	0
152953	10651	0
152956	10478	0
152956	10479	0
152956	10480	0
152956	10481	0
152956	10482	0
152956	10483	0
152958	10550	0
152958	10551	0
152958	10552	0
152958	10553	0
152958	10554	0
152958	10555	0
152959	10646	0
152959	10647	0
152959	10648	0
152959	10649	0
152959	10650	0
152959	10651	0
152973	11847	0
152973	11848	0
152973	11849	1
152973	11850	0
152973	11851	0
152973	11852	0
152975	11847	0
152975	11848	0
152975	11849	0
152975	11850	1
152975	11851	0
152975	11852	0
152976	11847	0
152976	11848	0
152976	11849	0
152976	11850	0
152976	11851	0
152976	11852	1
152977	11610	1
152977	11611	1
152977	11612	0
152977	11613	0
152977	11614	0
152977	11615	1
152978	11610	0
152978	11611	0
152978	11612	0
152978	11613	0
152978	11614	0
152978	11615	0
152979	11610	0
152979	11611	0
152979	11612	0
152979	11613	1
152979	11614	0
152979	11615	0
152995	10419	0
152995	10420	1
152995	10421	1
152995	10422	1
152995	10423	1
152995	10424	0
152996	8633	0
152996	8634	0
152996	8635	0
152996	8636	0
152996	8637	0
152996	8638	0
152997	8633	0
152997	8634	0
152997	8635	0
152997	8636	0
152997	8637	0
152997	8638	0
152998	10419	0
152998	10420	0
152998	10421	0
152998	10422	0
152998	10423	1
152998	10424	0
152999	10419	0
152999	10420	1
152999	10421	0
152999	10422	0
152999	10423	1
152999	10424	1
153074	10634	1
153074	10635	2
153074	10636	0
153074	10637	4
153074	10638	0
153074	10639	1
153075	10562	0
153075	10563	2
153075	10564	2
153075	10565	2
153075	10566	1
153075	10567	2
153076	10407	0
153076	10408	0
153076	10409	1
153076	10410	0
153076	10411	2
153076	10412	2
153077	10634	0
153077	10635	2
153077	10636	0
153077	10637	3
153077	10638	0
153077	10639	4
153078	10407	0
153078	10408	0
153078	10409	0
153078	10410	0
153078	10411	0
153078	10412	0
153079	10562	3
153079	10563	2
153079	10564	3
153079	10565	0
153079	10566	3
153079	10567	0
153080	10634	0
153080	10635	1
153080	10636	0
153080	10637	2
153080	10638	0
153080	10639	2
153081	10562	0
153081	10563	1
153081	10564	0
153081	10565	1
153081	10566	1
153081	10567	3
153082	10407	0
153082	10408	0
153082	10409	0
153082	10410	1
153082	10411	0
153082	10412	0
153177	9042	0
153177	9043	0
153177	9044	0
153177	9045	0
153177	9046	0
153177	9047	0
153178	9042	0
153178	9043	0
153178	9044	0
153178	9045	0
153178	9046	0
153178	9047	2
153179	9042	0
153179	9043	0
153179	9044	0
153179	9045	0
153179	9046	1
153179	9047	0
153235	10538	0
153235	10539	0
153235	10540	0
153235	10541	0
153235	10542	0
153235	10543	0
153236	10538	0
153236	10539	0
153236	10540	0
153236	10541	1
153236	10542	0
153236	10543	0
153412	11899	0
153412	11900	0
153412	11901	0
153412	11902	0
153412	11903	0
153412	11904	3
153413	11977	0
153413	11978	0
153413	11979	0
153413	11980	0
153413	11981	0
153413	11982	0
153414	12043	0
153414	12044	0
153414	12045	4
153414	12046	0
153414	12047	0
153414	12048	0
153416	11977	0
153416	11978	0
153416	11979	0
153416	11980	0
153416	11981	1
153416	11982	0
153417	11899	0
153417	11900	0
153417	11901	0
153417	11902	0
153417	11903	0
153417	11904	0
153418	11977	0
153418	11978	1
153418	11979	0
153418	11980	0
153418	11981	0
153418	11982	0
153419	12043	0
153419	12044	0
153419	12045	0
153419	12046	0
153419	12047	0
153419	12048	0
153557	12043	0
153557	12044	0
153557	12045	0
153557	12046	0
153557	12047	0
153557	12048	0
153650	11066	0
153650	11067	0
153650	11068	2
153650	11069	0
153650	11070	0
153650	11071	0
153651	11066	0
153651	11067	0
153651	11068	0
153651	11069	0
153651	11070	0
153651	11071	1
153652	11066	0
153652	11067	0
153652	11068	0
153652	11069	0
153652	11070	0
153652	11071	0
153748	10640	0
153748	10641	0
153748	10642	2
153748	10643	0
153748	10644	0
153748	10645	2
153749	10640	0
153749	10641	0
153749	10642	0
153749	10643	0
153749	10644	0
153749	10645	0
153750	10640	2
153750	10641	0
153750	10642	2
153750	10643	0
153750	10644	0
153750	10645	0
153899	12043	0
153899	12044	0
153899	12045	0
153899	12046	0
153899	12047	0
153899	12048	0
153900	11899	0
153900	11900	0
153900	11901	0
153900	11902	0
153900	11903	0
153900	11904	0
153901	11977	0
153901	11978	1
153901	11979	0
153901	11980	0
153901	11981	0
153901	11982	0
153902	11977	0
153902	11978	0
153902	11979	0
153902	11980	0
153902	11981	1
153902	11982	0
153903	11899	0
153903	11900	0
153903	11901	0
153903	11902	0
153903	11903	0
153903	11904	3
153904	11977	0
153904	11978	0
153904	11979	0
153904	11980	0
153904	11981	0
153904	11982	0
153905	12043	0
153905	12044	0
153905	12045	4
153905	12046	0
153905	12047	0
153905	12048	0
154393	8633	0
154393	8634	0
154393	8635	0
154393	8636	0
154393	8637	0
154393	8638	0
154702	10526	0
154702	10527	0
154702	10528	0
154702	10529	1
154702	10530	0
154702	10531	0
154703	10526	0
154703	10527	0
154703	10528	0
154703	10529	1
154703	10530	0
154703	10531	0
154704	10526	0
154704	10527	0
154704	10528	0
154704	10529	0
154704	10530	0
154704	10531	0
154722	8687	0
154722	8688	0
154722	8689	2
154722	8690	0
154722	8691	1
154722	8692	0
154728	8687	0
154728	8688	1
154728	8689	1
154728	8690	1
154728	8691	0
154728	8692	0
154732	8687	0
154732	8688	0
154732	8689	2
154732	8690	1
154732	8691	0
154732	8692	0
154733	10526	0
154733	10527	0
154733	10528	0
154733	10529	0
154733	10530	0
154733	10531	0
154734	10526	0
154734	10527	0
154734	10528	0
154734	10529	1
154734	10530	0
154734	10531	0
154871	8842	0
154871	8843	0
154871	8844	1
154871	8845	0
154871	8846	0
154871	8847	0
154925	8789	0
154925	8790	1
154925	8791	0
154925	8792	0
154925	8793	0
154925	8794	0
154968	9042	0
154968	9043	0
154968	9044	1
154968	9045	0
154968	9046	0
154968	9047	0
154981	8717	1
154981	8718	0
154981	8719	0
154981	8720	0
154981	8721	0
154981	8722	0
155009	9100	0
155009	9101	0
155009	9102	0
155009	9103	0
155009	9104	0
155009	9105	0
155013	8681	0
155013	8682	1
155013	8683	0
155013	8684	1
155013	8685	0
155013	8686	0
155016	8549	0
155016	8550	0
155016	8551	0
155016	8552	0
155016	8553	0
155016	8554	1
155017	8783	0
155017	8784	0
155017	8785	0
155017	8786	0
155017	8787	1
155017	8788	0
155018	9112	0
155018	9113	0
155018	9114	0
155018	9115	0
155018	9116	0
155018	9117	0
155080	8777	0
155080	8778	0
155080	8779	0
155080	8780	0
155080	8781	0
155080	8782	0
155108	8878	0
155108	8879	0
155108	8880	1
155108	8881	1
155108	8882	0
155108	8883	1
155114	8842	0
155114	8843	1
155114	8844	1
155114	8845	0
155114	8846	0
155114	8847	0
155118	9112	1
155118	9113	1
155118	9114	0
155118	9115	0
155118	9116	0
155118	9117	0
155120	8976	0
155120	8977	1
155120	8978	0
155120	8979	0
155120	8980	0
155120	8981	0
155146	9100	0
155146	9101	2
155146	9102	0
155146	9103	1
155146	9104	0
155146	9105	0
155176	9042	0
155176	9043	0
155176	9044	0
155176	9045	0
155176	9046	1
155176	9047	0
155179	8681	0
155179	8682	0
155179	8683	0
155179	8684	0
155179	8685	0
155179	8686	0
155188	8717	0
155188	8718	0
155188	8719	0
155188	8720	0
155188	8721	0
155188	8722	0
155208	8783	0
155208	8784	0
155208	8785	0
155208	8786	0
155208	8787	0
155208	8788	0
155209	8549	0
155209	8550	0
155209	8551	0
155209	8552	0
155209	8553	1
155209	8554	0
155218	8789	0
155218	8790	2
155218	8791	0
155218	8792	2
155218	8793	0
155218	8794	0
155228	8878	0
155228	8879	0
155228	8880	0
155228	8881	0
155228	8882	0
155228	8883	0
155260	8681	0
155260	8682	0
155260	8683	0
155260	8684	0
155260	8685	0
155260	8686	0
155268	8842	1
155268	8843	0
155268	8844	0
155268	8845	0
155268	8846	1
155268	8847	0
155281	10200	0
155281	10201	0
155281	10202	0
155281	10203	0
155281	10204	0
155281	10205	0
155331	10200	0
155331	10201	1
155331	10202	0
155331	10203	0
155331	10204	0
155331	10205	0
155541	8789	0
155541	8790	0
155541	8791	0
155541	8792	0
155541	8793	0
155541	8794	0
155552	8549	0
155552	8550	0
155552	8551	1
155552	8552	0
155552	8553	0
155552	8554	0
155553	8783	0
155553	8784	0
155553	8785	0
155553	8786	0
155553	8787	1
155553	8788	2
155558	10200	0
155558	10201	0
155558	10202	0
155558	10203	0
155558	10204	0
155558	10205	0
155562	8777	0
155562	8778	0
155562	8779	0
155562	8780	0
155562	8781	2
155562	8782	1
155589	8669	0
155589	8670	0
155589	8671	0
155589	8672	0
155589	8673	0
155589	8674	0
155590	8669	0
155590	8670	0
155590	8671	0
155590	8672	0
155590	8673	0
155590	8674	0
155591	8669	0
155591	8670	1
155591	8671	0
155591	8672	0
155591	8673	0
155591	8674	0
155596	8777	0
155596	8778	0
155596	8779	3
155596	8780	0
155596	8781	0
155596	8782	0
155600	8717	0
155600	8718	0
155600	8719	0
155600	8720	0
155600	8721	1
155600	8722	0
155603	9042	0
155603	9043	0
155603	9044	1
155603	9045	0
155603	9046	0
155603	9047	0
155635	9054	0
155635	9055	0
155635	9056	0
155635	9057	0
155636	9054	0
155636	9055	0
155636	9056	0
155636	9057	0
155637	9054	0
155637	9055	0
155637	9056	0
155637	9057	0
155653	9112	0
155653	9113	0
155653	9114	0
155653	9115	0
155653	9116	0
155653	9117	0
155654	9100	0
155654	9101	0
155654	9102	1
155654	9103	1
155654	9104	0
155654	9105	0
155668	8627	0
155668	8628	1
155668	8629	0
155668	8630	1
155668	8631	0
155668	8632	0
155669	8627	0
155669	8628	0
155669	8629	0
155669	8630	0
155669	8631	0
155669	8632	1
155670	8627	0
155670	8628	0
155670	8629	0
155670	8630	0
155670	8631	0
155670	8632	0
155797	9136	0
155797	9137	0
155797	9138	0
155797	9139	0
155797	9140	0
155797	9141	0
155798	9136	0
155798	9137	0
155798	9138	0
155798	9139	0
155798	9140	0
155798	9141	1
155799	9070	0
155799	9071	0
155799	9072	0
155799	9073	0
155799	9074	0
155799	9075	0
155800	9070	0
155800	9071	0
155800	9072	0
155800	9073	0
155800	9074	0
155800	9075	1
155809	9018	0
155809	9019	0
155809	9020	0
155809	9021	0
155809	9022	0
155809	9023	0
155810	8860	0
155810	8861	0
155810	8862	1
155810	8863	0
155810	8864	0
155810	8865	0
155814	8860	0
155814	8861	0
155814	8862	0
155814	8863	1
155814	8864	0
155814	8865	0
155824	9018	0
155824	9019	0
155824	9020	1
155824	9021	0
155824	9022	0
155824	9023	0
155830	8639	0
155830	8640	0
155830	8641	0
155830	8642	0
155830	8643	0
155830	8644	1
155837	8639	0
155837	8640	0
155837	8641	1
155837	8642	1
155837	8643	0
155837	8644	1
156074	9070	0
156074	9071	0
156074	9072	0
156074	9073	0
156074	9074	0
156074	9075	0
156078	8878	0
156078	8879	0
156078	8880	0
156078	8881	1
156078	8882	1
156078	8883	0
156364	8789	0
156364	8790	1
156364	8791	0
156364	8792	0
156364	8793	0
156364	8794	0
156365	8789	0
156365	8790	2
156365	8791	0
156365	8792	2
156365	8793	0
156365	8794	0
156366	8789	0
156366	8790	0
156366	8791	0
156366	8792	0
156366	8793	0
156366	8794	0
156367	8687	0
156367	8688	0
156367	8689	2
156367	8690	0
156367	8691	1
156367	8692	0
156368	8687	0
156368	8688	0
156368	8689	2
156368	8690	1
156368	8691	0
156368	8692	0
156369	8687	0
156369	8688	1
156369	8689	1
156369	8690	1
156369	8691	0
156369	8692	0
156370	10526	0
156370	10527	0
156370	10528	0
156370	10529	1
156370	10530	0
156370	10531	0
156450	8633	0
156450	8634	0
156450	8635	0
156450	8636	0
156450	8637	0
156450	8638	0
156454	8633	1
156454	8634	0
156454	8635	0
156454	8636	0
156454	8637	0
156454	8638	0
156462	8633	1
156462	8634	0
156462	8635	0
156462	8636	0
156462	8637	0
156462	8638	0
156479	8777	0
156479	8778	0
156479	8779	0
156479	8780	0
156479	8781	0
156479	8782	0
156480	8777	0
156480	8778	0
156480	8779	0
156480	8780	0
156480	8781	2
156480	8782	1
156481	8777	0
156481	8778	0
156481	8779	3
156481	8780	0
156481	8781	0
156481	8782	0
156545	8681	0
156545	8682	1
156545	8683	0
156545	8684	1
156545	8685	0
156545	8686	0
156546	8681	0
156546	8682	0
156546	8683	0
156546	8684	0
156546	8685	0
156546	8686	0
156547	8681	0
156547	8682	0
156547	8683	0
156547	8684	0
156547	8685	0
156547	8686	0
156554	9112	0
156554	9113	0
156554	9114	0
156554	9115	0
156554	9116	0
156554	9117	0
156555	9100	0
156555	9101	0
156555	9102	0
156555	9103	0
156555	9104	0
156555	9105	0
156558	8717	1
156558	8718	0
156558	8719	0
156558	8720	0
156558	8721	0
156558	8722	0
156559	9042	0
156559	9043	0
156559	9044	1
156559	9045	0
156559	9046	0
156559	9047	0
156560	9112	1
156560	9113	1
156560	9114	0
156560	9115	0
156560	9116	0
156560	9117	0
156561	9100	0
156561	9101	2
156561	9102	0
156561	9103	1
156561	9104	0
156561	9105	0
156563	8717	0
156563	8718	0
156563	8719	0
156563	8720	0
156563	8721	0
156563	8722	0
156564	9042	0
156564	9043	0
156564	9044	0
156564	9045	0
156564	9046	1
156564	9047	0
156566	9112	0
156566	9113	0
156566	9114	0
156566	9115	0
156566	9116	0
156566	9117	0
156567	9100	0
156567	9101	0
156567	9102	1
156567	9103	1
156567	9104	0
156567	9105	0
156570	9042	0
156570	9043	0
156570	9044	1
156570	9045	0
156570	9046	0
156570	9047	0
156571	8717	0
156571	8718	0
156571	8719	0
156571	8720	0
156571	8721	1
156571	8722	0
156584	8783	0
156584	8784	0
156584	8785	0
156584	8786	0
156584	8787	1
156584	8788	0
156585	8549	0
156585	8550	0
156585	8551	0
156585	8552	0
156585	8553	0
156585	8554	1
156586	8783	0
156586	8784	0
156586	8785	0
156586	8786	0
156586	8787	0
156586	8788	0
156587	8549	0
156587	8550	0
156587	8551	0
156587	8552	0
156587	8553	1
156587	8554	0
156588	8549	0
156588	8550	0
156588	8551	1
156588	8552	0
156588	8553	0
156588	8554	0
156589	8783	0
156589	8784	0
156589	8785	0
156589	8786	0
156589	8787	1
156589	8788	2
156604	8842	0
156604	8843	1
156604	8844	1
156604	8845	0
156604	8846	0
156604	8847	0
156605	8842	0
156605	8843	0
156605	8844	1
156605	8845	0
156605	8846	0
156605	8847	0
156606	8842	1
156606	8843	0
156606	8844	0
156606	8845	0
156606	8846	1
156606	8847	0
156639	10200	0
156639	10201	0
156639	10202	0
156639	10203	0
156639	10204	0
156639	10205	0
156640	10200	0
156640	10201	1
156640	10202	0
156640	10203	0
156640	10204	0
156640	10205	0
156641	10200	0
156641	10201	0
156641	10202	0
156641	10203	0
156641	10204	0
156641	10205	0
156648	9054	0
156648	9055	0
156648	9056	0
156648	9057	0
156649	9054	0
156649	9055	0
156649	9056	0
156649	9057	0
156650	9054	0
156650	9055	0
156650	9056	0
156650	9057	0
156669	8669	0
156669	8670	0
156669	8671	0
156669	8672	0
156669	8673	0
156669	8674	0
156670	8669	0
156670	8670	0
156670	8671	0
156670	8672	0
156670	8673	0
156670	8674	0
156671	8669	0
156671	8670	1
156671	8671	0
156671	8672	0
156671	8673	0
156671	8674	0
156672	8627	0
156672	8628	1
156672	8629	0
156672	8630	1
156672	8631	0
156672	8632	0
156673	8627	0
156673	8628	0
156673	8629	0
156673	8630	0
156673	8631	0
156673	8632	1
156674	8627	0
156674	8628	0
156674	8629	0
156674	8630	0
156674	8631	0
156674	8632	0
156692	8878	0
156692	8879	0
156692	8880	1
156692	8881	1
156692	8882	0
156692	8883	1
156693	8878	0
156693	8879	0
156693	8880	0
156693	8881	0
156693	8882	0
156693	8883	0
156694	8878	0
156694	8879	0
156694	8880	0
156694	8881	1
156694	8882	1
156694	8883	0
156741	8890	0
156741	8891	1
156741	8892	0
156741	8893	0
156741	8894	0
156741	8895	0
156742	8890	0
156742	8891	0
156742	8892	0
156742	8893	0
156742	8894	0
156742	8895	0
156757	8896	0
156757	8897	0
156757	8898	0
156757	8899	0
156757	8900	0
156757	8901	0
156847	8735	1
156847	8736	0
156847	8737	0
156847	8738	0
156847	8739	0
156847	8740	0
156860	8854	0
156860	8855	0
156860	8856	0
156860	8857	0
156860	8858	0
156860	8859	1
156861	8854	0
156861	8855	0
156861	8856	0
156861	8857	1
156861	8858	0
156861	8859	2
156865	8723	0
156865	8724	0
156865	8725	1
156865	8726	0
156865	8727	1
156865	8728	1
156866	8723	0
156866	8724	0
156866	8725	0
156866	8726	0
156866	8727	0
156866	8728	1
156867	8723	1
156867	8724	0
156867	8725	0
156867	8726	0
156867	8727	1
156867	8728	0
156937	8976	0
156937	8977	0
156937	8978	0
156937	8979	0
156937	8980	0
156937	8981	0
156960	8723	0
156960	8724	0
156960	8725	1
156960	8726	0
156960	8727	1
156960	8728	1
156961	8723	0
156961	8724	0
156961	8725	0
156961	8726	0
156961	8727	0
156961	8728	1
156962	8723	1
156962	8724	0
156962	8725	0
156962	8726	0
156962	8727	1
156962	8728	0
156963	8854	0
156963	8855	0
156963	8856	0
156963	8857	0
156963	8858	0
156963	8859	1
156964	8854	0
156964	8855	0
156964	8856	0
156964	8857	1
156964	8858	0
156964	8859	2
156983	8633	0
156983	8634	0
156983	8635	2
156983	8636	0
156983	8637	1
156983	8638	0
157005	8609	0
157005	8610	0
157005	8611	0
157005	8612	1
157005	8613	0
157005	8614	0
157006	8621	0
157006	8622	0
157006	8623	0
157006	8624	0
157006	8625	0
157006	8626	0
157007	8609	0
157007	8610	0
157007	8611	0
157007	8612	0
157007	8613	0
157007	8614	0
157008	8621	0
157008	8622	0
157008	8623	0
157008	8624	0
157008	8625	0
157008	8626	0
157072	8759	0
157072	8760	2
157072	8761	0
157072	8762	0
157072	8763	2
157072	8764	0
157073	8759	1
157073	8760	0
157073	8761	0
157073	8762	0
157073	8763	0
157073	8764	0
157074	8759	0
157074	8760	2
157074	8761	0
157074	8762	0
157074	8763	0
157074	8764	0
157105	8759	0
157105	8760	2
157105	8761	0
157105	8762	0
157105	8763	2
157105	8764	0
157106	8759	1
157106	8760	0
157106	8761	0
157106	8762	0
157106	8763	0
157106	8764	0
157107	8759	0
157107	8760	2
157107	8761	0
157107	8762	0
157107	8763	0
157107	8764	0
157171	12990	0
157171	12991	0
157171	12992	0
157171	12993	0
157171	12994	1
157171	12995	0
157172	12990	0
157172	12991	0
157172	12992	0
157172	12993	0
157172	12994	0
157172	12995	0
157173	12990	0
157173	12991	0
157173	12992	0
157173	12993	0
157173	12994	0
157173	12995	0
157182	8976	0
157182	8977	0
157182	8978	0
157182	8979	0
157182	8980	0
157182	8981	0
157185	8735	1
157185	8736	0
157185	8737	0
157185	8738	0
157185	8739	0
157185	8740	0
157186	8735	0
157186	8736	0
157186	8737	0
157186	8738	0
157186	8739	0
157186	8740	0
157187	8729	0
157187	8730	0
157187	8731	0
157187	8732	0
157187	8733	0
157187	8734	0
157188	8729	0
157188	8730	0
157188	8731	0
157188	8732	0
157188	8733	0
157188	8734	0
157189	8729	0
157189	8730	0
157189	8731	0
157189	8732	0
157189	8733	0
157189	8734	0
157302	10574	0
157302	10575	0
157302	10576	0
157302	10577	0
157302	10578	0
157302	10579	0
157306	8765	0
157306	8766	0
157306	8767	0
157306	8768	2
157306	8769	0
157306	8770	1
157307	8765	0
157307	8766	1
157307	8767	1
157307	8768	1
157307	8769	0
157307	8770	0
157308	8765	0
157308	8766	0
157308	8767	0
157308	8768	0
157308	8769	0
157308	8770	0
157309	10395	0
157309	10396	0
157309	10397	1
157309	10398	0
157309	10399	0
157309	10400	0
157316	10580	1
157316	10581	0
157316	10582	0
157316	10583	2
157316	10584	0
157316	10585	0
157340	11066	0
157340	11067	0
157340	11068	0
157340	11069	0
157340	11070	1
157340	11071	0
157343	10520	1
157343	10521	1
157343	10522	1
157343	10523	0
157343	10524	0
157343	10525	0
157372	10791	0
157372	10792	0
157372	10793	0
157372	10794	0
157372	10795	0
157372	10796	0
157381	11700	0
157381	11701	0
157381	11702	0
157381	11703	0
157381	11704	0
157381	11705	0
157409	10580	1
157409	10581	0
157409	10582	0
157409	10583	1
157409	10584	1
157409	10585	1
157410	10520	1
157410	10521	0
157410	10522	0
157410	10523	0
157410	10524	0
157410	10525	1
157411	11610	0
157411	11611	0
157411	11612	0
157411	11613	2
157411	11614	0
157411	11615	0
157427	10791	0
157427	10792	0
157427	10793	1
157427	10794	0
157427	10795	1
157427	10796	0
157473	11700	0
157473	11701	0
157473	11702	0
157473	11703	0
157473	11704	0
157473	11705	0
157503	10574	0
157503	10575	0
157503	10576	0
157503	10577	0
157503	10578	0
157503	10579	0
157504	10574	0
157504	10575	0
157504	10576	0
157504	10577	0
157504	10578	0
157504	10579	0
157506	10640	0
157506	10641	0
157506	10642	0
157506	10643	0
157506	10644	1
157506	10645	0
157507	10640	0
157507	10641	0
157507	10642	0
157507	10643	1
157507	10644	0
157507	10645	0
157519	10580	0
157519	10581	0
157519	10582	0
157519	10583	0
157519	10584	0
157519	10585	0
157533	11066	0
157533	11067	0
157533	11068	0
157533	11069	0
157533	11070	0
157533	11071	0
157537	10791	0
157537	10792	0
157537	10793	0
157537	10794	0
157537	10795	0
157537	10796	0
157546	11700	0
157546	11701	0
157546	11702	0
157546	11703	0
157546	11704	0
157546	11705	1
157559	10419	0
157559	10420	0
157559	10421	0
157559	10422	0
157559	10423	1
157559	10424	0
157560	10419	0
157560	10420	0
157560	10421	0
157560	10422	0
157560	10423	0
157560	10424	0
157561	11066	0
157561	11067	0
157561	11068	0
157561	11069	0
157561	11070	0
157561	11071	0
157566	10520	1
157566	10521	0
157566	10522	0
157566	10523	0
157566	10524	0
157566	10525	0
157650	10478	0
157650	10479	2
157650	10480	0
157650	10481	0
157650	10482	0
157650	10483	0
157652	10550	0
157652	10551	0
157652	10552	0
157652	10553	0
157652	10554	0
157652	10555	1
157655	10646	0
157655	10647	0
157655	10648	0
157655	10649	0
157655	10650	0
157655	10651	0
157656	10407	0
157656	10408	0
157656	10409	0
157656	10410	0
157656	10411	1
157656	10412	0
157657	10634	0
157657	10635	0
157657	10636	0
157657	10637	3
157657	10638	0
157657	10639	1
157658	10562	0
157658	10563	0
157658	10564	0
157658	10565	0
157658	10566	0
157658	10567	0
157659	10478	1
157659	10479	0
157659	10480	2
157659	10481	0
157659	10482	0
157659	10483	0
157661	10550	0
157661	10551	0
157661	10552	0
157661	10553	0
157661	10554	0
157661	10555	0
157662	10634	0
157662	10635	1
157662	10636	0
157662	10637	4
157662	10638	0
157662	10639	1
157663	10407	0
157663	10408	0
157663	10409	0
157663	10410	1
157663	10411	0
157663	10412	0
157664	10562	0
157664	10563	0
157664	10564	1
157664	10565	0
157664	10566	1
157664	10567	0
157673	10646	0
157673	10647	0
157673	10648	0
157673	10649	0
157673	10650	0
157673	10651	0
157674	10478	0
157674	10479	1
157674	10480	0
157674	10481	0
157674	10482	0
157674	10483	1
157676	10550	1
157676	10551	0
157676	10552	1
157676	10553	2
157676	10554	0
157676	10555	1
157679	10646	0
157679	10647	0
157679	10648	0
157679	10649	0
157679	10650	0
157679	10651	1
157680	10634	1
157680	10635	2
157680	10636	0
157680	10637	1
157680	10638	0
157680	10639	0
157681	10562	0
157681	10563	0
157681	10564	1
157681	10565	1
157681	10566	0
157681	10567	0
157705	10592	0
157705	10593	0
157705	10594	0
157705	10595	0
157705	10596	0
157705	10597	0
157706	10592	0
157706	10593	0
157706	10594	0
157706	10595	0
157706	10596	0
157706	10597	0
157707	10592	0
157707	10593	1
157707	10594	0
157707	10595	2
157707	10596	0
157707	10597	0
157716	10437	0
157716	10438	0
157716	10439	0
157716	10440	0
157716	10441	0
157716	10442	0
157718	10437	0
157718	10438	0
157718	10439	0
157718	10440	0
157718	10441	0
157718	10442	1
157719	10437	2
157719	10438	0
157719	10439	0
157719	10440	0
157719	10441	0
157719	10442	0
157730	11610	1
157730	11611	0
157730	11612	0
157730	11613	0
157730	11614	0
157730	11615	0
157737	10773	0
157737	10774	0
157737	10775	0
157737	10776	0
157737	10777	0
157737	10778	0
157738	10773	0
157738	10774	0
157738	10775	0
157738	10776	0
157738	10777	0
157738	10778	0
157739	10773	0
157739	10774	1
157739	10775	0
157739	10776	0
157739	10777	0
157739	10778	0
157740	10737	1
157740	10738	0
157740	10739	0
157740	10740	0
157740	10741	0
157740	10742	0
157741	10737	0
157741	10738	0
157741	10739	0
157741	10740	0
157741	10741	0
157741	10742	0
157742	10737	0
157742	10738	1
157742	10739	0
157742	10740	0
157742	10741	0
157742	10742	0
157743	10496	0
157743	10497	0
157743	10498	0
157743	10499	0
157743	10500	0
157743	10501	0
157744	10496	0
157744	10497	0
157744	10498	0
157744	10499	0
157744	10500	0
157744	10501	0
157745	10496	0
157745	10497	1
157745	10498	0
157745	10499	0
157745	10500	0
157745	10501	0
157748	10449	0
157748	10450	0
157748	10451	1
157748	10452	0
157748	10453	0
157750	10449	0
157750	10450	0
157750	10451	0
157750	10452	0
157750	10453	0
157752	10449	0
157752	10450	0
157752	10451	0
157752	10452	0
157752	10453	0
157892	10791	0
157892	10792	0
157892	10793	0
157892	10794	0
157892	10795	0
157892	10796	0
157893	10791	0
157893	10792	0
157893	10793	1
157893	10794	0
157893	10795	1
157893	10796	0
157894	10791	0
157894	10792	0
157894	10793	0
157894	10794	0
157894	10795	0
157894	10796	0
157901	10574	0
157901	10575	0
157901	10576	0
157901	10577	0
157901	10578	0
157901	10579	0
157902	10574	0
157902	10575	0
157902	10576	0
157902	10577	0
157902	10578	0
157902	10579	0
157903	10574	0
157903	10575	0
157903	10576	0
157903	10577	0
157903	10578	0
157903	10579	0
158646	10592	0
158646	10593	0
158646	10594	0
158646	10595	0
158646	10596	0
158646	10597	0
158647	10592	0
158647	10593	0
158647	10594	0
158647	10595	0
158647	10596	0
158647	10597	0
158648	10592	0
158648	10593	1
158648	10594	0
158648	10595	2
158648	10596	0
158648	10597	0
159237	11847	0
159237	11848	0
159237	11849	0
159237	11850	1
159237	11851	0
159237	11852	0
159259	12078	0
159259	12079	1
159259	12080	1
159259	12081	0
159259	12082	0
159408	11847	1
159408	11848	0
159408	11849	0
159408	11850	0
159408	11851	0
159408	11852	0
159412	12078	1
159412	12079	0
159412	12080	0
159412	12081	0
159412	12082	0
159476	11847	0
159476	11848	0
159476	11849	0
159476	11850	0
159476	11851	0
159476	11852	0
159560	12078	0
159560	12079	0
159560	12080	0
159560	12081	0
159560	12082	0
159681	12185	0
159681	12186	0
159681	12187	0
159681	12188	0
159681	12189	2
159681	12190	0
159682	11923	0
159682	11924	0
159682	11925	1
159682	11926	2
159682	11927	0
159682	11928	0
159683	12185	0
159683	12186	0
159683	12187	0
159683	12188	0
159683	12189	0
159683	12190	0
159819	11905	0
159819	11906	0
159819	11907	0
159819	11908	0
159819	11909	0
159819	11910	1
159820	11905	0
159820	11906	0
159820	11907	0
159820	11908	0
159820	11909	1
159820	11910	0
159840	11899	0
159840	11900	0
159840	11901	0
159840	11902	0
159840	11903	0
159840	11904	0
159855	8687	0
159855	8688	0
159855	8689	1
159855	8690	1
159855	8691	0
159855	8692	0
159856	8687	0
159856	8688	0
159856	8689	1
159856	8690	1
159856	8691	0
159856	8692	1
159858	10526	0
159858	10527	0
159858	10528	0
159858	10529	0
159858	10530	0
159858	10531	0
159859	10526	0
159859	10527	0
159859	10528	0
159859	10529	0
159859	10530	0
159859	10531	0
159860	10526	0
159860	10527	0
159860	10528	0
159860	10529	0
159860	10530	1
159860	10531	0
160143	8896	0
160143	8897	1
160143	8898	2
160143	8899	0
160143	8900	0
160143	8901	0
160148	8976	0
160148	8977	0
160148	8978	0
160148	8979	0
160148	8980	0
160148	8981	0
160149	9054	1
160149	9055	0
160149	9056	1
160149	9057	0
160153	8681	0
160153	8682	0
160153	8683	0
160153	8684	0
160153	8685	0
160153	8686	0
160183	8860	0
160183	8861	0
160183	8862	0
160183	8863	0
160183	8864	0
160183	8865	0
160194	12990	0
160194	12991	0
160194	12992	0
160194	12993	0
160194	12994	0
160194	12995	0
160195	12990	0
160195	12991	0
160195	12992	0
160195	12993	0
160195	12994	1
160195	12995	0
160200	12990	0
160200	12991	0
160200	12992	0
160200	12993	0
160200	12994	1
160200	12995	0
160201	9142	0
160201	9143	0
160201	9144	0
160201	9145	0
160201	9146	0
160201	9147	1
160207	8842	0
160207	8843	0
160207	8844	0
160207	8845	0
160207	8846	0
160207	8847	1
160208	8976	1
160208	8977	0
160208	8978	0
160208	8979	0
160208	8980	0
160208	8981	0
160254	8878	0
160254	8879	2
160254	8880	0
160254	8881	0
160254	8882	0
160254	8883	1
160255	8633	0
160255	8634	0
160255	8635	0
160255	8636	1
160255	8637	0
160255	8638	0
160258	9112	0
160258	9113	0
160258	9114	0
160258	9115	0
160258	9116	0
160258	9117	0
160261	9112	0
160261	9113	0
160261	9114	0
160261	9115	0
160261	9116	1
160261	9117	0
160268	8789	0
160268	8790	0
160268	8791	0
160268	8792	0
160268	8793	0
160268	8794	1
160276	8681	0
160276	8682	0
160276	8683	0
160276	8684	0
160276	8685	0
160276	8686	1
160287	8842	0
160287	8843	0
160287	8844	1
160287	8845	0
160287	8846	0
160287	8847	0
160291	8633	0
160291	8634	0
160291	8635	0
160291	8636	1
160291	8637	1
160291	8638	0
160299	8896	1
160299	8897	1
160299	8898	0
160299	8899	0
160299	8900	0
160299	8901	0
160318	9054	0
160318	9055	0
160318	9056	0
160318	9057	0
160320	8765	0
160320	8766	0
160320	8767	0
160320	8768	0
160320	8769	0
160320	8770	1
160321	8765	0
160321	8766	0
160321	8767	0
160321	8768	0
160321	8769	0
160321	8770	0
160322	8789	1
160322	8790	0
160322	8791	0
160322	8792	0
160322	8793	0
160322	8794	0
160343	8976	0
160343	8977	0
160343	8978	0
160343	8979	0
160343	8980	0
160343	8981	0
160348	8669	0
160348	8670	0
160348	8671	0
160348	8672	0
160348	8673	0
160348	8674	0
160349	8669	0
160349	8670	0
160349	8671	0
160349	8672	0
160349	8673	0
160349	8674	0
160350	8669	0
160350	8670	0
160350	8671	0
160350	8672	0
160350	8673	1
160350	8674	0
160361	8842	0
160361	8843	0
160361	8844	0
160361	8845	1
160361	8846	0
160361	8847	0
160363	8854	0
160363	8855	0
160363	8856	0
160363	8857	0
160363	8858	0
160363	8859	0
160364	8854	0
160364	8855	0
160364	8856	0
160364	8857	0
160364	8858	1
160364	8859	0
160368	8681	0
160368	8682	0
160368	8683	0
160368	8684	0
160368	8685	0
160368	8686	0
160369	8896	0
160369	8897	0
160369	8898	1
160369	8899	0
160369	8900	0
160369	8901	0
160371	8854	0
160371	8855	0
160371	8856	0
160371	8857	0
160371	8858	0
160371	8859	0
160381	9142	0
160381	9143	1
160381	9144	0
160381	9145	0
160381	9146	0
160381	9147	0
160387	9112	1
160387	9113	0
160387	9114	0
160387	9115	0
160387	9116	0
160387	9117	0
160400	8789	0
160400	8790	0
160400	8791	0
160400	8792	0
160400	8793	0
160400	8794	0
160401	8765	1
160401	8766	0
160401	8767	0
160401	8768	0
160401	8769	0
160401	8770	0
160427	8627	0
160427	8628	0
160427	8629	0
160427	8630	0
160427	8631	0
160427	8632	1
160430	8627	0
160430	8628	0
160430	8629	0
160430	8630	1
160430	8631	0
160430	8632	0
160431	8627	0
160431	8628	0
160431	8629	0
160431	8630	0
160431	8631	0
160431	8632	1
160432	9142	0
160432	9143	0
160432	9144	0
160432	9145	0
160432	9146	0
160432	9147	0
160435	8860	0
160435	8861	0
160435	8862	0
160435	8863	0
160435	8864	0
160435	8865	0
160453	8878	0
160453	8879	0
160453	8880	0
160453	8881	0
160453	8882	0
160453	8883	0
160455	8878	0
160455	8879	0
160455	8880	7
160455	8881	0
160455	8882	0
160455	8883	0
160500	8633	0
160500	8634	0
160500	8635	0
160500	8636	0
160500	8637	0
160500	8638	0
160514	11899	0
160514	11900	0
160514	11901	0
160514	11902	0
160514	11903	1
160514	11904	0
160515	11977	0
160515	11978	0
160515	11979	0
160515	11980	0
160515	11981	0
160515	11982	0
160516	12043	0
160516	12044	0
160516	12045	1
160516	12046	0
160516	12047	0
160516	12048	0
160517	11899	0
160517	11900	0
160517	11901	0
160517	11902	0
160517	11903	0
160517	11904	1
160518	11977	0
160518	11978	0
160518	11979	0
160518	11980	0
160518	11981	0
160518	11982	0
160519	12043	0
160519	12044	0
160519	12045	0
160519	12046	0
160519	12047	0
160519	12048	0
160520	11899	0
160520	11900	0
160520	11901	0
160520	11902	0
160520	11903	1
160520	11904	0
160521	11977	0
160521	11978	0
160521	11979	0
160521	11980	0
160521	11981	0
160521	11982	1
160522	12043	0
160522	12044	0
160522	12045	2
160522	12046	0
160522	12047	0
160522	12048	0
160524	8860	0
160524	8861	0
160524	8862	0
160524	8863	0
160524	8864	0
160524	8865	0
160578	9054	0
160578	9055	0
160578	9056	0
160578	9057	0
160585	10490	0
160585	10491	0
160585	10492	0
160585	10493	0
160585	10494	0
160585	10495	0
160586	10490	1
160586	10491	0
160586	10492	0
160586	10493	0
160586	10494	0
160586	10495	0
160587	10490	0
160587	10491	0
160587	10492	0
160587	10493	0
160587	10494	0
160587	10495	0
160591	8723	0
160591	8724	0
160591	8725	0
160591	8726	0
160591	8727	0
160591	8728	0
160592	8723	0
160592	8724	0
160592	8725	1
160592	8726	0
160592	8728	1
160593	8723	0
160593	8724	0
160593	8725	0
160593	8726	0
160593	8727	0
160593	8728	0
160598	8621	2
160598	8622	0
160598	8623	0
160598	8624	0
160598	8625	0
160598	8626	0
160599	8609	0
160599	8610	0
160599	8611	0
160599	8612	0
160599	8613	0
160599	8614	0
160600	8621	0
160600	8622	0
160600	8623	2
160600	8624	1
160600	8625	0
160600	8626	0
160601	8609	0
160601	8610	0
160601	8611	0
160601	8612	1
160601	8613	0
160601	8614	0
160602	8621	0
160602	8622	0
160602	8623	0
160602	8624	1
160602	8625	0
160602	8626	0
160603	8609	0
160603	8610	0
160603	8611	0
160603	8612	0
160603	8613	0
160603	8614	0
160813	8729	0
160813	8730	0
160813	8731	0
160813	8732	0
160813	8733	0
160813	8734	0
160814	8729	0
160814	8730	1
160814	8731	0
160814	8732	0
160814	8733	0
160814	8734	0
160815	8729	0
160815	8730	0
160815	8731	0
160815	8732	0
160815	8733	0
160815	8734	0
160816	8735	1
160816	8736	0
160816	8737	0
160816	8738	0
160816	8739	0
160816	8740	0
160817	8735	0
160817	8736	0
160817	8737	0
160817	8738	0
160817	8739	0
160817	8740	0
160818	8735	1
160818	8736	0
160818	8737	0
160818	8738	0
160818	8739	0
160818	8740	0
160825	10538	0
160825	10539	0
160825	10540	0
160825	10541	0
160825	10542	0
160825	10543	0
160826	10538	0
160826	10539	0
160826	10540	0
160826	10541	0
160826	10542	0
160826	10543	0
160872	10520	0
160872	10521	0
160872	10522	0
160872	10523	0
160872	10524	0
160872	10525	0
160879	8777	0
160879	8778	0
160879	8779	0
160879	8780	0
160879	8781	1
160879	8782	0
160880	8777	0
160880	8778	0
160880	8779	0
160880	8780	1
160880	8781	2
160880	8782	1
160881	8777	0
160881	8778	0
160881	8779	0
160881	8780	2
160881	8781	0
160881	8782	1
160943	11700	0
160943	11701	0
160943	11702	0
160943	11703	0
160943	11704	0
160943	11705	0
160949	10419	0
160949	10420	2
160949	10421	0
160949	10422	0
160949	10423	2
160949	10424	0
160950	8633	0
160950	8634	0
160950	8635	0
160950	8636	1
160950	8637	2
160950	8638	0
160951	10419	0
160951	10420	1
160951	10421	0
160951	10422	0
160951	10423	2
160951	10424	1
160955	9136	0
160955	9137	0
160955	9138	0
160955	9139	0
160955	9140	0
160955	9141	1
160957	9070	0
160957	9071	0
160957	9072	0
160957	9073	0
160957	9074	2
160957	9075	0
160970	9100	0
160970	9101	0
160970	9102	0
160970	9103	0
160970	9104	0
160970	9105	0
160972	9100	0
160972	9101	0
160972	9102	0
160972	9103	0
160972	9104	0
160972	9105	0
160988	10419	0
160988	10420	0
160988	10421	0
160988	10422	0
160988	10423	1
160988	10424	0
161007	10580	1
161007	10581	0
161007	10582	1
161007	10583	2
161007	10584	0
161007	10585	1
161008	10580	0
161008	10581	0
161008	10582	1
161008	10583	1
161008	10584	2
161008	10585	1
161011	10395	1
161011	10396	0
161011	10397	1
161011	10398	0
161011	10399	0
161011	10400	0
161012	10395	0
161012	10396	0
161012	10397	0
161012	10398	0
161012	10399	0
161012	10400	0
161014	11700	0
161014	11701	0
161014	11702	0
161014	11703	0
161014	11704	0
161014	11705	0
161035	9136	0
161035	9137	0
161035	9138	0
161035	9139	0
161035	9140	0
161035	9141	0
161036	9070	0
161036	9071	0
161036	9072	0
161036	9073	0
161036	9074	1
161036	9075	0
161047	9100	0
161047	9101	0
161047	9102	0
161047	9103	0
161047	9104	0
161047	9105	0
161053	10419	0
161053	10420	1
161053	10421	0
161053	10422	0
161053	10423	1
161053	10424	0
161111	11700	0
161111	11701	0
161111	11702	0
161111	11703	0
161111	11704	0
161111	11705	0
161121	10520	0
161121	10521	0
161121	10522	0
161121	10523	0
161121	10524	0
161121	10525	0
161130	10580	1
161130	10581	0
161130	10582	0
161130	10583	0
161130	10584	1
161130	10585	0
161131	10395	0
161131	10396	0
161131	10397	0
161131	10398	0
161131	10399	0
161131	10400	0
161152	10574	0
161152	10575	0
161152	10576	1
161152	10577	0
161152	10578	0
161152	10579	0
161153	10574	0
161153	10575	0
161153	10576	0
161153	10577	0
161153	10578	0
161153	10579	0
161154	10574	0
161154	10575	0
161154	10576	0
161154	10577	0
161154	10578	0
161154	10579	0
161161	9136	0
161161	9137	0
161161	9138	0
161161	9139	0
161161	9140	0
161161	9141	1
161162	9070	0
161162	9071	0
161162	9072	0
161162	9073	0
161162	9074	0
161162	9075	0
161182	11610	0
161182	11611	0
161182	11612	0
161182	11613	0
161182	11614	0
161182	11615	0
161183	11610	0
161183	11611	1
161183	11612	0
161183	11613	0
161183	11614	0
161183	11615	0
161184	11610	2
161184	11611	0
161184	11612	0
161184	11613	0
161184	11614	0
161184	11615	0
161262	10640	0
161262	10641	0
161262	10642	0
161262	10643	0
161262	10644	0
161262	10645	0
161263	10640	0
161263	10641	0
161263	10642	0
161263	10643	1
161263	10644	1
161263	10645	0
161264	10640	0
161264	10641	0
161264	10642	0
161264	10643	0
161264	10644	0
161264	10645	0
161350	11066	0
161350	11067	0
161350	11068	0
161350	11069	0
161350	11070	0
161350	11071	0
161351	11066	0
161351	11067	0
161351	11068	0
161351	11069	0
161351	11070	0
161351	11071	0
161588	8579	0
161588	8580	0
161588	8581	0
161588	8582	0
161588	8583	0
161588	8584	0
161589	8579	0
161589	8580	0
161589	8581	0
161589	8582	1
161589	8583	0
161589	8584	0
161590	8579	0
161590	8580	0
161590	8581	0
161590	8582	0
161590	8583	0
161590	8584	0
162027	10538	1
162027	10539	0
162027	10540	0
162027	10541	1
162027	10542	1
162027	10543	1
