ObservationID	Count
61	0
62	0
63	0
64	0
65	2
66	1
67	0
68	0
69	0
70	0
71	2
72	1
73	0
74	1
75	0
76	1
77	0
78	0
79	0
80	0
81	0
82	1
83	0
84	0
85	1
86	0
87	0
88	0
89	0
90	0
145	0
146	0
147	0
148	0
149	0
150	0
224	0
226	0
227	1
228	0
230	0
232	0
233	0
234	0
236	0
238	0
239	0
240	0
241	0
242	0
243	0
244	0
245	0
246	0
247	0
248	0
249	0
250	0
251	0
252	0
253	0
254	0
255	0
256	0
257	0
258	0
259	0
260	0
261	0
262	0
263	0
264	0
265	0
266	0
267	0
268	0
269	0
270	3
295	1
296	0
297	1
298	0
299	1
300	0
313	0
314	0
315	0
316	0
317	0
318	0
331	0
332	0
333	0
334	0
335	1
336	0
625	0
626	2
627	0
628	0
629	0
630	2
655	0
656	0
657	0
658	0
659	0
660	1
679	1
680	1
681	0
682	1
683	0
684	0
715	0
716	1
717	0
718	1
719	0
720	1
727	0
728	1
729	0
730	0
731	0
732	1
733	0
734	0
735	0
736	1
737	0
738	1
739	0
740	0
741	0
742	0
743	0
744	0
973	0
974	0
975	0
976	0
977	0
978	0
979	0
980	0
981	0
982	0
983	0
984	0
985	0
986	1
987	0
988	2
989	0
990	1
1033	0
1034	0
1035	0
1036	0
1037	0
1038	2
1039	0
1040	0
1041	1
1042	0
1043	0
1044	0
1051	0
1052	0
1053	0
1054	0
1055	0
1056	0
1063	0
1064	0
1065	0
1066	0
1067	0
1068	0
1087	1
1088	0
1089	0
1090	0
1091	0
1092	1
1093	0
1094	0
1095	0
1096	0
1097	0
1098	1
1105	0
1106	0
1107	0
1108	0
1109	0
1110	0
1207	0
1208	0
1209	2
1210	0
1211	1
1212	1
1219	0
1220	0
1221	0
1222	0
1223	1
1224	1
1225	0
1226	0
1227	1
1228	1
1229	1
1230	0
1285	0
1286	0
1287	0
1288	0
1289	0
1290	0
1345	0
1346	0
1347	0
1348	1
1349	1
1350	0
1381	0
1382	0
1383	0
1384	0
1385	0
1386	0
1393	0
1394	0
1395	0
1396	0
1397	0
1398	0
1441	0
1442	0
1443	0
1444	0
1445	0
1446	0
1459	0
1460	0
1461	0
1462	0
1463	0
1464	1
1507	1
1508	0
1509	0
1510	1
1511	0
1512	0
1513	0
1514	0
1515	1
1516	0
1517	0
1518	0
1603	0
1604	0
1605	0
1606	0
1607	1
1608	0
1609	0
1610	0
1611	0
1612	0
1613	0
1614	0
1615	0
1616	0
1617	0
1618	0
1619	0
1620	0
1729	1
1730	0
1731	1
1732	0
1733	0
1734	0
1771	0
1772	0
1773	0
1774	0
1775	0
1776	0
1777	0
1778	0
1779	0
1780	0
1781	0
1782	0
1819	0
1820	0
1821	0
1822	0
1823	0
1824	1
1831	0
1832	0
1833	0
1834	0
1835	1
1836	0
1837	0
1838	0
1839	0
1840	0
1841	0
1842	0
1843	0
1844	0
1845	0
1846	0
1847	1
1848	0
1957	3
1958	4
1959	1
1960	1
1961	3
1962	2
1963	2
1964	0
1965	1
1966	3
1967	0
1968	2
1969	3
1970	2
1971	1
1972	2
1973	0
1974	1
1981	0
1982	1
1983	0
1984	0
1985	1
1986	0
1987	0
1988	2
1989	1
1990	1
1991	1
1992	0
1993	1
1994	0
1995	1
1996	0
1997	0
1998	0
2017	0
2018	0
2019	1
2020	0
2021	0
2022	0
2023	0
2024	0
2025	0
2026	0
2027	0
2028	0
2029	0
2030	0
2031	0
2032	0
2033	0
2034	0
2113	0
2114	0
2115	0
2116	0
2117	0
2118	0
2119	0
2120	0
2121	0
2122	0
2123	0
2124	0
2125	0
2126	0
2127	0
2128	0
2129	0
2130	0
2215	1
2216	3
2217	1
2218	0
2219	0
2220	0
2221	2
2222	4
2223	1
2224	0
2225	2
2226	2
2227	3
2228	2
2229	1
2230	1
2231	1
2232	3
2551	1
2552	1
2553	0
2554	2
2555	0
2556	1
2557	0
2558	0
2559	1
2560	0
2561	0
2562	0
2563	0
2564	0
2565	0
2566	1
2567	0
2568	0
2659	0
2660	0
2661	0
2662	0
2663	0
2664	1
2677	2
2678	2
2679	2
2680	2
2681	0
2682	0
2683	0
2684	0
2685	0
2686	0
2687	0
2688	0
2689	0
2690	0
2691	0
2692	0
2693	0
2694	0
2713	0
2714	0
2715	0
2716	0
2717	0
2718	0
2785	0
2786	0
2787	0
2788	0
2789	0
2790	0
2839	3
2840	3
2841	0
2842	1
2843	0
2844	2
2881	0
2882	2
2883	1
2884	1
2885	1
2886	0
2887	0
2888	2
2889	0
2890	1
2891	1
2892	0
2893	0
2894	0
2895	0
2896	0
2897	0
2898	0
2995	0
2996	0
2997	0
2998	0
2999	0
3000	0
3001	0
3002	0
3003	0
3004	0
3005	0
3006	0
3205	0
3206	1
3207	0
3208	0
3209	0
3210	0
3397	0
3398	0
3399	1
3400	0
3401	0
3402	0
3403	0
3404	0
3405	0
3406	0
3407	0
3408	0
3409	0
3410	0
3411	0
3412	0
3413	0
3414	0
3553	0
3554	0
3555	0
3556	0
3557	0
3558	0
3559	0
3560	0
3561	0
3562	0
3563	0
3564	0
3571	0
3572	0
3573	0
3574	0
3575	0
3576	0
3577	0
3578	0
3579	0
3580	0
3581	0
3582	0
3589	1
3590	0
3591	2
3592	1
3593	0
3594	1
3685	0
3686	0
3687	0
3688	0
3689	1
3690	0
3691	1
3692	0
3693	0
3694	0
3695	0
3696	0
3697	1
3698	0
3699	1
3700	0
3701	0
3702	0
3703	2
3704	0
3705	0
3706	0
3707	0
3708	1
3709	0
3710	0
3711	0
3712	0
3713	0
3714	0
3715	0
3716	0
3717	1
3718	0
3719	1
3720	0
3781	0
3782	0
3783	0
3784	0
3785	1
3786	1
3799	0
3800	0
3801	0
3802	0
3803	0
3804	0
3805	0
3806	0
3807	0
3808	0
3809	0
3810	0
3811	0
3812	0
3813	0
3814	1
3815	0
3816	5
3817	0
3818	0
3819	0
3820	0
3821	0
3822	0
4099	0
4100	0
4101	0
4102	0
4103	0
4104	0
4105	0
4106	0
4107	0
4108	0
4109	0
4110	0
4111	0
4112	0
4113	0
4114	0
4115	0
4116	0
4309	0
4310	0
4311	1
4312	0
4313	0
4314	0
4393	0
4394	0
4395	0
4396	0
4397	0
4398	0
4447	0
4448	0
4449	0
4450	0
4451	0
4452	0
4453	0
4454	0
4455	0
4456	0
4457	0
4458	0
4471	0
4472	0
4473	0
4474	0
4475	0
4476	0
4519	1
4520	1
4521	0
4522	0
4523	0
4524	0
4549	0
4550	0
4551	0
4552	0
4553	0
4554	0
4555	0
4556	1
4557	0
4558	0
4559	1
4560	1
4561	1
4562	2
4563	1
4564	1
4565	0
4566	0
4567	0
4568	1
4569	0
4570	2
4571	0
4572	0
4573	0
4574	0
4575	0
4576	0
4577	1
4578	1
4579	0
4580	0
4581	0
4582	2
4583	1
4584	2
4585	1
4586	0
4587	1
4588	2
4589	1
4590	1
4609	0
4610	0
4611	0
4612	0
4613	0
4614	0
4729	1
4730	0
4731	0
4732	0
4733	1
4734	1
4735	0
4736	0
4737	2
4738	0
4739	2
4740	3
4741	0
4742	0
4743	0
4744	3
4745	2
4746	0
4789	0
4790	0
4791	0
4792	0
4793	0
4794	0
4849	0
4850	0
4851	0
4852	0
4853	1
4854	1
4975	0
4976	0
4977	0
4978	0
4979	0
4980	0
5005	0
5006	1
5007	0
5008	0
5009	0
5010	0
5035	0
5036	0
5037	0
5038	0
5039	1
5040	0
5095	0
5096	0
5097	0
5098	0
5099	0
5100	0
5101	0
5102	0
5103	0
5104	0
5105	1
5106	0
5113	1
5114	0
5115	1
5116	0
5117	0
5118	0
5203	2
5204	0
5205	0
5206	0
5207	1
5208	1
5245	2
5246	1
5247	1
5248	2
5249	2
5250	2
5269	0
5270	1
5271	0
5272	0
5273	0
5274	0
5275	0
5276	1
5277	1
5278	1
5279	0
5280	1
5353	1
5354	0
5355	1
5356	0
5357	1
5358	1
5377	0
5378	0
5379	1
5380	0
5381	1
5382	1
5425	1
5426	0
5427	0
5428	0
5429	0
5430	0
5443	1
5444	0
5445	0
5446	1
5447	0
5448	0
5461	0
5462	0
5463	0
5464	0
5465	0
5466	0
5515	1
5516	2
5517	0
5518	0
5519	1
5520	0
5521	0
5522	0
5523	0
5524	0
5525	1
5526	0
5527	1
5528	0
5529	0
5530	0
5531	2
5532	1
5545	0
5546	2
5547	0
5548	1
5549	0
5550	1
5551	0
5552	0
5553	0
5554	1
5555	0
5556	0
5557	0
5558	1
5559	0
5560	0
5561	0
5562	2
5581	0
5582	0
5583	0
5584	0
5585	0
5586	0
5653	0
5654	0
5655	0
5656	0
5657	0
5658	0
5659	0
5660	0
5661	0
5662	0
5663	0
5664	0
5725	0
5726	0
5727	0
5728	0
5729	0
5730	0
5743	0
5744	1
5745	0
5746	0
5747	0
5748	0
5809	0
5810	0
5811	0
5812	0
5813	0
5814	0
5917	0
5918	1
5919	0
5920	0
5921	0
5922	1
5941	0
5942	0
5943	0
5944	1
5945	0
5946	0
6121	2
6122	0
6123	2
6124	3
6125	0
6126	2
6331	0
6332	0
6333	0
6334	0
6335	0
6336	0
6337	0
6338	0
6339	0
6340	0
6341	0
6342	0
6343	0
6344	0
6345	0
6346	0
6347	0
6348	0
6367	1
6368	2
6369	3
6370	1
6371	3
6372	1
6373	2
6374	1
6375	0
6376	1
6377	1
6378	0
6379	0
6380	0
6381	2
6382	1
6383	3
6384	1
6403	0
6404	0
6405	0
6406	0
6407	0
6408	0
6409	0
6410	0
6411	0
6412	0
6413	0
6414	0
6415	2
6416	0
6417	2
6418	0
6419	1
6420	0
6421	0
6422	0
6423	0
6424	0
6425	0
6426	0
6445	0
6446	3
6447	0
6448	3
6449	0
6450	0
6457	0
6458	1
6459	0
6460	0
6461	0
6462	0
6463	0
6464	1
6465	0
6466	0
6467	0
6468	0
6505	1
6506	0
6507	0
6508	0
6509	0
6510	0
6619	0
6620	0
6621	0
6622	0
6623	0
6624	0
6643	0
6644	0
6645	0
6646	0
6647	0
6648	0
6703	0
6704	0
6705	1
6706	0
6707	0
6708	0
6715	0
6716	0
6717	0
6718	0
6719	1
6720	0
6721	0
6722	0
6723	1
6724	0
6725	0
6726	0
6727	0
6728	0
6729	0
6730	0
6731	1
6732	0
6781	0
6782	0
6783	0
6784	0
6785	0
6786	0
6787	0
6788	1
6789	0
6790	1
6791	0
6792	1
6799	0
6800	1
6801	0
6802	1
6803	0
6804	1
6805	0
6806	0
6807	0
6808	0
6809	0
6810	0
6811	0
6812	0
6813	0
6814	0
6815	0
6816	0
6913	0
6914	0
6915	0
6916	0
6917	0
6918	0
6937	1
6938	1
6939	1
6940	0
6941	1
6942	2
6943	0
6944	0
6945	0
6946	0
6947	0
6948	1
6949	0
6950	0
6951	0
6952	1
6953	1
6954	0
6967	1
6968	0
6969	2
6970	1
6971	1
6972	0
6973	1
6974	1
6975	3
6976	0
6977	1
6978	1
7015	0
7016	0
7017	0
7018	1
7019	0
7020	0
7033	0
7034	0
7035	0
7036	0
7037	0
7038	0
7381	0
7382	0
7383	0
7384	0
7385	0
7386	0
7387	0
7388	0
7389	0
7390	0
7391	1
7392	0
7531	2
7532	2
7533	0
7534	2
7535	2
7536	1
7537	0
7538	1
7539	2
7540	0
7541	1
7542	1
7579	0
7580	0
7581	0
7582	0
7583	0
7584	0
7591	0
7592	0
7593	0
7594	0
7595	0
7596	0
7597	0
7598	0
7599	0
7600	0
7601	0
7602	0
7603	0
7604	0
7605	0
7606	0
7607	0
7608	0
7609	0
7610	0
7611	0
7612	0
7613	0
7614	0
7615	0
7616	0
7617	1
7618	1
7619	1
7620	0
7669	2
7670	0
7671	0
7672	0
7673	0
7674	0
7681	0
7682	0
7683	1
7685	0
7686	0
7693	0
7694	0
7695	0
7697	0
7698	0
7705	0
7706	0
7707	0
7709	0
7710	0
7789	0
7790	0
7791	0
7792	0
7793	0
7794	0
7795	1
7796	0
7797	0
7798	0
7799	0
7800	0
7825	0
7826	1
7827	0
7828	1
7829	0
7830	1
7849	0
7850	0
7851	3
7852	0
7853	1
7854	0
7855	0
7856	0
7857	0
7858	0
7859	0
7860	1
7861	0
7862	0
7863	0
7864	0
7865	0
7866	0
7867	0
7868	0
7869	0
7870	0
7871	0
7872	0
7873	1
7874	0
7875	0
7876	0
7877	0
7878	0
7879	0
7880	0
7881	0
7882	0
7883	0
7884	0
7885	0
7886	0
7887	0
7888	0
7889	1
7890	0
7891	0
7892	1
7893	1
7894	2
7895	1
7896	1
7897	1
7898	0
7899	0
7900	0
7901	1
7902	0
7903	0
7904	1
7905	0
7906	0
7907	1
7908	0
7909	0
7910	1
7911	0
7912	0
7913	1
7914	0
7915	0
7916	0
7917	0
7918	1
7919	0
7920	0
7921	1
7922	0
7923	0
7924	0
7925	0
7926	0
7927	0
7928	1
7929	1
7930	0
7931	0
7932	0
7933	0
7934	0
7935	0
7936	0
7937	0
7938	0
7939	0
7940	0
7941	0
7942	0
7943	0
7944	0
7951	1
7952	0
7953	2
7954	0
7955	1
7956	1
7957	0
7958	0
7959	2
7960	0
7961	1
7962	0
7963	0
7964	0
7965	1
7966	0
7967	1
7968	0
7969	0
7970	0
7971	1
7972	0
7973	0
7974	0
7975	0
7976	0
7977	0
7978	0
7979	1
7980	0
7981	0
7982	0
7983	0
7984	0
7985	0
7986	0
7987	0
7988	0
7989	1
7990	0
7991	0
7992	0
7993	0
7994	0
7995	0
7996	0
7997	0
7998	0
7999	0
8000	0
8001	0
8002	0
8003	0
8004	0
8071	0
8072	0
8073	0
8074	0
8075	2
8076	0
8293	1
8294	1
8295	0
8296	0
8297	1
8298	3
8299	1
8300	0
8301	0
8302	0
8303	0
8304	1
8305	0
8306	2
8307	0
8308	0
8309	0
8310	2
8389	0
8390	0
8391	0
8392	0
8393	0
8394	0
8395	0
8396	0
8397	0
8398	0
8399	1
8400	0
8437	0
8438	0
8439	0
8440	0
8441	1
8442	0
8461	0
8462	0
8463	0
8464	0
8465	0
8466	0
8485	0
8486	0
8487	0
8488	0
8489	0
8490	0
8491	0
8492	0
8493	0
8494	0
8495	0
8496	0
8497	0
8498	1
8499	0
8500	0
8501	0
8502	0
8569	0
8570	0
8571	0
8572	0
8573	0
8574	0
8575	0
8576	0
8577	0
8578	0
8579	0
8580	0
8581	0
8582	0
8583	0
8584	0
8585	0
8586	0
8587	0
8588	0
8589	0
8590	0
8591	0
8592	0
8647	0
8648	0
8649	0
8650	0
8651	0
8652	0
8653	0
8654	0
8655	0
8656	0
8657	0
8658	0
8869	0
8870	0
8871	0
8872	0
8873	0
8874	0
8905	0
8906	1
8907	0
8908	0
8909	0
8910	0
8935	0
8936	0
8937	0
8938	2
8939	2
8940	0
8941	0
8942	0
8943	0
8944	0
8945	0
8946	0
8947	0
8948	0
8949	1
8950	0
8951	0
8952	2
8977	0
8978	0
8979	0
8980	0
8981	0
8982	0
8983	3
8984	0
8985	0
8986	0
8987	0
8988	2
8989	0
8990	0
8991	0
8992	1
8993	0
8994	0
8995	0
8996	0
8997	1
8998	0
8999	0
9000	0
9001	0
9002	0
9003	0
9004	1
9005	0
9006	0
9007	0
9008	0
9009	0
9010	0
9011	0
9012	0
9013	0
9014	0
9015	0
9016	0
9017	0
9018	0
9019	0
9020	0
9021	0
9022	0
9023	0
9024	0
9055	0
9056	0
9057	0
9058	1
9059	0
9060	1
9061	0
9062	0
9063	0
9064	0
9065	0
9066	0
9067	0
9068	0
9069	1
9070	0
9071	0
9072	0
9085	0
9086	2
9087	1
9088	1
9089	0
9090	1
9091	1
9092	1
9093	1
9094	3
9095	2
9096	1
9115	1
9116	2
9117	1
9118	1
9119	1
9120	0
9121	0
9122	1
9123	2
9124	0
9125	1
9126	0
9127	1
9128	0
9129	0
9130	0
9131	2
9132	0
9133	3
9134	1
9135	1
9136	0
9137	0
9138	0
9139	0
9140	0
9141	0
9142	1
9143	0
9144	2
9145	0
9146	1
9147	1
9148	0
9149	1
9150	1
9181	0
9182	1
9183	0
9184	0
9185	0
9186	0
9187	2
9188	1
9189	0
9190	1
9191	1
9192	0
9205	0
9206	0
9207	0
9208	0
9209	0
9210	0
9211	0
9212	0
9213	1
9214	0
9215	0
9216	0
9313	0
9314	0
9315	0
9316	0
9317	0
9318	0
9319	0
9320	0
9321	0
9322	0
9323	0
9324	0
9325	0
9326	1
9327	0
9328	0
9329	0
9330	0
9331	0
9332	1
9333	0
9334	0
9335	1
9336	0
9337	1
9338	1
9339	3
9340	1
9341	2
9342	1
9415	0
9416	0
9417	0
9418	0
9419	0
9420	0
9421	0
9422	0
9423	0
9424	0
9425	1
9426	0
9517	0
9518	0
9519	0
9520	0
9521	0
9522	0
9523	0
9524	0
9525	0
9526	0
9527	0
9528	0
9547	0
9548	0
9549	0
9550	0
9551	0
9552	0
9553	0
9554	0
9555	0
9556	0
9557	0
9558	0
9877	0
9878	0
9879	0
9880	0
9881	0
9882	0
9907	1
9908	2
9909	3
9910	1
9911	3
9912	1
9913	1
9914	0
9915	0
9916	0
9917	0
9918	0
9937	2
9938	1
9939	0
9940	1
9941	1
9942	0
9943	0
9944	0
9945	0
9946	0
9947	0
9948	0
9961	0
9962	0
9963	2
9964	1
9965	3
9966	1
9973	0
9974	0
9975	0
9976	0
9977	0
9978	0
10033	0
10034	0
10035	0
10036	0
10037	0
10038	0
10243	1
10244	0
10245	0
10246	0
10247	0
10248	0
10249	1
10250	0
10251	0
10252	0
10253	0
10254	0
10255	1
10256	0
10257	0
10258	0
10259	0
10260	0
10261	0
10262	0
10263	0
10264	1
10265	0
10266	0
10405	1
10406	1
10407	0
10408	1
10409	1
10410	2
10411	2
10412	1
10413	1
10414	0
10415	1
10416	4
10417	0
10418	0
10419	2
10420	0
10421	2
10422	2
10423	0
10424	1
10425	0
10426	0
10427	0
10428	1
10429	0
10430	0
10431	2
10432	1
10433	0
10434	0
10435	0
10436	0
10437	0
10438	0
10439	1
10440	0
10441	0
10442	1
10443	0
10444	0
10445	0
10446	0
10447	1
10448	1
10449	0
10450	0
10451	0
10452	0
10453	0
10454	0
10455	0
10456	0
10457	0
10458	1
10459	1
10460	0
10461	0
10462	0
10463	0
10464	0
10465	1
10466	1
10467	0
10468	0
10469	0
10470	1
10471	0
10472	0
10473	0
10474	0
10475	0
10476	0
10477	0
10478	0
10479	0
10480	0
10481	1
10482	0
10531	1
10532	0
10533	2
10534	1
10535	1
10536	0
10561	2
10562	0
10563	0
10564	0
10565	0
10566	0
10591	0
10592	0
10593	0
10594	0
10595	0
10596	0
10645	1
10646	1
10647	3
10648	0
10649	1
10650	1
10651	0
10652	0
10653	0
10654	0
10655	1
10656	0
10663	0
10664	0
10665	1
10666	0
10667	1
10668	0
10675	0
10676	0
10677	1
10678	0
10679	0
10680	0
10867	0
10868	0
10869	1
10870	0
10871	0
10872	0
10873	0
10874	0
10875	1
10876	0
10877	1
10878	0
10879	0
10880	0
10881	0
10882	0
10883	1
10884	0
10885	0
10886	0
10887	0
10888	0
10889	0
10890	0
10891	1
10892	0
10893	0
10894	0
10895	0
10896	0
10897	1
10898	1
10899	0
10900	0
10901	0
10902	1
10921	0
10922	0
10923	0
10924	0
10925	0
10926	1
10927	1
10928	1
10929	0
10930	0
10931	0
10932	0
10933	0
10934	1
10935	0
10936	0
10937	0
10938	0
10957	0
10958	0
10959	0
10960	0
10961	1
10962	0
10963	0
10964	0
10965	2
10966	1
10967	0
10968	0
10969	0
10970	1
10971	0
10972	0
10973	0
10974	1
10975	0
10976	0
10977	2
10978	0
10979	2
10980	2
10981	2
10982	1
10983	1
10984	0
10985	1
10986	4
10987	1
10988	1
10989	0
10990	1
10991	1
10992	2
11119	0
11120	0
11121	0
11122	0
11123	0
11124	0
11239	1
11240	2
11241	3
11242	2
11243	1
11244	2
11305	0
11306	1
11307	0
11308	0
11309	0
11310	1
11455	0
11456	2
11457	0
11458	0
11459	0
11460	0
11479	0
11480	0
11481	0
11482	0
11483	0
11484	0
11587	0
11588	0
11589	0
11590	0
11591	1
11592	0
11647	1
11648	0
11649	1
11650	1
11651	0
11652	2
11827	1
11828	0
11829	0
11830	0
11831	0
11832	0
11851	1
11852	0
11853	0
11854	0
11855	0
11856	0
11869	0
11870	0
11871	0
11872	0
11873	0
11874	0
12007	0
12008	0
12009	0
12010	0
12011	0
12012	0
12025	0
12026	0
12027	0
12028	0
12029	0
12030	0
12121	0
12122	0
12123	0
12124	0
12125	0
12126	0
12139	0
12140	0
12141	0
12142	0
12143	2
12144	0
12151	0
12152	1
12153	0
12154	0
12155	0
12156	0
12259	0
12260	0
12261	1
12262	0
12263	0
12264	0
12265	0
12266	0
12267	0
12268	0
12269	0
12270	0
12427	1
12428	1
12429	1
12430	0
12431	1
12432	0
12433	0
12434	0
12435	0
12436	0
12437	0
12438	0
12451	0
12453	0
12454	2
12456	1
12487	0
12488	0
12489	1
12490	0
12491	0
12492	0
12493	0
12494	0
12495	0
12496	0
12497	0
12498	0
12547	0
12548	0
12549	0
12550	0
12551	0
12552	0
12697	0
12698	0
12699	0
12700	0
12701	0
12702	0
12703	1
12704	1
12705	1
12706	1
12707	1
12708	1
12727	1
12728	1
12729	0
12730	1
12731	0
12732	0
12739	0
12740	0
12741	0
12742	0
12743	0
12744	0
12745	0
12746	0
12747	0
12748	1
12749	0
12750	0
12787	0
12788	0
12789	0
12790	0
12791	0
12792	0
12793	0
12794	0
12795	0
12796	0
12797	0
12798	0
12799	0
12800	1
12801	0
12802	0
12803	0
12804	2
12805	0
12806	0
12807	0
12808	0
12809	0
12810	1
12811	0
12812	0
12813	0
12814	0
12815	0
12816	0
12817	0
12818	0
12819	0
12820	0
12821	0
12822	0
12889	2
12890	1
12891	1
12892	0
12893	0
12894	0
12907	0
12908	1
12909	0
12910	0
12911	0
12912	0
12913	1
12914	1
12915	0
12916	0
12917	0
12918	0
13045	0
13046	0
13047	1
13048	0
13049	2
13050	0
13057	1
13059	0
13060	2
13062	1
13063	0
13065	1
13066	1
13068	0
13069	1
13071	2
13072	1
13074	0
13075	1
13076	0
13077	0
13078	0
13079	0
13080	0
13087	0
13088	0
13090	0
13091	0
13092	1
13093	2
13094	0
13095	0
13096	0
13097	1
13098	0
13285	0
13286	0
13287	0
13288	0
13289	1
13290	0
13393	0
13394	1
13396	0
13397	0
13398	1
13459	0
13460	0
13461	0
13462	0
13463	0
13464	0
13537	1
13538	0
13539	0
13540	0
13541	0
13542	0
13543	0
13544	0
13545	0
13546	0
13547	0
13548	0
13549	0
13550	0
13551	0
13552	0
13553	0
13554	0
13849	0
13850	0
13851	0
13852	0
13853	0
13854	0
13855	0
13856	0
13857	0
13858	0
13859	0
13860	0
13873	0
13874	0
13875	0
13876	0
13877	1
13878	0
14203	2
14204	0
14205	1
14206	1
14207	0
14208	0
14209	0
14210	1
14211	0
14212	2
14213	0
14214	0
14215	0
14216	0
14217	1
14218	1
14219	0
14220	0
14287	0
14288	1
14289	1
14290	1
14291	1
14292	0
14293	0
14294	0
14295	0
14296	0
14297	0
14298	2
14623	1
14624	0
14625	0
14626	1
14627	0
14628	0
14629	0
14630	0
14631	0
14632	0
14633	0
14634	0
14635	1
14636	1
14637	1
14638	0
14639	1
14640	0
14815	0
14816	0
14817	0
14818	0
14819	0
14820	0
14899	0
14900	1
14901	0
14902	0
14903	0
14904	0
14929	0
14930	1
14931	0
14932	0
14933	0
14934	1
15283	0
15284	0
15285	0
15286	0
15287	1
15288	1
15289	1
15290	0
15291	0
15292	1
15293	0
15294	0
15295	1
15296	0
15297	0
15298	0
15299	0
15300	0
15349	0
15350	1
15352	0
15353	0
15354	1
15355	0
15356	0
15358	0
15359	0
15360	1
15361	1
15362	1
15363	1
15364	0
15365	1
15366	2
15367	0
15368	0
15369	0
15370	0
15371	0
15372	1
15373	0
15374	0
15375	0
15376	1
15377	1
15378	0
15379	2
15380	1
15381	1
15382	2
15383	2
15384	2
15385	0
15386	1
15387	0
15388	0
15389	1
15390	0
15391	1
15392	1
15393	3
15394	1
15395	2
15396	1
15739	1
15740	1
15741	2
15742	1
15743	1
15744	1
15853	1
15854	2
15855	3
15856	2
15857	1
15858	2
15859	1
15860	0
15861	1
15862	1
15863	0
15864	2
15997	0
15998	0
15999	0
16000	0
16001	1
16002	0
16009	0
16010	0
16011	0
16012	0
16013	1
16014	0
16015	0
16016	0
16017	0
16018	0
16019	0
16020	0
16051	1
16052	0
16053	0
16054	0
16055	0
16056	0
16057	1
16058	0
16059	0
16060	0
16061	0
16062	0
16063	1
16064	0
16065	0
16066	0
16067	0
16068	0
16087	0
16088	0
16089	0
16090	2
16091	2
16092	0
16093	0
16094	0
16095	0
16096	0
16097	0
16098	0
16099	0
16100	0
16101	1
16102	0
16103	0
16104	2
16105	3
16106	0
16107	0
16108	0
16109	0
16110	2
16111	0
16112	0
16113	0
16114	0
16115	0
16116	0
16117	0
16118	0
16119	0
16120	1
16121	0
16122	0
16123	0
16124	1
16125	1
16126	0
16127	0
16128	0
16129	0
16130	0
16131	0
16132	0
16133	0
16134	2
16135	2
16136	0
16137	1
16138	1
16139	0
16140	0
16141	0
16142	1
16143	0
16144	2
16145	0
16146	0
16147	0
16148	0
16149	1
16150	1
16151	0
16152	0
16261	0
16262	1
16263	1
16264	0
16265	1
16266	1
16267	0
16268	0
16269	0
16270	1
16271	0
16272	2
16279	1
16280	2
16281	1
16282	1
16283	1
16284	0
16297	0
16298	0
16299	0
16300	1
16301	0
16302	0
16363	1
16364	1
16365	1
16366	1
16367	1
16368	1
16369	0
16370	0
16371	0
16372	0
16373	0
16374	0
16375	0
16376	0
16377	0
16378	1
16379	0
16380	0
16381	0
16382	0
16383	1
16384	0
16385	0
16386	0
16387	0
16388	0
16389	0
16390	0
16391	0
16392	0
16393	0
16394	0
16395	0
16396	0
16397	0
16398	0
16657	0
16658	0
16659	0
16660	0
16661	0
16662	0
16681	0
16682	0
16683	0
16684	0
16685	0
16686	1
16687	0
16688	0
16689	0
16690	0
16691	0
16692	0
16699	0
16700	0
16701	0
16702	0
16703	0
16704	0
16717	0
16718	0
16719	0
16720	0
16721	0
16722	0
16729	0
16730	0
16731	0
16732	0
16733	0
16734	0
16741	0
16742	1
16743	0
16744	0
16745	0
16746	0
16765	0
16766	1
16767	0
16768	0
16769	0
16770	2
16771	0
16772	0
16773	0
16774	0
16775	0
16776	0
16849	1
16850	0
16851	0
16852	0
16853	0
16854	0
16855	0
16856	0
16857	0
16858	0
16859	0
16860	0
16861	0
16862	0
16863	0
16864	0
16865	0
16866	0
16879	0
16880	0
16881	0
16882	0
16883	0
16884	0
16885	0
16886	0
16887	0
16888	0
16889	0
16890	0
16903	0
16904	0
16905	0
16906	0
16907	0
16908	0
16915	0
16916	0
16917	1
16919	0
16920	0
16927	0
16928	0
16929	0
16931	0
16932	0
16939	0
16940	0
16941	0
16943	0
16944	0
16945	0
16946	0
16947	0
16948	0
16949	0
16950	0
16951	0
16952	0
16953	0
16954	0
16955	0
16956	0
16969	0
16970	0
16971	0
16972	0
16973	1
16974	0
16975	0
16976	1
16977	0
16978	0
16979	1
16980	0
16981	1
16982	0
16983	2
16984	0
16985	1
16986	1
16987	0
16988	0
16989	1
16990	0
16991	0
16992	0
16993	0
16994	0
16995	1
16996	0
16997	0
16998	0
17011	0
17012	0
17013	0
17014	1
17015	0
17016	0
17017	0
17018	0
17019	2
17020	0
17021	1
17022	0
17023	0
17024	0
17025	0
17026	0
17027	1
17028	0
17029	0
17030	0
17031	0
17032	0
17033	0
17034	0
17047	1
17048	0
17049	0
17050	0
17051	0
17052	0
17053	0
17054	0
17055	1
17056	0
17057	1
17058	0
17059	0
17060	0
17061	0
17062	0
17063	0
17064	0
17065	0
17066	0
17067	0
17068	0
17069	0
17070	0
17281	0
17282	0
17283	1
17284	0
17285	0
17286	0
17287	0
17288	0
17289	0
17290	0
17291	0
17292	0
17293	0
17294	0
17295	0
17296	0
17297	0
17298	0
17299	0
17300	0
17301	0
17302	1
17303	0
17304	0
17305	0
17306	0
17307	0
17308	0
17309	0
17310	0
17479	0
17480	0
17481	0
17482	1
17483	0
17484	1
17485	0
17486	0
17487	0
17488	0
17489	0
17490	0
17491	0
17492	0
17493	1
17494	0
17495	0
17496	0
17509	0
17510	0
17511	0
17512	0
17513	1
17514	0
17515	0
17516	0
17517	0
17518	0
17519	0
17520	0
17521	0
17522	0
17523	0
17524	0
17525	0
17526	0
17599	0
17600	0
17601	0
17602	0
17603	0
17604	0
17605	0
17606	0
17607	0
17608	0
17609	0
17610	0
17611	0
17612	0
17613	0
17614	0
17615	0
17616	0
17707	0
17708	1
17709	1
17710	1
17711	0
17712	1
17713	0
17714	0
17715	0
17716	0
17717	0
17718	0
17719	0
17720	1
17721	0
17722	1
17723	0
17724	1
17725	0
17726	1
17727	0
17728	0
17729	0
17730	1
17731	0
17732	0
17733	0
17734	0
17735	0
17736	0
17743	1
17744	0
17745	0
17746	0
17747	0
17748	0
17755	0
17756	0
17757	3
17758	0
17759	1
17760	0
17761	1
17762	0
17763	0
17764	0
17765	0
17766	0
17767	0
17768	1
17769	1
17770	2
17771	1
17772	1
17773	0
17774	0
17775	0
17776	0
17777	0
17778	0
17779	1
17780	0
17781	0
17782	0
17783	1
17784	0
17785	0
17786	0
17787	0
17788	0
17789	0
17790	0
17791	0
17792	0
17793	0
17794	0
17795	0
17796	0
17797	0
17798	0
17799	0
17800	0
17801	1
17802	0
17803	0
17804	1
17805	0
17806	0
17807	1
17808	0
18373	0
18374	0
18375	1
18376	0
18377	0
18378	0
18379	0
18380	0
18381	0
18382	0
18383	0
18384	0
18385	0
18386	0
18387	1
18388	0
18389	0
18390	0
18721	0
18722	0
18723	1
18724	1
18725	1
18726	0
18727	0
18728	0
18729	0
18730	0
18731	0
18732	1
18733	0
18734	0
18735	0
18736	0
18737	1
18738	0
18739	0
18740	0
18741	1
18742	0
18743	0
18744	0
18745	0
18746	0
18747	0
18748	0
18749	0
18750	0
18751	0
18752	0
18753	0
18754	0
18755	1
18756	0
18757	0
18758	0
18759	0
18760	0
18761	0
18762	0
18955	1
18956	0
18957	0
18958	0
18959	0
18960	0
18961	0
18962	0
18963	0
18964	0
18965	0
18966	0
19141	0
19142	0
19143	0
19144	0
19145	0
19146	0
19153	0
19154	1
19155	0
19156	0
19157	0
19158	0
19165	0
19166	0
19167	1
19168	0
19169	2
19170	0
19243	1
19244	0
19245	0
19246	0
19247	0
19248	0
19249	0
19250	0
19251	0
19252	0
19253	0
19254	0
19255	0
19256	0
19257	0
19258	0
19259	0
19260	0
19261	1
19262	0
19263	0
19264	0
19265	0
19266	0
19267	0
19268	0
19269	1
19270	0
19271	0
19272	0
19273	0
19274	0
19275	0
19276	0
19277	0
19278	0
19279	0
19280	0
19281	0
19282	0
19283	0
19284	0
19285	2
19286	0
19287	0
19288	0
19289	1
19290	0
19291	0
19292	0
19293	0
19294	0
19295	1
19296	0
19339	0
19340	1
19341	1
19342	0
19343	0
19344	0
19345	0
19346	0
19347	0
19348	0
19349	0
19350	0
19351	0
19352	0
19353	0
19354	0
19355	0
19356	0
19411	0
19412	3
19413	0
19414	3
19415	0
19416	0
19417	0
19418	1
19419	0
19420	0
19421	0
19422	0
19423	0
19424	1
19425	0
19426	0
19427	0
19428	0
19627	0
19628	0
19629	0
19630	0
19631	0
19632	0
19633	0
19634	0
19635	0
19636	0
19637	0
19638	0
19639	0
19640	0
19641	0
19642	0
19643	0
19644	0
19663	0
19664	0
19665	0
19666	0
19667	0
19668	0
19741	0
19742	0
19743	0
19744	0
19745	0
19746	0
19747	5
19748	0
19749	0
19750	0
19751	0
19752	0
19753	5
19754	0
19755	0
19756	0
19757	1
19758	0
19765	0
19766	0
19767	0
19768	0
19769	0
19770	0
19771	1
19772	1
19773	1
19774	0
19775	1
19776	0
19777	1
19778	0
19779	0
19780	0
19781	0
19782	0
19783	0
19784	1
19785	0
19786	0
19787	1
19788	0
20077	0
20078	0
20079	0
20080	0
20081	0
20082	0
20083	0
20084	0
20085	0
20086	0
20087	2
20088	0
20089	0
20090	0
20091	2
20092	0
20093	1
20094	0
20107	1
20108	1
20109	0
20110	1
20111	1
20112	1
20113	0
20114	0
20115	0
20116	1
20117	0
20118	0
20119	1
20120	0
20121	1
20122	1
20123	0
20124	0
20173	0
20174	0
20175	0
20176	0
20177	0
20178	0
20539	1
20540	0
20541	2
20542	0
20543	2
20544	0
20545	2
20546	2
20547	0
20548	2
20549	2
20550	1
20551	0
20552	1
20553	2
20554	0
20555	1
20556	1
20611	0
20612	0
20613	0
20614	0
20615	0
20616	0
20617	0
20618	0
20619	0
20620	0
20621	0
20622	0
20623	0
20624	0
20625	0
20626	0
20627	0
20628	0
20665	0
20666	2
20667	0
20668	0
20669	0
20670	0
20677	0
20678	0
20679	0
20680	0
20681	0
20682	0
20689	1
20690	1
20691	0
20692	1
20693	0
20694	0
20731	0
20732	1
20733	0
20734	0
20735	0
20736	0
20737	0
20738	0
20739	0
20740	0
20741	0
20742	0
20743	0
20744	0
20745	0
20746	0
20747	0
20748	0
20821	0
20822	2
20823	1
20824	1
20825	1
20826	0
20833	0
20834	2
20835	0
20836	1
20837	1
20838	0
20863	0
20864	0
20865	0
20866	0
20867	0
20868	0
20947	2
20948	1
20949	1
20950	0
20951	0
20952	0
20959	0
20960	1
20961	0
20962	0
20963	0
20964	0
20965	1
20966	1
20967	0
20968	0
20969	0
20970	0
21157	0
21158	1
21159	0
21160	0
21161	0
21162	0
21163	0
21164	0
21165	0
21166	0
21167	0
21168	0
21169	0
21170	0
21171	0
21172	0
21173	0
21174	0
21301	1
21302	1
21303	0
21304	0
21305	1
21306	3
21307	1
21308	0
21309	0
21310	0
21311	0
21312	1
21313	0
21314	2
21315	0
21316	0
21317	0
21318	2
21319	0
21320	0
21321	1
21322	0
21323	1
21324	1
21325	0
21326	0
21327	0
21328	0
21329	0
21330	0
21331	2
21332	0
21333	2
21334	0
21335	1
21336	0
21343	0
21344	0
21345	0
21346	0
21347	1
21348	0
21349	0
21350	0
21351	0
21352	0
21353	2
21354	0
21355	0
21356	0
21357	0
21358	0
21359	0
21360	0
21751	1
21752	1
21753	3
21754	2
21755	2
21756	0
21757	1
21758	1
21759	0
21760	2
21761	1
21762	0
21763	2
21764	2
21765	2
21766	2
21767	0
21768	1
22159	0
22160	1
22161	1
22162	1
22163	1
22164	0
22165	1
22166	1
22167	3
22168	2
22169	2
22170	0
22171	1
22172	1
22173	0
22174	2
22175	1
22176	0
22177	2
22178	2
22179	2
22180	2
22181	0
22182	1
22189	1
22190	1
22191	0
22192	1
22193	1
22194	1
22195	0
22196	0
22197	0
22198	1
22199	0
22200	0
22201	1
22202	0
22203	1
22204	1
22205	0
22206	0
22225	0
22226	1
22227	0
22228	0
22229	1
22230	0
22231	1
22232	1
22233	1
22234	0
22235	1
22236	0
22237	1
22238	0
22239	0
22240	0
22241	0
22242	0
22243	0
22244	0
22245	0
22246	0
22247	0
22248	0
22249	0
22250	0
22251	0
22252	0
22253	0
22254	0
22255	5
22256	0
22257	0
22258	0
22259	0
22260	0
22261	5
22262	0
22263	0
22264	0
22265	1
22266	0
22321	0
22322	0
22323	0
22324	0
22325	0
22326	0
22327	0
22328	0
22329	0
22330	0
22331	2
22332	0
22333	0
22334	0
22335	2
22336	0
22337	1
22338	0
22447	2
22448	0
22449	0
22450	0
22451	1
22452	0
22453	0
22454	0
22455	1
22456	1
22457	2
22458	2
22459	0
22460	0
22461	1
22462	0
22463	1
22464	0
22465	0
22466	2
22467	1
22468	1
22469	0
22470	1
22615	2
22616	0
22617	0
22618	0
22619	1
22620	0
22621	0
22622	0
22623	1
22624	0
22625	1
22626	0
22627	0
22628	0
22629	1
22630	1
22631	2
22632	2
22633	0
22634	2
22635	1
22636	1
22637	0
22638	1
22717	2
22718	3
22719	1
22720	1
22721	2
22722	0
22723	2
22724	2
22725	2
22726	2
22727	2
22728	1
22729	1
22730	1
22731	3
22732	0
22733	4
22734	3
22861	1
22862	0
22863	0
22864	0
22865	0
22866	0
22939	0
22940	1
22941	1
22942	0
22943	2
22944	1
22945	0
22946	0
22947	0
22948	0
22949	3
22950	0
22951	0
22952	0
22953	0
22954	0
22955	1
22956	1
22981	3
22982	0
22983	1
22984	0
22985	2
22986	2
22987	1
22988	0
22989	1
22990	1
22991	0
22992	2
22993	4
22994	1
22995	2
22996	4
22997	1
22998	3
23011	2
23012	3
23013	3
23014	1
23015	2
23016	1
23017	3
23018	1
23019	2
23020	0
23021	3
23022	1
23029	3
23030	2
23031	1
23032	0
23033	3
23034	5
23035	4
23036	1
23037	2
23038	4
23039	1
23040	3
23041	1
23042	0
23043	1
23044	1
23045	0
23046	2
23287	1
23288	0
23289	0
23290	0
23291	0
23292	0
23371	0
23372	1
23373	0
23374	0
23375	2
23376	1
23437	0
23438	1
23439	1
23440	0
23441	1
23442	0
23467	0
23468	0
23469	0
23470	0
23471	0
23472	0
23473	0
23474	2
23475	0
23476	1
23477	0
23478	0
23497	0
23498	0
23499	0
23500	1
23501	0
23502	0
23527	1
23528	0
23529	0
23530	1
23531	0
23532	0
23551	0
23552	0
23553	1
23554	0
23555	1
23556	0
23563	1
23564	0
23565	0
23566	0
23567	0
23568	0
23635	0
23636	0
23637	0
23638	0
23639	0
23640	0
23647	0
23648	2
23649	0
23650	0
23651	0
23652	1
23689	0
23690	0
23691	0
23692	0
23693	0
23694	0
23785	3
23786	3
23787	2
23788	0
23789	2
23790	1
23839	0
23840	0
23841	0
23842	1
23843	0
23844	0
23845	1
23846	0
23847	0
23848	0
23849	0
23850	0
23857	0
23858	0
23859	0
23860	0
23861	0
23862	0
23869	0
23870	1
23871	0
23872	0
23873	0
23874	0
23905	0
23906	0
23907	0
23908	0
23909	0
23910	0
23911	1
23912	1
23913	0
23914	1
23915	0
23916	0
23923	0
23924	0
23925	0
23926	1
23927	0
23928	0
24139	0
24140	1
24141	0
24142	0
24143	0
24144	0
24199	1
24200	1
24201	0
24202	2
24203	0
24204	0
24283	0
24284	0
24285	0
24286	0
24287	0
24288	0
24289	0
24290	0
24291	1
24292	0
24293	0
24294	0
24301	1
24302	0
24303	0
24304	1
24305	0
24306	0
24343	2
24344	2
24345	2
24346	3
24347	2
24348	3
24349	1
24350	0
24351	0
24352	0
24353	0
24354	2
24379	0
24380	0
24381	0
24382	0
24383	0
24384	0
24415	1
24416	0
24417	0
24418	0
24419	0
24420	1
24505	0
24506	1
24507	2
24508	1
24509	2
24510	0
24511	0
24512	0
24513	0
24514	0
24515	0
24516	1
24523	3
24524	2
24525	1
24526	1
24527	2
24528	2
24529	0
24530	0
24531	0
24532	0
24533	0
24534	0
24535	2
24536	3
24537	1
24538	1
24539	0
24540	0
24559	1
24560	1
24561	1
24562	0
24563	1
24564	0
24661	0
24662	0
24663	0
24664	1
24665	2
24666	2
24685	0
24686	0
24687	0
24688	0
24689	1
24690	0
24733	0
24734	0
24735	0
24736	0
24737	0
24738	0
24739	0
24740	0
24741	0
24742	0
24743	0
24744	0
24751	0
24752	0
24753	0
24754	0
24755	0
24756	0
24805	0
24806	0
24807	0
24808	0
24809	0
24810	0
24889	0
24890	0
24891	0
24892	0
24893	0
24894	0
24931	1
24932	0
24933	0
24934	0
24935	1
24936	0
25009	0
25010	0
25011	0
25012	0
25013	0
25014	0
25105	1
25106	2
25107	1
25108	0
25109	1
25110	1
25118	0
25120	0
25121	0
25122	0
25124	0
25126	0
25127	0
25128	0
25130	0
25132	0
25133	2
25134	0
25135	0
25136	0
25137	0
25138	0
25139	0
25140	0
25141	0
25142	0
25143	0
25144	0
25145	1
25146	0
25225	0
25226	0
25227	0
25228	0
25229	0
25230	0
25231	1
25232	0
25233	0
25234	1
25235	0
25236	0
25291	0
25292	0
25293	0
25294	0
25295	0
25296	0
25297	3
25298	0
25299	0
25300	0
25301	0
25302	0
25303	2
25304	0
25305	1
25306	2
25307	2
25308	2
25309	1
25310	2
25311	1
25312	1
25313	0
25314	0
25315	1
25316	2
25317	1
25318	1
25319	1
25320	1
25321	0
25322	1
25323	0
25324	0
25325	0
25326	0
25327	0
25328	2
25329	2
25330	1
25331	0
25332	1
25357	0
25358	0
25359	0
25360	0
25361	1
25362	0
25495	0
25496	0
25497	0
25498	0
25499	0
25500	0
25507	0
25508	0
25509	0
25510	0
25511	0
25512	0
25513	0
25514	0
25515	0
25516	2
25517	0
25518	0
25525	0
25526	0
25527	0
25528	0
25529	1
25530	0
25531	1
25532	0
25533	2
25534	0
25535	0
25536	0
25561	0
25562	0
25563	0
25564	0
25565	0
25566	0
25567	0
25568	0
25569	0
25570	0
25571	0
25572	0
25573	0
25574	0
25575	0
25576	1
25577	0
25578	0
25579	0
25580	0
25581	0
25582	0
25583	0
25584	0
25585	0
25586	1
25587	0
25588	0
25589	0
25590	0
25621	0
25622	0
25623	0
25624	0
25625	0
25626	0
25627	0
25628	0
25629	0
25630	0
25631	0
25632	0
25687	0
25688	0
25689	0
25690	1
25691	0
25692	0
25759	1
25760	0
25761	0
25762	2
25763	1
25764	1
25771	1
25772	1
25773	0
25774	0
25775	0
25776	0
25777	0
25778	0
25779	0
25780	0
25781	0
25782	0
25783	0
25784	0
25785	0
25786	0
25787	0
25788	0
26089	2
26090	2
26091	2
26092	3
26093	2
26094	3
26095	1
26096	0
26097	0
26098	0
26099	0
26100	2
26101	1
26102	2
26103	1
26104	0
26105	1
26106	1
26203	0
26204	1
26205	0
26206	0
26207	2
26208	1
26209	0
26210	1
26211	0
26212	0
26213	0
26214	0
26215	1
26216	1
26217	1
26218	0
26219	1
26220	0
26221	2
26222	3
26223	3
26224	1
26225	2
26226	1
26227	3
26228	2
26229	1
26230	0
26231	3
26232	5
26233	3
26234	1
26235	2
26236	0
26237	3
26238	1
26239	3
26240	0
26241	1
26242	0
26243	2
26244	2
26353	0
26354	0
26355	0
26356	0
26357	0
26358	0
26359	0
26360	0
26361	0
26362	0
26363	0
26364	0
26365	0
26366	0
26367	0
26368	0
26369	0
26370	0
26497	1
26498	1
26499	3
26500	0
26501	4
26502	3
26503	0
26504	1
26505	1
26506	0
26507	2
26508	1
26509	2
26510	3
26511	1
26512	1
26513	2
26514	0
26515	0
26516	0
26517	0
26518	0
26519	3
26520	0
26521	2
26522	2
26523	2
26524	2
26525	2
26526	1
26527	0
26528	0
26529	0
26530	0
26531	1
26532	1
26611	1
26612	1
26613	0
26614	0
26615	0
26616	0
26623	0
26624	0
26625	0
26626	0
26627	0
26628	0
26635	0
26636	0
26637	0
26638	0
26639	0
26640	0
26701	1
26702	0
26703	0
26704	0
26705	0
26706	0
26707	1
26708	1
26709	0
26710	1
26711	0
26712	0
26713	0
26714	0
26715	0
26716	0
26717	0
26718	0
26719	1
26720	0
26721	0
26722	0
26723	0
26724	0
26743	0
26744	0
26745	0
26746	0
26747	0
26748	0
26791	0
26792	0
26793	0
26794	0
26795	0
26796	0
26893	0
26894	0
26895	0
26896	0
26897	0
26898	0
26899	0
26900	0
26901	0
26902	0
26903	1
26904	0
26905	0
26906	0
26907	0
26908	0
26909	0
26910	0
26929	0
26930	0
26931	0
26932	0
26933	0
26934	0
26935	0
26936	0
26937	0
26938	0
26939	0
26940	0
26941	0
26942	0
26943	0
26944	1
26945	0
26946	0
27037	0
27038	0
27039	0
27040	0
27041	0
27042	0
27043	0
27044	0
27045	0
27046	0
27047	0
27048	0
27049	0
27050	0
27051	0
27052	0
27053	1
27054	0
27145	3
27146	2
27147	1
27148	1
27149	2
27150	2
27151	0
27152	0
27153	0
27154	0
27155	0
27156	0
27157	2
27158	3
27159	1
27160	1
27161	0
27162	0
27289	0
27290	0
27291	0
27292	1
27293	0
27294	0
27295	0
27296	0
27297	0
27298	1
27299	0
27300	0
27301	0
27302	0
27303	0
27304	0
27305	0
27306	0
27343	1
27344	0
27345	0
27346	1
27347	0
27348	0
27349	0
27350	2
27351	0
27352	1
27353	0
27354	0
27355	0
27356	0
27357	0
27358	0
27359	0
27360	0
27373	0
27374	1
27375	1
27376	0
27377	1
27378	0
27379	1
27380	0
27381	0
27382	0
27383	0
27384	0
27385	0
27386	1
27387	0
27388	0
27389	0
27390	0
27391	0
27392	0
27393	0
27394	1
27395	0
27396	0
27403	0
27404	0
27405	0
27406	0
27407	0
27408	0
27415	0
27416	0
27417	0
27418	0
27419	0
27420	0
27421	1
27422	0
27423	0
27424	1
27425	0
27426	0
27433	0
27434	0
27435	0
27436	0
27437	0
27438	0
27439	1
27440	0
27441	0
27442	0
27443	1
27444	0
27835	0
27836	2
27837	0
27838	0
27839	0
27840	1
27841	1
27842	0
27843	0
27844	0
27845	0
27846	1
27847	0
27848	0
27849	0
27850	0
27851	0
27852	0
27853	0
27854	1
27855	2
27856	1
27857	2
27858	0
27859	0
27860	0
27861	0
27862	0
27863	0
27864	1
27865	0
27866	0
27867	0
27868	1
27869	2
27870	2
27908	0
27910	0
27911	0
27912	0
27914	0
27916	0
27917	0
27918	0
27920	0
27922	0
27923	2
27924	0
28051	1
28052	2
28053	1
28054	1
28055	1
28056	1
28057	0
28058	1
28059	0
28060	0
28061	0
28062	0
28063	0
28064	2
28065	2
28066	1
28067	0
28068	1
28069	0
28070	0
28071	0
28072	0
28073	0
28074	0
28075	0
28076	0
28077	0
28078	0
28079	0
28080	0
28081	0
28082	0
28083	0
28084	0
28085	0
28086	0
28087	0
28088	0
28089	0
28090	1
28091	0
28092	0
28093	0
28094	1
28095	0
28096	0
28097	0
28098	0
28171	3
28172	3
28173	2
28174	0
28175	2
28176	1
28177	1
28178	1
28179	0
28180	2
28181	0
28182	0
28183	1
28184	0
28185	0
28186	2
28187	1
28188	1
28297	3
28298	1
28299	3
28300	1
28301	3
28302	2
28303	2
28304	0
28305	1
28306	2
28307	2
28308	2
28309	1
28310	2
28311	1
28312	1
28313	0
28314	0
28387	0
28388	0
28389	0
28390	0
28391	0
28392	0
28525	0
28526	1
28527	0
28528	0
28529	0
28530	0
28531	2
28532	0
28533	0
28534	1
28535	0
28536	1
28537	1
28538	0
28539	0
28540	0
28541	0
28542	0
28579	1
28580	0
28581	0
28582	0
28583	0
28584	0
28585	1
28586	0
28587	0
28588	0
28589	0
28590	0
28603	0
28604	0
28605	0
28606	0
28607	0
28609	0
28610	0
28611	0
28612	0
28613	0
28627	1
28628	0
28629	0
28630	0
28631	0
28632	0
28633	1
28634	0
28635	0
28636	0
28637	0
28638	0
28639	0
28640	0
28641	0
28642	0
28643	1
28644	0
28645	0
28646	0
28647	0
28648	0
28649	0
28650	0
28651	0
28652	0
28653	0
28654	0
28655	0
28656	0
28747	0
28748	0
28749	0
28750	0
28751	1
28752	0
28753	0
28754	0
28755	0
28756	0
28757	0
28758	0
28759	0
28760	0
28761	0
28762	0
28763	0
28764	0
29053	2
29054	1
29055	2
29056	0
29057	0
29058	0
29125	1
29126	0
29127	2
29128	0
29129	1
29130	2
29143	1
29144	0
29145	0
29146	0
29147	0
29148	1
29149	1
29150	0
29151	0
29152	1
29153	0
29154	0
29161	0
29162	0
29163	0
29164	0
29165	0
29166	3
29167	0
29168	0
29169	0
29170	0
29171	0
29172	0
29173	0
29174	0
29175	1
29176	0
29177	1
29178	0
29203	0
29204	0
29205	0
29206	0
29207	0
29208	0
29263	0
29264	0
29265	0
29266	0
29267	0
29268	3
29269	0
29270	0
29271	0
29272	0
29273	0
29274	0
29275	0
29276	0
29277	1
29278	0
29279	1
29280	0
29348	0
29349	0
29350	0
29351	1
29352	0
29353	0
29354	0
29355	1
29356	0
29357	0
29358	0
29371	1
29372	0
29373	1
29374	0
29375	0
29376	0
29377	0
29378	0
29379	0
29380	0
29381	0
29382	0
29383	1
29384	0
29385	0
29386	0
29387	0
29388	0
29491	0
29492	0
29493	0
29494	0
29495	0
29496	0
29503	0
29504	0
29505	1
29506	0
29507	0
29508	0
29527	0
29528	0
29529	0
29530	0
29531	0
29532	0
29533	1
29534	0
29535	0
29536	0
29537	0
29538	0
29539	2
29540	1
29541	0
29542	1
29543	0
29544	3
29545	0
29546	0
29547	0
29548	0
29549	0
29550	0
29551	1
29552	0
29553	0
29554	0
29555	0
29556	0
29557	2
29558	1
29559	0
29560	1
29561	0
29562	3
29581	0
29582	0
29583	0
29584	0
29585	0
29586	0
29587	0
29588	1
29589	0
29590	0
29591	2
29592	0
29593	0
29594	0
29595	0
29596	1
29597	2
29598	0
29647	0
29648	0
29649	0
29650	0
29651	0
29652	0
29665	2
29666	1
29667	1
29668	0
29669	1
29670	0
29671	0
29672	0
29673	0
29674	0
29675	1
29676	0
29677	2
29678	0
29679	2
29680	0
29681	0
29682	0
29683	2
29684	2
29685	3
29686	1
29687	1
29688	1
29689	2
29690	1
29691	1
29692	1
29693	2
29694	1
29695	1
29696	1
29697	3
29698	2
29699	2
29700	1
29701	1
29702	0
29703	1
29704	1
29705	3
29706	0
29707	0
29708	0
29709	0
29710	1
29711	2
29712	0
29713	2
29714	0
29715	2
29716	1
29717	0
29718	0
29719	1
29720	0
29721	2
29722	0
29723	0
29724	0
29725	0
29726	0
29727	0
29728	2
29729	0
29730	0
29737	0
29738	0
29739	0
29740	2
29741	0
29742	1
29749	0
29750	0
29751	0
29752	1
29753	0
29754	0
29761	0
29762	0
29763	0
29764	0
29765	0
29766	1
29779	1
29780	0
29781	0
29782	0
29783	1
29784	0
29785	1
29786	0
29787	0
29788	0
29789	2
29790	2
29797	1
29798	0
29799	1
29800	0
29801	0
29802	0
29803	0
29804	2
29805	2
29806	1
29807	2
29808	2
29809	1
29810	1
29811	0
29812	0
29813	0
29814	1
29815	0
29816	1
29817	1
29818	0
29819	1
29820	0
29821	3
29822	2
29823	4
29824	1
29825	2
29826	2
29863	2
29864	2
29865	1
29866	2
29867	2
29868	2
29893	2
29894	1
29895	1
29896	0
29897	0
29898	0
29911	1
29912	0
29913	0
29914	1
29915	0
29916	0
29929	0
29930	2
29931	0
29932	0
29933	0
29934	0
30007	0
30008	0
30009	0
30010	0
30011	0
30012	0
30025	1
30026	1
30027	1
30028	2
30029	2
30030	1
30037	0
30038	0
30039	0
30040	0
30041	0
30042	0
30073	0
30074	0
30075	0
30076	0
30077	0
30078	0
30109	1
30110	0
30111	1
30112	0
30113	1
30114	2
30145	0
30146	1
30147	0
30148	0
30149	0
30150	1
30187	2
30188	1
30189	1
30190	0
30191	1
30192	1
30199	0
30200	0
30201	0
30202	0
30203	0
30204	0
30253	0
30254	0
30255	0
30256	0
30257	0
30258	0
30325	0
30326	0
30327	0
30328	0
30329	0
30330	1
30331	0
30332	0
30333	0
30334	0
30335	0
30336	0
30385	0
30386	0
30387	0
30388	0
30389	1
30390	0
30421	0
30422	1
30423	1
30424	0
30425	0
30426	0
30427	0
30428	0
30429	0
30430	2
30431	0
30432	0
30517	0
30518	1
30519	0
30520	0
30521	0
30522	0
30523	0
30524	1
30525	0
30526	0
30527	0
30528	0
30529	0
30530	0
30531	0
30532	0
30533	0
30534	0
30559	0
30560	0
30561	1
30562	0
30563	0
30564	1
30572	0
30607	0
30608	0
30609	0
30610	0
30611	0
30612	0
30733	0
30734	1
30735	0
30736	0
30737	0
30738	1
30775	0
30776	0
30777	0
30778	0
30779	0
30780	0
30811	0
30812	0
30813	0
30814	0
30815	0
30816	0
30895	0
30896	1
30897	0
30898	0
30899	0
30900	0
30901	0
30902	0
30903	0
30904	0
30905	0
30906	0
30955	0
30956	0
30957	0
30958	0
30959	0
30960	0
30961	1
30962	0
30963	1
30964	0
30965	1
30966	1
30973	1
30974	2
30975	1
30976	0
30977	1
30978	1
30979	2
30980	0
30981	0
30982	1
30983	3
30984	0
31027	0
31028	0
31029	0
31030	0
31031	0
31032	0
31051	1
31052	1
31053	0
31054	0
31055	2
31056	0
31129	0
31130	0
31131	0
31132	0
31133	0
31134	0
31135	0
31136	0
31137	0
31138	0
31139	0
31140	0
31159	1
31160	0
31161	0
31162	0
31163	2
31164	0
31201	0
31202	0
31203	1
31204	0
31205	0
31206	0
31213	0
31214	0
31215	1
31216	0
31217	0
31218	1
31291	0
31292	0
31293	0
31294	0
31295	0
31296	0
31297	0
31298	0
31299	0
31300	0
31301	0
31302	0
31303	0
31304	0
31305	0
31306	0
31307	0
31308	0
31309	0
31310	0
31311	0
31312	0
31313	0
31314	0
31333	0
31334	2
31335	0
31336	2
31337	0
31338	0
31345	0
31346	0
31347	0
31348	1
31349	0
31350	0
31351	0
31352	0
31353	0
31354	0
31355	0
31356	0
31363	0
31364	0
31365	0
31366	1
31367	0
31368	2
31369	0
31370	0
31371	0
31372	1
31373	0
31374	0
31591	0
31592	5
31593	1
31594	0
31595	0
31596	3
31597	0
31598	0
31599	0
31600	0
31601	0
31602	0
31609	1
31610	1
31611	0
31612	0
31613	2
31614	1
31741	1
31742	1
31743	2
31744	2
31745	2
31746	1
31747	0
31748	1
31749	2
31750	1
31751	1
31752	0
31753	2
31754	1
31755	0
31756	1
31757	1
31758	1
31837	0
31838	2
31839	0
31840	1
31841	0
31842	0
31843	0
31844	0
31845	4
31846	0
31847	2
31848	0
31849	0
31850	0
31851	0
31852	1
31853	0
31854	1
31867	0
31868	1
31869	0
31870	1
31871	0
31872	0
31873	1
31874	1
31875	1
31876	1
31877	1
31878	1
31879	0
31880	1
31881	2
31882	0
31883	1
31884	0
31885	0
31886	1
31887	0
31888	0
31889	0
31890	0
31891	0
31892	0
31893	0
31894	0
31895	0
31896	1
31897	0
31898	0
31899	1
31900	0
31901	1
31902	0
31903	0
31904	0
31905	0
31906	0
31907	0
31908	0
31909	0
31910	0
31911	0
31912	0
31913	0
31914	0
31915	0
31916	0
31917	0
31918	1
31919	0
31920	0
31921	0
31922	0
31923	0
31924	0
31925	0
31926	0
31975	0
31976	2
31977	1
31978	1
31979	0
31980	0
31981	0
31982	0
31983	1
31984	0
31985	0
31986	0
31993	0
31994	0
31995	0
31996	0
31997	0
31998	0
32011	1
32012	1
32013	1
32014	0
32015	1
32016	0
32017	0
32018	1
32019	0
32020	1
32021	1
32022	0
32023	0
32024	0
32025	0
32026	0
32027	0
32028	0
32143	0
32144	0
32145	0
32146	1
32147	0
32148	0
32203	0
32204	0
32205	0
32206	0
32207	0
32208	1
32209	0
32210	0
32211	0
32212	0
32213	0
32214	0
32215	0
32216	0
32217	0
32218	0
32219	0
32220	1
32233	1
32234	1
32235	2
32236	1
32237	0
32238	0
32245	0
32246	1
32247	0
32248	0
32249	0
32250	0
32251	0
32252	1
32253	0
32254	0
32255	0
32256	0
32281	0
32282	0
32283	0
32284	0
32285	0
32286	1
32287	0
32288	0
32289	0
32290	0
32291	0
32292	0
32293	0
32294	0
32295	0
32296	0
32297	0
32298	0
32299	0
32300	0
32301	0
32302	0
32303	1
32304	0
32305	0
32306	0
32307	0
32308	0
32309	0
32310	0
32311	0
32312	0
32313	0
32314	0
32315	0
32316	0
32425	0
32426	0
32427	1
32429	1
32430	0
32437	0
32438	0
32439	0
32441	0
32442	0
32449	0
32450	1
32451	1
32453	0
32454	0
32467	0
32468	0
32469	0
32470	1
32471	0
32472	0
32473	0
32474	0
32475	0
32476	0
32477	0
32478	0
32557	2
32558	1
32559	1
32560	0
32561	0
32562	0
32563	0
32564	1
32565	0
32566	0
32567	0
32568	0
32569	0
32570	5
32571	1
32572	0
32573	0
32574	3
32575	1
32576	0
32577	0
32578	1
32579	0
32580	0
32582	0
32587	0
32588	0
32589	0
32590	1
32591	0
32592	2
32611	0
32612	0
32613	0
32614	0
32615	0
32616	0
32617	0
32618	0
32619	0
32620	0
32621	0
32622	0
32623	1
32624	0
32625	0
32626	0
32627	2
32628	0
32665	1
32666	0
32667	0
32668	0
32669	1
32670	0
32671	1
32672	0
32673	1
32674	0
32675	1
32676	1
32677	0
32678	0
32679	0
32680	0
32681	0
32682	0
32893	2
32894	0
32895	0
32896	1
32897	1
32898	2
32899	2
32900	0
32901	1
32902	1
32903	0
32904	1
32905	1
32906	1
32907	2
32908	1
32909	2
32910	1
32929	1
32930	0
32931	1
32932	1
32933	1
32934	1
32935	0
32936	0
32937	1
32938	1
32939	2
32940	1
32941	2
32942	1
32943	2
32944	2
32945	1
32946	1
32947	2
32948	1
32949	0
32950	0
32951	1
32952	1
32953	1
32954	1
32955	0
32956	1
32957	0
32958	1
32959	0
32960	0
32961	0
32962	0
32963	1
32964	0
32965	0
32966	0
32967	0
32968	0
32969	1
32970	0
32971	1
32972	0
32973	0
32974	0
32975	1
32976	1
32977	1
32978	0
32979	1
32980	0
32981	0
32982	1
33019	1
33020	1
33021	1
33022	0
33023	1
33024	0
33025	1
33026	0
33027	1
33028	0
33029	0
33030	0
33031	1
33032	1
33033	1
33034	0
33035	1
33036	0
33037	1
33038	1
33039	1
33040	0
33041	3
33042	1
33043	1
33044	0
33045	1
33046	1
33047	0
33048	2
33049	0
33050	0
33051	1
33052	2
33053	1
33054	2
33157	0
33158	0
33159	0
33160	0
33161	0
33162	0
33163	0
33164	0
33165	0
33166	0
33167	0
33168	0
33205	0
33206	0
33207	1
33208	0
33209	0
33210	0
33253	0
33254	0
33255	1
33256	0
33257	0
33258	0
33313	0
33314	0
33315	0
33316	0
33317	1
33318	1
33319	0
33320	0
33321	0
33322	0
33323	0
33324	0
33325	0
33326	0
33327	0
33328	0
33329	1
33330	0
33331	0
33332	0
33333	0
33334	0
33335	0
33336	0
33337	0
33338	0
33339	1
33340	0
33341	0
33342	0
33343	0
33344	0
33345	0
33346	0
33347	0
33348	0
33349	2
33350	0
33351	0
33352	2
33353	0
33354	0
33355	2
33356	0
33357	2
33358	0
33359	0
33360	0
33361	0
33362	0
33363	0
33364	0
33365	0
33366	0
33367	0
33368	0
33369	0
33370	1
33371	0
33372	0
33373	0
33374	0
33375	0
33376	0
33377	0
33378	0
33379	0
33380	0
33381	0
33382	0
33383	0
33384	0
33475	0
33476	0
33477	0
33478	0
33479	0
33480	0
33481	0
33482	0
33483	0
33484	0
33485	0
33486	0
33487	0
33488	1
33489	0
33490	0
33491	0
33492	0
33493	0
33494	0
33495	0
33496	0
33497	0
33498	0
33499	0
33500	0
33501	0
33502	0
33503	0
33504	1
33505	0
33506	0
33507	0
33508	0
33509	0
33510	1
33583	0
33584	0
33585	1
33586	0
33587	0
33588	0
33649	1
33650	0
33651	0
33653	0
33655	0
33656	0
33657	0
33659	0
33661	0
33662	0
33663	0
33665	0
33679	0
33680	0
33681	0
33682	0
33683	0
33684	0
33685	0
33686	0
33687	0
33688	0
33689	1
33690	0
33943	0
33944	0
33945	0
33946	0
33947	2
33948	0
33949	2
33950	0
33951	1
33952	0
33953	0
33954	0
33979	2
33980	0
33981	0
33982	0
33983	0
33984	0
33985	2
33986	0
33987	1
33988	0
33989	0
33990	0
33991	2
33992	0
33993	0
33994	0
33995	0
33996	0
34015	0
34016	0
34017	0
34018	0
34019	0
34020	0
34021	0
34022	0
34023	0
34024	0
34025	0
34026	0
34039	0
34040	0
34041	1
34042	0
34043	0
34044	0
34177	1
34178	4
34179	0
34180	1
34181	1
34182	1
34333	1
34334	2
34335	1
34336	2
34337	1
34338	0
34339	1
34340	1
34341	1
34342	2
34343	1
34344	0
34345	1
34347	0
34348	2
34349	2
34350	2
34369	1
34370	1
34371	2
34372	1
34373	0
34374	0
34375	0
34376	0
34377	1
34378	2
34379	0
34380	0
34399	0
34400	0
34401	1
34402	0
34403	0
34404	0
34735	1
34736	0
34737	0
34738	1
34739	0
34740	0
34867	0
34868	0
34869	0
34870	0
34871	0
34872	0
34879	0
34881	0
34882	0
34883	1
34884	0
34939	0
34940	1
34941	0
34942	1
34943	0
34944	0
35059	1
35060	0
35061	0
35062	0
35063	0
35064	0
35077	1
35078	0
35079	1
35080	0
35081	3
35082	0
35119	0
35120	0
35121	0
35122	0
35123	0
35124	0
35161	2
35162	0
35163	0
35164	0
35165	0
35166	0
35239	0
35240	0
35241	0
35242	0
35243	0
35244	0
35377	2
35378	0
35379	0
35380	1
35381	0
35382	0
35395	0
35396	0
35397	0
35398	2
35399	1
35400	0
35401	0
35402	0
35403	0
35404	0
35405	0
35406	0
35443	0
35444	0
35445	0
35446	0
35447	0
35448	2
35599	1
35600	4
35601	1
35602	2
35603	3
35604	4
35605	3
35606	0
35607	0
35608	2
35609	0
35610	0
35611	2
35612	0
35613	0
35614	0
35615	1
35616	1
35689	0
35691	0
35692	1
35693	0
35694	0
35737	0
35738	0
35739	0
35740	0
35741	0
35742	0
35743	0
35744	0
35745	0
35746	0
35747	0
35748	0
35749	1
35750	2
35751	1
35752	1
35753	0
35754	1
35809	0
35810	1
35811	0
35812	0
35813	0
35814	0
35893	0
35894	0
35895	0
35896	0
35897	0
35898	0
35929	3
35930	2
35931	3
35932	3
35933	4
35934	3
35935	4
35936	2
35937	4
35938	1
35939	1
35940	2
35941	2
35942	2
35943	0
35944	1
35945	0
35946	0
35947	0
35948	0
35949	0
35950	0
35951	0
35952	0
35953	0
35954	1
35955	0
35956	1
35957	0
35958	1
36091	1
36092	0
36093	0
36094	0
36095	0
36096	0
36097	0
36098	0
36099	0
36100	0
36101	0
36102	0
36103	0
36104	0
36105	0
36106	0
36107	0
36108	0
36211	0
36212	0
36213	0
36214	0
36215	1
36216	0
36337	0
36338	0
36339	0
36340	0
36341	0
36342	0
36343	0
36344	2
36345	1
36346	0
36347	0
36348	0
36355	0
36356	0
36357	0
36358	1
36359	0
36360	0
36559	1
36560	1
36561	0
36562	1
36563	0
36564	0
36565	0
36566	0
36567	0
36568	0
36569	0
36570	0
36571	0
36572	0
36573	0
36574	0
36575	0
36576	1
36637	0
36638	0
36639	0
36640	0
36641	0
36642	0
36692	2
36694	2
36695	2
36696	2
36697	0
36698	0
36699	0
36700	1
36701	0
36702	1
36703	0
36704	0
36705	0
36706	0
36707	1
36708	1
36709	3
36710	1
36711	3
36712	3
36713	3
36714	2
36715	2
36716	1
36717	0
36718	0
36719	1
36720	3
36721	2
36722	1
36723	1
36724	1
36725	2
36726	2
36751	0
36752	0
36753	0
36754	0
36755	0
36756	0
36763	0
36764	0
36765	0
36766	1
36767	0
36768	0
36829	1
36830	0
36831	0
36832	0
36833	0
36834	0
36835	2
36836	0
36837	0
36838	0
36839	0
36840	0
36841	1
36842	0
36843	0
36844	0
36845	0
36846	0
36943	2
36944	1
36945	3
36946	2
36947	2
36948	1
36949	0
36950	0
36951	1
36952	0
36953	0
36954	0
36955	0
36956	0
36957	0
36958	0
36959	0
36960	0
36979	0
36980	0
36981	0
36982	0
36983	0
36984	0
37069	0
37070	0
37071	0
37072	0
37073	0
37074	0
37111	3
37112	5
37113	3
37114	0
37115	3
37116	2
37117	1
37118	4
37119	3
37120	0
37121	3
37122	1
37129	1
37130	0
37131	1
37132	3
37133	2
37134	2
37135	0
37136	1
37137	1
37138	2
37139	0
37140	3
37141	4
37142	1
37143	3
37144	4
37145	2
37146	3
37207	0
37208	1
37209	0
37210	0
37211	1
37212	1
37213	0
37214	0
37215	0
37216	0
37217	0
37218	0
37219	0
37220	0
37221	0
37222	0
37223	0
37224	0
37225	0
37226	0
37227	0
37228	0
37229	0
37230	4
37231	0
37232	0
37233	0
37234	0
37235	0
37236	0
37237	0
37238	0
37239	0
37240	0
37241	0
37242	1
37243	0
37244	0
37245	0
37246	0
37247	0
37248	0
37249	0
37250	0
37251	0
37252	0
37253	0
37254	0
37255	0
37256	2
37257	0
37258	0
37259	0
37260	0
37285	0
37286	0
37287	1
37288	0
37289	0
37290	0
37291	0
37292	0
37293	0
37294	0
37295	0
37296	0
37297	0
37298	0
37299	0
37300	0
37301	1
37302	0
37351	0
37352	0
37353	0
37354	0
37355	0
37356	0
37357	0
37358	1
37359	1
37360	0
37361	1
37362	1
37363	1
37364	2
37365	1
37366	0
37367	0
37368	1
37483	2
37484	2
37485	3
37486	3
37487	4
37488	2
37573	1
37574	1
37575	1
37576	0
37577	1
37578	5
37579	1
37580	1
37581	2
37582	1
37583	2
37584	2
37669	1
37670	0
37671	1
37672	1
37673	0
37674	0
37681	1
37682	1
37683	1
37684	3
37685	2
37686	4
37699	0
37700	0
37701	0
37702	0
37703	0
37704	0
37706	0
37708	0
37709	0
37710	0
37711	0
37712	0
37713	0
37714	1
37715	0
37716	2
37729	0
37730	0
37731	0
37732	0
37733	0
37734	0
37789	0
37790	0
37791	0
37792	0
37793	0
37794	0
37801	0
37802	0
37803	0
37804	0
37805	0
37806	1
37909	2
37910	3
37911	0
37912	2
37913	1
37914	2
37921	0
37922	0
37923	0
37924	0
37925	0
37926	0
37939	0
37940	0
37941	0
37942	1
37943	0
37944	0
37945	0
37946	0
37947	0
37948	0
37949	0
37950	0
37975	0
37976	0
37977	0
37978	2
37979	0
37980	0
37981	0
37982	0
37983	0
37984	2
37985	0
37986	0
38011	0
38012	0
38013	0
38014	0
38015	0
38016	0
38041	0
38042	1
38043	0
38044	0
38045	1
38046	0
38047	0
38048	0
38049	0
38050	0
38051	0
38052	0
38059	0
38060	0
38061	0
38062	1
38063	0
38064	0
38095	1
38096	2
38097	0
38098	1
38099	0
38100	0
38101	0
38102	0
38103	0
38104	1
38105	0
38106	0
38119	0
38120	0
38121	0
38122	0
38123	0
38124	0
38137	1
38138	0
38139	0
38140	0
38141	0
38142	0
38179	0
38180	1
38181	0
38182	0
38183	0
38184	0
38185	1
38186	0
38187	0
38188	2
38189	0
38190	1
38227	0
38228	0
38229	0
38230	0
38231	0
38232	0
38305	0
38306	0
38307	0
38308	0
38309	0
38310	0
38317	0
38318	0
38319	0
38320	0
38321	0
38322	0
38365	2
38366	1
38367	1
38368	0
38369	0
38370	0
38401	0
38402	0
38403	0
38404	0
38405	0
38406	0
38480	0
38482	0
38483	0
38484	0
38491	0
38492	0
38493	1
38494	0
38495	2
38496	1
38497	0
38498	1
38499	2
38500	1
38501	0
38502	0
38503	0
38504	1
38505	0
38506	0
38507	0
38508	0
38509	1
38510	0
38511	0
38512	0
38513	0
38514	0
38533	0
38534	0
38535	0
38536	0
38537	0
38538	0
38605	0
38606	0
38607	0
38608	0
38609	0
38610	0
38629	0
38630	0
38631	0
38632	0
38633	0
38634	0
38653	0
38654	0
38655	0
38656	0
38657	0
38658	0
38677	0
38678	0
38679	0
38680	0
38681	0
38682	0
38779	0
38780	1
38781	0
38782	1
38783	0
38784	0
38785	1
38786	0
38787	0
38788	0
38789	0
38790	0
38833	0
38834	0
38835	0
38836	0
38837	0
38838	1
38839	0
38840	0
38841	0
38842	0
38843	0
38844	0
38845	0
38846	0
38847	0
38848	0
38849	0
38850	0
38893	0
38894	0
38895	0
38896	0
38897	0
38898	0
38965	0
38966	1
38967	0
38968	0
38969	0
38970	0
38971	0
38972	0
38973	0
38974	0
38975	0
38976	0
38977	1
38978	0
38979	0
38980	0
38981	1
38982	0
39001	0
39002	0
39003	0
39004	0
39005	0
39006	0
39007	0
39008	0
39009	0
39010	0
39011	0
39012	0
39061	0
39062	0
39063	0
39064	1
39065	0
39066	0
39067	1
39068	1
39069	1
39070	2
39071	1
39072	0
39073	1
39074	0
39075	1
39076	1
39077	0
39078	1
39127	1
39128	1
39129	2
39130	1
39131	1
39132	2
39133	1
39134	0
39135	0
39136	1
39137	0
39138	2
39139	0
39140	1
39141	0
39142	0
39143	1
39144	0
39145	0
39146	1
39147	1
39148	0
39149	0
39150	0
39151	1
39152	0
39153	0
39154	0
39155	0
39156	0
39157	1
39158	0
39159	0
39160	0
39161	0
39162	1
39175	0
39176	0
39177	0
39178	0
39179	0
39180	0
39181	0
39182	0
39183	1
39184	0
39185	0
39186	1
39271	1
39272	1
39273	0
39274	0
39275	0
39276	0
39283	0
39284	0
39285	1
39286	0
39287	2
39288	1
39397	0
39398	0
39399	0
39400	0
39401	1
39402	0
39403	0
39404	0
39405	0
39406	0
39407	0
39408	0
39445	0
39446	0
39447	0
39448	0
39449	2
39450	0
39451	0
39452	0
39453	0
39454	0
39455	0
39456	0
39457	0
39458	0
39459	0
39460	0
39461	0
39462	0
39553	0
39554	1
39555	0
39556	0
39557	0
39558	1
39565	0
39566	0
39567	0
39568	0
39569	0
39570	0
39571	0
39572	0
39573	0
39574	0
39575	0
39576	0
39577	0
39578	1
39579	0
39580	0
39581	0
39582	0
39583	0
39584	1
39585	1
39586	0
39587	1
39588	0
39589	0
39590	0
39591	0
39592	0
39593	0
39594	0
39595	0
39596	0
39597	0
39598	0
39599	0
39600	0
39637	0
39638	0
39639	1
39640	0
39641	1
39642	0
39643	0
39644	1
39645	0
39646	2
39647	0
39648	0
39649	1
39650	0
39651	0
39652	0
39653	1
39654	0
39655	0
39656	0
39657	0
39658	0
39659	0
39660	0
39661	0
39662	0
39663	0
39664	0
39665	0
39666	0
39667	0
39668	0
39669	0
39670	0
39671	0
39672	0
39673	0
39674	0
39675	0
39676	0
39677	0
39678	7
39679	1
39680	0
39681	0
39682	0
39683	0
39684	0
39685	0
39686	0
39687	0
39688	0
39689	0
39690	0
39697	0
39698	0
39699	0
39700	0
39701	1
39702	2
39751	0
39752	0
39753	0
39754	0
39755	1
39756	0
39757	0
39758	0
39759	0
39760	0
39761	0
39762	0
39763	0
39764	0
39765	0
39766	0
39767	0
39768	0
39769	0
39770	1
39771	0
39772	0
39773	0
39774	1
39775	1
39776	0
39777	0
39778	0
39779	0
39780	1
39781	0
39782	0
39783	0
39784	0
39785	0
39786	1
39823	1
39824	1
39825	1
39826	0
39827	0
39828	1
39829	0
39830	0
39831	0
39832	0
39833	0
39834	0
39835	0
39836	1
39837	0
39838	0
39839	0
39840	0
39901	0
39902	0
39903	0
39904	0
39905	0
39906	0
39908	0
39909	0
39910	0
39911	1
39912	0
39914	0
39915	0
39916	0
39917	0
39918	0
39919	1
39920	0
39921	0
39922	0
39923	0
39924	0
39925	1
39926	0
39927	0
39928	0
39929	0
39930	0
39931	1
39932	0
39933	0
39934	0
39935	0
39936	0
39937	1
39938	0
39939	0
39940	0
39941	0
39942	0
40022	0
40024	0
40025	0
40026	0
40063	0
40064	2
40065	1
40066	1
40067	0
40068	0
40069	0
40070	0
40071	0
40072	0
40073	0
40074	0
40075	0
40076	0
40077	1
40078	0
40079	0
40080	0
40099	1
40100	1
40101	1
40102	0
40103	0
40104	2
40105	0
40106	0
40107	0
40108	0
40110	2
40111	0
40112	0
40113	4
40114	0
40115	2
40116	1
40141	1
40142	0
40143	0
40144	0
40145	0
40146	0
40153	0
40154	0
40155	0
40156	0
40157	0
40158	0
40165	0
40166	0
40167	0
40168	0
40169	0
40170	0
40195	0
40196	0
40197	0
40198	0
40199	0
40200	1
40201	0
40202	0
40203	0
40204	0
40205	0
40206	1
40357	0
40358	1
40359	2
40360	0
40361	2
40362	0
40363	3
40364	2
40365	2
40366	0
40367	0
40368	0
40369	0
40370	0
40371	0
40372	0
40373	0
40374	0
40375	0
40376	1
40377	1
40378	0
40379	0
40380	0
40381	0
40382	0
40383	1
40384	0
40385	0
40386	0
40387	0
40388	0
40389	0
40390	0
40391	0
40392	0
40699	0
40700	0
40701	1
40702	1
40703	0
40704	0
40705	0
40706	0
40707	0
40708	0
40709	0
40710	0
40711	0
40712	0
40713	0
40714	0
40715	0
40716	0
40741	0
40742	1
40743	1
40744	0
40745	0
40746	1
40747	0
40748	0
40749	0
40750	0
40751	0
40752	0
40753	0
40754	0
40755	0
40756	0
40757	0
40758	0
40777	1
40778	1
40779	1
40780	1
40781	2
40782	0
40783	0
40784	0
40785	0
40786	0
40787	0
40788	1
40789	0
40790	2
40791	0
40792	0
40793	0
40794	0
40855	0
40856	0
40857	0
40858	0
40859	0
40860	0
40867	1
40868	1
40869	0
40870	0
40871	0
40872	2
40873	1
40874	1
40875	0
40876	0
40877	1
40878	2
40879	0
40880	1
40881	0
40882	0
40883	0
40884	0
40885	0
40886	0
40887	0
40888	1
40889	1
40890	1
40891	0
40892	0
40893	0
40894	1
40895	0
40896	1
40897	0
40898	0
40899	0
40900	0
40901	0
40902	0
40951	1
40952	0
40953	3
40954	0
40955	2
40956	2
40957	0
40958	0
40959	0
40960	0
40961	0
40962	0
40963	2
40964	2
40965	1
40966	1
40967	1
40968	0
40969	1
40970	1
40971	1
40972	0
40973	1
40974	0
40975	0
40976	1
40977	0
40978	0
40979	0
40980	0
40981	1
40982	0
40983	0
40984	0
40985	0
40986	0
40987	0
40988	0
40989	0
40990	0
40991	0
40992	0
40993	0
40994	0
40995	0
40996	0
40997	0
40998	1
40999	0
41000	0
41001	0
41002	0
41003	0
41004	1
41023	1
41024	1
41025	1
41026	1
41027	0
41028	1
41029	0
41030	0
41031	0
41032	0
41033	0
41034	0
41041	0
41042	1
41043	1
41044	0
41045	1
41046	0
41047	0
41048	0
41049	0
41050	0
41051	0
41052	0
41053	0
41054	0
41055	0
41056	0
41057	0
41058	0
41095	0
41096	1
41097	1
41098	0
41099	1
41100	0
41137	0
41138	1
41139	1
41140	0
41141	0
41142	0
41143	1
41144	2
41145	0
41146	0
41147	0
41148	0
41149	1
41150	0
41151	0
41152	0
41153	0
41154	0
41185	1
41186	0
41187	0
41188	0
41189	0
41190	0
41209	0
41210	0
41211	0
41212	0
41213	0
41214	1
41221	0
41222	1
41223	0
41224	0
41225	0
41226	0
41353	0
41354	0
41355	0
41356	0
41357	0
41358	1
41449	0
41450	0
41451	0
41452	0
41453	1
41454	0
41455	0
41456	0
41457	0
41458	1
41459	0
41460	0
41521	0
41522	0
41523	0
41524	0
41525	0
41526	1
41557	0
41558	0
41559	0
41560	0
41561	0
41562	0
41563	0
41564	0
41565	0
41566	1
41567	0
41568	0
41569	0
41570	0
41571	0
41572	0
41573	0
41574	1
41587	0
41588	0
41589	0
41590	0
41591	0
41592	0
41653	0
41654	1
41655	0
41656	0
41657	0
41658	0
41665	0
41666	0
41667	0
41668	0
41669	0
41670	0
41677	0
41678	1
41679	1
41680	1
41681	0
41682	0
41683	0
41684	0
41685	0
41686	0
41687	0
41688	0
41689	0
41690	0
41691	0
41692	1
41693	0
41694	0
41695	1
41696	0
41697	0
41698	0
41699	0
41700	0
41701	0
41702	0
41703	0
41704	0
41705	0
41706	0
41725	0
41726	0
41727	0
41728	0
41729	0
41730	0
41761	0
41762	1
41763	0
41764	0
41765	0
41766	0
41785	0
41786	0
41787	0
41788	0
41789	0
41790	0
41827	0
41828	0
41829	0
41830	0
41831	0
41832	0
41833	0
41834	0
41835	0
41836	0
41837	0
41838	0
41845	1
41846	0
41847	0
41848	0
41849	0
41850	0
41899	0
41900	0
41901	2
41902	0
41903	1
41904	0
41905	0
41906	2
41907	0
41908	0
41909	0
41910	0
41923	1
41924	1
41925	1
41926	2
41927	1
41928	1
41929	1
41930	2
41931	0
41932	1
41933	0
41934	1
41941	0
41942	0
41943	0
41944	0
41945	0
41946	0
42133	0
42134	0
42135	0
42136	1
42137	0
42138	0
42139	0
42140	1
42141	0
42142	0
42143	0
42144	0
42151	0
42152	0
42153	0
42154	0
42155	0
42156	0
42175	0
42176	0
42177	0
42178	0
42179	0
42180	0
42265	0
42266	0
42267	0
42268	0
42269	2
42270	0
42271	0
42272	0
42273	0
42274	2
42275	0
42276	0
42313	1
42314	0
42315	3
42316	0
42317	1
42318	1
42319	1
42320	0
42321	1
42322	0
42323	0
42324	1
42337	1
42338	1
42339	0
42340	1
42341	1
42342	1
42355	0
42356	0
42357	0
42358	0
42359	0
42360	0
42457	0
42458	0
42459	0
42460	0
42461	0
42462	0
42499	0
42500	0
42501	0
42502	0
42503	0
42504	0
42517	0
42518	0
42519	0
42520	0
42521	0
42522	0
42577	0
42578	0
42579	3
42580	3
42581	0
42582	0
42583	0
42584	0
42585	0
42586	0
42587	0
42588	0
42631	0
42632	0
42633	1
42634	1
42635	0
42636	1
42637	1
42638	1
42639	0
42640	1
42641	0
42642	1
42721	0
42722	0
42723	1
42724	0
42725	1
42726	0
42727	0
42728	0
42729	1
42730	0
42731	1
42732	0
42733	0
42734	0
42735	0
42736	0
42737	1
42738	0
42751	0
42752	0
42753	0
42754	0
42755	0
42756	0
42763	1
42764	0
42765	1
42766	0
42767	1
42768	0
42769	1
42770	0
42771	1
42772	0
42773	0
42774	0
42775	2
42776	0
42777	1
42778	0
42779	1
42780	0
43057	1
43058	1
43059	0
43060	0
43061	1
43062	0
43063	0
43064	0
43065	0
43066	0
43067	1
43068	0
43069	0
43070	0
43071	1
43072	0
43073	1
43074	0
43075	1
43076	1
43077	1
43078	0
43079	0
43080	1
43081	0
43082	0
43083	0
43084	0
43085	0
43086	0
43087	0
43088	0
43089	0
43090	0
43091	0
43092	1
43093	0
43094	0
43095	0
43096	0
43097	0
43098	0
43099	0
43100	0
43101	0
43102	0
43103	0
43104	0
43117	0
43118	0
43119	0
43120	0
43129	1
43130	0
43131	0
43132	0
43423	1
43424	0
43425	0
43426	0
43427	3
43428	0
43429	0
43430	0
43431	1
43432	0
43433	0
43434	0
43435	2
43436	1
43437	0
43438	0
43439	2
43440	0
43471	0
43472	0
43473	0
43474	0
43475	0
43476	0
43477	0
43478	0
43479	0
43480	0
43481	0
43482	0
43483	0
43484	0
43485	0
43486	0
43487	0
43488	1
43489	0
43490	0
43491	0
43492	0
43493	0
43494	2
43495	0
43496	0
43497	0
43498	0
43499	0
43500	0
43501	0
43502	0
43503	0
43504	0
43505	0
43506	0
43567	1
43568	0
43569	1
43570	1
43571	0
43572	0
43573	4
43574	0
43575	0
43576	0
43577	0
43578	0
43579	0
43580	0
43581	0
43582	0
43583	0
43584	0
43657	1
43658	0
43659	0
43660	0
43661	2
43662	0
43663	1
43664	0
43665	0
43666	0
43667	1
43668	0
43669	1
43670	0
43671	0
43672	0
43673	1
43674	0
43747	0
43748	0
43749	0
43750	0
43751	0
43752	0
43753	0
43754	0
43755	0
43756	0
43757	0
43758	0
43759	0
43760	0
43761	0
43762	0
43763	0
43764	0
43873	0
43874	0
43875	1
43876	0
43877	0
43878	0
43879	0
43880	0
43881	0
43882	0
43883	0
43884	0
43885	1
43886	0
43887	1
43888	0
43889	1
43890	0
43891	0
43892	0
43893	0
43894	0
43895	0
43896	0
43915	2
43916	1
43917	2
43918	2
43919	2
43920	2
43921	2
43922	1
43923	2
43924	2
43925	1
43926	2
43927	2
43928	1
43929	0
43930	1
43931	1
43932	1
43933	3
43934	1
43935	2
43936	2
43937	0
43938	2
43939	0
43940	0
43941	0
43942	3
43943	1
43944	2
43945	0
43946	0
43947	2
43948	1
43949	2
43950	1
44047	0
44048	0
44049	1
44050	1
44051	1
44052	0
44053	0
44054	0
44055	0
44056	0
44057	0
44058	0
44059	0
44060	0
44061	0
44062	1
44063	0
44064	0
44089	2
44090	1
44091	0
44092	1
44095	1
44096	1
44097	0
44098	0
44947	1
44948	0
44949	1
44950	1
44951	2
44952	0
