ObservationID	SubLocationID	Count
146063	6130	0
146063	6131	0
146063	6132	0
146063	6133	0
146063	6134	0
146063	6135	0
146069	2718	0
146069	2719	0
146069	2720	0
146069	2721	0
146069	2722	0
146069	2723	0
146070	2718	0
146070	2719	0
146070	2720	0
146070	2721	0
146070	2722	0
146070	2723	0
146071	2718	0
146071	2719	0
146071	2720	0
146071	2721	0
146071	2722	0
146071	2723	0
146076	3433	0
146076	3434	2
146076	3435	0
146076	3436	0
146077	3433	0
146077	3434	4
146077	3435	0
146077	3436	0
146078	3433	1
146078	3434	7
146078	3435	0
146078	3436	0
146079	7090	0
146079	7091	0
146079	7092	0
146079	7093	0
146079	7094	1
146079	7095	0
146083	6130	0
146083	6131	0
146083	6132	0
146083	6133	0
146083	6134	0
146083	6135	0
146203	6130	0
146203	6131	0
146203	6132	1
146203	6133	0
146203	6134	0
146203	6135	0
146218	6130	0
146218	6131	0
146218	6132	0
146218	6133	0
146218	6134	0
146218	6135	0
146272	4760	0
146272	4761	0
146272	4762	0
146272	4763	0
146272	4764	2
146272	4765	0
146340	7090	0
146340	7091	0
146340	7092	0
146340	7093	0
146340	7094	0
146340	7095	0
146341	7090	0
146341	7091	0
146341	7092	0
146341	7093	0
146341	7094	0
146341	7095	0
146350	6112	0
146350	6113	0
146350	6114	0
146350	6115	0
146350	6116	0
146350	6117	2
146358	3391	0
146358	3392	0
146358	3393	0
146358	3394	0
146358	3395	1
146358	3396	0
146359	3391	0
146359	3392	0
146359	3393	0
146359	3394	0
146359	3395	1
146359	3396	0
146450	2736	0
146450	2737	0
146450	2738	0
146450	2739	0
146450	2740	0
146450	2741	0
146452	2736	0
146452	2737	0
146452	2738	0
146452	2739	0
146452	2740	0
146452	2741	0
146489	3663	0
146489	3664	0
146489	3665	0
146489	3666	0
146489	3667	0
146489	3668	0
146510	3663	0
146510	3664	0
146510	3665	0
146510	3666	0
146510	3667	0
146510	3668	0
146534	3391	0
146534	3392	0
146534	3393	0
146534	3394	0
146534	3395	2
146534	3396	0
146537	4760	0
146537	4761	0
146537	4762	0
146537	4763	0
146537	4764	4
146537	4765	0
146538	4760	0
146538	4761	0
146538	4762	0
146538	4763	0
146538	4764	0
146538	4765	0
146756	3164	0
146756	3165	0
146756	3166	0
146756	3167	1
146756	3168	0
146756	3169	0
146757	3164	0
146757	3165	0
146757	3166	0
146757	3167	2
146757	3168	0
146757	3169	1
146758	3164	0
146758	3165	0
146758	3166	0
146758	3167	0
146758	3168	0
146758	3169	0
146759	5279	0
146759	5280	5
146759	5281	0
146759	5282	2
146759	5283	0
146759	5284	0
146760	5279	0
146760	5280	3
146760	5281	0
146760	5282	0
146760	5283	0
146760	5284	0
146761	5279	0
146761	5280	2
146761	5281	0
146761	5282	1
146761	5283	0
146761	5284	0
146984	2718	0
146984	2719	0
146984	2720	0
146984	2721	0
146984	2722	0
146984	2723	0
146985	2718	0
146985	2719	0
146985	2720	0
146985	2721	0
146985	2722	0
146985	2723	0
146986	2718	0
146986	2719	0
146986	2720	0
146986	2721	0
146986	2722	0
146986	2723	0
147123	4574	0
147123	4575	1
147123	4576	1
147123	4577	0
147123	4578	0
147123	4579	0
147124	4574	0
147124	4575	0
147124	4576	1
147124	4577	0
147124	4578	0
147124	4579	0
147230	3077	0
147230	3078	0
147230	3079	1
147230	3080	3
147230	3081	1
147230	3082	0
147231	3077	0
147231	3078	0
147231	3079	1
147231	3080	1
147231	3081	0
147231	3082	0
147232	3077	0
147232	3078	0
147232	3079	0
147232	3080	1
147232	3081	1
147232	3082	0
147518	4574	0
147518	4575	0
147518	4576	0
147518	4577	0
147518	4578	0
147518	4579	0
148337	4795	0
148337	4796	0
148337	4797	0
148337	4798	0
148337	4799	0
148337	4800	0
148338	4795	0
148338	4796	0
148338	4797	1
148338	4798	0
148338	4799	0
148338	4800	1
148339	4795	0
148339	4796	0
148339	4797	0
148339	4798	0
148339	4799	1
148339	4800	0
148367	4432	0
148367	4433	0
148367	4434	0
148367	4435	0
148367	4436	0
148367	4437	3
148369	4432	0
148369	4433	0
148369	4434	0
148369	4435	1
148369	4436	0
148369	4437	0
148371	4432	0
148371	4433	0
148371	4434	0
148371	4435	0
148371	4436	0
148371	4437	2
148373	3152	0
148373	3153	2
148373	3154	0
148373	3155	0
148373	3156	0
148373	3157	0
148374	3152	0
148374	3153	0
148374	3154	0
148374	3155	0
148374	3156	0
148374	3157	0
148375	3152	0
148375	3153	0
148375	3154	0
148375	3155	0
148375	3156	0
148375	3157	0
148433	4795	0
148433	4796	0
148433	4797	0
148433	4798	0
148433	4799	0
148433	4800	0
148640	3437	0
148640	3438	0
148640	3439	0
148640	3440	0
148640	3441	0
148640	3442	0
148719	3437	0
148719	3438	0
148719	3439	0
148719	3440	0
148719	3441	0
148719	3442	0
148720	3437	0
148720	3438	0
148720	3439	0
148720	3440	0
148720	3441	0
148720	3442	0
150987	5159	0
150987	5160	0
150987	5161	0
150987	5162	0
150987	5163	0
150987	5164	0
150995	5159	1
150995	5160	0
150995	5161	0
150995	5162	0
150995	5163	0
150995	5164	0
151012	5159	1
151012	5160	0
151012	5161	0
151012	5162	0
151012	5163	0
151012	5164	0
151835	3663	0
151835	3664	0
151835	3665	0
151835	3666	0
151835	3667	0
151835	3668	0
151836	3437	0
151836	3438	0
151836	3439	0
151836	3440	0
151836	3441	0
151836	3442	0
151837	3437	0
151837	3438	0
151837	3439	0
151837	3440	0
151837	3441	0
151837	3442	0
151838	3437	0
151838	3438	0
151838	3439	0
151838	3440	0
151838	3441	0
151838	3442	0
152159	6714	0
152159	6715	0
152159	6716	0
152159	6717	0
152159	6718	0
152159	6719	0
152160	6714	0
152160	6715	0
152160	6716	0
152160	6717	0
152160	6718	0
152160	6719	0
152161	6714	0
152161	6715	0
152161	6716	0
152161	6717	1
152161	6718	0
152161	6719	1
152240	3461	0
152240	3462	0
152240	3463	4
152240	3464	0
152240	3465	0
152240	3466	0
152241	3461	0
152241	3462	0
152241	3463	2
152241	3464	0
152241	3465	0
152241	3466	0
152242	3461	0
152242	3462	0
152242	3463	6
152242	3464	0
152242	3465	0
152242	3466	0
152555	5159	0
152555	5160	0
152555	5161	0
152555	5162	0
152555	5163	0
152555	5164	0
152556	5159	1
152556	5160	0
152556	5161	0
152556	5162	0
152556	5163	0
152556	5164	0
152558	5159	1
152558	5160	0
152558	5161	0
152558	5162	0
152558	5163	0
152558	5164	0
152584	3663	0
152584	3664	0
152584	3665	0
152584	3666	0
152584	3667	0
152584	3668	0
152589	4574	0
152589	4575	1
152589	4576	1
152589	4577	0
152589	4578	0
152589	4579	0
152590	4574	0
152590	4575	0
152590	4576	1
152590	4577	0
152590	4578	0
152590	4579	0
152591	4574	0
152591	4575	0
152591	4576	0
152591	4577	0
152591	4578	0
152591	4579	0
152873	3152	0
152873	3153	0
152873	3154	0
152873	3155	0
152873	3156	0
152873	3157	0
152874	3152	0
152874	3153	2
152874	3154	0
152874	3155	0
152874	3156	0
152874	3157	0
152875	3152	0
152875	3153	0
152875	3154	0
152875	3155	0
152875	3156	0
152875	3157	0
152894	3461	0
152894	3462	0
152894	3463	6
152894	3464	0
152894	3465	0
152894	3466	0
152902	3461	0
152902	3462	0
152902	3463	2
152902	3464	0
152902	3465	0
152902	3466	0
152908	3461	0
152908	3462	0
152908	3463	4
152908	3464	0
152908	3465	0
152908	3466	0
152933	4432	0
152933	4433	0
152933	4434	0
152933	4435	0
152933	4436	0
152933	4437	3
152935	4432	0
152935	4433	0
152935	4434	0
152935	4435	1
152935	4436	0
152935	4437	0
152937	4432	0
152937	4433	0
152937	4434	0
152937	4435	0
152937	4436	0
152937	4437	2
153048	4795	0
153048	4796	0
153048	4797	0
153048	4798	0
153048	4799	0
153048	4800	0
153049	4795	0
153049	4796	0
153049	4797	1
153049	4798	0
153049	4799	0
153049	4800	1
153050	4795	0
153050	4796	0
153050	4797	0
153050	4798	0
153050	4799	1
153050	4800	0
153676	6714	0
153676	6715	0
153676	6716	0
153676	6717	1
153676	6718	0
153676	6719	1
153814	3077	0
153814	3078	0
153814	3079	1
153814	3080	3
153814	3081	1
153814	3082	0
153815	3077	0
153815	3078	0
153815	3079	1
153815	3080	1
153815	3081	0
153815	3082	0
153816	3077	0
153816	3078	0
153816	3079	0
153816	3080	1
153816	3081	1
153816	3082	0
154835	3337	0
154835	3338	0
154835	3339	0
154835	3340	0
154835	3341	0
154835	3342	2
154838	3337	0
154838	3338	0
154838	3339	0
154838	3340	0
154838	3341	0
154838	3342	0
154845	3337	0
154845	3338	0
154845	3339	0
154845	3340	0
154845	3341	0
154845	3342	2
154846	3337	0
154846	3338	0
154846	3339	0
154846	3340	0
154846	3341	0
154846	3342	0
154926	4760	0
154926	4761	0
154926	4762	0
154926	4763	0
154926	4764	0
154926	4765	0
154929	3391	0
154929	3392	0
154929	3393	0
154929	3394	0
154929	3395	2
154929	3396	0
155011	2736	0
155011	2737	0
155011	2738	2
155011	2739	0
155011	2740	0
155011	2741	2
155022	7090	0
155022	7091	0
155022	7092	0
155022	7093	0
155022	7094	1
155022	7095	0
155082	6130	0
155082	6131	0
155082	6132	0
155082	6133	0
155082	6134	0
155082	6135	0
155120	3663	0
155120	3664	0
155120	3665	0
155120	3666	0
155120	3667	0
155120	3668	0
155266	6130	0
155266	6131	0
155266	6132	0
155266	6133	0
155266	6134	0
155266	6135	0
155566	2736	0
155566	2737	0
155566	2738	0
155566	2739	0
155566	2740	0
155566	2741	0
155583	2718	0
155583	2719	0
155583	2720	0
155583	2721	1
155583	2722	0
155583	2723	0
155602	2736	0
155602	2737	0
155602	2738	0
155602	2739	0
155602	2740	0
155602	2741	0
155606	4760	0
155606	4761	0
155606	4762	0
155606	4763	0
155606	4764	0
155606	4765	0
155635	3433	0
155635	3434	2
155635	3435	0
155635	3436	0
155636	3433	0
155636	3434	2
155636	3435	0
155636	3436	0
155637	3433	0
155637	3434	2
155637	3435	0
155637	3436	0
155641	3391	0
155641	3392	0
155641	3393	0
155641	3394	0
155641	3395	1
155641	3396	0
155655	4760	0
155655	4761	0
155655	4762	0
155655	4763	0
155655	4764	0
155655	4765	0
155664	6130	0
155664	6131	0
155664	6132	0
155664	6133	0
155664	6134	0
155664	6135	0
156124	2718	0
156124	2719	0
156124	2720	0
156124	2721	1
156124	2722	0
156124	2723	0
156575	4760	0
156575	4761	0
156575	4762	0
156575	4763	0
156575	4764	0
156575	4765	0
156576	4760	0
156576	4761	0
156576	4762	0
156576	4763	0
156576	4764	0
156576	4765	0
156577	4760	0
156577	4761	0
156577	4762	0
156577	4763	0
156577	4764	0
156577	4765	0
156636	6130	0
156636	6131	0
156636	6132	0
156636	6133	0
156636	6134	0
156636	6135	0
156637	6130	0
156637	6131	0
156637	6132	0
156637	6133	0
156637	6134	0
156637	6135	0
156638	6130	0
156638	6131	0
156638	6132	0
156638	6133	0
156638	6134	0
156638	6135	0
156648	3433	0
156648	3434	2
156648	3435	0
156648	3436	0
156649	3433	0
156649	3434	2
156649	3435	0
156649	3436	0
156650	3433	0
156650	3434	2
156650	3435	0
156650	3436	0
156664	2736	0
156664	2737	0
156664	2738	2
156664	2739	0
156664	2740	0
156664	2741	2
156666	2736	0
156666	2737	0
156666	2738	0
156666	2739	0
156666	2740	0
156666	2741	0
156668	2736	0
156668	2737	0
156668	2738	0
156668	2739	0
156668	2740	0
156668	2741	0
156773	3391	0
156773	3392	0
156773	3393	0
156773	3394	0
156773	3395	2
156773	3396	0
156782	3391	0
156782	3392	0
156782	3393	0
156782	3394	0
156782	3395	2
156782	3396	0
156783	3391	0
156783	3392	0
156783	3393	0
156783	3394	0
156783	3395	1
156783	3396	0
156784	3391	0
156784	3392	0
156784	3393	0
156784	3394	0
156784	3395	2
156784	3396	0
156852	6112	0
156852	6113	1
156852	6114	0
156852	6115	0
156852	6116	0
156852	6117	0
156937	3663	0
156937	3664	0
156937	3665	0
156937	3666	0
156937	3667	0
156937	3668	0
157182	3663	0
157182	3664	0
157182	3665	0
157182	3666	0
157182	3667	0
157182	3668	0
157325	4574	1
157325	4575	0
157325	4576	3
157325	4577	0
157325	4578	0
157325	4579	0
157354	3077	0
157354	3078	0
157354	3079	0
157354	3080	1
157354	3081	0
157354	3082	0
157382	3164	0
157382	3165	1
157382	3166	0
157382	3167	2
157382	3168	0
157382	3169	0
157383	5279	0
157383	5280	1
157383	5281	0
157383	5282	2
157383	5283	0
157383	5284	0
157384	5279	0
157384	5280	0
157384	5281	0
157384	5282	0
157384	5283	0
157384	5284	0
157385	3164	0
157385	3165	0
157385	3166	0
157385	3167	2
157385	3168	0
157385	3169	0
157386	3164	0
157386	3165	0
157386	3166	0
157386	3167	2
157386	3168	0
157386	3169	0
157387	3164	0
157387	3165	0
157387	3166	2
157387	3167	1
157387	3168	0
157387	3169	2
157424	4574	1
157424	4575	0
157424	4576	0
157424	4577	1
157424	4578	1
157424	4579	0
157442	3077	0
157442	3078	0
157442	3079	0
157442	3080	1
157442	3081	0
157442	3082	1
157505	3077	0
157505	3078	0
157505	3079	1
157505	3080	1
157505	3081	0
157505	3082	1
157534	3152	0
157534	3153	0
157534	3154	0
157534	3155	0
157534	3156	0
157534	3157	0
157535	3152	0
157535	3153	0
157535	3154	0
157535	3155	0
157535	3156	0
157535	3157	0
157536	3152	0
157536	3153	0
157536	3154	0
157536	3155	0
157536	3156	0
157536	3157	0
157581	4574	2
157581	4575	0
157581	4576	1
157581	4577	0
157581	4578	0
157581	4579	0
157685	5159	0
157685	5160	0
157685	5161	0
157685	5162	0
157685	5163	0
157685	5164	0
157686	5159	1
157686	5160	0
157686	5161	0
157686	5162	0
157686	5163	0
157686	5164	0
157687	5159	0
157687	5160	1
157687	5161	0
157687	5162	0
157687	5163	0
157687	5164	0
157705	3461	0
157705	3462	0
157705	3463	2
157705	3464	0
157705	3465	0
157705	3466	1
157706	3461	0
157706	3462	0
157706	3463	0
157706	3464	0
157706	3465	0
157706	3466	0
157707	3461	0
157707	3462	0
157707	3463	0
157707	3464	0
157707	3465	0
157707	3466	0
157749	4432	0
157749	4433	0
157749	4434	0
157749	4435	0
157749	4436	0
157749	4437	2
157751	4432	0
157751	4433	0
157751	4434	0
157751	4435	0
157751	4436	0
157751	4437	2
158517	4795	0
158517	4796	0
158517	4797	0
158517	4798	0
158517	4799	0
158517	4800	0
158518	4795	0
158518	4796	0
158518	4797	0
158518	4798	0
158518	4799	0
158518	4800	0
158519	4795	0
158519	4796	0
158519	4797	0
158519	4798	1
158519	4799	0
158519	4800	0
158646	3461	0
158646	3462	0
158646	3463	2
158646	3464	0
158646	3465	0
158646	3466	1
158647	3461	0
158647	3462	0
158647	3463	0
158647	3464	0
158647	3465	0
158647	3466	0
158648	3461	0
158648	3462	0
158648	3463	0
158648	3464	0
158648	3465	0
158648	3466	0
159164	3437	0
159164	3438	0
159164	3439	0
159164	3440	0
159164	3441	0
159164	3442	0
159165	3437	0
159165	3438	0
159165	3439	1
159165	3440	0
159165	3441	0
159165	3442	0
159166	3437	0
159166	3438	0
159166	3439	0
159166	3440	0
159166	3441	0
159166	3442	0
159218	6714	0
159218	6715	0
159218	6716	0
159218	6717	0
159218	6718	0
159218	6719	1
159413	6714	0
159413	6715	0
159413	6716	0
159413	6717	0
159413	6718	0
159413	6719	0
160132	2748	0
160132	2749	0
160132	2750	0
160132	2751	0
160132	2752	0
160132	2753	2
160133	2748	0
160133	2749	0
160133	2750	0
160133	2751	1
160133	2752	0
160133	2753	1
160134	2748	0
160134	2749	0
160134	2750	0
160134	2751	2
160134	2752	0
160134	2753	0
160148	3663	0
160148	3664	0
160148	3665	0
160148	3666	0
160148	3667	0
160148	3668	0
160149	3433	0
160149	3434	0
160149	3435	0
160149	3436	0
160155	2718	0
160155	2719	0
160155	2720	2
160155	2721	0
160155	2722	0
160155	2723	0
160163	6130	0
160163	6131	0
160163	6132	0
160163	6133	0
160163	6134	0
160163	6135	0
160165	6130	0
160165	6131	0
160165	6132	2
160165	6133	0
160165	6134	0
160165	6135	0
160185	7090	0
160185	7091	0
160185	7092	0
160185	7093	0
160185	7094	0
160185	7095	0
160203	2736	0
160203	2737	0
160203	2738	0
160203	2739	3
160203	2740	0
160203	2741	0
160208	3663	1
160208	3664	0
160208	3665	0
160208	3666	0
160208	3667	0
160208	3668	0
160275	2718	0
160275	2719	0
160275	2720	1
160275	2721	1
160275	2722	0
160275	2723	0
160289	6130	0
160289	6131	0
160289	6132	1
160289	6133	0
160289	6134	0
160289	6135	0
160318	3433	0
160318	3434	1
160318	3435	0
160318	3436	0
160332	2748	0
160332	2749	0
160332	2750	0
160332	2751	3
160332	2752	0
160332	2753	1
160333	2748	0
160333	2749	0
160333	2750	0
160333	2751	6
160333	2752	0
160333	2753	4
160343	3663	0
160343	3664	0
160343	3665	0
160343	3666	0
160343	3667	0
160343	3668	0
160347	7090	0
160347	7091	0
160347	7092	0
160347	7093	0
160347	7094	0
160347	7095	0
160351	6130	0
160351	6131	0
160351	6132	0
160351	6133	0
160351	6134	0
160351	6135	0
160391	2718	0
160391	2719	0
160391	2720	1
160391	2721	0
160391	2722	0
160391	2723	0
160474	7090	0
160474	7091	0
160474	7092	0
160474	7093	0
160474	7094	1
160474	7095	0
160476	2748	0
160476	2749	0
160476	2750	0
160476	2751	6
160476	2752	0
160476	2753	0
160525	3391	0
160525	3392	0
160525	3393	0
160525	3394	0
160525	3395	0
160525	3396	0
160526	3391	0
160526	3392	0
160526	3393	0
160526	3394	0
160526	3395	0
160526	3396	0
160527	3391	0
160527	3392	0
160527	3393	0
160527	3394	0
160527	3395	0
160527	3396	0
160578	3433	0
160578	3434	0
160578	3435	0
160578	3436	0
160588	3337	0
160588	3338	0
160588	3339	0
160588	3340	0
160588	3341	1
160588	3342	1
160589	3337	0
160589	3338	0
160589	3339	0
160589	3340	0
160589	3341	1
160589	3342	1
160590	3337	0
160590	3338	0
160590	3339	0
160590	3340	0
160590	3341	1
160590	3342	0
160604	4760	0
160604	4761	0
160604	4762	0
160604	4763	0
160604	4764	1
160604	4765	0
160605	4760	0
160605	4761	0
160605	4762	0
160605	4763	0
160605	4764	0
160605	4765	0
160606	4760	0
160606	4761	0
160606	4762	0
160606	4763	0
160606	4764	1
160606	4765	0
160867	3437	0
160867	3438	0
160867	3439	0
160867	3440	0
160867	3441	0
160867	3442	0
160959	3077	0
160959	3078	0
160959	3079	1
160959	3080	3
160959	3081	2
160959	3082	1
160969	3437	2
160969	3438	0
160969	3439	0
160969	3440	0
160969	3441	0
160969	3442	0
160994	3152	0
160994	3153	2
160994	3154	0
160994	3155	0
160994	3156	0
160994	3157	0
161030	3077	0
161030	3078	0
161030	3079	0
161030	3080	1
161030	3081	1
161030	3082	0
161048	3437	0
161048	3438	0
161048	3439	0
161048	3440	0
161048	3441	0
161048	3442	0
161056	3152	0
161056	3153	0
161056	3154	0
161056	3155	0
161056	3156	0
161056	3157	0
161060	3077	0
161060	3078	0
161060	3079	0
161060	3080	1
161060	3081	0
161060	3082	0
161316	4795	0
161316	4796	0
161316	4797	0
161316	4798	0
161316	4799	0
161316	4800	0
161317	4795	0
161317	4796	0
161317	4797	0
161317	4798	1
161317	4799	0
161317	4800	0
161318	4795	0
161318	4796	0
161318	4797	0
161318	4798	1
161318	4799	0
161318	4800	0
161740	3663	1
161740	3664	0
161740	3665	0
161740	3666	0
161740	3667	0
161740	3668	0
161767	6714	0
161767	6715	0
161767	6716	0
161767	6717	0
161767	6718	0
161767	6719	0
161933	6112	0
161933	6113	0
161933	6115	0
161933	6116	0
161933	6117	0
