ObservationID	SubLocationID	Count
146063	6130	3
146063	6131	0
146063	6132	0
146063	6133	0
146063	6134	0
146063	6135	0
146083	6130	3
146083	6131	0
146083	6132	2
146083	6133	0
146083	6134	2
146083	6135	3
146089	6064	0
146089	6065	5
146089	6066	0
146089	6067	9
146089	6068	0
146089	6069	2
146092	6064	0
146092	6065	2
146092	6066	0
146092	6067	0
146092	6068	0
146092	6069	1
146095	6064	0
146095	6065	0
146095	6066	0
146095	6067	0
146095	6068	0
146095	6069	0
146124	5601	0
146124	5602	3
146124	5603	0
146124	5604	0
146124	5605	0
146124	5606	0
146125	5601	0
146125	5602	2
146125	5603	0
146125	5604	0
146125	5605	0
146125	5606	0
146126	5601	0
146126	5602	8
146126	5603	0
146126	5604	0
146126	5605	0
146126	5606	0
146203	6130	1
146203	6131	0
146203	6132	0
146203	6133	0
146203	6134	7
146203	6135	1
146218	6130	0
146218	6131	0
146218	6132	3
146218	6133	0
146218	6134	12
146218	6135	4
146251	7600	0
146251	7601	1
146251	7602	2
146251	7603	0
146251	7604	0
146251	7605	0
146252	7600	0
146252	7601	1
146252	7602	2
146252	7603	0
146252	7604	0
146252	7605	0
146254	7600	0
146254	7601	1
146254	7602	1
146254	7603	0
146254	7604	0
146254	7605	0
146272	4760	0
146272	4761	0
146272	4762	0
146272	4763	0
146272	4764	0
146272	4765	0
146450	2736	0
146450	2737	0
146450	2738	2
146450	2739	2
146450	2740	1
146450	2741	0
146452	2736	0
146452	2737	0
146452	2738	4
146452	2739	0
146452	2740	0
146452	2741	0
146466	6976	0
146466	6977	0
146466	6978	0
146466	6979	1
146466	6980	0
146466	6981	0
146467	6976	0
146467	6977	0
146467	6978	0
146467	6979	0
146467	6980	0
146467	6981	0
146468	6976	0
146468	6977	0
146468	6978	0
146468	6979	0
146468	6980	0
146468	6981	0
146482	4462	0
146482	4463	0
146482	4464	0
146482	4465	0
146482	4466	0
146482	4467	4
146483	4462	0
146483	4463	0
146483	4464	0
146483	4465	0
146483	4466	0
146483	4467	3
146484	4462	0
146484	4463	0
146484	4464	0
146484	4465	0
146484	4466	0
146484	4467	2
146498	2658	0
146498	2659	0
146498	2660	0
146498	2661	0
146498	2662	1
146498	2663	0
146518	3575	0
146518	3576	0
146518	3577	0
146518	3578	0
146518	3579	0
146518	3580	1
146519	3575	0
146519	3576	1
146519	3577	0
146519	3578	3
146519	3579	1
146519	3580	0
146520	3575	0
146520	3576	18
146520	3577	0
146520	3578	1
146520	3579	2
146520	3580	0
146537	4760	0
146537	4761	0
146537	4762	0
146537	4763	0
146537	4764	0
146537	4765	0
146538	4760	0
146538	4761	0
146538	4762	0
146538	4763	0
146538	4764	0
146538	4765	0
146615	2664	0
146615	2665	1
146615	2666	0
146615	2667	0
146615	2668	0
146615	2669	0
146616	2664	0
146616	2665	1
146616	2666	0
146616	2667	0
146616	2668	0
146616	2669	0
146617	2664	0
146617	2665	2
146617	2666	0
146617	2667	0
146617	2668	0
146617	2669	0
146670	2964	3
146670	2965	2
146670	2966	0
146670	2967	0
146670	2968	0
146670	2969	0
146672	2964	2
146672	2965	3
146672	2966	0
146672	2967	2
146672	2968	0
146672	2969	0
146674	2964	1
146674	2965	1
146674	2966	1
146674	2967	1
146674	2968	0
146674	2969	0
146675	2964	3
146675	2965	2
146675	2966	3
146675	2967	2
146675	2968	0
146675	2969	0
146726	3307	0
146726	3308	0
146726	3309	0
146726	3310	1
146726	3311	2
146726	3312	12
146727	3307	0
146727	3308	1
146727	3309	0
146727	3310	11
146727	3311	3
146727	3312	0
146728	3307	0
146728	3308	0
146728	3309	0
146728	3310	3
146728	3311	5
146728	3312	0
146759	5279	0
146759	5280	0
146759	5281	0
146759	5282	0
146759	5283	0
146759	5284	0
146760	5279	0
146760	5280	2
146760	5281	0
146760	5282	0
146760	5283	0
146760	5284	0
146761	5279	0
146761	5280	1
146761	5281	0
146761	5282	6
146761	5283	0
146761	5284	0
146768	4616	0
146768	4617	0
146768	4618	1
146768	4619	0
146768	4620	2
146768	4621	0
146844	2658	0
146844	2659	0
146844	2660	0
146844	2661	0
146844	2662	0
146844	2663	0
147230	3077	0
147230	3078	0
147230	3079	4
147230	3080	6
147230	3081	2
147230	3082	2
147231	3077	0
147231	3078	12
147231	3079	6
147231	3080	22
147231	3081	6
147231	3082	3
147232	3077	0
147232	3078	8
147232	3079	1
147232	3080	12
147232	3081	5
147232	3082	2
147303	3575	0
147303	3576	0
147303	3577	0
147303	3578	0
147303	3579	0
147303	3580	1
147304	3575	0
147304	3576	1
147304	3577	0
147304	3578	3
147304	3579	1
147304	3580	0
147305	3575	0
147305	3576	18
147305	3577	0
147305	3578	1
147305	3579	2
147305	3580	0
147418	4520	0
147418	4521	2
147418	4522	0
147418	4523	3
147418	4524	0
147418	4525	0
147419	4520	0
147419	4521	0
147419	4522	0
147419	4523	0
147419	4524	0
147419	4525	2
147420	4520	0
147420	4521	3
147420	4522	0
147420	4523	0
147420	4524	0
147420	4525	0
148385	5781	0
148385	5782	0
148385	5783	0
148385	5784	0
148385	5785	0
148385	5786	0
148392	4520	0
148392	4521	2
148392	4522	0
148392	4523	3
148392	4524	0
148392	4525	0
148430	3709	0
148430	3710	0
148430	3711	0
148430	3712	0
148430	3713	0
148430	3714	0
148431	3709	0
148431	3710	0
148431	3711	2
148431	3712	0
148431	3713	0
148431	3714	0
148432	3709	0
148432	3710	10
148432	3711	0
148432	3712	0
148432	3713	2
148432	3714	0
148434	5781	0
148434	5782	1
148434	5783	0
148434	5784	2
148434	5785	0
148434	5786	1
148435	5781	0
148435	5782	1
148435	5783	2
148435	5784	2
148435	5785	0
148435	5786	0
148500	5309	2
148500	5310	0
148500	5311	0
148500	5312	0
148500	5313	0
148500	5314	0
148501	3397	0
148501	3398	0
148501	3399	0
148501	3400	0
148501	3401	0
148501	3402	6
148519	3745	0
148519	3746	0
148519	3747	1
148519	3748	0
148519	3749	0
148519	3750	0
148532	3745	0
148532	3746	0
148532	3747	0
148532	3748	0
148532	3749	0
148532	3750	0
148533	3745	0
148533	3746	0
148533	3747	0
148533	3748	0
148533	3749	0
148533	3750	0
148569	3397	0
148569	3398	0
148569	3399	0
148569	3400	0
148569	3401	0
148569	3402	8
148575	3397	0
148575	3398	0
148575	3399	0
148575	3400	0
148575	3401	0
148575	3402	27
148643	3397	0
148643	3398	0
148643	3399	0
148643	3400	0
148643	3401	0
148643	3402	6
148644	3397	0
148644	3398	0
148644	3399	0
148644	3400	0
148644	3401	0
148644	3402	8
148645	3397	0
148645	3398	0
148645	3399	0
148645	3400	0
148645	3401	0
148645	3402	27
149233	5309	0
149233	5310	1
149233	5311	0
149233	5312	0
149233	5313	0
149233	5314	0
149234	5309	0
149234	5310	1
149234	5311	0
149234	5312	0
149234	5313	0
149234	5314	0
150324	5343	0
150324	5344	0
150324	5345	2
150324	5346	0
150324	5347	2
150324	5348	0
150329	5343	0
150329	5344	0
150329	5345	4
150329	5346	0
150329	5347	2
150329	5348	0
150334	5343	0
150334	5344	0
150334	5345	1
150334	5346	0
150334	5347	0
150334	5348	0
151122	5343	0
151122	5344	0
151122	5345	1
151122	5346	0
151122	5347	0
151122	5348	0
151138	5343	0
151138	5344	0
151138	5345	2
151138	5346	0
151138	5347	2
151138	5348	0
151151	5343	0
151151	5344	0
151151	5345	4
151151	5346	0
151151	5347	2
151151	5348	0
151884	4706	1
151884	4707	0
151884	4708	0
151884	4709	0
151884	4710	0
151884	4711	0
151885	3131	0
151885	3132	1
151885	3133	0
151885	3134	0
151885	3135	0
151885	3136	1
152039	2772	0
152039	2773	0
152039	2774	0
152039	2775	0
152039	2776	0
152039	2777	0
152084	4706	2
152084	4707	0
152084	4708	0
152084	4709	0
152084	4710	0
152084	4711	0
152190	7285	0
152190	7286	0
152190	7287	0
152190	7288	0
152190	7289	0
152190	7290	1
152191	7285	0
152191	7286	0
152191	7287	0
152191	7288	0
152191	7289	0
152191	7290	0
152192	7285	0
152192	7286	0
152192	7287	0
152192	7288	0
152192	7289	0
152192	7290	1
152291	4706	0
152291	4707	3
152291	4708	0
152291	4709	0
152291	4710	0
152291	4711	0
152400	3131	0
152400	3132	3
152400	3133	0
152400	3134	0
152400	3135	0
152400	3136	0
152438	3131	0
152438	3132	4
152438	3133	0
152438	3134	0
152438	3135	0
152438	3136	0
152654	3709	0
152654	3710	0
152654	3711	0
152654	3712	0
152654	3713	0
152654	3714	0
152658	3709	0
152658	3710	0
152658	3711	2
152658	3712	0
152658	3713	0
152658	3714	0
152659	3709	0
152659	3710	10
152659	3711	0
152659	3712	0
152659	3713	2
152659	3714	0
152980	7285	0
152980	7286	0
152980	7287	0
152980	7288	0
152980	7289	0
152980	7290	1
152981	7285	0
152981	7286	0
152981	7287	0
152981	7288	0
152981	7289	0
152981	7290	0
152982	7285	0
152982	7286	0
152982	7287	0
152982	7288	0
152982	7289	0
152982	7290	1
153065	3131	0
153065	3132	1
153065	3133	0
153065	3134	0
153065	3135	0
153065	3136	1
153069	4706	1
153069	4707	0
153069	4708	0
153069	4709	0
153069	4710	0
153069	4711	0
153070	4706	2
153070	4707	0
153070	4708	0
153070	4709	0
153070	4710	0
153070	4711	0
153071	3131	0
153071	3132	3
153071	3133	0
153071	3134	0
153071	3135	0
153071	3136	0
153072	4706	0
153072	4707	3
153072	4708	0
153072	4709	0
153072	4710	0
153072	4711	0
153073	3131	0
153073	3132	4
153073	3133	0
153073	3134	0
153073	3135	0
153073	3136	0
153097	5781	0
153097	5782	1
153097	5783	0
153097	5784	2
153097	5785	0
153097	5786	1
153098	5781	0
153098	5782	1
153098	5783	2
153098	5784	2
153098	5785	0
153098	5786	0
153239	4520	0
153239	4521	0
153239	4522	0
153239	4523	0
153239	4524	0
153239	4525	2
153241	4520	0
153241	4521	3
153241	4522	0
153241	4523	0
153241	4524	0
153241	4525	0
153389	3745	0
153389	3746	0
153389	3747	1
153389	3748	0
153389	3749	0
153389	3750	0
153390	3745	0
153390	3746	0
153390	3747	0
153390	3748	0
153390	3749	0
153390	3750	0
153391	3745	0
153391	3746	0
153391	3747	0
153391	3748	0
153391	3749	0
153391	3750	0
153590	5309	0
153590	5310	1
153590	5311	0
153590	5312	0
153590	5313	0
153590	5314	0
153592	5309	2
153592	5310	0
153592	5311	0
153592	5312	0
153592	5313	0
153592	5314	0
153596	5309	0
153596	5310	1
153596	5311	0
153596	5312	0
153596	5313	0
153596	5314	0
153729	2772	0
153729	2773	0
153729	2774	0
153729	2775	0
153729	2776	0
153729	2777	0
153814	3077	0
153814	3078	0
153814	3079	4
153814	3080	6
153814	3081	2
153814	3082	2
153815	3077	0
153815	3078	12
153815	3079	6
153815	3080	22
153815	3081	6
153815	3082	3
153816	3077	0
153816	3078	8
153816	3079	1
153816	3080	12
153816	3081	5
153816	3082	2
154321	6358	0
154321	6359	2
154321	6360	0
154321	6361	0
154321	6362	0
154321	6363	0
154322	6358	0
154322	6359	7
154322	6360	0
154322	6361	0
154322	6362	0
154322	6363	0
154380	6358	0
154380	6359	1
154380	6360	2
154380	6361	0
154380	6362	0
154380	6363	0
154873	4462	0
154873	4463	0
154873	4464	0
154873	4465	0
154873	4466	0
154873	4467	4
154874	6976	0
154874	6977	0
154874	6978	0
154874	6979	1
154874	6980	0
154874	6981	0
154926	4760	0
154926	4761	0
154926	4762	0
154926	4763	0
154926	4764	1
154926	4765	0
155011	2736	0
155011	2737	0
155011	2738	2
155011	2739	4
155011	2740	0
155011	2741	2
155014	5601	0
155014	5602	2
155014	5603	0
155014	5604	0
155014	5605	0
155014	5606	0
155082	6130	2
155082	6131	0
155082	6132	3
155082	6133	0
155082	6134	2
155082	6135	2
155100	7303	0
155100	7304	0
155100	7305	0
155100	7306	0
155100	7307	0
155100	7308	0
155184	5601	0
155184	5602	1
155184	5603	0
155184	5604	0
155184	5605	0
155184	5606	0
155189	4462	0
155189	4463	0
155189	4464	0
155189	4465	0
155189	4466	0
155189	4467	0
155190	6976	0
155190	6977	0
155190	6978	0
155190	6979	0
155190	6980	0
155190	6981	0
155222	7303	0
155222	7304	0
155222	7305	0
155222	7306	0
155222	7307	0
155222	7308	0
155232	6196	0
155232	6197	0
155232	6198	0
155232	6199	0
155232	6200	0
155232	6201	0
155234	6196	0
155234	6197	0
155234	6198	0
155234	6199	0
155234	6200	0
155234	6201	0
155266	6130	2
155266	6131	0
155266	6132	5
155266	6133	0
155266	6134	4
155266	6135	1
155557	7303	0
155557	7304	0
155557	7305	0
155557	7306	0
155557	7307	0
155557	7308	1
155566	2736	0
155566	2737	0
155566	2738	2
155566	2739	3
155566	2740	2
155566	2741	0
155573	4772	0
155573	4773	1
155573	4774	0
155573	4775	0
155573	4776	0
155573	4777	0
155602	2736	0
155602	2737	0
155602	2738	3
155602	2739	4
155602	2740	4
155602	2741	2
155606	4760	0
155606	4761	0
155606	4762	0
155606	4763	0
155606	4764	1
155606	4765	0
155618	4462	0
155618	4463	0
155618	4464	0
155618	4465	0
155618	4466	0
155618	4467	0
155624	5601	0
155624	5602	3
155624	5603	0
155624	5604	0
155624	5605	0
155624	5606	0
155647	6196	0
155647	6197	0
155647	6198	0
155647	6199	0
155647	6200	0
155647	6201	1
155655	4760	0
155655	4761	0
155655	4762	0
155655	4763	0
155655	4764	0
155655	4765	0
155664	6130	0
155664	6131	0
155664	6132	0
155664	6133	0
155664	6134	4
155664	6135	7
155785	6064	0
155785	6065	0
155785	6066	0
155785	6067	0
155785	6068	0
155785	6069	0
155808	4772	0
155808	4773	1
155808	4774	0
155808	4775	0
155808	4776	0
155808	4777	0
156066	4772	0
156066	4773	0
156066	4774	0
156066	4775	0
156066	4776	0
156066	4777	0
156317	7303	0
156317	7304	0
156317	7305	0
156317	7306	0
156317	7307	0
156317	7308	0
156318	7303	0
156318	7304	0
156318	7305	0
156318	7306	0
156318	7307	0
156318	7308	0
156319	7303	0
156319	7304	0
156319	7305	0
156319	7306	0
156319	7307	0
156319	7308	1
156424	6358	0
156424	6359	1
156424	6360	2
156424	6361	0
156424	6362	0
156424	6363	0
156425	6358	0
156425	6359	2
156425	6360	0
156425	6361	0
156425	6362	0
156425	6363	0
156427	6358	0
156427	6359	7
156427	6360	0
156427	6361	0
156427	6362	0
156427	6363	0
156455	7600	0
156455	7601	0
156455	7602	2
156455	7603	0
156455	7604	0
156455	7605	0
156460	7600	0
156460	7601	0
156460	7602	1
156460	7603	0
156460	7604	0
156460	7605	0
156461	7600	0
156461	7601	1
156461	7602	2
156461	7603	0
156461	7604	0
156461	7605	0
156485	4772	0
156485	4773	1
156485	4774	0
156485	4775	0
156485	4776	0
156485	4777	0
156486	4772	0
156486	4773	1
156486	4774	0
156486	4775	0
156486	4776	0
156486	4777	0
156487	4772	0
156487	4773	0
156487	4774	0
156487	4775	0
156487	4776	0
156487	4777	0
156497	5601	0
156497	5602	2
156497	5603	0
156497	5604	0
156497	5605	0
156497	5606	0
156498	5601	0
156498	5602	1
156498	5603	0
156498	5604	0
156498	5605	0
156498	5606	0
156499	5601	0
156499	5602	3
156499	5603	0
156499	5604	0
156499	5605	0
156499	5606	0
156575	4760	0
156575	4761	0
156575	4762	0
156575	4763	0
156575	4764	1
156575	4765	0
156576	4760	0
156576	4761	0
156576	4762	0
156576	4763	0
156576	4764	1
156576	4765	0
156577	4760	0
156577	4761	0
156577	4762	0
156577	4763	0
156577	4764	0
156577	4765	0
156578	6976	0
156578	6977	1
156578	6978	0
156578	6979	0
156578	6980	0
156578	6981	0
156579	6976	0
156579	6977	0
156579	6978	0
156579	6979	1
156579	6980	0
156579	6981	0
156580	6976	0
156580	6977	0
156580	6978	0
156580	6979	0
156580	6980	0
156580	6981	0
156581	4462	0
156581	4463	0
156581	4464	0
156581	4465	0
156581	4466	0
156581	4467	4
156582	4462	0
156582	4463	0
156582	4464	0
156582	4465	0
156582	4466	0
156582	4467	0
156583	4462	0
156583	4463	0
156583	4464	0
156583	4465	0
156583	4466	0
156583	4467	0
156616	6196	0
156616	6197	0
156616	6198	0
156616	6199	0
156616	6200	0
156616	6201	0
156618	6196	0
156618	6197	0
156618	6198	0
156618	6199	0
156618	6200	0
156618	6201	0
156620	6196	0
156620	6197	0
156620	6198	0
156620	6199	0
156620	6200	0
156620	6201	1
156636	6130	2
156636	6131	0
156636	6132	3
156636	6133	0
156636	6134	2
156636	6135	2
156637	6130	2
156637	6131	0
156637	6132	5
156637	6133	0
156637	6134	4
156637	6135	1
156638	6130	0
156638	6131	0
156638	6132	0
156638	6133	0
156638	6134	4
156638	6135	7
156664	2736	0
156664	2737	0
156664	2738	2
156664	2739	4
156664	2740	0
156664	2741	2
156666	2736	0
156666	2737	0
156666	2738	2
156666	2739	3
156666	2740	2
156666	2741	0
156668	2736	0
156668	2737	0
156668	2738	3
156668	2739	4
156668	2740	4
156668	2741	2
156680	7600	0
156680	7601	0
156680	7602	2
156680	7603	0
156680	7604	0
156680	7605	0
156681	7600	0
156681	7601	0
156681	7602	1
156681	7603	0
156681	7604	0
156681	7605	0
156682	7600	0
156682	7601	1
156682	7602	2
156682	7603	0
156682	7604	0
156682	7605	0
156734	6064	0
156734	6065	0
156734	6066	0
156734	6067	1
156734	6068	0
156734	6069	1
156768	3575	0
156768	3576	0
156768	3577	0
156768	3578	0
156768	3579	3
156768	3580	0
156769	3575	0
156769	3576	3
156769	3577	0
156769	3578	1
156769	3579	2
156769	3580	0
156772	3575	3
156772	3576	0
156772	3577	0
156772	3578	0
156772	3579	0
156772	3580	1
156806	3575	0
156806	3576	0
156806	3577	0
156806	3578	0
156806	3579	3
156806	3580	0
156807	3575	0
156807	3576	3
156807	3577	0
156807	3578	1
156807	3579	2
156807	3580	0
156808	3575	3
156808	3576	0
156808	3577	0
156808	3578	0
156808	3579	0
156808	3580	1
156965	2964	0
156965	2965	0
156965	2966	0
156965	2967	3
156965	2968	4
156965	2969	3
156966	2964	0
156966	2965	0
156966	2966	2
156966	2967	2
156966	2968	4
156966	2969	2
156986	2658	0
156986	2659	0
156986	2660	1
156986	2661	0
156986	2662	0
156986	2663	0
156987	2658	0
156987	2659	0
156987	2660	1
156987	2661	2
156987	2662	0
156987	2663	0
156988	2658	0
156988	2659	0
156988	2660	1
156988	2661	0
156988	2662	0
156988	2663	0
157354	3077	0
157354	3078	2
157354	3079	5
157354	3080	4
157354	3081	0
157354	3082	1
157363	3397	0
157363	3398	0
157363	3399	0
157363	3400	0
157363	3401	1
157363	3402	0
157383	5279	0
157383	5280	3
157383	5281	0
157383	5282	0
157383	5283	0
157383	5284	0
157384	5279	0
157384	5280	3
157384	5281	0
157384	5282	1
157384	5283	0
157384	5284	1
157442	3077	0
157442	3078	6
157442	3079	6
157442	3080	4
157442	3081	0
157442	3082	4
157445	3397	0
157445	3398	0
157445	3399	0
157445	3400	0
157445	3401	1
157445	3402	1
157505	3077	0
157505	3078	4
157505	3079	12
157505	3080	8
157505	3081	0
157505	3082	0
157610	3397	0
157610	3398	0
157610	3399	0
157610	3400	0
157610	3401	5
157610	3402	5
157613	5309	1
157613	5310	0
157613	5311	0
157613	5312	0
157613	5313	0
157613	5314	0
157614	5309	1
157614	5310	0
157614	5311	0
157614	5312	0
157614	5313	0
157614	5314	0
157615	5309	0
157615	5310	0
157615	5311	0
157615	5312	0
157615	5313	0
157615	5314	0
157944	5343	0
157944	5344	0
157944	5345	0
157944	5346	0
157944	5347	3
157944	5348	0
157957	5343	0
157957	5344	0
157957	5345	0
157957	5346	0
157957	5347	0
157957	5348	0
157960	5343	0
157960	5344	0
157960	5345	0
157960	5346	0
157960	5347	0
157960	5348	0
158109	4520	0
158109	4521	0
158109	4522	0
158109	4523	0
158109	4524	0
158109	4525	1
158110	4520	0
158110	4521	0
158110	4522	0
158110	4523	0
158110	4524	0
158110	4525	0
158640	4616	0
158640	4617	0
158640	4618	0
158640	4619	0
158640	4620	0
158640	4621	1
158641	4616	0
158641	4617	0
158641	4618	0
158641	4619	0
158641	4620	0
158641	4621	2
158642	4616	0
158642	4617	0
158642	4618	0
158642	4619	0
158642	4620	0
158642	4621	1
158649	3745	0
158649	3746	0
158649	3747	2
158649	3748	0
158649	3749	0
158649	3750	0
158921	3745	0
158921	3746	0
158921	3747	0
158921	3748	0
158921	3749	0
158921	3750	0
158962	3745	0
158962	3746	0
158962	3747	0
158962	3748	0
158962	3749	0
158962	3750	0
159236	2772	0
159236	2773	0
159236	2774	0
159236	2775	0
159236	2776	0
159236	2777	2
159407	2772	0
159407	2773	0
159407	2774	0
159407	2775	0
159407	2776	0
159407	2777	1
159464	6358	0
159464	6359	0
159464	6360	0
159464	6361	3
159464	6362	0
159464	6363	0
159465	6358	0
159465	6359	5
159465	6360	0
159465	6361	0
159465	6362	0
159465	6363	0
159606	6358	0
159606	6359	4
159606	6360	0
159606	6361	0
159606	6362	0
159606	6363	0
159671	7285	0
159671	7286	0
159671	7287	0
159671	7288	0
159671	7289	0
159671	7290	2
159672	7285	0
159672	7286	0
159672	7287	0
159672	7288	0
159672	7289	0
159672	7290	2
159716	4706	0
159716	4707	0
159716	4708	0
159716	4709	0
159716	4710	0
159716	4711	0
159717	4706	0
159717	4707	0
159717	4708	0
159717	4709	0
159717	4710	0
159717	4711	0
159718	4706	0
159718	4707	0
159718	4708	4
159718	4709	0
159718	4710	0
159718	4711	0
159719	3131	0
159719	3132	1
159719	3133	0
159719	3134	0
159719	3135	0
159719	3136	0
159720	3131	0
159720	3132	0
159720	3133	0
159720	3134	0
159720	3135	2
159720	3136	1
159752	2664	0
159752	2665	4
159752	2666	0
159752	2667	0
159752	2668	0
159752	2669	0
159754	2664	0
159754	2665	2
159754	2666	0
159754	2667	0
159754	2668	0
159754	2669	0
159756	2664	0
159756	2665	2
159756	2666	0
159756	2667	0
159756	2668	0
159756	2669	0
159884	3745	0
159884	3746	0
159884	3747	2
159884	3748	0
159884	3749	0
159884	3750	0
159885	3745	0
159885	3746	0
159885	3747	0
159885	3748	0
159885	3749	0
159885	3750	0
159886	3745	0
159886	3746	0
159886	3747	0
159886	3748	0
159886	3749	0
159886	3750	0
160132	2748	0
160132	2749	0
160132	2750	0
160132	2751	0
160132	2752	0
160132	2753	0
160133	2748	0
160133	2749	0
160133	2750	0
160133	2751	0
160133	2752	0
160133	2753	1
160134	2748	0
160134	2749	0
160134	2750	0
160134	2751	0
160134	2752	0
160134	2753	0
160163	6130	0
160163	6131	0
160163	6132	0
160163	6133	0
160163	6134	0
160163	6135	0
160165	6130	0
160165	6131	0
160165	6132	8
160165	6133	0
160165	6134	0
160165	6135	0
160166	7303	0
160166	7304	0
160166	7305	0
160166	7306	0
160166	7307	0
160166	7308	0
160203	2736	0
160203	2737	0
160203	2738	4
160203	2739	2
160203	2740	4
160203	2741	2
160209	6196	0
160209	6197	0
160209	6198	0
160209	6199	0
160209	6200	0
160209	6201	0
160279	7303	0
160279	7304	0
160279	7305	0
160279	7306	0
160279	7307	0
160279	7308	0
160289	6130	1
160289	6131	0
160289	6132	0
160289	6133	0
160289	6134	0
160289	6135	0
160316	6196	0
160316	6197	0
160316	6198	0
160316	6199	0
160316	6200	0
160316	6201	0
160332	2748	0
160332	2749	0
160332	2750	0
160332	2751	0
160332	2752	0
160332	2753	3
160333	2748	0
160333	2749	0
160333	2750	0
160333	2751	1
160333	2752	0
160333	2753	2
160344	7303	0
160344	7304	0
160344	7305	0
160344	7306	0
160344	7307	1
160344	7308	0
160351	6130	2
160351	6131	0
160351	6132	0
160351	6133	0
160351	6134	0
160351	6135	0
160476	2748	0
160476	2749	0
160476	2750	0
160476	2751	0
160476	2752	0
160476	2753	0
160489	6196	0
160489	6197	0
160489	6198	0
160489	6199	0
160489	6200	2
160489	6201	0
160565	6976	0
160565	6977	0
160565	6978	0
160565	6979	1
160565	6980	0
160565	6981	0
160566	4462	0
160566	4463	0
160566	4464	0
160566	4465	0
160566	4466	0
160566	4467	2
160567	6976	0
160567	6977	1
160567	6978	0
160567	6979	0
160567	6980	0
160567	6981	0
160568	4462	0
160568	4463	0
160568	4464	0
160568	4465	0
160568	4466	0
160568	4467	0
160569	6976	0
160569	6977	1
160569	6978	0
160569	6979	0
160569	6980	0
160569	6981	0
160570	4462	0
160570	4463	0
160570	4464	0
160570	4465	0
160570	4466	0
160570	4467	0
160579	3575	0
160579	3576	0
160579	3577	0
160579	3578	0
160579	3579	0
160579	3580	0
160580	3575	0
160580	3576	0
160580	3577	0
160580	3578	9
160580	3579	0
160580	3580	0
160604	4760	0
160604	4761	0
160604	4762	0
160604	4763	0
160604	4764	2
160604	4765	0
160605	4760	0
160605	4761	0
160605	4762	0
160605	4763	0
160605	4764	0
160605	4765	0
160606	4760	0
160606	4761	0
160606	4762	0
160606	4763	0
160606	4764	0
160606	4765	0
160685	5781	1
160685	5782	0
160685	5783	0
160685	5784	0
160685	5785	0
160685	5786	0
160686	5781	2
160686	5782	0
160686	5783	0
160686	5784	0
160686	5785	0
160686	5786	3
160687	5781	0
160687	5782	2
160687	5783	2
160687	5784	0
160687	5785	0
160687	5786	1
160691	4772	1
160691	4773	0
160691	4774	0
160691	4775	0
160691	4776	0
160691	4777	0
160692	4772	2
160692	4773	0
160692	4774	0
160692	4775	0
160692	4776	0
160692	4777	0
160693	4772	0
160693	4773	0
160693	4774	0
160693	4775	0
160693	4776	0
160693	4777	0
160891	3397	0
160891	3398	0
160891	3399	0
160891	3400	1
160891	3401	0
160891	3402	1
160935	5309	0
160935	5310	0
160935	5311	0
160935	5312	0
160935	5313	0
160935	5314	0
160959	3077	0
160959	3078	0
160959	3079	6
160959	3080	16
160959	3081	2
160959	3082	0
160984	3397	0
160984	3398	0
160984	3399	0
160984	3400	0
160984	3401	0
160984	3402	4
160985	3307	0
160985	3308	1
160985	3309	0
160985	3310	3
160985	3311	1
160985	3312	0
160997	3307	0
160997	3308	0
160997	3309	0
160997	3310	10
160997	3311	1
160997	3312	0
160999	3307	0
160999	3308	1
160999	3309	0
160999	3310	10
160999	3311	8
160999	3312	3
161019	5309	0
161019	5310	1
161019	5311	0
161019	5312	0
161019	5313	0
161019	5314	0
161030	3077	0
161030	3078	0
161030	3079	1
161030	3080	14
161030	3081	0
161030	3082	2
161060	3077	0
161060	3078	0
161060	3079	4
161060	3080	20
161060	3081	2
161060	3082	6
161065	5309	0
161065	5310	1
161065	5311	0
161065	5312	0
161065	5313	0
161065	5314	0
161107	3307	0
161107	3308	0
161107	3309	0
161107	3310	0
161107	3311	2
161107	3312	2
161108	3397	0
161108	3398	0
161108	3399	0
161108	3400	0
161108	3401	0
161108	3402	3
161145	3745	0
161145	3746	0
161145	3747	2
161145	3748	0
161145	3749	0
161145	3750	0
161146	3745	0
161146	3746	0
161146	3747	2
161146	3748	0
161146	3749	0
161146	3750	0
161147	3745	0
161147	3746	0
161147	3747	0
161147	3748	0
161147	3749	0
161147	3750	0
161150	3745	0
161150	3746	0
161150	3747	0
161150	3748	0
161150	3749	0
161150	3750	0
161204	4520	0
161204	4521	0
161204	4522	0
161204	4523	0
161204	4524	0
161204	4525	0
161205	4520	0
161205	4521	0
161205	4522	0
161205	4523	0
161205	4524	0
161205	4525	0
161206	4520	0
161206	4521	0
161206	4522	0
161206	4523	0
161206	4524	0
161206	4525	0
161252	3709	0
161252	3710	0
161252	3711	0
161252	3712	0
161252	3713	0
161252	3714	0
161253	3709	0
161253	3710	0
161253	3711	0
161253	3712	0
161253	3713	0
161253	3714	0
161254	3709	0
161254	3710	1
161254	3711	0
161254	3712	6
161254	3713	0
161254	3714	1
161913	6358	0
161913	6359	3
161913	6360	0
161913	6361	0
161913	6362	0
161913	6363	0
161916	2772	0
161916	2773	0
161916	2774	0
161916	2775	0
161916	2776	0
161916	2777	1
