ObservationID	Count
97	0
98	0
99	0
100	0
101	0
102	0
385	0
386	0
387	0
388	0
389	0
390	0
391	0
392	0
393	0
394	0
395	0
396	0
397	2
398	1
399	0
400	0
401	0
402	0
457	0
458	0
459	0
460	0
461	0
462	0
469	0
470	0
471	0
472	0
473	0
474	0
481	0
482	2
483	0
484	0
485	0
486	0
505	0
506	0
507	0
508	0
509	0
510	0
511	0
512	0
513	0
514	0
515	0
516	0
517	0
518	0
519	0
520	0
521	1
522	0
799	1
800	0
801	0
802	0
803	2
804	0
805	0
806	0
807	0
808	1
809	0
810	1
811	0
812	0
813	0
814	0
815	2
816	0
1081	0
1082	0
1083	0
1084	3
1085	0
1086	0
1303	0
1304	0
1305	1
1306	0
1307	0
1308	0
1327	0
1328	0
1329	0
1330	2
1331	1
1332	2
1333	1
1334	2
1335	2
1336	0
1337	1
1338	0
1339	1
1340	2
1341	0
1342	2
1343	0
1344	2
1351	0
1352	0
1353	0
1354	0
1355	0
1356	0
1357	0
1358	0
1359	0
1360	0
1361	2
1362	0
1363	0
1364	0
1365	0
1366	0
1367	0
1368	1
1537	2
1538	0
1539	0
1540	0
1541	0
1542	2
1543	4
1544	0
1545	2
1546	0
1547	0
1548	0
1669	0
1670	0
1671	2
1672	1
1673	1
1674	0
1687	0
1688	0
1689	0
1690	0
1691	2
1692	0
1717	0
1718	1
1719	0
1720	0
1721	0
1722	0
1765	0
1766	1
1767	0
1768	0
1769	0
1770	0
1831	0
1832	0
1833	0
1834	0
1835	0
1836	0
1837	0
1838	0
1839	0
1840	0
1841	0
1842	0
1843	0
1844	0
1845	0
1846	0
1847	0
1848	0
1999	0
2000	0
2001	2
2002	0
2003	0
2004	0
2005	2
2006	0
2007	0
2008	1
2009	0
2010	0
2035	0
2036	0
2038	0
2039	0
2040	0
2047	0
2048	0
2050	0
2051	0
2052	0
2053	0
2054	0
2056	0
2057	2
2058	0
2077	0
2078	0
2079	0
2080	0
2081	0
2082	0
2083	0
2084	0
2085	0
2086	0
2087	4
2088	0
2089	0
2090	0
2091	0
2092	0
2093	0
2094	0
2095	0
2096	0
2097	0
2098	0
2099	0
2100	0
2101	0
2102	0
2103	1
2104	0
2105	1
2106	0
2107	0
2108	0
2109	0
2110	0
2111	0
2112	0
2233	0
2234	0
2235	3
2236	0
2237	2
2238	0
2329	0
2330	0
2331	0
2332	0
2333	0
2334	0
2341	0
2342	0
2343	0
2344	0
2345	0
2346	0
2347	0
2348	0
2349	0
2350	0
2351	0
2352	0
2353	0
2354	0
2355	2
2356	1
2357	0
2358	0
2359	0
2360	0
2361	1
2362	0
2363	0
2364	1
2371	0
2372	0
2373	0
2374	0
2375	0
2376	0
2377	0
2378	0
2379	2
2380	2
2381	3
2382	4
2383	0
2384	0
2385	0
2386	0
2387	0
2388	1
2521	0
2522	2
2523	0
2524	0
2525	0
2526	0
2527	0
2528	0
2529	0
2530	0
2531	0
2532	0
2533	0
2534	0
2535	0
2536	0
2537	0
2538	0
2617	0
2618	0
2619	0
2620	0
2621	0
2622	0
2623	0
2624	0
2625	0
2626	0
2627	0
2628	0
2629	0
2630	0
2631	2
2632	0
2633	0
2634	0
2653	1
2654	2
2655	0
2656	0
2657	0
2658	0
3109	0
3110	0
3111	0
3112	0
3113	0
3114	0
3115	0
3116	0
3117	0
3118	0
3119	0
3120	2
3121	0
3122	0
3123	0
3124	0
3125	0
3126	0
3463	0
3464	0
3465	0
3466	0
3467	0
3468	2
3475	0
3476	0
3477	0
3478	0
3479	0
3480	1
3481	2
3482	0
3484	0
3485	0
3487	0
3488	1
3490	0
3491	2
3493	1
3494	0
3496	1
3497	2
3517	0
3518	0
3519	0
3520	0
3521	0
3522	0
3529	0
3530	0
3531	0
3532	0
3533	0
3534	0
3535	0
3536	0
3537	0
3538	0
3539	0
3540	0
3553	0
3554	0
3555	0
3556	0
3557	0
3558	0
3559	0
3560	0
3561	0
3562	0
3563	3
3564	0
3571	0
3572	0
3573	0
3574	0
3575	2
3576	0
3859	1
3860	0
3861	0
3862	0
3863	0
3864	0
3865	0
3866	0
3867	0
3868	0
3869	0
3870	2
3871	1
3872	0
3873	0
3874	0
3875	0
3876	0
3877	0
3878	0
3879	2
3880	0
3881	0
3882	0
3883	0
3884	0
3885	1
3886	0
3887	0
3888	1
3889	0
3890	0
3891	0
3892	0
3893	0
3894	0
3895	0
3897	2
3898	2
3899	0
3901	0
3903	0
3904	0
3905	0
3907	0
3909	0
3910	0
3911	2
3969	0
3970	8
3971	0
3972	0
3975	0
3976	0
3977	0
3978	0
3981	2
3982	0
3983	0
3984	0
4021	0
4022	0
4023	0
4024	0
4025	0
4026	0
4027	0
4028	0
4029	0
4030	0
4031	0
4032	0
4033	0
4034	0
4035	1
4036	0
4037	0
4038	0
4039	1
4040	1
4041	0
4042	2
4043	0
4044	0
4045	0
4046	2
4047	3
4048	0
4049	1
4050	0
4051	0
4052	0
4053	0
4054	0
4055	0
4056	3
4213	0
4214	0
4215	0
4216	0
4217	2
4218	2
4219	0
4220	0
4221	0
4222	0
4223	0
4224	0
4273	0
4274	0
4275	0
4276	0
4277	0
4278	0
4285	0
4286	0
4287	0
4288	0
4289	0
4290	0
4411	2
4412	0
4413	1
4414	0
4415	0
4416	0
4771	2
4772	0
4773	2
4774	0
4775	2
4776	2
4777	2
4778	2
4779	2
4780	2
4781	2
4782	2
4783	4
4784	2
4785	2
4786	2
4787	2
4788	0
4867	0
4868	0
4869	0
4870	0
4871	0
4872	0
5059	2
5060	0
5061	0
5062	0
5063	0
5064	0
5359	0
5360	0
5361	0
5362	3
5365	0
5366	0
5367	0
5368	1
5863	0
5864	2
5865	0
5866	0
5867	0
5868	0
5893	1
5894	0
5895	0
5896	0
5897	0
5898	0
6217	0
6218	0
6219	0
6220	0
6221	0
6222	0
6223	0
6224	0
6225	0
6226	0
6227	1
6228	0
6229	0
6230	0
6231	0
6232	0
6233	0
6234	1
6235	0
6236	0
6237	0
6238	2
6239	0
6240	0
6241	0
6242	0
6243	0
6244	1
6245	0
6246	0
6247	0
6248	0
6249	0
6250	0
6251	0
6252	3
6253	1
6254	0
6255	1
6256	0
6257	2
6258	0
6259	0
6260	0
6261	0
6262	0
6263	1
6264	1
6265	0
6266	0
6267	2
6268	1
6269	0
6270	1
6271	0
6272	1
6273	0
6274	0
6275	0
6276	0
6277	0
6278	0
6279	0
6280	0
6281	0
6282	0
6283	0
6284	0
6285	1
6286	1
6287	0
6288	0
6289	1
6290	0
6291	0
6292	0
6293	0
6294	1
6295	0
6296	0
6297	0
6298	0
6299	0
6300	0
6607	1
6608	0
6609	0
6610	0
6611	0
6612	0
6733	0
6734	0
6735	0
6736	0
7057	1
7058	1
7059	0
7060	0
7061	0
7062	0
7063	0
7064	0
7065	0
7066	0
7067	0
7068	0
7069	0
7070	0
7071	1
7072	0
7073	2
7074	0
7087	0
7088	0
7089	0
7090	1
7091	1
7092	0
7093	0
7094	0
7095	1
7096	0
7097	0
7098	0
7099	0
7100	2
7101	0
7102	0
7103	3
7104	0
7111	0
7112	0
7113	2
7114	0
7115	0
7116	0
7117	2
7118	2
7119	0
7120	0
7121	0
7122	1
7123	0
7124	0
7125	0
7126	0
7127	1
7128	0
7147	2
7148	0
7149	0
7150	0
7151	0
7152	0
7261	4
7262	0
7263	0
7264	0
7265	0
7266	0
7573	1
7574	0
7575	0
7576	0
7577	1
7578	0
8443	0
8444	0
8445	0
8446	0
8447	2
8448	0
8515	2
8516	0
8517	0
8518	0
8519	0
8520	0
8521	0
8522	0
8523	0
8524	0
8525	0
8526	0
8545	0
8546	0
8547	0
8548	0
8549	0
8550	0
8551	1
8553	1
8554	0
8555	0
8556	1
8563	0
8565	0
8566	0
8567	1
8568	2
8575	0
8576	0
8577	0
8578	0
8579	2
8580	0
8581	0
8582	0
8583	0
8584	0
8585	0
8586	0
8587	0
8588	0
8589	0
8590	0
8591	0
8592	0
8611	0
8612	0
8613	0
8614	0
8615	0
8616	0
8617	0
8618	0
8619	0
8620	0
8621	0
8622	0
8623	2
8624	0
8625	0
8626	0
8627	0
8628	1
8713	0
8714	0
8715	1
8716	4
8717	0
8718	3
9415	0
9416	0
9417	0
9418	0
9419	0
9420	0
9523	0
9524	0
9525	0
9526	0
9527	1
9528	0
9547	0
9548	0
9549	0
9550	1
9551	0
9552	0
9595	0
9596	1
9597	2
9598	1
9599	0
9600	0
9601	0
9602	0
9603	0
9604	0
9605	0
9606	0
9607	0
9608	0
9609	2
9610	0
9611	0
9612	0
9613	0
9614	0
9615	2
9616	0
9617	0
9618	0
9619	0
9620	0
9621	0
9622	2
9623	0
9624	0
9625	0
9626	1
9627	0
9628	0
9629	0
9630	0
9631	1
9632	0
9633	0
9634	0
9635	0
9636	0
9637	1
9638	1
9639	1
9640	0
9641	0
9642	0
9643	0
9644	0
9645	1
9646	0
9647	0
9648	0
9853	0
9854	0
9855	0
9856	0
9857	0
9858	0
9859	0
9860	0
9861	0
9862	0
9863	0
9864	0
9865	0
9866	0
9867	0
9868	0
9869	0
9870	1
9889	0
9891	0
9893	2
9925	1
9927	0
9929	2
9931	0
9932	1
9934	0
9985	0
9987	0
9989	0
10483	0
10484	0
10485	0
10486	0
10487	0
10488	2
10495	0
10496	2
10497	0
10498	0
10499	0
10500	0
10501	0
10502	0
10503	2
10504	0
10505	0
10506	0
10507	0
10508	0
10509	0
10510	0
10511	0
10512	0
10519	1
10520	0
10521	0
10522	0
10523	0
10524	0
10525	0
10526	0
10527	0
10528	0
10529	0
10530	0
10537	0
10538	0
10539	0
10540	0
10541	2
10542	0
10567	1
10568	1
10569	0
10570	0
10571	0
10572	0
10573	0
10574	0
10575	0
10576	0
10577	2
10578	0
10579	0
10580	0
10581	0
10582	0
10583	1
10584	0
10585	0
10586	0
10587	0
10588	1
10589	0
10590	0
10597	1
10598	0
10599	0
10600	0
10601	0
10602	0
10603	2
10604	0
10605	0
10606	0
10607	0
10608	0
10621	0
10622	0
10623	0
10624	0
10625	0
10626	1
10627	0
10628	0
10629	0
10630	0
10631	1
10632	2
10633	1
10634	0
10635	0
10636	0
10637	0
10638	1
10639	0
10640	0
10641	0
10642	0
10643	0
10644	1
11095	0
11096	0
11097	0
11098	0
11099	0
11100	0
11101	0
11102	0
11103	0
11104	0
11105	1
11106	0
11107	0
11108	0
11109	0
11110	0
11111	0
11112	0
11143	2
11144	0
11145	0
11146	0
11147	0
11148	2
11149	0
11150	0
11151	0
11152	0
11153	0
11154	0
12211	0
12212	2
12213	0
12214	0
12215	0
12216	0
12721	0
12722	0
12723	0
12724	0
12725	0
12726	0
14311	0
14313	0
14315	0
14316	2
14335	0
14336	0
14337	0
14338	0
14339	0
14340	0
14365	0
14366	0
14367	0
14368	0
14369	1
14370	1
14383	1
14384	0
14385	0
14386	0
14387	1
14388	0
14401	0
14402	0
14403	0
14404	0
14405	0
14406	0
14419	0
14420	0
14421	0
14422	0
14423	0
14424	0
14431	3
14432	0
14433	0
14434	0
14435	0
14436	0
14695	0
14696	0
14697	0
14698	0
14699	0
14700	0
14803	0
14804	0
14805	0
14806	0
14807	0
14808	0
14827	0
14829	0
14831	0
14832	2
15151	0
15152	0
15153	0
15154	0
15155	1
15156	0
15157	0
15158	0
15159	0
15160	0
15161	0
15162	0
15163	0
15164	0
15165	0
15166	0
15167	0
15168	0
15241	0
15242	4
15243	0
15244	0
15245	0
15246	0
15247	0
15248	0
15249	0
15250	0
15251	0
15252	0
15253	1
15254	0
15255	0
15256	0
15257	0
15258	0
15703	2
15705	0
15707	0
15708	0
15931	0
15932	0
15933	0
15934	0
15935	0
15936	1
15937	1
15938	0
15939	0
15940	0
15941	2
15942	0
16603	0
16604	0
16605	0
16606	0
16607	0
16608	0
16609	0
16610	0
16611	0
16612	0
16613	0
16614	0
16615	0
16616	0
16617	0
16618	0
16619	0
16620	0
16999	0
17000	0
17001	0
17002	0
17003	0
17004	0
17035	0
17036	0
17037	0
17038	0
17039	0
17040	1
17071	0
17072	0
17073	1
17074	0
17075	0
17076	0
17401	0
17402	0
17403	0
17404	0
17405	0
17406	0
17407	0
17408	0
17409	0
17410	0
17411	0
17412	0
17413	0
17414	1
17415	0
17416	0
17417	0
17418	0
17437	0
17438	0
17439	1
17440	0
17441	2
17442	0
17443	0
17444	0
17445	1
17446	2
17447	0
17448	0
17449	0
17450	0
17451	0
17452	0
17453	0
17454	0
17455	0
17456	2
17457	0
17458	4
17459	0
17460	1
17461	1
17462	0
17463	0
17464	0
17465	0
17466	0
17467	1
17468	0
17469	0
17470	0
17471	0
17472	0
17473	1
17474	0
17475	3
17476	1
17477	0
17478	0
17479	0
17480	0
17481	0
17482	0
17483	0
17484	0
17485	0
17486	0
17487	0
17488	0
17489	0
17490	0
17491	2
17492	0
17493	0
17494	0
17495	2
17496	0
17545	2
17546	0
17547	0
17548	0
17549	0
17550	0
17551	0
17552	0
17553	0
17554	0
17555	2
17556	0
17557	0
17558	0
17559	0
17560	2
17561	0
17562	4
17563	0
17564	2
17565	1
17566	0
17567	0
17568	2
17569	2
17570	1
17571	0
17572	0
17573	1
17574	0
17575	3
17576	0
17577	1
17578	0
17579	0
17580	1
17599	0
17600	0
17601	0
17602	0
17603	0
17604	0
17605	0
17606	0
17607	0
17608	0
17609	0
17610	0
17611	1
17612	0
17613	0
17614	0
17615	1
17616	1
17659	0
17660	0
17661	0
17662	0
17663	0
17664	0
17671	0
17672	0
17673	0
17674	0
17675	0
17676	0
17683	0
17684	0
17685	1
17686	0
17687	0
17688	0
17689	0
17690	0
17691	0
17692	0
17693	0
17694	0
17695	0
17696	0
17697	0
17698	0
17699	0
17700	1
18055	0
18056	0
18057	1
18058	0
18059	0
18060	0
18073	0
18074	1
18075	2
18076	0
18077	0
18078	1
18097	1
18098	1
18099	0
18100	1
18101	0
18102	0
18127	0
18128	0
18129	0
18130	0
18131	0
18132	0
18133	0
18134	0
18135	0
18136	0
18137	1
18138	0
18139	0
18140	0
18141	0
18142	0
18143	0
18144	0
18145	0
18146	0
18147	0
18148	0
18149	0
18150	1
18151	1
18152	0
18153	0
18154	0
18155	0
18156	1
18157	0
18158	0
18159	0
18160	0
18161	2
18162	2
18163	0
18164	0
18165	0
18166	0
18167	0
18168	0
18169	0
18170	0
18171	0
18172	0
18173	0
18174	0
18175	1
18176	1
18177	0
18178	0
18179	0
18180	0
18181	0
18182	0
18183	0
18184	0
18185	0
18186	0
18187	0
18188	0
18189	0
18190	0
18191	0
18192	0
18193	0
18194	0
18195	0
18196	2
18197	0
18198	0
18265	0
18266	0
18267	0
18268	0
18269	0
18270	0
18271	0
18272	0
18273	0
18274	0
18275	0
18276	0
18277	0
18278	0
18279	0
18280	0
18281	0
18282	0
18283	0
18284	0
18285	2
18286	0
18287	0
18288	0
18289	0
18290	0
18291	0
18292	0
18293	0
18294	0
18295	0
18296	1
18297	2
18298	0
18299	0
18300	0
18799	0
18800	0
18801	0
18802	0
18803	0
18804	0
18805	0
18806	0
18807	0
18808	0
18809	2
18810	0
18811	2
18812	0
18813	0
18814	0
18815	0
18816	0
18817	0
18818	2
18819	0
18820	0
18821	1
18822	0
18823	0
18824	0
18825	0
18826	0
18827	0
18828	0
18829	0
18830	0
18831	2
18832	0
18833	0
18834	0
18847	3
18848	0
18849	2
18850	0
18851	0
18852	0
18853	2
18854	0
18855	0
18856	0
18857	0
18858	0
18859	0
18860	2
18861	0
18862	0
18863	1
18864	0
18865	0
18866	0
18867	0
18868	0
18869	0
18870	0
18871	0
18872	0
18873	0
18874	0
18875	0
18876	0
18877	0
18878	0
18879	0
18880	0
18881	0
18882	0
18883	2
18884	0
18885	0
18886	0
18887	2
18888	0
18889	0
18890	0
18891	0
18892	1
18893	1
18894	1
18895	1
18896	1
18897	0
18898	0
18899	0
18900	1
18901	1
18902	0
18903	1
18904	0
18905	1
18906	0
18907	1
18908	2
18909	1
18910	1
18911	1
18912	0
18913	0
18914	0
18915	1
18916	0
18917	0
18918	0
18919	0
18920	0
18921	0
18922	0
18923	0
18924	0
18937	0
18938	0
18939	0
18940	0
18941	0
18942	0
18943	0
18944	0
18945	3
18946	3
18947	0
18948	1
18949	0
18950	0
18951	0
18952	0
18953	0
18954	0
18955	0
18956	0
18957	0
18958	0
18959	0
18960	0
18961	0
18962	0
18963	0
18964	0
18965	0
18966	0
19039	0
19040	0
19041	0
19042	0
19043	0
19044	2
19045	0
19046	0
19047	0
19048	0
19049	0
19050	0
19051	1
19052	2
19053	0
19054	1
19055	0
19056	0
19075	0
19076	0
19077	0
19078	0
19079	2
19080	0
19081	0
19082	0
19083	1
19084	0
19085	0
19086	0
19087	1
19088	0
19089	2
19090	0
19091	1
19092	1
19093	1
19095	0
19096	2
19097	0
19098	0
19099	0
19100	2
19101	0
19102	0
19103	1
19104	0
19123	0
19124	0
19125	0
19126	0
19127	0
19128	0
19129	0
19130	0
19131	0
19132	0
19133	0
19134	0
19135	0
19136	0
19137	0
19138	0
19139	0
19140	0
19147	0
19148	0
19149	0
19150	4
19151	0
19152	0
19159	0
19160	0
19161	0
19162	0
19163	0
19164	0
19189	0
19190	0
19191	0
19192	0
19193	0
19194	0
19213	1
19214	0
19215	0
19216	0
19217	2
19218	0
19219	0
19220	2
19221	0
19222	1
19223	1
19224	0
19237	1
19238	2
19239	0
19240	0
19241	0
19242	0
19297	2
19298	0
19299	0
19300	0
19301	2
19302	0
19303	2
19304	0
19305	0
19306	0
19307	1
19308	0
19309	0
19310	0
19311	0
19312	0
19313	0
19314	2
20371	0
20372	0
20373	0
20374	0
20375	0
20376	1
20377	2
20378	0
20379	0
20380	0
20381	0
20382	0
20383	0
20384	0
20385	0
20386	0
20387	0
20388	0
20401	0
20402	0
20403	0
20404	0
20405	0
20406	0
20407	0
20408	0
20409	0
20410	0
20411	0
20412	0
20413	0
20414	0
20415	0
20416	0
20417	0
20418	0
20611	0
20612	0
20613	0
20614	0
20615	0
20616	0
20617	0
20618	0
20619	0
20620	0
20621	0
20622	0
20623	0
20624	0
20625	0
20626	0
20627	3
20628	0
20629	0
20630	3
20631	0
20632	0
20633	0
20634	0
20635	0
20636	1
20637	0
20638	0
20639	0
20640	0
21301	0
21302	1
21303	0
21304	0
21305	0
21306	0
21307	0
21308	0
21309	0
21310	0
21311	0
21312	0
21313	0
21314	0
21315	0
21316	0
21317	0
21318	0
21913	0
21914	0
21915	0
21916	0
21917	0
21918	0
22363	1
22364	0
22365	0
22366	0
22367	0
22369	1
22370	0
22371	3
22372	0
22373	0
22374	1
22555	0
22556	0
22557	0
22558	0
22559	0
22560	0
22561	0
22562	0
22563	0
22564	0
22565	0
22566	0
22567	2
22568	0
22569	1
22570	2
22571	1
22572	2
22573	0
22574	0
22575	0
22576	0
22577	0
22578	0
22579	0
22580	0
22581	0
22582	0
22583	0
22584	0
22657	0
22658	0
22659	0
22660	0
22661	0
22662	0
22663	0
22664	0
22665	0
22666	0
22667	0
22668	0
22669	0
22670	0
22671	0
22672	1
22673	0
22674	0
23125	0
23126	0
23127	0
23128	0
23129	0
23130	0
23569	0
23570	0
23571	0
23572	0
23573	0
23574	0
23671	0
23672	2
23673	0
23674	0
23675	2
23676	2
23677	1
23678	0
23679	2
23680	0
23681	2
23682	0
23815	0
23816	0
23818	1
23819	0
23820	0
24067	0
24068	0
24070	0
24071	0
24072	0
24391	2
24392	0
24393	0
24394	0
24395	0
24396	0
24397	0
24398	2
24399	0
24400	2
24401	2
24402	1
24811	0
24812	0
24813	0
24814	0
24815	0
24816	0
25381	0
25382	0
25383	2
25384	0
25385	0
25386	0
25387	1
25388	0
25389	1
25390	1
25391	3
25392	0
25609	0
25610	0
25611	0
25612	0
25613	2
25614	4
25615	0
25616	0
25617	0
25618	0
25619	0
25620	2
25807	1
25808	0
25809	0
25810	0
25811	0
25812	0
26035	0
26036	1
26037	0
26038	1
26039	0
26040	0
26041	0
26042	0
26043	1
26044	0
26045	0
26046	0
26047	0
26048	0
26049	0
26050	1
26051	0
26052	0
26053	0
26054	0
26055	0
26056	0
26057	0
26058	0
26059	0
26060	0
26061	0
26062	0
26063	0
26064	0
26065	2
26066	0
26067	1
26068	0
26069	0
26070	0
26335	0
26336	0
26337	0
26338	2
26339	2
26340	0
26341	0
26342	1
26343	0
26344	0
26345	2
26346	1
26347	0
26348	0
26349	2
26350	1
26351	0
26352	0
26371	1
26372	0
26373	0
26374	0
26375	0
26376	0
26377	0
26378	0
26379	0
26380	0
26381	0
26382	0
26383	0
26384	0
26385	2
26386	0
26387	0
26388	1
26731	0
26732	0
26733	0
26734	0
26735	2
26736	0
26737	0
26738	0
26739	0
26740	0
26741	0
26742	0
26821	4
26822	4
26823	4
26824	3
26825	2
26826	2
26827	3
26828	2
26829	0
26830	2
26831	0
26832	0
26833	2
26834	1
26835	0
26836	2
26837	1
26838	0
26839	0
26840	0
26841	0
26842	0
26843	0
26844	0
26845	1
26846	1
26847	0
26848	0
26849	1
26850	1
26851	1
26852	3
26853	2
26854	0
26855	0
26856	1
26857	0
26858	0
26859	4
26860	0
26861	0
26862	0
26863	0
26864	0
26865	3
26866	0
26867	0
26868	0
26869	0
26870	0
26871	4
26872	0
26873	0
26874	0
26875	0
26876	0
26877	0
26878	0
26879	0
26880	0
26881	0
26882	0
26883	0
26884	0
26885	0
26886	0
26887	0
26888	0
26889	0
26890	0
26891	0
26892	0
26929	0
26930	0
26931	0
26932	0
26933	0
26934	0
26935	1
26936	0
26937	0
26938	0
26939	0
26940	0
26941	0
26942	0
26943	0
26944	0
26945	0
26946	0
27001	0
27002	0
27003	0
27004	3
27005	0
27006	0
27007	0
27008	0
27009	0
27010	0
27011	0
27012	0
27013	0
27014	0
27015	0
27016	0
27017	0
27018	0
27091	0
27092	0
27093	1
27094	0
27095	0
27096	0
27097	0
27098	0
27099	0
27100	0
27101	0
27102	0
27103	0
27104	0
27105	0
27106	1
27107	1
27108	0
27127	1
27128	0
27130	2
27131	0
27133	2
27134	0
27136	0
27137	0
27139	0
27140	0
27142	0
27143	1
27163	2
27164	2
27165	1
27166	0
27167	2
27168	2
27187	0
27188	0
27189	0
27190	0
27191	1
27192	0
27193	0
27194	1
27195	0
27196	0
27197	0
27198	0
27199	1
27200	0
27201	0
27202	0
27203	0
27204	0
27205	0
27206	2
27207	0
27208	0
27209	0
27210	0
27211	0
27212	2
27213	0
27214	0
27215	0
27216	0
27217	0
27218	0
27219	0
27220	0
27221	0
27222	0
27223	0
27224	0
27225	0
27226	0
27227	0
27228	0
27229	0
27230	0
27231	1
27232	0
27233	2
27234	1
27235	0
27236	0
27237	0
27238	0
27239	0
27240	0
27241	0
27242	0
27243	0
27244	0
27245	0
27246	3
27247	0
27248	0
27249	1
27250	0
27251	0
27252	0
27253	0
27254	0
27255	0
27256	0
27257	2
27258	0
27259	0
27260	1
27261	0
27262	0
27263	0
27264	0
27265	0
27266	0
27267	0
27268	0
27269	4
27270	0
27271	0
27272	2
27273	0
27274	0
27275	0
27276	0
27277	0
27278	0
27279	0
27280	1
27281	0
27282	0
27283	0
27284	0
27285	0
27286	0
27287	0
27288	0
27307	0
27308	0
27309	0
27310	0
27311	0
27312	0
27313	0
27314	0
27315	0
27316	0
27317	0
27318	0
27319	0
27320	0
27321	0
27322	0
27323	0
27324	0
27325	2
27326	0
27327	0
27328	2
27329	1
27330	0
27331	0
27332	0
27333	0
27334	0
27335	0
27336	2
27337	0
27338	0
27339	0
27340	0
27341	0
27342	0
27487	0
27488	0
27489	0
27490	0
27491	0
27492	0
27493	0
27494	0
27495	0
27496	0
27497	0
27498	0
27499	0
27500	1
27501	0
27502	0
27503	0
27504	0
27505	0
27506	0
27507	0
27508	0
27509	0
27510	0
27511	3
27512	0
27513	0
27514	0
27515	0
27516	0
27517	0
27518	0
27519	0
27520	0
27521	0
27522	1
27661	0
27662	0
27663	1
27664	0
27665	2
27666	0
27667	2
27668	0
27669	3
27670	0
27671	2
27672	0
27673	0
27674	1
27675	0
27676	0
27677	1
27678	0
27679	0
27680	0
27681	0
27682	0
27683	0
27684	0
27685	1
27686	0
27687	0
27688	0
27689	1
27690	0
27691	0
27692	0
27693	0
27694	0
27695	2
27696	0
27697	0
27698	0
27699	0
27700	0
27701	0
27702	0
27703	1
27704	0
27705	2
27706	1
27707	0
27708	0
27709	0
27710	0
27711	0
27712	0
27713	0
27714	2
27715	0
27716	0
27717	3
27718	2
27719	3
27720	0
27721	0
27722	0
27723	0
27724	0
27725	0
27726	0
27727	0
27728	0
27729	1
27730	3
27731	1
27732	1
27733	0
27734	0
27735	0
27736	0
27737	0
27738	0
27739	0
27740	0
27741	0
27742	0
27743	1
27744	0
27745	0
27746	1
27747	0
27748	0
27749	1
27750	0
27751	0
27752	0
27753	0
27754	0
27755	0
27756	0
27757	0
27758	0
27759	0
27760	0
27761	1
27762	1
27763	0
27764	1
27765	0
27766	0
27767	0
27768	1
27769	0
27770	0
27771	0
27772	0
27773	0
27774	0
27775	0
27776	0
27777	0
27778	0
27779	2
27780	2
27781	1
27782	0
27783	0
27784	0
27785	0
27786	3
27871	0
27872	0
27873	0
27874	0
27875	0
27876	0
27877	2
27878	1
27879	0
27880	0
27881	1
27882	0
27883	1
27884	1
27885	0
27886	0
27887	0
27888	1
27889	0
27890	0
27891	0
27892	1
27893	2
27894	0
27895	2
27896	2
27897	0
27898	0
27899	0
27900	1
27901	1
27902	0
27903	1
27904	0
27905	0
27906	1
28069	2
28070	0
28071	0
28072	0
28073	2
28074	0
28075	0
28076	0
28077	1
28078	0
28079	1
28080	0
28087	0
28088	0
28089	0
28090	0
28091	3
28092	0
28345	0
28346	0
28347	1
28348	0
28349	0
28350	0
28729	0
28730	0
28731	0
28732	0
28733	0
28734	0
28735	0
28736	0
28737	0
28738	0
28739	0
28740	0
28741	0
28742	0
28743	0
28744	0
28745	0
28746	0
28747	0
28748	0
28749	0
28750	0
28751	0
28752	0
28753	0
28754	0
28755	0
28756	0
28757	0
28758	0
28759	0
28760	0
28761	0
28762	0
28763	0
28764	0
28819	4
28820	0
28821	0
28822	0
28823	0
28824	0
28825	0
28826	0
28827	0
28828	0
28829	0
28830	0
28831	0
28832	0
28833	0
28834	0
28835	0
28836	0
28999	0
29000	0
29001	1
29002	0
29003	0
29004	0
29017	0
29018	0
29019	0
29020	0
29021	0
29022	0
29209	0
29210	0
29211	0
29214	0
29215	0
29216	3
29217	1
29221	0
29222	1
29226	3
29227	2
29228	0
29229	2
29230	0
29231	0
29232	0
29233	0
29234	0
29235	0
29236	0
29237	2
29238	0
29239	0
29240	0
29241	2
29242	0
29243	0
29244	0
29293	0
29294	0
29295	0
29296	2
29297	0
29298	0
29299	0
29300	0
29301	0
29302	0
29303	0
29304	1
29329	0
29330	0
29331	0
29332	0
29333	0
29334	0
29335	0
29336	0
29337	0
29338	0
29339	0
29340	0
29341	0
29342	0
29343	0
29344	0
29345	1
29346	0
29401	0
29402	0
29403	0
29404	0
29405	0
29406	0
29407	0
29408	0
29409	1
29410	0
29411	0
29412	0
29419	0
29420	0
29421	1
29422	0
29423	0
29424	0
29467	2
29468	0
29469	0
29470	0
29471	0
29472	0
29473	2
29474	0
29475	0
29476	0
29477	0
29478	0
29479	2
29480	0
29481	0
29482	0
29483	0
29484	0
29509	0
29510	0
29511	0
29512	0
29513	0
29514	0
29563	0
29564	0
29565	0
29566	0
29567	0
29568	0
29569	0
29570	0
29571	0
29572	0
29573	0
29574	0
29575	1
29576	0
29577	0
29578	0
29579	0
29580	2
29617	0
29618	0
29619	0
29620	0
29621	0
29622	0
29623	0
29624	0
29625	0
29626	2
29627	0
29628	0
29629	0
29630	0
29631	0
29632	0
29633	0
29634	0
29791	0
29792	0
29793	0
29794	0
29795	0
29796	3
29887	0
29888	0
29889	0
29890	0
29891	0
29892	2
29923	0
29924	0
29925	0
29926	0
29927	0
29928	0
29995	0
29996	2
29997	0
29998	0
29999	0
30000	0
30001	0
30002	2
30003	0
30004	0
30005	0
30006	0
30013	0
30014	0
30015	0
30016	0
30017	0
30018	0
30103	0
30104	0
30105	0
30106	0
30107	0
30108	0
30139	0
30140	2
30141	0
30142	0
30143	0
30144	2
30151	0
30152	0
30153	3
30154	0
30155	0
30156	0
30157	0
30158	0
30159	0
30160	0
30161	0
30162	0
30205	0
30207	0
30209	0
30211	1
30212	0
30213	1
30214	0
30215	0
30216	0
30265	0
30266	0
30267	2
30268	0
30269	0
30270	0
30271	0
30272	0
30273	1
30274	0
30275	0
30276	0
30283	0
30284	0
30285	0
30286	0
30287	0
30288	1
30289	0
30290	0
30291	0
30292	0
30293	0
30294	2
30313	0
30314	0
30315	0
30316	0
30318	0
30331	0
30332	0
30333	0
30334	0
30335	0
30336	0
30379	0
30380	0
30381	0
30382	0
30383	0
30384	1
30385	0
30386	0
30387	0
30388	0
30389	0
30390	0
30403	0
30404	0
30405	2
30406	0
30407	0
30408	0
30439	0
30440	0
30441	0
30442	0
30443	0
30444	0
30471	4
30472	0
30473	0
30474	0
30477	0
30478	2
30479	0
30480	0
30493	2
30495	4
30496	0
30497	0
30499	0
30501	0
30502	0
30503	0
30505	0
30506	0
30507	0
30508	0
30509	0
30510	0
30553	0
30554	0
30555	0
30556	0
30557	0
30558	0
30565	2
30566	0
30567	0
30568	0
30569	0
30570	3
30613	0
30614	0
30615	0
30616	0
30617	0
30618	0
30637	0
30638	0
30639	0
30640	0
30641	0
30642	0
30649	0
30650	0
30651	2
30652	0
30653	0
30654	0
30781	0
30782	0
30783	0
30784	0
30785	0
30786	0
30883	0
30884	0
30885	0
30886	0
30887	0
30888	0
30931	1
30932	0
30933	2
30934	0
30935	0
30936	0
31093	0
31094	1
31095	0
31096	0
31097	0
31098	1
31183	2
31184	0
31185	0
31186	0
31187	0
31189	2
31191	1
31192	2
31193	0
31195	2
31196	0
31197	0
31198	1
31199	0
31369	0
31370	0
31371	0
31372	0
31373	0
31374	0
31453	2
31454	0
31455	0
31456	0
31457	0
31458	1
31459	1
31460	0
31461	0
31462	0
31463	0
31464	0
31465	0
31466	0
31467	0
31468	0
31469	0
31470	0
31483	0
31484	0
31485	0
31486	1
31487	0
31488	0
31531	0
31532	0
31533	0
31534	1
31535	0
31536	0
31603	0
31604	0
31605	0
31606	1
31607	0
31608	0
31615	0
31616	0
31617	0
31618	0
31619	0
31620	0
31621	0
31622	0
31623	0
31624	0
31625	0
31626	1
31627	0
31628	0
31629	0
31630	0
31631	0
31632	1
31633	2
31634	0
31635	0
31636	0
31637	0
31638	0
31639	2
31640	0
31641	0
31642	0
31643	0
31644	0
31645	1
31646	0
31647	0
31648	0
31649	0
31650	0
31657	0
31658	0
31659	0
31660	0
31661	0
31662	0
31669	0
31670	0
31671	0
31672	0
31673	0
31674	0
31675	1
31677	0
31679	0
31699	0
31700	0
31701	0
31702	0
31703	0
31704	0
31861	0
31862	0
31863	0
31864	0
31865	2
31866	0
31927	0
31928	0
31929	0
31930	0
31931	0
31932	0
31933	0
31934	0
31935	0
31936	0
31937	0
31938	0
31939	0
31940	0
31941	0
31942	0
31943	0
31944	0
31969	0
31970	0
31971	0
31972	0
31973	2
31974	1
32005	0
32006	0
32007	0
32008	0
32009	2
32010	0
32185	0
32186	0
32187	0
32188	0
32189	0
32190	2
32191	0
32192	0
32193	0
32194	0
32195	0
32196	0
32197	0
32198	0
32199	0
32200	0
32201	0
32202	2
32413	3
32414	0
32415	0
32416	1
32417	0
32418	0
32455	0
32456	0
32457	0
32458	0
32459	4
32460	2
32461	1
32462	1
32463	0
32464	2
32465	0
32466	0
32521	0
32522	0
32523	0
32524	0
32525	0
32526	0
32533	0
32534	0
32535	0
32536	0
32537	0
32538	0
32539	0
32540	0
32541	0
32542	0
32543	0
32544	0
32545	0
32546	0
32547	0
32548	0
32549	1
32550	0
32551	0
32552	0
32553	0
32554	1
32555	0
32556	0
32575	0
32576	0
32577	0
32578	0
32579	0
32580	0
32582	0
32587	0
32588	0
32589	0
32590	0
32591	0
32592	0
32683	0
32684	2
32685	2
32686	0
32687	0
32688	2
32689	0
32690	0
32691	0
32692	0
32693	0
32694	0
32695	0
32696	0
32697	1
32698	0
32699	0
32700	0
32701	0
32702	0
32703	0
32704	0
32705	0
32706	0
32707	0
32708	0
32709	0
32710	0
32711	0
32712	0
32713	0
32714	0
32715	0
32716	0
32717	0
32718	1
32737	3
32738	0
32739	2
32740	2
32741	0
32742	0
32743	1
32744	1
32745	2
32746	1
32747	0
32748	0
32749	0
32750	3
32751	0
32752	1
32753	0
32754	0
32881	1
32882	0
32883	0
32884	0
32885	0
32886	0
32887	0
32888	0
32889	0
32890	0
32891	1
32892	2
33055	0
33056	0
33057	2
33058	0
33059	2
33060	0
33061	2
33062	0
33063	0
33064	0
33065	0
33066	0
33067	0
33068	0
33069	0
33070	0
33071	0
33072	0
33133	0
33134	0
33135	0
33136	0
33137	1
33138	0
33187	0
33188	0
33189	1
33190	1
33191	1
33192	0
33193	0
33194	0
33195	1
33196	0
33197	0
33198	0
33199	0
33200	2
33201	4
33202	0
33203	0
33204	0
33331	0
33332	0
33333	0
33334	0
33335	1
33336	0
33337	0
33338	0
33339	0
33340	0
33341	0
33342	0
33343	0
33344	0
33345	0
33346	0
33347	1
33348	0
33415	0
33416	0
33417	0
33418	0
33420	0
33475	0
33476	0
33477	0
33478	0
33479	0
33480	0
33481	0
33482	0
33483	0
33484	0
33485	0
33486	0
33487	0
33488	0
33489	0
33490	0
33491	0
33492	0
33691	0
33692	1
33693	0
33694	0
33695	1
33696	2
33715	2
33716	0
33717	0
33718	0
33719	0
33720	0
33721	2
33722	0
33723	0
33724	0
33725	0
33726	0
33727	2
33728	0
33729	0
33730	0
33731	0
33732	0
33733	0
33734	0
33735	0
33736	0
33737	1
33738	0
33739	0
33740	0
33741	2
33742	0
33743	0
33744	0
33745	0
33746	2
33747	0
33748	0
33749	0
33750	0
33751	0
33752	0
33753	0
33754	1
33755	0
33756	0
33757	1
33758	2
33759	1
33760	2
33761	1
33762	0
33763	0
33764	0
33765	0
33766	0
33767	0
33768	0
33769	0
33770	0
33771	0
33772	0
33773	0
33774	3
33871	0
33872	0
33873	0
33874	0
33875	0
33876	0
33877	0
33878	0
33879	0
33880	0
33881	0
33882	0
34069	0
34070	0
34071	0
34072	0
34073	0
34074	0
34075	0
34076	0
34077	0
34078	0
34079	0
34080	0
34123	0
34124	2
34125	2
34126	0
34127	0
34128	0
34159	1
34160	0
34161	0
34162	0
34163	0
34164	0
34165	0
34166	0
34167	0
34168	0
34169	0
34170	0
34171	0
34172	0
34173	0
34174	0
34175	0
34176	0
34225	0
34226	0
34227	0
34228	0
34229	0
34230	0
34291	0
34292	0
34293	0
34294	0
34295	2
34296	0
34411	4
34412	0
34413	0
34414	0
34415	0
34416	2
34435	0
34436	1
34437	0
34439	0
34440	1
34465	0
34466	0
34467	0
34468	0
34469	0
34470	0
34471	0
34472	0
34473	0
34474	0
34475	0
34476	2
34495	0
34496	0
34497	0
34498	0
34499	0
34500	0
34501	0
34502	0
34503	0
34504	0
34505	0
34506	0
34507	0
34508	0
34509	0
34510	0
34511	4
34512	0
34783	0
34784	0
34785	1
34786	0
34787	0
34788	0
34795	0
34796	0
34797	0
34798	0
34799	2
34800	0
34903	0
34904	0
34905	0
34906	0
34907	0
34908	0
34987	0
34988	0
34989	0
34990	0
34991	0
34992	2
34993	1
34994	0
34995	2
34996	0
34997	3
34998	0
35011	0
35012	0
35013	0
35014	0
35015	0
35016	1
35065	0
35066	1
35067	0
35069	1
35070	2
35131	0
35132	0
35133	0
35134	0
35135	0
35136	1
35167	0
35168	0
35169	0
35170	1
35171	2
35172	1
35203	0
35204	0
35205	0
35206	0
35207	0
35208	0
35353	1
35354	1
35355	0
35356	0
35357	3
35358	2
35359	0
35360	0
35361	0
35362	0
35363	0
35364	0
35365	1
35366	2
35367	1
35368	0
35369	1
35370	0
35503	0
35504	0
35505	0
35506	0
35507	0
35508	0
35509	0
35510	0
35511	1
35512	0
35513	0
35514	0
35515	1
35516	0
35517	0
35518	0
35519	0
35520	0
35539	0
35540	0
35541	0
35542	0
35543	0
35544	0
35581	0
35582	0
35583	0
35584	0
35585	1
35586	2
35587	2
35588	0
35589	0
35590	1
35591	1
35592	0
35593	1
35594	0
35595	0
35596	0
35597	1
35598	0
35617	0
35618	0
35619	0
35620	0
35621	0
35622	0
35677	1
35678	0
35679	0
35680	0
35681	0
35682	0
35683	0
35684	2
35685	0
35686	0
35687	0
35688	0
35779	0
35780	2
35781	0
35782	0
35783	0
35784	0
35785	0
35786	0
35787	0
35788	0
35789	1
35790	0
35797	0
35799	0
35801	0
35802	1
35815	0
35816	0
35817	0
35818	0
35819	0
35820	0
35821	0
35822	0
35823	0
35824	0
35825	0
35826	0
35827	0
35828	0
35829	0
35830	0
35831	0
35832	1
35851	4
35852	0
35853	0
35854	0
35855	0
35856	0
35857	1
35858	0
35859	2
35860	0
35861	0
35862	2
35863	2
35864	0
35865	2
35866	0
35867	0
35868	0
35989	0
35990	0
35991	0
35992	0
35993	0
35994	0
35995	0
35996	0
35997	2
35998	0
35999	2
36000	0
36049	4
36050	0
36051	1
36052	0
36053	0
36054	0
36055	0
36056	0
36057	0
36058	0
36059	0
36060	0
36061	1
36062	0
36063	1
36064	0
36065	1
36066	0
36067	0
36068	1
36069	0
36070	0
36071	0
36072	1
36121	2
36122	0
36123	0
36124	0
36125	0
36126	0
36223	0
36224	0
36225	0
36226	0
36227	0
36228	0
36229	0
36230	0
36231	0
36232	1
36233	0
36234	0
36235	0
36236	0
36237	1
36238	0
36239	0
36240	0
36427	0
36428	2
36429	0
36430	0
36431	0
36432	0
36505	0
36506	0
36507	2
36508	0
36509	1
36510	1
36517	1
36518	0
36519	0
36520	0
36521	2
36522	0
36535	0
36536	0
36537	2
36538	0
36539	0
36540	0
36655	0
36656	1
36657	0
36658	0
36659	0
36660	1
36661	0
36662	0
36663	0
36664	0
36665	0
36666	0
36667	0
36668	0
36669	0
36670	0
36671	0
36672	0
36745	0
36746	0
36747	0
36748	0
36749	0
36750	0
36925	0
36926	0
36927	2
36928	0
36929	0
36930	1
36931	0
36932	1
36933	2
36934	0
36935	0
36936	0
36937	0
36938	0
36939	4
36940	0
36941	0
36942	2
36997	2
36998	0
36999	0
37000	0
37001	0
37002	0
37003	0
37004	2
37005	0
37006	0
37007	0
37008	0
37075	0
37076	1
37077	0
37078	0
37079	0
37080	1
37081	0
37082	0
37083	0
37084	0
37085	1
37086	0
37087	0
37088	0
37089	2
37090	1
37091	1
37092	2
37093	0
37094	0
37095	0
37096	0
37097	1
37098	0
37099	0
37100	0
37101	0
37102	0
37103	1
37104	0
37177	0
37178	0
37179	0
37180	0
37181	0
37182	0
37339	0
37340	0
37341	2
37342	0
37343	0
37344	0
37345	1
37347	0
37349	0
37393	0
37394	0
37395	0
37396	0
37397	0
37399	0
37400	0
37401	0
37402	0
37403	0
37405	0
37406	2
37407	0
37408	0
37409	0
37633	0
37634	0
37635	0
37636	0
37637	0
37638	0
37639	0
37640	0
37641	0
37642	0
37643	0
37644	0
37657	0
37658	0
37659	0
37660	2
37661	0
37662	2
37666	0
37668	0
37735	0
37736	0
37737	0
37738	0
37739	0
37740	0
37741	0
37742	0
37743	0
37744	0
37745	1
37746	0
37753	0
37754	0
37755	0
37756	0
37757	0
37758	0
37771	0
37772	0
37773	0
37774	0
37775	0
37776	0
37777	0
37778	0
37779	0
37780	0
37781	0
37782	0
37819	0
37820	0
37821	0
37822	0
37823	4
37824	2
37825	0
37826	0
37827	0
37828	0
37829	0
37830	0
37843	0
37844	0
37845	0
37846	0
37847	0
37848	0
37849	1
37850	0
37851	0
37852	0
37853	0
37854	0
37879	0
37880	0
37881	0
37882	0
37883	0
37884	0
37915	0
37916	0
37917	0
37918	0
37919	0
37920	0
37933	0
37934	0
37935	0
37936	0
37937	0
37938	2
37987	0
37988	0
37989	0
37990	0
37991	0
37992	0
38023	0
38024	0
38025	0
38026	0
38027	0
38028	0
38041	0
38042	1
38043	0
38044	0
38045	0
38046	0
38047	0
38048	0
38049	0
38050	0
38051	0
38052	0
38065	0
38066	0
38067	1
38068	0
38069	2
38070	0
38071	0
38072	0
38073	0
38074	0
38075	1
38076	0
38077	0
38078	0
38079	0
38080	0
38081	0
38082	0
38125	0
38126	0
38128	0
38129	0
38130	0
38161	0
38162	0
38163	2
38164	2
38165	2
38166	0
38167	0
38168	0
38169	0
38170	0
38171	0
38172	2
38221	0
38222	0
38223	0
38224	0
38225	0
38226	0
38233	0
38234	0
38235	0
38236	0
38237	2
38238	0
38239	0
38240	0
38242	0
38243	0
38244	0
38251	0
38252	0
38253	0
38254	0
38255	0
38256	2
38257	0
38258	0
38259	0
38260	0
38261	0
38262	0
38275	0
38276	0
38277	0
38278	0
38279	0
38280	0
38299	0
38300	0
38301	1
38302	0
38303	3
38304	0
38311	0
38312	0
38313	0
38314	0
38315	0
38316	0
38329	1
38330	0
38331	0
38332	0
38333	0
38334	0
38335	0
38336	0
38337	0
38338	0
38339	0
38340	0
38377	1
38378	0
38379	0
38380	0
38381	0
38382	0
38383	0
38384	0
38385	1
38386	2
38387	0
38388	1
38389	0
38390	0
38391	0
38392	0
38393	0
38394	0
38395	0
38396	0
38397	1
38398	0
38399	0
38400	0
38413	0
38414	0
38415	0
38416	0
38417	0
38418	0
38425	0
38426	0
38427	0
38428	0
38429	6
38430	0
38467	0
38468	0
38469	0
38470	0
38471	1
38472	0
38473	0
38474	0
38475	0
38476	0
38477	0
38478	0
38593	1
38594	0
38595	2
38596	0
38597	0
38598	2
38617	0
38618	0
38619	0
38620	0
38621	0
38622	0
38641	1
38642	0
38643	1
38644	0
38645	1
38646	0
38689	0
38690	0
38691	0
38692	1
38693	2
38694	1
38719	0
38720	0
38721	0
38722	0
38723	9
38724	0
38773	2
38774	0
38775	0
38776	1
38777	0
38778	0
38791	1
38792	2
38793	0
38794	0
38795	2
38796	1
38809	0
38810	0
38811	0
38812	0
38813	1
38814	0
38833	0
38834	0
38835	0
38836	0
38837	0
38838	0
38839	0
38840	0
38841	0
38842	0
38843	0
38844	0
38845	0
38846	0
38847	0
38848	0
38849	0
38850	0
38851	0
38852	0
38853	0
38854	0
38855	0
38856	0
38881	0
38882	0
38883	0
38884	3
38885	1
38886	0
38917	1
38918	0
38919	0
38920	1
38921	1
38922	0
38995	3
38996	0
38997	0
38998	0
38999	2
39000	0
39085	0
39086	0
39087	0
39088	0
39089	2
39090	0
39091	0
39092	0
39093	1
39094	0
39095	1
39096	0
39097	1
39098	2
39099	0
39100	0
39101	1
39102	0
39193	0
39194	0
39195	0
39196	2
39197	0
39198	0
39199	0
39200	5
39201	0
39202	0
39203	0
39204	0
39205	0
39206	0
39207	0
39208	0
39209	0
39210	0
39259	4
39260	0
39261	2
39262	0
39263	0
39264	0
39277	0
39278	1
39279	0
39280	0
39281	0
39282	0
39289	0
39290	0
39291	0
39292	0
39293	1
39294	0
39295	1
39296	0
39297	0
39298	0
39299	0
39300	0
39301	0
39302	0
39303	0
39304	1
39305	1
39306	0
39379	0
39380	0
39381	8
39382	2
39383	5
39384	1
39391	0
39392	0
39393	0
39394	1
39395	0
39396	0
39415	0
39416	0
39417	0
39418	0
39419	0
39420	2
39421	0
39422	0
39423	1
39424	0
39425	0
39426	0
39427	0
39428	0
39429	0
39430	0
39431	0
39432	2
39487	0
39488	0
39489	0
39490	0
39491	2
39492	1
39493	0
39494	3
39495	0
39496	0
39497	1
39498	0
39565	0
39566	0
39567	0
39568	0
39569	2
39570	0
39571	0
39572	0
39573	0
39574	0
39575	1
39576	0
39577	0
39578	0
39579	0
39580	0
39581	2
39582	0
39691	0
39692	0
39693	0
39694	0
39695	0
39696	0
39793	2
39794	0
39796	0
39797	0
39799	1
39800	0
39801	0
39802	0
39803	0
39805	1
39806	1
39807	0
39808	0
39809	0
39943	0
39944	0
39945	0
39946	0
39947	0
39948	0
39949	0
39950	0
39951	0
39952	0
39953	1
39954	0
39955	0
39956	0
39957	0
39958	0
39959	0
39960	0
39961	0
39962	0
39963	0
39964	0
39965	0
39966	0
39967	0
39968	0
39969	0
39970	0
39971	0
39972	0
39973	0
39974	0
39975	0
39976	0
39977	0
39978	0
40027	0
40028	0
40029	0
40030	0
40031	0
40032	0
40033	0
40034	0
40035	0
40036	0
40037	0
40038	0
40039	0
40040	0
40041	1
40042	0
40043	1
40044	0
40123	0
40124	0
40125	0
40126	0
40127	0
40128	0
40129	0
40130	0
40131	0
40132	0
40133	0
40134	0
40135	0
40136	0
40137	2
40138	0
40139	0
40140	0
40219	0
40220	0
40221	0
40222	0
40223	2
40224	0
40225	1
40226	1
40227	0
40228	0
40229	0
40230	2
40231	0
40232	1
40233	0
40234	2
40235	0
40236	0
40237	0
40238	0
40239	0
40240	0
40241	0
40242	0
40243	1
40244	1
40245	3
40246	0
40247	0
40248	0
40249	0
40250	0
40251	0
40252	0
40253	0
40254	0
40255	0
40256	0
40257	3
40258	0
40259	0
40260	0
40261	0
40262	0
40263	0
40264	1
40265	0
40266	2
40267	0
40268	0
40269	0
40270	0
40271	0
40272	0
40411	0
40412	0
40413	0
40414	0
40415	1
40416	0
40417	0
40418	0
40419	0
40420	0
40421	4
40422	1
40423	1
40424	0
40425	0
40426	0
40427	1
40428	2
40507	0
40508	0
40509	0
40510	0
40511	0
40512	0
40519	0
40520	0
40521	0
40522	2
40523	1
40524	2
40531	0
40532	0
40533	0
40534	0
40535	0
40536	0
40537	0
40538	0
40539	0
40540	0
40541	0
40542	0
40543	0
40544	0
40545	2
40546	0
40547	0
40548	0
40555	0
40556	0
40557	0
40558	0
40559	0
40560	0
40567	0
40568	0
40569	0
40570	0
40571	0
40572	0
40579	0
40580	1
40581	0
40582	0
40583	0
40584	0
40603	0
40604	0
40605	0
40606	0
40607	0
40608	0
40699	0
40700	0
40701	0
40702	0
40703	0
40704	2
40705	0
40706	0
40707	0
40708	0
40709	0
40710	0
40711	0
40712	0
40713	0
40714	0
40715	0
40716	0
40813	0
40814	0
40815	0
40816	0
40817	0
40818	0
40819	0
40820	0
40821	0
40822	0
40823	0
40824	0
40825	0
40826	0
40827	0
40828	0
40829	0
40830	0
40831	0
40832	0
40833	1
40834	0
40835	0
40836	0
40837	4
40838	0
40839	5
40840	0
40841	0
40842	0
41083	0
41084	0
41085	0
41086	0
41087	0
41088	0
41125	2
41126	0
41127	0
41128	0
41129	2
41130	2
41155	0
41156	0
41157	0
41158	0
41159	0
41160	0
41161	0
41162	0
41163	0
41164	0
41165	0
41166	0
41167	0
41168	0
41169	0
41170	1
41171	0
41172	0
41185	0
41186	0
41187	0
41188	0
41189	0
41190	0
41233	0
41234	0
41235	0
41236	0
41237	0
41238	0
41317	0
41318	0
41319	0
41320	0
41321	0
41322	0
41353	0
41354	0
41355	0
41356	0
41357	8
41358	0
41395	0
41396	2
41397	0
41398	0
41399	0
41400	0
41401	0
41402	0
41403	0
41404	0
41405	0
41406	0
41425	0
41426	2
41427	0
41428	0
41429	0
41430	0
41455	0
41456	0
41457	0
41458	0
41459	0
41460	0
41467	0
41468	0
41469	0
41470	0
41471	0
41472	0
41473	0
41474	0
41475	0
41476	0
41477	0
41478	0
41503	0
41504	0
41505	2
41506	0
41507	0
41508	3
41515	0
41516	0
41517	1
41518	1
41519	0
41520	0
41545	0
41546	2
41547	0
41548	0
41549	0
41550	0
41575	0
41576	0
41577	0
41578	0
41579	0
41580	0
41581	0
41583	0
41585	0
41629	0
41630	0
41631	0
41632	1
41633	0
41634	0
41653	0
41654	0
41655	0
41656	0
41657	0
41658	0
41695	0
41696	0
41697	0
41698	1
41699	0
41700	0
41701	0
41702	0
41703	0
41704	2
41705	0
41706	0
41725	0
41726	0
41727	0
41728	0
41729	0
41730	1
41731	0
41732	2
41733	0
41734	0
41735	0
41736	0
41809	0
41810	2
41811	0
41812	0
41813	0
41814	0
41833	0
41834	0
41835	1
41836	0
41837	0
41838	0
41845	0
41846	0
41847	0
41848	0
41849	0
41850	0
41863	0
41864	0
41865	0
41866	0
41867	2
41868	0
41875	0
41876	0
41877	0
41878	0
41879	1
41880	0
41935	0
41936	0
41937	0
41938	0
41939	0
41940	0
41953	0
41954	1
41955	1
41956	0
41957	0
41958	0
41959	0
41960	0
41961	0
41962	1
41963	0
41964	1
41965	0
41966	1
41967	0
41968	0
41969	0
41970	2
41971	0
41972	0
41973	0
41974	0
41975	0
41976	0
41983	0
41984	0
41985	0
41986	0
41987	0
41988	0
41989	0
41990	0
41991	1
41992	0
41993	0
41994	0
41995	0
41996	0
41997	2
41998	0
41999	2
42000	2
42001	0
42002	0
42003	0
42004	0
42005	0
42006	0
42031	0
42032	0
42033	0
42034	0
42035	0
42036	0
42043	2
42044	2
42045	2
42046	0
42047	0
42048	0
42049	0
42050	0
42051	2
42052	1
42053	0
42054	0
42079	0
42080	0
42081	0
42082	0
42083	0
42084	0
42085	0
42086	0
42087	0
42088	0
42089	0
42090	0
42091	0
42092	2
42093	1
42094	0
42095	0
42096	0
42103	0
42104	1
42105	0
42106	0
42107	0
42108	0
42127	0
42128	0
42129	0
42130	0
42131	0
42132	0
42241	0
42242	0
42243	0
42244	0
42245	0
42246	0
42253	0
42254	0
42255	0
42256	0
42257	0
42258	0
42283	1
42284	0
42285	0
42286	0
42287	0
42288	0
42301	0
42302	0
42303	0
42304	0
42305	0
42306	2
42343	0
42344	0
42345	0
42346	0
42347	2
42348	0
42367	0
42368	0
42369	0
42370	0
42371	0
42372	0
42373	1
42374	4
42375	0
42376	1
42377	0
42378	0
42379	0
42380	0
42381	0
42382	0
42383	0
42384	0
42415	1
42416	0
42417	0
42418	0
42419	0
42420	0
42421	0
42422	1
42423	0
42424	0
42425	0
42426	0
42469	0
42470	0
42471	0
42472	0
42473	0
42474	0
42529	2
42531	0
42532	0
42533	1
42534	0
42535	2
42537	0
42538	0
42539	1
42540	1
42541	0
42543	0
42544	1
42545	2
42546	2
42547	2
42549	0
42550	0
42551	1
42552	1
42613	0
42614	0
42615	0
42616	0
42617	0
42618	0
42619	0
42620	0
42621	0
42622	0
42623	0
42624	0
42625	0
42626	0
42627	0
42628	0
42629	0
42630	0
42643	0
42644	0
42645	0
42646	0
42647	0
42648	0
42649	0
42650	0
42651	2
42652	0
42653	0
42654	0
42655	0
42656	0
42657	0
42658	0
42659	0
42660	0
42661	2
42662	0
42663	0
42664	0
42665	0
42666	0
42667	2
42668	0
42669	0
42670	0
42671	0
42672	0
42673	0
42674	0
42675	0
42676	0
42677	0
42678	0
42685	0
42686	0
42687	0
42688	2
42689	0
42690	0
42691	0
42692	0
42693	1
42694	0
42695	1
42696	0
42715	1
42716	0
42717	0
42718	0
42719	0
42720	0
42757	0
42758	0
42759	0
42760	1
42761	0
42762	0
42787	1
42788	1
42789	0
42790	0
42791	0
42792	0
42799	0
42800	0
42801	0
42802	0
42803	0
42804	0
42859	0
42860	0
42861	0
42862	0
42863	0
42864	0
42865	0
42866	0
42867	0
42868	1
42869	0
42870	0
42871	0
42872	0
42873	0
42874	0
42875	0
42876	0
42883	0
42885	0
42886	0
42887	0
42888	1
42889	0
42891	0
42892	0
42893	0
42894	0
42901	0
42902	2
42903	0
42904	0
42905	0
42906	0
42907	0
42908	0
42909	0
42910	0
42911	0
42912	0
42913	0
42914	0
42915	0
42916	0
42917	0
42918	0
42919	0
42920	0
42921	0
42922	0
42923	0
42924	0
42925	0
42926	0
42927	0
42928	0
42929	0
42930	0
42937	0
42938	0
42939	0
42940	0
42941	0
42942	0
42979	1
42980	0
42981	0
42982	0
42983	0
42984	1
42985	1
42986	0
42987	0
42988	0
42989	0
42990	1
42997	0
42998	0
42999	0
43000	0
43001	0
43002	0
43003	0
43004	0
43005	0
43006	0
43007	0
43008	0
43009	0
43010	0
43011	0
43012	0
43013	0
43014	0
43093	0
43094	0
43095	0
43096	0
43097	0
43098	1
43099	0
43100	0
43101	0
43102	0
43103	0
43104	0
43111	0
43112	0
43113	0
43114	0
43115	0
43116	0
43213	0
43214	2
43215	0
43216	0
43217	0
43218	0
43225	0
43226	1
43227	0
43228	0
43229	0
43230	0
43237	0
43238	0
43239	0
43240	0
43241	0
43242	0
43351	0
43353	0
43355	0
43356	0
43357	1
43358	2
43359	1
43360	2
43361	0
43362	1
43381	2
43382	0
43383	0
43384	0
43385	0
43386	0
43489	0
43490	0
43491	0
43492	0
43493	0
43494	0
43495	2
43496	0
43497	0
43498	0
43499	0
43500	0
43501	0
43502	0
43503	0
43504	0
43505	0
43506	0
43507	0
43508	0
43509	0
43510	0
43511	0
43512	0
43513	0
43514	0
43515	0
43516	1
43517	0
43518	0
43519	0
43520	0
43521	0
43522	0
43523	0
43524	0
43603	0
43604	0
43605	0
43606	0
43607	0
43608	0
43609	0
43610	0
43611	0
43612	0
43613	0
43614	0
43615	0
43616	0
43617	0
43618	0
43619	0
43620	0
43627	0
43628	0
43629	0
43630	0
43631	0
43632	2
43633	0
43634	0
43635	0
43636	0
43637	0
43638	0
43639	0
43640	0
43641	0
43642	0
43643	0
43644	0
43645	0
43646	0
43647	0
43648	0
43649	0
43650	0
43651	0
43652	0
43653	0
43654	0
43655	0
43656	4
43747	0
43748	0
43749	0
43750	0
43751	0
43752	0
43753	0
43754	0
43755	0
43756	0
43757	0
43758	0
43759	0
43760	0
43761	0
43762	0
43763	0
43764	0
43765	0
43766	2
43767	0
43768	0
43769	0
43770	0
43801	2
43802	0
43803	0
43804	0
43805	0
43806	1
43813	0
43814	0
43815	0
43816	0
43817	0
43818	0
43819	0
43820	2
43821	0
43822	0
43823	1
43824	0
43843	0
43844	0
43845	0
43846	2
43847	0
43848	0
43849	0
43850	2
43851	0
43852	1
43853	0
43854	1
44035	0
44036	0
44037	0
44038	0
44039	0
44040	0
44047	0
44048	0
44049	0
44050	0
44051	1
44052	0
44053	1
44054	0
44055	0
44056	1
44057	0
44058	0
44059	0
44060	0
44061	0
44062	0
44063	0
44064	0
44077	0
44078	0
44079	0
44080	0
44081	0
44082	0
44083	0
44084	0
44085	0
44086	0
44087	0
44088	0
44101	0
44102	0
44103	0
44104	0
44105	0
44106	0
44107	1
44108	2
44109	0
44110	0
44111	0
44112	0
44425	0
44426	0
44427	1
44428	1
44429	0
44430	0
44431	0
44432	0
44433	3
44434	0
44435	0
44436	0
44437	0
44438	0
44439	1
44440	1
44441	0
44442	0
44449	0
44450	0
44451	2
44452	0
44453	0
44454	0
44455	3
44456	0
44457	0
44458	0
44459	2
44460	0
44461	0
44462	0
44463	4
44464	0
44465	0
44466	0
45355	0
45356	0
45357	0
45358	0
45359	0
45360	0
45361	0
45362	0
45363	0
45364	0
45365	0
45366	0
45367	0
45368	0
45369	0
45370	0
45371	0
45372	0
45373	2
45374	1
45375	0
45376	0
45377	1
45378	0
45403	0
45404	0
45405	0
45406	0
45407	1
45408	0
45409	0
45410	0
45411	0
45412	1
45413	1
45414	0
45547	0
45548	0
45549	0
45550	0
45551	2
45552	0
45553	0
45554	0
45555	0
45556	0
45557	0
45558	0
45559	0
45560	0
45561	0
45562	0
45563	0
45564	2
45565	0
45566	0
45567	0
45568	0
45569	0
45570	0
45571	0
45572	0
45573	0
45574	0
45575	0
45576	0
45577	0
45578	0
45579	1
45580	1
45581	1
45582	0
