ObservationID	Count
163	0
164	0
165	0
166	0
167	0
168	0
169	0
170	0
171	0
172	0
173	0
174	0
175	0
176	0
177	0
178	0
179	0
180	0
1207	0
1208	0
1209	0
1210	0
1211	0
1212	0
1219	0
1220	0
1221	0
1222	0
1223	0
1224	0
1225	0
1226	0
1227	0
1228	0
1229	0
1230	0
1873	0
1874	0
1875	0
1876	0
1877	0
1878	0
1879	0
1880	0
1881	0
1882	0
1883	0
1884	0
1885	0
1886	0
1887	0
1888	0
1889	0
1890	0
2095	0
2096	0
2097	0
2098	0
2099	0
2100	0
2101	0
2102	0
2103	0
2104	0
2105	0
2106	0
2107	0
2108	0
2109	0
2110	0
2111	0
2112	0
2233	0
2234	0
2235	0
2236	0
2237	0
2238	0
2329	0
2330	1
2331	0
2332	0
2333	0
2334	0
2341	0
2342	0
2343	0
2344	0
2345	0
2346	0
2347	0
2348	0
2349	0
2350	0
2351	0
2352	1
2353	0
2354	0
2355	0
2356	0
2357	0
2358	0
2359	0
2360	0
2361	0
2362	0
2363	1
2364	0
2425	0
2426	0
2427	0
2428	0
2429	0
2430	0
2437	0
2438	0
2439	0
2440	0
2441	0
2442	0
2917	0
2918	0
2919	0
2920	0
2921	0
2922	0
2923	1
2924	0
2925	0
2926	0
2927	0
2928	0
2929	0
2930	0
2931	0
2932	0
2933	0
2934	0
3433	1
3434	0
3435	0
3436	0
3437	0
3438	0
3439	0
3440	0
3441	0
3442	0
3443	0
3444	0
3445	0
3446	0
3447	0
3448	0
3449	0
3450	0
4201	0
4202	0
4203	0
4204	0
4205	0
4206	0
4729	0
4730	0
4731	0
4732	0
4733	0
4734	0
4735	0
4736	0
4737	0
4738	0
4739	0
4740	0
4741	1
4742	0
4743	0
4744	0
4745	0
4746	0
4891	0
4892	0
4893	0
4894	0
4895	0
4896	0
4897	0
4898	0
4899	0
4900	0
4901	0
4902	0
4909	0
4910	0
4911	1
4912	0
4913	0
4914	0
5113	0
5114	0
5115	0
5116	1
5117	0
5118	0
5353	0
5354	0
5355	0
5356	0
5357	0
5358	0
5491	0
5492	0
5493	0
5494	0
5495	0
5496	0
6235	0
6236	0
6237	0
6238	0
6239	0
6240	0
6241	0
6242	0
6243	0
6244	0
6245	0
6246	0
6247	0
6248	0
6249	0
6250	0
6251	0
6252	0
6703	0
6704	1
6705	0
6706	1
6707	0
6708	0
6751	0
6752	0
6753	0
6754	0
6755	0
6756	0
9343	0
9344	0
9345	0
9346	0
9347	0
9348	0
9439	0
9440	0
9441	0
9443	0
9444	0
9481	0
9482	0
9483	0
9484	0
9485	0
9486	0
9493	0
9494	0
9495	0
9496	0
9497	0
9498	0
9505	0
9506	0
9507	0
9508	0
9509	0
9510	0
9565	0
9566	0
9567	0
9568	0
9569	0
9570	0
9571	0
9572	0
9573	0
9574	1
9575	0
9576	0
9715	0
9716	0
9717	0
9718	0
9719	0
9720	0
9721	0
9722	0
9723	0
9724	0
9725	0
9726	0
9853	1
9854	0
9855	0
9856	0
9857	0
9858	0
9859	0
9860	0
9861	0
9862	0
9863	0
9864	0
9865	0
9866	0
9867	0
9868	0
9869	0
9870	0
15079	0
15080	0
15081	0
15082	0
15083	0
15084	0
15085	0
15086	0
15087	0
15088	1
15089	0
15090	0
15091	0
15092	0
15093	0
15094	0
15095	0
15096	0
16381	0
16382	0
16383	0
16384	0
16385	0
16386	0
16387	0
16388	0
16389	0
16390	1
16391	0
16392	0
16393	0
16394	0
16395	0
16396	0
16397	0
16398	0
16621	0
16622	0
16623	0
16624	0
16625	0
16626	0
16627	0
16628	0
16629	0
16630	0
16631	0
16632	0
16633	0
16634	0
16635	0
16636	0
16637	0
16638	1
16663	0
16664	0
16665	0
16666	0
16667	0
16668	0
16711	0
16712	0
16713	1
16714	0
16715	0
16716	0
16753	0
16754	0
16755	0
16756	0
16757	0
16758	0
16873	0
16874	0
16875	0
16876	0
16877	0
16878	0
16891	0
16892	0
16893	0
16894	0
16895	0
16896	0
16897	0
16898	0
16899	0
16900	0
16901	0
16902	0
18265	0
18266	0
18267	0
18268	0
18269	0
18270	0
18271	0
18272	0
18273	0
18274	0
18275	0
18276	0
18277	0
18278	0
18279	0
18280	0
18281	0
18282	0
18301	0
18302	0
18303	0
18304	0
18305	0
18306	0
18307	0
18308	0
18309	0
18310	0
18311	0
18312	0
18313	0
18314	0
18315	0
18316	0
18317	0
18318	0
18601	0
18602	0
18603	0
18604	0
18605	0
18606	0
18613	0
18614	0
18615	0
18616	0
18617	0
18618	0
18625	0
18626	0
18627	0
18628	0
18629	0
18630	0
18631	0
18632	0
18633	0
18634	0
18635	0
18636	0
18643	0
18644	0
18645	0
18646	0
18647	0
18648	0
18649	0
18650	0
18651	0
18652	0
18653	0
18654	0
18997	0
18998	0
18999	0
19000	0
19001	0
19002	0
19003	0
19004	0
19005	0
19006	0
19007	0
19008	0
19009	0
19010	0
19011	0
19012	0
19013	0
19014	0
19357	0
19358	0
19359	0
19360	0
19361	0
19362	0
19363	0
19364	0
19365	0
19366	0
19367	0
19368	0
19369	0
19370	0
19371	0
19372	0
19373	0
19374	0
19375	0
19376	0
19377	0
19378	0
19379	0
19380	0
19381	1
19382	0
19383	0
19384	0
19385	0
19386	0
19387	0
19388	0
19389	0
19390	0
19391	0
19392	0
19663	0
19664	0
19665	0
19666	0
19667	0
19668	0
19669	1
19670	0
19671	0
19672	0
19673	1
19674	0
20287	0
20288	0
20289	0
20290	0
20291	0
20292	0
20299	0
20300	0
20301	0
20302	0
20303	0
20304	0
20317	0
20318	0
20319	0
20320	0
20321	0
20322	0
20329	0
20330	0
20331	0
20332	0
20333	0
20334	0
20341	0
20342	0
20343	0
20344	0
20345	0
20346	0
21031	0
21032	0
21033	0
21034	0
21035	0
21036	0
21043	0
21044	0
21045	0
21046	0
21047	0
21048	1
21049	0
21050	0
21051	0
21052	0
21053	0
21054	0
21211	0
21212	1
21213	0
21214	0
21215	0
21216	0
21217	0
21218	0
21219	0
21220	0
21221	0
21222	0
21223	0
21224	0
21225	0
21226	0
21227	0
21228	0
21301	0
21302	0
21303	0
21304	1
21305	0
21306	0
21307	0
21308	0
21309	0
21310	0
21311	0
21312	0
21313	0
21314	0
21315	0
21316	0
21317	0
21318	0
21583	0
21584	0
21585	0
21586	0
21587	0
21588	1
21589	0
21590	0
21591	0
21592	0
21593	0
21594	0
21595	0
21596	0
21597	0
21598	0
21599	0
21600	0
21667	0
21668	0
21669	0
21670	1
21671	2
21672	0
21673	0
21674	1
21675	0
21676	0
21677	0
21678	0
21715	0
21716	0
21717	0
21718	0
21719	0
21720	0
21721	0
21722	0
21723	0
21724	0
21725	0
21726	0
21727	0
21728	0
21729	0
21730	1
21731	0
21732	0
22147	0
22148	0
22149	0
22150	0
22151	0
22152	0
22153	0
22154	0
22155	0
22156	0
22157	1
22158	0
23533	0
23534	0
23535	0
23536	1
23537	0
23538	0
23803	0
23804	0
23805	1
23806	0
23807	0
23808	0
25393	0
25394	0
25395	0
25396	0
25397	0
25398	0
26371	0
26372	0
26373	0
26374	0
26375	0
26376	0
26377	0
26378	0
26379	0
26380	0
26381	0
26382	0
26383	0
26384	0
26385	0
26386	1
26387	0
26388	0
26617	0
26618	0
26619	0
26620	0
26621	0
26622	1
26629	0
26630	0
26631	0
26632	0
26633	0
26634	0
26641	0
26642	0
26643	0
26644	0
26645	0
26646	0
26875	0
26876	0
26877	0
26878	0
26879	0
26880	0
26881	0
26882	0
26883	0
26884	0
26885	0
26886	0
26887	1
26888	0
26889	0
26890	0
26891	0
26892	0
27307	0
27308	0
27309	0
27310	0
27311	0
27312	0
27313	0
27314	0
27315	0
27316	0
27317	0
27318	0
27319	0
27320	0
27321	0
27322	0
27323	0
27324	0
27451	0
27452	0
27453	1
27454	0
27455	0
27456	0
27457	0
27458	0
27459	0
27460	0
27461	0
27462	0
27463	0
27464	0
27465	0
27466	0
27467	0
27468	0
28003	0
28004	0
28005	0
28006	0
28007	0
28008	0
28015	0
28016	0
28017	0
28018	2
28019	0
28020	0
28027	2
28028	0
28029	0
28030	0
28031	0
28032	0
28675	0
28676	0
28677	0
28678	0
28679	0
28680	0
28681	0
28682	0
28683	0
28684	0
28685	0
28686	0
28687	0
28688	0
28689	0
28690	0
28691	0
28692	0
29053	0
29054	0
29055	0
29056	0
29057	2
29058	0
29107	0
29108	0
29109	0
29110	0
29111	0
29112	0
29263	1
29264	0
29265	0
29266	0
29267	0
29268	0
29269	0
29270	0
29271	0
29272	0
29273	0
29274	0
29275	0
29276	0
29277	0
29278	0
29279	0
29280	0
29485	0
29486	0
29487	0
29488	0
29489	0
29490	0
29497	0
29498	0
29499	0
29500	0
29501	1
29502	0
29563	0
29564	0
29565	0
29566	0
29567	0
29568	0
29569	0
29570	0
29571	0
29572	0
29573	0
29574	0
29575	0
29576	1
29577	0
29578	0
29579	0
29580	0
29653	1
29654	0
29655	0
29656	0
29657	0
29658	0
29659	0
29660	0
29661	0
29662	0
29663	0
29664	0
29665	0
29666	0
29667	0
29668	0
29669	0
29670	0
29671	0
29672	0
29673	0
29674	0
29675	0
29676	0
29803	0
29804	0
29805	0
29806	0
29807	0
29808	0
29809	0
29810	0
29811	0
29812	0
29813	1
29814	0
29815	0
29816	0
29817	0
29818	0
29819	0
29820	0
29827	0
29828	2
29829	0
29830	0
29832	0
30091	0
30092	0
30093	0
30094	0
30095	0
30096	2
30397	0
30398	0
30399	0
30400	0
30401	0
30402	0
30535	0
30536	1
30537	0
30538	0
30540	0
30589	0
30590	0
30591	0
30592	0
30593	0
30594	0
30691	0
30692	0
30693	0
30694	0
30695	0
30696	0
30793	0
30794	1
30795	1
30796	0
30797	0
30798	0
30829	0
30830	0
30831	0
30832	0
30833	0
30834	0
30967	0
30968	0
30969	0
30970	0
30971	0
30972	0
31111	0
31112	0
31113	0
31114	0
31115	0
31116	0
31225	0
31226	0
31227	1
31228	0
31229	0
31230	0
31693	0
31694	0
31695	0
31696	0
31698	0
31801	0
31802	0
31803	0
31804	0
31805	0
31806	0
32377	0
32378	0
32379	0
32380	1
32381	0
32382	0
32383	0
32384	0
32385	0
32386	0
32387	0
32388	0
32389	0
32390	0
32391	0
32392	0
32393	0
32394	0
32491	0
32492	0
32493	0
32494	0
32495	0
32496	0
32497	0
32498	0
32499	0
32500	0
32501	0
32502	0
32647	0
32648	0
32649	0
32650	0
32651	0
32652	0
32653	0
32654	0
32655	0
32656	0
32657	0
32658	0
32659	0
32660	0
32661	0
32662	1
32663	0
32664	0
32665	0
32666	0
32667	0
32668	0
32669	0
32670	0
32671	0
32672	0
32673	0
32674	0
32675	0
32676	0
32677	0
32678	0
32679	0
32680	0
32681	0
32682	0
32851	0
32852	0
32853	0
32854	0
32855	0
32856	0
32863	0
32864	1
32865	0
32866	0
32867	0
32868	0
32875	0
32876	1
32877	0
32878	0
32879	0
32880	0
33235	0
33236	0
33237	0
33238	0
33239	0
33240	0
33241	0
33242	0
33243	0
33244	0
33245	0
33246	1
33247	0
33248	0
33249	0
33250	0
33251	0
33252	1
33547	0
33548	0
33549	1
33550	0
33551	0
33552	0
33553	0
33554	0
33555	0
33556	0
33557	0
33558	0
33559	0
33560	0
33561	0
33562	0
33563	0
33564	0
33589	0
33590	0
33591	0
33592	0
33593	0
33594	0
33613	0
33614	0
33615	0
33616	0
33617	0
33618	0
34039	0
34040	1
34041	0
34042	0
34043	0
34044	0
34315	0
34316	0
34317	0
34318	0
34319	0
34320	0
34405	0
34406	0
34407	1
34408	0
34409	0
34410	0
34447	0
34448	0
34449	0
34450	0
34451	0
34452	0
34459	0
34460	0
34461	0
34462	0
34463	0
34464	0
34489	0
34490	0
34491	0
34492	0
34493	0
34494	0
34513	0
34514	0
34515	0
34516	0
34517	0
34518	0
34519	0
34520	0
34521	0
34522	0
34523	0
34524	0
34939	0
34940	0
34941	0
34942	0
34943	0
34944	0
35401	0
35402	1
35403	0
35404	0
35405	0
35406	0
35449	0
35450	1
35451	0
35452	0
35453	0
35454	0
35461	0
35462	0
35463	0
35464	1
35465	0
35466	0
35485	0
35486	0
35487	1
35488	0
35489	0
35490	0
35491	0
35492	0
35493	0
35494	0
35495	0
35496	0
35497	1
35498	0
35499	0
35500	0
35501	0
35502	0
35671	0
35672	0
35673	0
35674	0
35675	0
35676	0
36163	0
36164	0
36165	0
36166	0
36167	0
36168	0
36175	0
36176	0
36177	0
36178	0
36179	0
36180	0
36181	0
36182	0
36183	0
36184	0
36185	1
36186	0
36727	0
36728	0
36729	0
36730	0
36731	0
36732	0
36733	0
36734	0
36735	0
36736	0
36737	0
36738	0
36739	0
36740	0
36741	0
36742	0
36743	0
36744	0
36757	0
36758	0
36759	0
36760	0
36761	0
36762	0
36769	0
36770	0
36771	0
36772	0
36773	0
36774	0
36877	0
36878	0
36879	1
36880	0
36881	0
36882	0
36883	0
36884	0
36885	0
36886	0
36887	0
36888	0
36889	0
36890	0
36891	0
36892	0
36893	0
36894	0
37243	0
37244	1
37245	0
37246	1
37247	1
37248	1
37249	0
37250	0
37251	0
37252	0
37253	0
37254	0
37255	0
37256	0
37257	0
37258	0
37259	0
37260	0
37489	0
37490	0
37491	0
37492	0
37493	0
37494	0
37495	0
37496	0
37497	0
37498	1
37499	0
37500	0
37501	0
37502	0
37503	0
37504	0
37505	0
37506	0
37825	0
37826	1
37827	0
37828	0
37829	0
37830	0
37963	0
37964	0
37965	1
37966	0
37967	0
37968	0
37987	0
37988	0
37989	0
37990	0
37991	0
37992	0
38023	0
38024	0
38025	0
38026	0
38027	0
38028	0
38029	0
38030	0
38031	1
38032	0
38033	1
38034	0
38041	0
38042	0
38043	0
38044	0
38045	0
38046	0
38047	0
38048	0
38049	0
38050	0
38051	1
38052	0
38161	0
38162	0
38163	0
38164	0
38165	0
38166	0
38203	0
38204	0
38205	0
38206	0
38207	0
38208	0
38209	0
38210	0
38211	0
38212	0
38213	0
38214	0
38275	0
38276	0
38277	0
38278	0
38279	0
38280	0
38407	0
38408	0
38409	0
38410	0
38411	0
38412	0
38461	0
38462	0
38463	0
38464	0
38465	0
38466	0
38491	0
38492	0
38493	0
38494	0
38495	0
38496	0
38497	0
38498	0
38499	0
38500	0
38501	0
38502	0
38641	0
38642	0
38643	1
38644	0
38645	0
38646	0
38977	0
38978	0
38979	0
38980	0
38981	0
38982	0
39013	0
39014	0
39015	0
39016	0
39017	0
39018	0
39019	0
39020	0
39021	0
39022	0
39023	0
39024	0
39109	0
39110	0
39111	0
39112	0
39113	0
39114	0
39277	0
39278	0
39279	0
39280	0
39281	0
39282	0
39703	0
39704	0
39705	0
39706	0
39707	0
39708	0
39709	0
39710	0
39711	0
39712	0
39713	0
39714	0
39715	0
39716	0
39717	0
39718	0
39719	0
39720	0
39751	0
39752	0
39753	0
39754	0
39755	0
39756	0
39757	0
39758	0
39759	0
39760	0
39761	0
39762	0
39763	0
39764	0
39765	0
39766	0
39767	0
39768	0
40099	0
40100	0
40101	0
40102	0
40103	0
40104	0
40105	0
40106	0
40107	0
40108	0
40110	0
40111	0
40112	0
40113	0
40114	0
40115	0
40116	0
40147	0
40148	0
40149	0
40150	1
40151	0
40152	0
40159	0
40160	0
40161	0
40162	0
40163	0
40164	0
40171	0
40172	0
40173	0
40174	0
40175	0
40176	0
40717	0
40718	0
40719	0
40720	0
40721	0
40722	0
40843	0
40844	0
40845	0
40846	0
40847	0
40848	0
40969	0
40970	0
40971	0
40972	0
40973	0
40974	0
40975	0
40976	0
40977	0
40978	0
40979	0
40980	0
40981	0
40982	0
40983	0
40984	0
40985	1
40986	0
41185	0
41186	0
41187	0
41188	0
41189	0
41190	0
41461	0
41462	0
41463	0
41464	0
41465	1
41466	0
41509	0
41510	1
41511	0
41512	0
41514	0
41617	0
41618	0
41619	0
41620	0
41621	0
41622	0
41845	0
41846	0
41847	0
41848	0
41849	0
41850	0
41887	0
41888	0
41889	0
41890	0
41892	0
41989	0
41990	1
41991	0
41992	0
41993	1
41994	0
41995	0
41996	0
41997	0
41998	0
41999	0
42000	0
42001	0
42002	0
42003	0
42004	0
42005	0
42006	0
42037	0
42038	0
42039	0
42040	0
42041	0
42042	0
42211	0
42212	0
42213	0
42214	0
42215	0
42216	0
42247	0
42248	0
42249	2
42250	0
42251	0
42252	0
42739	0
42740	0
42741	0
42742	0
42744	0
42763	0
42764	0
42765	0
42766	0
42767	1
42768	0
42769	0
42770	0
42771	0
42772	0
42773	0
42774	0
42775	0
42776	0
42777	0
42778	0
42779	0
42780	0
43273	0
43274	0
43275	0
43276	0
43277	0
43278	0
43441	0
43442	0
43443	0
43444	0
43445	0
43446	0
43447	0
43448	0
43449	0
43450	0
43451	0
43452	0
43675	0
43676	0
43677	1
43678	0
43679	0
43680	0
43687	0
43688	0
43689	0
43690	0
43691	0
43692	0
43705	0
43706	0
43707	0
43708	0
43709	0
43710	0
43897	0
43898	0
43899	0
43900	0
43901	0
43902	0
43903	0
43904	0
43905	0
43906	0
43907	0
43908	0
43909	1
43910	0
43911	0
43912	0
43913	1
43914	0
44191	0
44192	0
44193	0
44194	0
44195	0
44196	0
44197	0
44198	0
44199	0
44200	0
44201	0
44202	0
44203	0
44204	0
44205	0
44206	0
44207	1
44208	0
