ObservationID	Count
67	0
68	0
69	0
70	0
71	0
72	0
73	1
74	0
75	0
76	0
77	1
78	0
79	0
80	0
81	0
82	0
83	0
84	0
85	0
86	0
87	0
88	0
89	0
90	0
121	0
122	0
123	0
124	0
125	0
126	0
127	0
128	0
129	0
130	0
131	0
132	0
133	0
134	0
135	0
136	0
137	0
138	2
163	0
164	0
165	0
166	0
167	0
168	0
169	0
170	0
171	0
172	0
173	0
174	0
175	0
176	0
177	0
178	0
179	0
180	0
205	0
206	0
207	0
208	0
209	0
210	0
247	0
248	0
249	0
250	0
251	0
252	0
253	0
254	0
255	0
256	0
257	0
258	0
259	0
260	0
261	0
262	0
263	0
264	0
265	0
266	0
267	0
268	1
269	0
270	1
295	0
296	0
297	0
298	0
299	1
300	0
313	0
314	0
315	0
316	0
317	1
318	0
331	0
332	0
333	2
334	0
335	1
336	0
385	0
386	0
387	0
388	0
389	0
390	0
391	0
392	0
393	0
394	0
395	0
396	0
397	0
398	0
399	0
400	0
401	0
402	0
409	0
410	0
411	0
412	0
413	0
414	0
421	0
422	0
423	0
424	0
425	0
426	0
433	0
434	0
435	0
436	0
437	0
438	0
457	0
458	0
459	0
460	0
461	0
462	0
469	0
470	0
471	0
472	0
473	0
474	1
481	0
482	0
483	0
484	0
485	0
486	0
625	0
626	0
627	0
628	0
629	0
630	0
655	0
656	0
657	0
658	0
659	0
660	0
667	0
668	0
669	0
670	0
671	0
672	0
679	0
680	0
681	0
682	0
683	0
684	0
697	0
698	0
699	0
700	0
701	0
702	0
715	0
716	0
717	0
718	1
719	0
720	0
727	0
728	0
729	0
730	0
731	0
732	0
799	0
800	0
801	1
802	0
803	0
804	0
805	0
806	1
807	0
808	0
809	0
810	0
811	0
812	0
813	0
814	0
815	0
816	0
973	0
974	0
975	1
976	0
977	0
978	0
985	0
986	0
987	0
988	0
989	0
990	0
991	0
992	0
993	0
994	0
995	0
996	0
997	0
998	0
999	0
1000	0
1001	0
1002	2
1003	0
1004	0
1005	0
1006	0
1007	0
1008	1
1009	0
1010	0
1011	0
1012	0
1013	0
1014	0
1015	0
1016	0
1017	0
1018	0
1019	0
1020	1
1033	0
1034	0
1035	0
1036	0
1037	0
1038	0
1051	0
1052	0
1053	0
1054	0
1055	0
1056	0
1063	0
1064	0
1065	0
1066	1
1067	0
1068	0
1159	0
1160	0
1161	0
1162	0
1163	0
1164	0
1165	0
1166	0
1167	0
1168	0
1169	0
1170	0
1171	0
1172	0
1173	0
1174	0
1175	0
1176	0
1201	0
1202	0
1203	0
1204	0
1205	0
1206	0
1207	0
1208	0
1209	0
1210	0
1211	1
1212	0
1213	0
1214	0
1215	0
1216	0
1217	0
1218	0
1219	1
1220	0
1221	0
1222	0
1223	1
1224	1
1225	0
1226	0
1227	1
1228	0
1229	2
1230	0
1231	0
1232	0
1233	0
1234	0
1235	0
1236	0
1237	0
1238	0
1239	0
1240	0
1241	0
1242	0
1243	0
1244	0
1245	0
1246	0
1247	0
1248	0
1249	0
1250	0
1251	0
1252	0
1253	0
1254	0
1273	0
1274	0
1275	0
1276	0
1277	0
1278	0
1285	0
1286	0
1287	0
1288	0
1289	0
1290	0
1291	0
1292	0
1293	0
1294	0
1295	0
1296	0
1345	0
1346	0
1347	0
1348	0
1349	0
1350	0
1351	0
1352	0
1353	0
1354	0
1355	0
1356	0
1357	0
1358	0
1359	0
1360	0
1361	0
1362	0
1363	0
1364	0
1365	0
1366	0
1367	0
1368	0
1381	0
1382	0
1383	0
1384	0
1385	0
1386	0
1387	0
1388	0
1389	0
1390	0
1391	0
1392	0
1417	1
1418	0
1419	0
1420	0
1421	0
1422	0
1423	0
1424	0
1425	0
1426	0
1427	0
1428	0
1429	0
1430	0
1431	0
1432	0
1433	0
1434	0
1441	0
1442	0
1443	0
1444	0
1445	0
1446	0
1459	0
1460	0
1461	0
1462	0
1463	0
1464	0
1507	0
1508	0
1509	0
1510	0
1511	0
1512	0
1567	0
1568	0
1569	0
1570	0
1571	0
1572	0
1573	0
1574	0
1575	0
1576	0
1577	0
1578	0
1579	0
1580	0
1581	0
1582	0
1583	1
1584	0
1585	0
1586	0
1587	0
1588	0
1589	0
1590	0
1729	0
1730	0
1731	0
1732	0
1733	0
1734	0
1765	2
1766	1
1767	0
1768	0
1769	0
1770	0
1825	0
1826	0
1827	0
1828	0
1829	2
1830	0
1831	0
1832	0
1833	0
1834	0
1835	0
1836	0
1837	0
1838	0
1839	0
1840	0
1841	0
1842	1
1843	0
1844	0
1845	0
1846	0
1847	0
1848	0
1873	0
1874	0
1875	0
1876	0
1877	0
1878	0
1879	0
1880	0
1881	0
1882	1
1883	0
1884	0
1885	0
1886	0
1887	0
1888	0
1889	0
1890	0
1897	0
1898	0
1899	0
1900	0
1901	0
1902	0
1903	0
1904	0
1905	0
1906	0
1907	0
1908	0
1909	1
1910	0
1911	0
1912	0
1913	0
1914	0
1957	2
1958	0
1959	0
1960	0
1961	0
1962	0
1963	0
1964	0
1965	0
1966	0
1967	0
1968	0
1969	0
1970	0
1971	0
1972	0
1973	1
1974	0
1981	0
1982	0
1983	0
1984	0
1985	0
1986	2
1987	0
1988	0
1989	2
1990	0
1991	0
1992	2
1993	0
1994	0
1995	2
1996	2
1997	0
1998	0
1999	0
2000	0
2001	0
2002	0
2003	0
2004	0
2005	0
2006	0
2007	0
2008	0
2009	1
2010	0
2017	0
2018	0
2019	0
2020	0
2021	0
2022	0
2023	0
2024	0
2025	1
2026	0
2027	0
2028	0
2029	0
2030	0
2031	0
2032	0
2033	0
2034	0
2095	0
2096	1
2097	0
2098	0
2099	0
2100	0
2101	0
2102	0
2103	0
2104	0
2105	0
2106	0
2107	1
2108	0
2109	0
2110	0
2111	0
2112	0
2113	0
2114	0
2115	0
2116	0
2117	0
2118	0
2119	0
2120	0
2121	0
2122	0
2123	0
2124	0
2125	0
2126	0
2127	0
2128	0
2129	1
2130	1
2215	0
2216	0
2217	0
2218	1
2219	1
2220	0
2221	0
2222	1
2223	0
2224	1
2225	1
2226	0
2227	0
2228	0
2229	1
2230	2
2231	1
2232	0
2233	0
2234	0
2235	0
2236	0
2237	0
2238	0
2269	0
2270	0
2271	0
2272	0
2273	0
2274	0
2275	0
2276	0
2277	1
2278	0
2279	0
2280	0
2281	0
2282	0
2283	0
2284	0
2285	0
2286	0
2353	0
2354	0
2355	0
2356	0
2357	0
2358	0
2359	0
2360	1
2361	0
2362	1
2363	0
2364	0
2419	0
2420	0
2421	0
2422	0
2423	0
2424	0
2425	0
2426	0
2427	0
2428	0
2429	0
2430	0
2431	0
2432	0
2433	0
2434	0
2435	0
2436	0
2437	0
2438	0
2439	0
2440	0
2441	0
2442	0
2551	1
2552	1
2553	0
2554	0
2555	0
2556	0
2557	0
2558	0
2559	0
2560	0
2561	0
2562	0
2563	2
2564	1
2565	0
2566	1
2567	0
2568	0
2617	0
2618	0
2619	0
2620	0
2621	0
2622	0
2623	0
2624	0
2625	0
2626	2
2627	0
2628	0
2629	0
2630	0
2631	0
2632	1
2633	0
2634	0
2653	0
2654	0
2655	0
2656	0
2657	0
2658	1
2677	0
2678	0
2679	0
2680	0
2681	1
2682	0
2683	0
2684	0
2685	0
2686	0
2687	0
2688	0
2689	0
2690	0
2691	1
2692	0
2693	0
2694	1
2809	0
2810	0
2811	0
2812	1
2813	0
2814	0
2815	0
2816	0
2817	0
2818	0
2819	0
2820	0
2917	0
2918	0
2919	0
2920	0
2921	0
2922	0
2923	3
2924	0
2925	0
2926	0
2927	0
2928	0
2929	0
2930	0
2931	0
2932	0
2933	0
2934	0
2935	0
2936	1
2937	0
2938	0
2939	0
2940	0
2941	0
2942	0
2943	0
2944	0
2945	2
2946	0
2995	0
2996	0
2997	0
2998	0
2999	0
3000	0
3001	0
3002	1
3003	0
3004	0
3005	0
3006	0
3175	0
3176	0
3177	0
3178	0
3179	0
3180	0
3181	0
3182	0
3183	0
3184	0
3185	0
3186	0
3187	0
3188	0
3189	1
3190	0
3191	0
3192	0
3205	0
3206	0
3207	0
3208	0
3209	0
3210	0
3223	0
3224	0
3225	0
3226	0
3227	0
3228	0
3229	1
3230	0
3231	0
3232	0
3233	0
3234	0
3235	0
3236	0
3237	0
3238	0
3239	0
3240	0
3397	0
3398	0
3399	0
3400	2
3401	0
3402	0
3403	0
3404	0
3405	0
3406	2
3407	0
3408	0
3409	0
3410	0
3411	0
3412	2
3413	0
3414	0
3433	0
3434	0
3435	0
3436	0
3437	0
3438	0
3439	0
3440	0
3441	0
3442	0
3443	0
3444	0
3445	0
3446	0
3447	0
3448	0
3449	0
3450	0
3577	0
3578	0
3579	0
3580	0
3581	0
3582	0
3589	0
3590	0
3591	0
3592	0
3593	0
3594	0
3685	1
3686	0
3687	0
3688	0
3689	0
3690	0
3691	0
3692	0
3693	0
3694	1
3695	1
3696	0
3697	0
3698	0
3699	0
3700	0
3701	0
3702	0
3703	0
3704	0
3705	0
3706	0
3707	0
3708	0
3709	3
3710	0
3711	0
3712	0
3713	0
3714	0
3721	0
3722	0
3723	0
3724	0
3725	0
3726	0
3727	0
3728	0
3729	0
3730	1
3731	0
3732	0
3733	0
3734	0
3735	0
3736	0
3737	0
3738	0
3739	0
3740	0
3741	0
3742	0
3743	0
3744	0
3745	0
3746	0
3747	0
3748	0
3749	2
3750	0
3751	0
3752	0
3753	0
3754	0
3755	0
3756	0
3781	0
3782	0
3783	0
3784	0
3785	0
3786	0
3787	0
3788	0
3789	0
3790	0
3791	0
3792	0
3805	0
3806	0
3807	0
3808	0
3809	1
3810	0
3811	0
3812	0
3813	0
3814	0
3815	0
3816	0
3817	1
3818	0
3819	0
3820	0
3821	0
3822	0
3823	0
3824	0
3825	0
3826	0
3827	0
3828	0
3829	0
3830	0
3831	0
3832	0
3833	0
3834	0
3835	0
3836	0
3837	0
3838	0
3839	1
3840	0
4039	0
4040	0
4041	0
4042	0
4043	0
4044	0
4045	0
4046	0
4047	0
4048	0
4049	0
4050	0
4051	1
4052	0
4053	0
4054	0
4055	0
4056	0
4099	0
4100	0
4101	0
4102	2
4103	0
4104	0
4105	0
4106	4
4107	0
4108	2
4109	0
4110	0
4111	0
4112	0
4113	1
4114	0
4115	0
4116	0
4171	0
4172	0
4173	3
4174	0
4175	2
4176	0
4177	0
4178	0
4179	0
4180	0
4181	0
4182	0
4183	0
4184	0
4185	0
4186	0
4187	0
4188	0
4189	0
4190	0
4191	0
4192	0
4193	0
4194	0
4291	0
4292	1
4293	0
4294	0
4295	0
4296	0
4297	0
4298	0
4299	0
4300	0
4301	0
4302	0
4303	0
4304	0
4305	0
4306	0
4307	0
4308	1
4315	0
4316	0
4317	0
4318	1
4319	0
4320	0
4393	0
4394	0
4395	0
4396	0
4397	0
4398	0
4399	0
4400	0
4401	0
4402	0
4403	0
4404	0
4585	0
4586	0
4587	0
4588	0
4589	1
4590	0
4867	0
4868	0
4869	0
4870	0
4871	0
4872	0
4891	0
4892	1
4893	0
4894	0
4895	0
4896	0
4897	0
4898	0
4899	0
4900	0
4901	0
4902	0
4909	0
4910	0
4911	0
4912	0
4913	0
4914	0
5035	0
5036	0
5037	0
5038	0
5039	0
5040	0
5059	0
5060	0
5061	0
5062	0
5063	0
5064	0
5113	0
5114	0
5115	1
5116	0
5117	0
5118	1
5353	0
5354	0
5355	0
5356	0
5357	0
5358	0
5515	0
5516	0
5517	0
5518	0
5519	0
5520	1
5521	0
5522	0
5523	0
5524	0
5525	0
5526	0
5527	0
5528	0
5529	0
5530	0
5531	0
5532	1
5545	0
5546	0
5547	1
5548	1
5549	0
5550	0
5551	0
5552	0
5553	0
5554	0
5555	0
5556	0
5557	1
5558	2
5559	0
5560	0
5561	0
5562	0
5857	0
5858	0
5859	0
5860	0
5861	0
5862	0
5869	0
5870	0
5871	0
5872	0
5873	0
5874	0
5893	0
5894	1
5895	1
5896	0
5897	2
5898	0
6217	2
6218	0
6219	0
6220	0
6221	0
6222	0
6223	0
6224	0
6225	0
6226	0
6227	0
6228	0
6229	0
6230	0
6231	0
6232	0
6233	0
6234	0
6271	0
6272	0
6273	0
6274	0
6275	0
6276	0
6277	0
6278	0
6279	0
6280	0
6281	0
6282	0
6283	0
6284	0
6285	0
6286	0
6287	0
6288	0
6607	0
6608	0
6609	0
6610	0
6611	0
6612	0
6703	1
6704	0
6705	0
6706	1
6707	0
6708	0
7069	0
7070	0
7071	1
7072	0
7073	0
7074	0
7075	0
7076	0
7077	0
7078	0
7079	0
7080	0
7081	0
7082	0
7083	0
7084	0
7085	0
7086	0
7087	0
7088	0
7089	0
7090	0
7091	0
7092	0
7105	0
7106	1
7107	0
7108	2
7109	0
7110	0
7111	0
7112	0
7113	0
7114	0
7115	0
7116	0
7237	0
7238	0
7239	0
7240	1
7241	0
7242	0
7249	0
7250	0
7251	0
7252	0
7253	0
7254	0
7255	2
7256	0
7257	0
7258	0
7259	1
7260	0
7267	0
7268	1
7269	0
7270	0
7271	0
7272	0
8449	0
8450	0
8451	0
8452	0
8453	0
8454	0
8911	0
8912	0
8913	0
8914	2
8915	1
8916	0
8953	1
8954	0
8955	0
8956	0
8957	0
8958	0
9343	0
9344	0
9345	1
9346	0
9347	0
9348	0
9415	2
9416	0
9417	0
9418	0
9419	0
9420	0
9421	0
9422	0
9423	0
9424	0
9425	1
9426	0
9433	0
9434	0
9435	0
9436	0
9437	2
9438	1
9439	1
9440	0
9441	0
9443	0
9444	0
9445	0
9446	0
9447	0
9448	0
9449	0
9450	1
9457	1
9458	0
9459	0
9460	0
9461	2
9462	0
9481	0
9482	0
9483	0
9484	0
9485	0
9486	0
9493	0
9494	0
9495	0
9496	0
9497	0
9498	0
9499	0
9500	0
9501	0
9502	1
9503	1
9504	0
9505	0
9506	0
9507	0
9508	0
9509	0
9510	1
9517	0
9518	0
9519	0
9520	0
9521	1
9522	0
9523	0
9524	0
9525	0
9526	0
9527	0
9528	0
9541	0
9542	0
9543	0
9544	0
9545	0
9546	0
9547	0
9548	1
9549	0
9550	0
9551	0
9552	0
9553	0
9554	0
9555	0
9556	0
9557	0
9558	0
9559	0
9560	0
9561	0
9562	1
9563	0
9564	0
9565	0
9566	0
9567	0
9568	0
9569	0
9570	0
9571	0
9572	0
9573	0
9574	0
9575	0
9576	0
9595	1
9596	0
9597	0
9598	0
9599	0
9600	1
9601	1
9602	0
9603	0
9604	0
9605	0
9606	0
9607	1
9608	0
9609	0
9610	0
9611	0
9612	0
9613	0
9614	0
9615	0
9616	0
9617	0
9618	0
9619	0
9620	0
9621	0
9622	0
9623	0
9624	0
9625	1
9626	0
9627	0
9628	0
9629	0
9630	0
9631	0
9632	0
9633	0
9634	1
9635	0
9636	0
9637	0
9638	0
9639	0
9640	0
9641	0
9642	0
9643	0
9644	0
9645	1
9646	0
9647	0
9648	0
9697	0
9698	0
9699	0
9700	0
9701	0
9702	0
9703	0
9704	0
9705	0
9706	0
9707	0
9708	0
9709	0
9710	0
9711	0
9712	0
9713	0
9714	0
9715	0
9716	0
9717	0
9718	0
9719	0
9720	0
9721	0
9722	0
9723	3
9724	1
9725	0
9726	0
9727	0
9728	0
9729	0
9730	0
9731	0
9732	0
9733	0
9734	0
9735	0
9736	0
9737	0
9738	0
9739	0
9740	0
9741	0
9742	0
9743	0
9744	0
9889	1
9891	0
9893	1
9895	0
9896	0
9897	0
9898	0
9899	0
9900	0
9925	1
9927	0
9929	0
9985	0
9987	0
9989	1
10147	0
10148	0
10149	0
10150	0
10151	1
10152	2
10495	0
10496	0
10497	0
10498	1
10499	0
10500	0
10501	0
10502	0
10503	0
10504	0
10505	1
10506	0
10507	0
10508	0
10509	0
10510	0
10511	0
10512	0
10531	0
10532	0
10533	0
10534	0
10535	0
10536	0
10561	0
10562	0
10563	0
10564	0
10565	0
10566	0
10579	0
10580	0
10581	2
10582	0
10583	0
10584	0
10585	0
10586	0
10587	0
10588	0
10589	0
10590	0
10597	0
10598	0
10599	0
10600	0
10601	0
10602	0
10603	0
10604	0
10605	0
10606	0
10607	0
10608	0
10621	0
10622	0
10623	1
10624	0
10625	0
10626	0
10627	0
10628	0
10629	0
10630	0
10631	0
10632	0
10645	0
10646	0
10647	0
10648	0
10649	0
10650	1
10867	0
10868	0
10869	0
10870	0
10871	1
10872	0
10873	0
10874	0
10875	0
10876	0
10877	0
10878	0
10963	0
10964	0
10965	0
10966	0
10967	0
10968	0
10969	0
10970	0
10971	0
10972	0
10973	0
10974	1
10975	0
10976	0
10977	1
10978	1
10979	0
10980	0
11011	0
11012	0
11013	0
11014	0
11015	0
11016	0
11017	0
11018	0
11019	0
11020	0
11021	1
11022	0
11023	0
11024	0
11025	0
11026	0
11027	0
11028	0
11095	0
11096	0
11097	1
11098	0
11099	0
11100	0
11101	0
11102	0
11103	0
11104	2
11105	0
11106	0
12205	1
12206	0
12207	0
12208	0
12209	0
12210	0
14311	0
14313	0
14315	0
14316	0
14497	0
14498	1
14499	1
14500	0
14501	0
14502	0
14527	0
14528	1
14529	1
14530	0
14531	0
14532	0
14533	0
14534	0
14535	0
14536	0
14537	2
14538	0
14701	0
14702	0
14703	0
14704	0
14705	0
14706	0
14779	1
14780	0
14781	0
14782	0
14783	0
14784	0
14827	0
14829	0
14831	0
14832	1
14833	0
14834	0
14835	0
14836	0
14837	0
14838	0
14869	1
14870	1
14871	0
14872	0
14873	1
14874	0
14875	0
14876	0
14877	0
14878	0
14879	1
14880	0
14881	0
14882	0
14883	0
14884	0
14885	0
14886	0
14887	0
14888	0
14889	0
14890	0
14891	0
14892	0
14893	0
14894	0
14895	0
14896	0
14897	1
14898	0
14935	0
14936	1
14937	0
14938	0
14939	0
14940	0
14941	0
14942	1
14943	0
14944	0
14945	0
14946	0
14947	0
14948	0
14949	0
14950	2
14951	0
14952	0
14971	0
14972	0
14973	0
14974	0
14975	1
14976	0
14983	0
14984	0
14985	0
14986	0
14987	0
14988	0
15007	0
15008	0
15009	0
15010	0
15011	0
15012	0
15151	1
15152	1
15153	0
15154	0
15155	0
15156	0
15157	0
15158	0
15159	0
15160	0
15161	0
15162	0
15163	1
15164	0
15165	0
15166	0
15167	0
15168	0
15379	0
15380	0
15381	0
15382	0
15383	0
15384	0
15385	0
15386	0
15387	0
15388	0
15389	0
15390	1
15391	0
15392	0
15393	0
15394	0
15395	0
15396	0
15547	0
15548	0
15549	0
15550	1
15551	0
15552	0
15553	0
15554	0
15555	0
15556	0
15557	0
15558	0
15559	0
15560	0
15561	0
15562	0
15563	0
15564	0
15565	0
15566	0
15567	0
15568	2
15569	1
15570	0
15571	1
15572	0
15573	0
15574	0
15575	0
15576	0
15577	1
15578	1
15579	0
15580	0
15581	0
15582	0
15655	0
15656	0
15657	0
15658	0
15659	0
15660	0
15661	0
15662	0
15663	0
15664	0
15665	1
15666	0
15667	1
15668	0
15669	0
15670	0
15671	1
15672	0
15673	0
15674	1
15675	0
15676	0
15677	0
15678	0
15679	0
15680	1
15681	0
15682	0
15683	0
15684	0
15686	0
15687	0
15688	1
15689	0
15690	0
15703	0
15705	0
15707	0
15708	0
15745	0
15746	0
15747	0
15748	0
15749	0
15750	0
15751	0
15752	0
15753	0
15754	0
15755	0
15756	0
15757	0
15758	0
15759	0
15760	0
15761	0
15762	0
15781	0
15782	0
15783	0
15784	0
15785	0
15786	1
15787	0
15788	0
15789	0
15790	0
15791	0
15792	0
15793	0
15794	0
15795	0
15796	0
15797	0
15798	0
15799	0
15800	0
15801	0
15802	1
15803	0
15804	0
15805	0
15806	0
15807	0
15808	1
15809	0
15810	0
15811	0
15812	1
15813	0
15814	0
15815	0
15816	0
15931	0
15932	0
15933	1
15934	0
15935	0
15936	0
15979	0
15980	0
15981	0
15982	0
15983	0
15984	0
15985	0
15986	0
15987	0
15988	0
15989	0
15990	0
15991	0
15992	0
15993	0
15994	0
15995	0
15996	0
16033	0
16034	0
16035	0
16036	0
16037	0
16038	0
16039	0
16040	0
16041	0
16042	0
16043	0
16044	0
16045	0
16046	2
16047	0
16048	0
16049	0
16050	0
16051	0
16052	2
16053	2
16054	0
16055	2
16056	0
16057	0
16058	0
16059	0
16060	0
16061	0
16062	0
16063	4
16064	0
16065	1
16066	0
16067	4
16068	4
16105	0
16106	1
16107	0
16108	0
16109	0
16110	0
16111	0
16112	0
16113	0
16114	0
16115	0
16116	0
16117	0
16118	1
16119	0
16120	0
16121	0
16122	0
16123	0
16124	0
16125	0
16126	0
16127	0
16128	0
16129	0
16130	0
16131	0
16132	1
16133	0
16134	0
16135	0
16136	2
16137	0
16138	1
16139	0
16140	0
16141	0
16142	0
16143	0
16144	0
16145	0
16146	0
16147	0
16148	0
16149	0
16150	0
16151	0
16152	1
16153	0
16154	0
16155	0
16156	0
16157	0
16158	0
16159	0
16160	0
16161	2
16162	0
16163	0
16164	0
16165	0
16166	0
16167	0
16168	0
16169	0
16170	0
16171	0
16172	0
16173	1
16174	0
16175	0
16176	0
16177	0
16178	0
16179	0
16180	0
16181	0
16182	0
16183	0
16184	0
16185	0
16186	0
16187	0
16188	0
16261	0
16262	1
16263	1
16264	0
16265	0
16266	0
16267	0
16268	1
16269	0
16270	0
16271	0
16272	1
16279	0
16280	0
16281	1
16282	0
16283	0
16284	0
16363	1
16364	1
16365	1
16366	1
16367	1
16368	0
16369	0
16370	0
16371	0
16372	0
16373	0
16374	0
16375	0
16376	0
16377	0
16378	0
16379	0
16380	0
16621	0
16622	0
16623	0
16624	0
16625	0
16626	0
16627	0
16628	0
16629	0
16630	0
16631	0
16632	0
16633	1
16634	0
16635	0
16636	0
16637	0
16638	0
16651	0
16652	0
16653	0
16654	0
16655	0
16656	0
16663	0
16664	1
16665	0
16666	0
16667	0
16668	0
16681	0
16682	0
16683	0
16684	0
16685	0
16686	0
16687	0
16688	0
16689	0
16690	0
16691	0
16692	0
16693	0
16694	0
16695	1
16696	0
16697	0
16698	0
16711	0
16712	0
16713	1
16714	0
16715	0
16716	2
16717	0
16718	0
16719	1
16720	0
16721	0
16722	0
16729	0
16730	0
16731	0
16732	0
16733	0
16734	0
16735	0
16736	0
16737	1
16738	0
16739	0
16740	0
16753	0
16754	1
16755	1
16756	1
16757	0
16758	0
16765	0
16766	0
16767	0
16768	0
16769	1
16770	0
16771	0
16772	1
16773	0
16774	0
16775	0
16776	0
16813	0
16814	0
16815	1
16816	0
16817	0
16818	0
16831	0
16832	0
16833	0
16834	0
16835	0
16836	1
16837	0
16838	0
16839	0
16840	0
16841	0
16842	0
16849	0
16850	1
16851	0
16852	0
16853	0
16854	0
16855	0
16856	0
16857	0
16858	0
16859	0
16860	1
16861	0
16862	1
16863	0
16864	0
16865	0
16866	0
16879	0
16880	0
16881	0
16882	1
16883	0
16884	0
16885	0
16886	0
16887	0
16888	0
16889	0
16890	0
16903	0
16904	0
16905	0
16906	0
16907	1
16908	2
16909	0
16910	0
16911	0
16912	0
16913	0
16914	0
16915	0
16916	1
16917	0
16919	0
16920	0
16921	0
16922	0
16923	2
16924	0
16925	0
16926	0
16927	1
16928	0
16929	0
16931	0
16932	0
16933	2
16934	0
16935	0
16936	0
16937	0
16938	0
16939	0
16940	0
16941	0
16943	0
16944	0
16981	0
16982	0
16983	1
16984	0
16985	0
16986	0
16987	0
16988	0
16989	0
16990	0
16991	2
16992	1
16993	1
16994	1
16995	1
16996	1
16997	0
16998	0
16999	1
17000	1
17001	1
17002	0
17003	1
17004	0
17017	0
17018	0
17019	0
17020	0
17021	0
17022	0
17023	0
17024	0
17025	0
17026	0
17027	0
17028	0
17029	0
17030	1
17031	0
17032	0
17033	0
17034	0
17035	0
17036	0
17037	0
17038	0
17039	0
17040	0
17053	0
17054	0
17055	0
17056	0
17057	0
17058	0
17059	0
17060	0
17061	0
17062	0
17063	0
17064	0
17065	0
17066	0
17067	0
17068	1
17069	0
17070	0
17071	0
17072	1
17073	0
17074	0
17075	0
17076	0
17083	0
17084	0
17085	0
17086	0
17087	2
17088	0
17131	0
17132	0
17133	0
17134	0
17135	1
17136	0
17137	0
17138	0
17139	0
17140	0
17141	0
17142	0
17155	0
17156	0
17157	0
17158	0
17159	0
17160	0
17281	0
17282	0
17283	1
17284	1
17285	0
17286	0
17299	0
17300	0
17301	0
17302	0
17303	0
17304	0
17305	0
17306	0
17307	0
17308	0
17309	0
17310	0
17437	0
17438	1
17439	0
17440	0
17441	0
17442	0
17443	0
17444	0
17445	0
17446	0
17447	0
17448	0
17449	0
17450	0
17451	0
17452	0
17453	0
17454	0
17455	0
17456	0
17457	1
17458	1
17459	1
17460	1
17461	0
17462	1
17463	0
17464	0
17465	0
17466	0
17479	0
17480	0
17481	0
17482	0
17483	1
17484	1
17485	0
17486	0
17487	0
17488	0
17489	0
17490	0
17491	0
17492	0
17493	0
17494	1
17495	0
17496	0
17509	1
17510	1
17511	0
17512	0
17513	0
17514	0
17515	1
17516	1
17517	1
17518	0
17519	1
17520	0
17521	0
17522	0
17523	0
17524	0
17525	0
17526	0
17527	1
17528	1
17529	0
17530	0
17531	0
17532	0
17533	0
17534	0
17535	0
17536	0
17537	0
17538	0
17539	1
17540	0
17541	0
17542	0
17543	0
17544	0
17545	2
17546	0
17547	1
17548	0
17549	0
17550	0
17569	0
17570	0
17571	0
17572	0
17573	0
17574	0
17575	0
17576	0
17577	1
17578	0
17579	1
17580	2
17599	0
17600	0
17601	0
17602	1
17603	0
17604	0
17605	0
17606	0
17607	1
17608	0
17609	0
17610	0
17611	0
17612	0
17613	0
17614	0
17615	0
17616	0
17617	0
17618	0
17619	0
17620	0
17621	0
17622	0
17623	0
17624	1
17625	0
17626	0
17627	0
17628	0
17629	0
17630	0
17631	1
17632	1
17633	0
17634	0
17683	0
17684	0
17685	0
17686	0
17687	0
17688	1
17689	0
17690	0
17691	0
17692	0
17693	0
17694	0
17695	0
17696	0
17697	0
17698	0
17699	0
17700	0
17725	0
17726	0
17727	0
17728	0
17729	0
17730	0
17731	0
17732	0
17733	0
17734	0
17735	0
17736	0
17743	0
17744	0
17745	0
17746	0
17747	0
17748	1
17755	1
17756	1
17757	0
17758	1
17759	0
17760	0
17761	0
17762	0
17763	0
17764	0
17765	0
17766	1
17773	0
17774	0
17775	0
17776	0
17777	0
17778	0
17785	0
17786	0
17787	0
17788	0
17789	0
17790	2
17791	0
17792	0
17793	0
17794	0
17795	0
17796	0
17797	0
17798	0
17799	1
17800	0
17801	0
17802	0
18019	0
18020	1
18021	1
18022	0
18023	0
18024	0
18025	0
18026	1
18027	0
18028	0
18029	0
18030	0
18031	0
18032	0
18033	0
18034	0
18035	0
18036	0
18055	0
18056	0
18057	0
18058	0
18059	0
18060	0
18067	0
18068	0
18069	0
18070	0
18071	0
18072	1
18073	0
18074	0
18075	0
18076	0
18077	0
18078	0
18079	0
18080	0
18081	0
18082	0
18083	0
18084	1
18085	0
18086	0
18087	0
18088	0
18089	0
18090	1
18097	0
18098	0
18099	0
18100	1
18101	0
18102	0
18283	0
18284	0
18285	0
18286	0
18287	0
18288	0
18289	0
18290	0
18291	0
18292	0
18293	0
18294	1
18295	0
18296	0
18297	0
18298	0
18299	0
18300	0
18301	0
18302	0
18303	0
18304	0
18305	1
18306	0
18307	0
18308	0
18309	0
18310	0
18311	2
18312	0
18313	0
18314	0
18315	0
18316	0
18317	0
18318	0
18319	0
18320	1
18321	0
18322	0
18323	1
18324	0
18325	0
18326	0
18327	0
18328	0
18329	0
18330	0
18331	0
18332	0
18333	0
18334	0
18335	0
18336	0
18337	0
18338	0
18339	0
18340	0
18341	0
18342	0
18343	0
18344	0
18345	0
18346	1
18347	0
18348	0
18349	0
18350	0
18351	0
18352	0
18353	0
18354	0
18355	0
18356	0
18357	0
18358	0
18359	0
18360	0
18361	0
18362	0
18363	0
18364	0
18365	0
18366	0
18367	1
18368	0
18369	0
18370	0
18371	2
18372	2
18373	0
18374	2
18375	0
18376	0
18377	0
18378	0
18379	1
18380	0
18381	0
18382	0
18383	0
18384	0
18385	0
18386	0
18387	0
18388	0
18389	0
18390	1
18403	0
18404	0
18405	0
18406	1
18407	1
18408	0
18409	0
18410	0
18411	0
18412	0
18413	0
18414	0
18415	0
18416	0
18417	1
18418	0
18419	0
18420	1
18427	0
18428	0
18429	0
18430	0
18431	0
18432	0
18433	0
18434	0
18435	0
18436	0
18437	0
18438	0
18445	0
18446	0
18447	0
18448	0
18449	0
18450	0
18451	0
18452	0
18453	0
18454	0
18455	0
18456	0
18463	0
18464	0
18465	0
18466	0
18467	0
18468	0
18475	0
18476	0
18477	0
18478	0
18479	0
18480	0
18481	1
18482	0
18483	0
18484	0
18485	0
18486	0
18487	0
18488	0
18489	0
18490	0
18491	0
18492	0
18505	0
18506	2
18507	0
18508	0
18509	0
18510	0
18511	0
18512	0
18513	0
18514	0
18515	1
18516	0
18517	0
18518	0
18519	0
18520	0
18521	0
18522	1
18523	0
18524	0
18525	0
18526	0
18527	0
18528	0
18535	0
18536	0
18537	0
18538	0
18539	0
18540	0
18541	0
18542	0
18543	0
18544	0
18545	0
18546	0
18553	0
18554	0
18555	0
18556	1
18557	0
18558	0
18559	0
18560	0
18561	0
18562	0
18563	0
18564	0
18565	0
18566	0
18567	0
18568	0
18569	0
18570	0
18571	0
18572	0
18573	0
18574	0
18575	0
18576	0
18583	0
18584	0
18585	0
18586	0
18587	0
18588	0
18595	0
18596	0
18597	0
18598	0
18599	0
18600	0
18601	0
18602	0
18603	2
18604	1
18605	1
18606	1
18607	0
18608	0
18609	0
18610	1
18611	2
18612	0
18613	1
18614	0
18615	0
18616	0
18617	0
18618	0
18619	0
18620	0
18621	0
18622	0
18623	1
18624	0
18625	0
18626	0
18627	0
18628	0
18629	0
18630	0
18631	0
18632	1
18633	1
18634	0
18635	1
18636	0
18637	0
18638	0
18639	0
18640	0
18641	0
18642	1
18643	0
18644	0
18645	0
18646	0
18647	0
18648	0
18649	0
18650	0
18651	0
18652	0
18653	0
18654	1
18673	0
18674	0
18675	0
18676	0
18677	1
18678	1
18721	0
18722	0
18723	0
18724	0
18725	1
18726	0
18727	0
18728	0
18729	0
18730	0
18731	0
18732	1
18733	0
18734	0
18735	0
18736	0
18737	0
18738	0
18739	0
18740	0
18741	0
18742	0
18743	0
18744	0
18751	0
18752	0
18753	0
18754	0
18755	0
18756	0
18763	0
18764	0
18765	0
18766	0
18767	0
18768	0
18769	0
18770	0
18771	0
18772	0
18773	0
18774	0
18775	0
18776	1
18777	0
18778	0
18779	0
18780	0
18799	0
18800	0
18801	0
18802	0
18803	0
18804	0
18823	0
18824	0
18825	0
18826	2
18827	2
18828	1
18829	0
18830	0
18831	0
18832	0
18833	2
18834	0
18979	0
18980	0
18981	0
18982	0
18983	0
18984	1
18985	0
18986	0
18987	0
18988	0
18989	0
18990	0
18991	0
18992	1
18993	0
18994	0
18995	0
18996	0
18997	1
18998	0
18999	0
19000	0
19001	0
19002	0
19003	0
19004	0
19005	0
19006	0
19007	0
19008	0
19009	2
19010	0
19011	0
19012	0
19013	0
19014	0
19093	0
19095	0
19096	1
19097	0
19098	0
19099	0
19100	0
19101	0
19102	0
19103	0
19104	0
19207	0
19208	0
19209	0
19210	0
19211	0
19212	0
19213	0
19214	0
19215	1
19216	0
19217	0
19218	0
19219	0
19220	0
19221	0
19222	0
19223	0
19224	0
19225	1
19226	1
19227	0
19228	0
19229	0
19230	1
19231	0
19232	0
19233	0
19234	0
19235	0
19236	2
19237	0
19238	1
19239	0
19240	0
19241	0
19242	0
19261	1
19262	0
19263	0
19264	0
19265	0
19266	0
19267	0
19268	0
19269	0
19270	0
19271	0
19272	0
19273	1
19274	0
19275	0
19276	0
19277	0
19278	0
19279	0
19280	0
19281	0
19282	0
19283	0
19284	0
19285	0
19286	0
19287	0
19288	0
19289	0
19290	0
19291	0
19292	0
19293	0
19294	0
19295	0
19296	0
19339	0
19340	0
19341	1
19342	0
19343	0
19344	0
19345	0
19346	0
19347	0
19348	0
19349	0
19350	0
19351	0
19352	0
19353	0
19354	0
19355	0
19356	0
19357	0
19358	0
19359	0
19360	0
19361	0
19362	0
19363	0
19364	0
19365	0
19366	0
19367	0
19368	0
19369	0
19370	0
19371	0
19372	0
19373	0
19374	0
19375	0
19376	0
19377	0
19378	0
19379	0
19380	0
19381	0
19382	0
19383	0
19384	0
19385	0
19386	0
19387	0
19388	0
19389	0
19390	0
19391	0
19392	0
19435	0
19436	0
19437	0
19438	1
19439	0
19440	0
19441	0
19442	0
19443	0
19444	0
19445	0
19446	0
19447	0
19448	0
19449	0
19450	0
19451	0
19452	0
19453	0
19454	0
19455	0
19456	0
19457	0
19458	1
19459	0
19460	0
19461	0
19462	0
19463	0
19464	0
19465	0
19466	0
19467	0
19468	0
19469	0
19470	0
19471	0
19472	0
19473	0
19474	0
19475	1
19476	0
19477	0
19478	0
19479	0
19480	0
19481	0
19482	0
19495	0
19496	0
19497	1
19498	0
19499	0
19500	1
19591	0
19592	0
19593	1
19594	0
19595	0
19596	1
19597	0
19598	0
19599	0
19600	0
19601	0
19602	0
19603	0
19604	0
19605	0
19606	0
19607	0
19608	0
19609	0
19610	0
19611	0
19612	0
19613	0
19614	0
19615	0
19616	0
19617	0
19618	0
19619	0
19620	0
19621	0
19622	0
19623	0
19624	0
19625	0
19626	1
19627	0
19628	0
19629	0
19630	0
19631	0
19632	1
19633	0
19634	0
19635	0
19636	1
19637	0
19638	0
19639	0
19640	0
19641	0
19642	0
19643	0
19644	0
19645	0
19646	0
19647	0
19648	0
19649	0
19650	0
19651	0
19652	0
19653	0
19654	0
19655	0
19656	0
19657	1
19658	0
19659	1
19660	0
19661	0
19662	0
19663	0
19664	0
19665	0
19666	0
19667	0
19668	0
19669	0
19670	0
19671	0
19672	0
19673	0
19674	0
19681	0
19682	0
19683	0
19684	0
19685	0
19686	0
20029	0
20030	0
20031	0
20032	0
20033	1
20034	0
20035	1
20036	0
20037	0
20038	0
20039	1
20040	0
20041	0
20042	0
20043	0
20044	1
20045	0
20046	0
20047	0
20048	1
20049	0
20050	0
20051	0
20052	0
20173	0
20174	0
20175	0
20176	0
20177	0
20178	0
20281	0
20282	0
20283	0
20284	0
20285	0
20286	0
20287	0
20288	1
20289	0
20290	0
20291	0
20292	0
20293	0
20294	0
20295	0
20296	0
20297	0
20298	0
20299	0
20300	0
20301	0
20302	0
20303	0
20304	0
20305	0
20306	0
20307	0
20308	0
20309	0
20310	0
20317	0
20318	0
20319	0
20320	0
20321	0
20322	0
20323	0
20324	0
20325	0
20326	0
20327	0
20328	0
20329	0
20330	0
20331	0
20332	0
20333	0
20334	0
20335	0
20336	0
20337	0
20338	0
20339	0
20340	0
20341	0
20342	0
20343	0
20344	0
20345	0
20346	0
20371	0
20372	0
20373	0
20374	0
20375	0
20376	1
20377	0
20378	0
20379	0
20380	0
20381	0
20382	0
20383	0
20384	0
20385	0
20386	0
20387	0
20388	0
20401	1
20402	0
20403	0
20404	0
20405	0
20406	0
20407	1
20408	0
20409	0
20410	0
20411	0
20412	0
20413	0
20414	0
20415	0
20416	0
20417	0
20418	0
20731	0
20732	0
20733	0
20734	0
20735	0
20736	0
20737	0
20738	0
20739	0
20740	0
20741	0
20742	0
20743	0
20744	0
20745	0
20746	0
20747	0
20748	0
20821	1
20822	0
20823	1
20824	0
20825	0
20826	0
20833	0
20834	0
20835	0
20836	0
20837	1
20838	0
20863	0
20864	0
20865	1
20866	0
20867	0
20868	0
20941	0
20942	0
20943	2
20944	1
20945	0
20946	0
20953	0
20954	0
20955	0
20956	0
20957	0
20958	0
20971	0
20972	0
20973	0
20974	0
20975	0
20976	0
21157	1
21158	1
21159	0
21160	0
21161	0
21162	0
21163	0
21164	0
21165	0
21166	0
21167	0
21168	0
21169	0
21170	0
21171	1
21172	0
21173	0
21174	0
21301	0
21302	0
21303	0
21304	0
21305	0
21306	0
21307	0
21308	1
21309	0
21310	0
21311	0
21312	0
21313	0
21314	0
21315	0
21316	0
21317	1
21318	0
21319	1
21320	0
21321	0
21322	1
21323	0
21324	0
21325	0
21326	0
21327	0
21328	0
21329	0
21330	0
21331	0
21332	0
21333	0
21334	0
21335	0
21336	0
21685	0
21686	0
21687	0
21688	0
21689	0
21690	0
21691	0
21692	0
21693	0
21694	0
21695	0
21696	0
21697	0
21698	0
21699	0
21700	0
21701	0
21702	0
22147	0
22148	0
22149	4
22150	0
22151	0
22152	0
22153	0
22154	0
22155	0
22156	0
22157	0
22158	0
22159	0
22160	0
22161	0
22162	0
22163	1
22164	0
22165	0
22166	0
22167	1
22168	1
22169	1
22170	0
22171	0
22172	0
22173	0
22174	0
22175	0
22176	0
22177	0
22178	0
22179	0
22180	1
22181	0
22182	0
22189	0
22190	0
22191	1
22192	0
22193	0
22194	1
22195	0
22196	0
22197	0
22198	0
22199	0
22200	0
22201	0
22202	0
22203	0
22204	1
22205	0
22206	0
22225	0
22226	0
22227	0
22228	0
22229	0
22230	1
22231	1
22232	0
22233	0
22234	0
22235	0
22236	1
22237	0
22238	0
22239	0
22240	0
22241	0
22242	1
22243	0
22244	0
22245	0
22246	0
22247	0
22248	1
22249	1
22250	0
22251	0
22252	0
22253	0
22254	0
22255	0
22256	0
22257	0
22258	0
22259	0
22260	1
22261	0
22262	0
22263	0
22264	0
22265	0
22266	0
22573	0
22574	0
22575	0
22576	1
22577	0
22578	1
22579	0
22580	0
22581	0
22582	0
22583	0
22584	0
22621	0
22622	0
22623	0
22624	0
22625	0
22626	0
22633	0
22634	0
22635	0
22636	0
22637	1
22638	0
22687	0
22688	0
22689	0
22690	0
22691	0
22692	0
22693	0
22694	0
22695	0
22696	0
22697	0
22698	0
23125	0
23126	0
23127	0
23128	0
23129	0
23130	0
23287	0
23288	1
23289	0
23290	0
23291	0
23292	2
23491	0
23492	0
23493	0
23494	0
23495	0
23496	0
23677	0
23678	0
23679	0
23680	0
23681	0
23682	0
23803	0
23804	0
23805	0
23806	0
23807	0
23808	0
24121	0
24122	0
24123	0
24124	0
24125	0
24126	0
24175	0
24176	0
24177	0
24178	0
24179	0
24180	0
24181	0
24182	0
24183	0
24184	0
24185	0
24186	0
24283	0
24284	0
24285	0
24286	0
24287	0
24288	0
24289	0
24290	0
24291	1
24292	1
24293	0
24294	0
24301	1
24302	2
24303	0
24304	0
24305	0
24306	0
24391	0
24392	0
24393	0
24394	0
24395	0
24396	0
25357	0
25358	1
25359	1
25360	0
25361	1
25362	0
25387	0
25388	0
25389	0
25390	0
25391	0
25392	0
25393	0
25394	0
25395	0
25396	0
25397	0
25398	0
25405	0
25406	0
25407	0
25408	0
25409	1
25410	0
25411	0
25412	0
25413	0
25414	1
25415	0
25416	0
25417	0
25418	0
25419	0
25420	0
25421	0
25422	0
25429	0
25430	2
25431	0
25432	0
25433	0
25434	0
25435	0
25436	0
25437	0
25438	0
25439	0
25440	0
25447	0
25448	0
25449	0
25450	0
25451	0
25452	0
25453	0
25454	0
25455	0
25456	0
25457	0
25458	0
25507	0
25508	0
25509	0
25510	1
25511	0
25512	0
25513	0
25514	0
25515	1
25516	1
25517	0
25518	0
25711	0
25712	1
25713	0
25714	0
25715	0
25716	0
25729	0
25730	0
25731	0
25732	0
25733	1
25734	0
25735	3
25736	0
25737	0
25738	0
25739	0
25740	0
25963	0
25964	0
25965	0
25966	1
25967	0
25968	0
25969	0
25970	0
25971	0
25972	0
25973	0
25974	1
25975	0
25976	0
25977	0
25978	0
25979	0
25980	0
26107	0
26108	0
26109	0
26110	0
26111	0
26112	0
26113	0
26114	0
26115	0
26116	0
26117	0
26118	0
26119	0
26120	0
26121	0
26122	0
26123	0
26124	0
26185	0
26186	0
26187	0
26188	0
26189	0
26190	0
26191	0
26192	0
26193	0
26194	0
26195	0
26196	0
26197	0
26198	0
26199	0
26200	0
26201	0
26202	0
26203	0
26204	0
26205	0
26206	1
26207	0
26208	1
26209	0
26210	0
26211	0
26212	0
26213	0
26214	0
26215	0
26216	0
26217	0
26218	0
26219	0
26220	0
26221	0
26222	0
26223	0
26224	1
26225	0
26226	0
26227	0
26228	0
26229	0
26230	0
26231	0
26232	0
26233	0
26234	0
26235	0
26236	1
26237	0
26238	0
26389	0
26390	0
26391	0
26392	0
26393	0
26394	0
26395	0
26396	0
26397	0
26398	0
26399	0
26400	0
26401	0
26402	1
26403	0
26404	0
26405	0
26406	0
26407	0
26408	0
26409	2
26410	1
26411	0
26412	0
26413	1
26414	0
26415	0
26416	0
26417	0
26418	0
26419	0
26420	0
26421	1
26422	0
26423	0
26424	0
26425	1
26426	0
26427	0
26428	0
26429	0
26430	0
26431	0
26432	0
26433	1
26434	1
26435	0
26436	0
26437	1
26438	0
26439	0
26440	0
26441	0
26442	0
26497	0
26498	0
26499	0
26500	0
26501	1
26502	0
26503	0
26504	0
26505	2
26506	0
26507	0
26508	0
26509	0
26510	0
26511	0
26512	0
26513	0
26514	0
26515	0
26516	0
26517	2
26518	0
26519	0
26520	0
26521	0
26522	0
26523	0
26524	0
26525	0
26526	0
26527	1
26528	0
26529	1
26530	0
26531	0
26532	0
26551	0
26552	0
26553	0
26554	1
26555	0
26556	0
26611	0
26612	0
26613	0
26614	1
26615	0
26616	0
26617	0
26618	0
26619	0
26620	0
26621	0
26622	0
26623	0
26624	0
26625	0
26626	0
26627	0
26628	0
26629	0
26630	0
26631	0
26632	1
26633	0
26634	0
26635	0
26636	0
26637	0
26638	0
26639	0
26640	0
26641	0
26642	0
26643	0
26644	0
26645	0
26646	0
26647	0
26648	0
26649	0
26650	0
26651	0
26652	1
26653	0
26654	0
26655	0
26656	0
26657	0
26658	0
26659	0
26660	0
26661	0
26662	0
26663	0
26664	0
26701	0
26702	1
26703	0
26704	0
26705	0
26706	0
26707	0
26708	0
26709	0
26710	2
26711	0
26712	0
26713	0
26714	0
26715	0
26716	0
26717	0
26718	0
26761	0
26762	0
26763	0
26764	0
26765	1
26766	0
26857	0
26858	0
26859	0
26860	0
26861	0
26862	0
26863	0
26864	0
26865	0
26866	0
26867	0
26868	0
26869	0
26870	0
26871	0
26872	0
26873	0
26874	0
26875	0
26876	0
26877	0
26878	0
26879	0
26880	0
26881	0
26882	0
26883	0
26884	0
26885	0
26886	0
26887	0
26888	0
26889	1
26890	0
26891	0
26892	0
26893	0
26894	0
26895	0
26896	0
26897	0
26898	0
26899	0
26900	1
26901	0
26902	0
26903	1
26904	0
26905	0
26906	0
26907	0
26908	0
26909	0
26910	0
26929	0
26930	0
26931	0
26932	0
26933	0
26934	0
26935	0
26936	0
26937	1
26938	0
26939	0
26940	0
26941	0
26942	0
26943	0
26944	0
26945	0
26946	0
26947	0
26949	0
26950	1
26951	0
26952	0
26953	0
26955	0
26956	1
26957	0
26958	0
26959	0
26961	0
26962	0
26963	0
26964	1
27037	0
27038	0
27039	0
27040	0
27041	0
27042	0
27043	0
27044	0
27045	0
27046	0
27047	0
27048	0
27049	1
27050	0
27051	2
27052	0
27053	0
27054	0
27145	0
27146	0
27147	1
27148	0
27149	0
27150	0
27151	0
27152	0
27153	0
27154	0
27155	0
27156	1
27157	0
27158	0
27159	0
27160	0
27161	0
27162	0
27289	0
27290	0
27291	0
27292	0
27293	0
27294	0
27295	0
27296	0
27297	0
27298	0
27299	0
27300	0
27301	0
27302	0
27303	0
27304	0
27305	0
27306	0
27325	0
27326	0
27327	0
27328	0
27329	0
27330	0
27331	0
27332	0
27333	0
27334	0
27335	0
27336	0
27337	0
27338	0
27339	0
27340	0
27341	0
27342	0
27343	0
27344	0
27345	0
27346	0
27347	0
27348	0
27349	0
27350	0
27351	0
27352	0
27353	0
27354	0
27355	0
27356	0
27357	0
27358	0
27359	0
27360	0
27373	0
27374	0
27375	0
27376	0
27377	0
27378	0
27379	0
27380	0
27381	0
27382	0
27383	0
27384	0
27385	0
27386	0
27387	0
27388	0
27389	1
27390	0
27391	0
27392	0
27393	0
27394	0
27395	0
27396	0
27403	0
27404	0
27405	0
27406	0
27407	0
27408	0
27415	0
27416	0
27417	0
27418	0
27419	0
27420	0
27421	0
27422	0
27423	0
27424	0
27425	0
27426	0
27433	0
27434	1
27435	0
27436	0
27437	0
27438	0
27439	0
27440	0
27441	1
27442	0
27443	0
27444	0
27451	1
27452	0
27453	0
27454	0
27455	0
27456	0
27457	0
27458	0
27459	0
27460	0
27461	0
27462	0
27463	0
27464	0
27465	1
27466	0
27467	1
27468	0
27469	0
27470	0
27471	0
27472	1
27473	0
27474	0
27475	0
27476	0
27477	0
27478	0
27479	0
27480	0
27481	0
27482	0
27483	0
27484	0
27485	0
27486	0
27505	0
27506	0
27507	0
27508	0
27509	0
27510	0
27511	0
27512	1
27513	0
27514	0
27515	0
27516	0
27517	0
27518	0
27519	0
27520	0
27521	0
27522	1
27643	0
27644	0
27645	0
27646	0
27647	0
27648	0
27649	0
27650	0
27651	0
27652	0
27653	0
27654	2
27655	0
27656	0
27657	0
27658	0
27659	0
27660	0
27661	0
27662	0
27663	0
27664	0
27665	0
27666	0
27667	0
27668	0
27669	0
27670	0
27671	0
27672	0
27673	0
27674	0
27675	0
27676	0
27677	0
27678	0
27679	0
27680	0
27681	0
27682	0
27683	0
27684	0
27685	0
27686	0
27687	0
27688	0
27689	0
27690	0
27691	0
27692	0
27693	0
27694	0
27695	0
27696	0
27721	0
27722	0
27723	1
27724	0
27725	0
27726	0
27733	0
27734	0
27735	0
27736	0
27737	0
27738	0
27745	4
27746	1
27747	0
27748	0
27749	0
27750	0
27751	0
27752	2
27753	0
27754	0
27755	0
27756	0
27757	0
27758	1
27759	0
27760	0
27761	0
27762	0
27763	0
27764	1
27765	0
27766	0
27767	0
27768	0
27817	0
27818	0
27819	0
27820	0
27821	2
27822	0
27823	0
27824	0
27825	0
27826	0
27827	0
27828	0
27829	0
27830	0
27831	0
27832	0
27833	0
27834	0
27835	0
27836	0
27837	0
27838	0
27839	0
27840	0
27841	0
27842	0
27843	0
27844	0
27845	0
27846	0
27847	0
27848	0
27849	0
27850	0
27851	0
27852	0
27871	0
27872	0
27873	0
27874	0
27875	0
27876	0
27889	0
27890	0
27891	0
27892	0
27893	0
27894	1
27901	0
27902	0
27903	1
27904	0
27905	0
27906	0
27997	0
27998	0
27999	0
28000	0
28001	0
28002	0
28003	0
28004	0
28005	0
28006	0
28007	0
28008	0
28009	0
28010	0
28011	0
28012	0
28013	0
28014	0
28015	0
28016	0
28017	0
28018	0
28019	0
28020	0
28021	0
28022	0
28023	0
28024	0
28025	0
28026	0
28027	0
28028	0
28029	2
28030	0
28031	0
28032	0
28033	0
28034	0
28035	0
28036	1
28037	0
28038	0
28039	1
28040	0
28041	1
28042	0
28043	0
28044	1
28045	0
28046	1
28047	0
28048	0
28049	0
28050	0
28051	0
28052	0
28053	0
28054	0
28055	1
28056	0
28057	0
28058	0
28059	0
28060	1
28061	1
28062	1
28063	1
28064	0
28065	0
28066	0
28067	0
28068	0
28171	0
28172	0
28173	0
28174	0
28175	1
28176	0
28177	0
28178	0
28179	0
28180	0
28181	1
28182	0
28183	0
28184	0
28185	0
28186	0
28187	0
28188	0
28297	0
28298	0
28299	0
28300	0
28301	0
28302	0
28303	0
28304	0
28305	0
28306	0
28307	0
28308	0
28309	0
28310	0
28311	0
28312	0
28313	0
28314	0
28345	0
28346	0
28347	0
28348	0
28349	0
28350	0
28387	0
28388	0
28389	0
28390	0
28391	0
28392	0
28525	0
28526	0
28527	0
28528	1
28529	0
28530	0
28585	0
28586	0
28587	0
28588	0
28589	0
28590	0
28609	0
28610	1
28611	0
28612	0
28613	0
28633	1
28634	0
28635	0
28636	0
28637	0
28638	0
28675	0
28676	0
28677	0
28678	0
28679	0
28680	0
28681	0
28682	0
28683	0
28684	0
28685	0
28686	0
28687	0
28688	0
28689	0
28690	0
28691	1
28692	0
28729	1
28730	2
28731	0
28732	1
28733	1
28734	0
28735	0
28736	0
28737	0
28738	0
28739	0
28740	0
28741	0
28742	0
28743	0
28744	0
28745	0
28746	0
28747	0
28748	0
28749	0
28750	0
28751	0
28752	0
28753	0
28754	0
28755	0
28756	0
28757	0
28758	0
28759	0
28760	0
28761	0
28762	0
28763	0
28764	0
28819	0
28820	0
28821	0
28822	0
28823	0
28824	0
28825	1
28826	0
28827	0
28828	0
28829	0
28830	0
28831	0
28832	0
28833	0
28834	0
28835	0
28836	0
28855	0
28856	0
28857	0
28858	0
28859	0
28860	0
28861	0
28862	0
28863	0
28864	0
28865	0
28866	1
28867	0
28868	1
28869	1
28870	0
28871	0
28872	0
29053	2
29054	0
29055	0
29056	0
29057	0
29058	0
29077	1
29078	0
29079	0
29080	0
29081	0
29082	0
29089	0
29090	0
29091	0
29092	0
29093	0
29094	0
29095	0
29096	0
29097	0
29098	0
29099	2
29100	0
29101	0
29102	0
29103	0
29104	0
29105	0
29106	0
29107	0
29108	0
29109	2
29110	0
29111	0
29112	0
29125	0
29126	1
29127	0
29128	0
29129	0
29130	0
29143	0
29144	0
29145	0
29146	0
29147	0
29148	0
29149	0
29150	0
29151	0
29152	0
29153	0
29154	0
29155	0
29156	1
29157	0
29158	0
29159	0
29160	0
29245	0
29246	0
29247	0
29248	0
29249	0
29250	0
29251	0
29252	0
29253	0
29254	0
29255	0
29256	0
29257	0
29258	0
29259	0
29260	0
29261	0
29262	0
29263	0
29264	0
29265	0
29266	0
29267	0
29268	0
29269	0
29270	0
29271	0
29272	0
29273	1
29274	0
29275	0
29276	0
29277	0
29278	0
29279	0
29280	0
29281	0
29282	0
29283	0
29284	0
29285	0
29286	0
29287	1
29288	0
29289	0
29290	0
29291	0
29292	0
29305	1
29306	1
29307	0
29308	0
29309	0
29310	0
29401	1
29402	0
29403	0
29404	0
29405	0
29406	0
29407	0
29408	0
29409	0
29410	0
29411	0
29412	0
29419	0
29420	0
29421	0
29422	0
29423	0
29424	0
29425	0
29426	1
29427	0
29428	0
29429	0
29430	0
29431	0
29432	0
29433	0
29434	0
29435	0
29436	0
29437	0
29438	0
29439	0
29440	0
29441	0
29442	0
29467	0
29468	0
29469	0
29470	0
29471	1
29472	0
29473	0
29474	0
29475	0
29476	0
29477	1
29478	0
29479	0
29480	0
29481	0
29482	1
29483	0
29484	0
29491	0
29492	0
29493	0
29494	0
29495	0
29496	0
29503	0
29504	0
29505	0
29506	0
29507	0
29508	0
29509	0
29510	0
29511	0
29512	0
29513	0
29514	0
29545	0
29546	0
29547	0
29548	1
29549	0
29550	0
29551	0
29552	0
29553	0
29554	0
29555	0
29556	0
29557	0
29558	0
29559	0
29560	0
29561	0
29562	0
29563	1
29564	0
29565	0
29566	0
29567	1
29568	0
29569	0
29570	0
29571	0
29572	0
29573	0
29574	0
29575	0
29576	0
29577	0
29578	0
29579	2
29580	0
29653	0
29654	0
29655	0
29656	0
29657	0
29658	0
29659	0
29660	1
29661	0
29662	0
29663	0
29664	0
29665	0
29666	0
29667	0
29668	0
29669	0
29670	0
29671	0
29672	0
29673	0
29674	0
29675	0
29676	0
29677	0
29678	0
29679	1
29680	0
29681	0
29682	0
29683	0
29684	0
29685	2
29686	0
29687	0
29688	0
29689	0
29690	1
29691	0
29692	0
29693	0
29694	0
29695	0
29696	0
29697	0
29698	0
29699	0
29700	0
29701	0
29702	0
29703	0
29704	0
29705	0
29706	0
29707	0
29708	0
29709	0
29710	0
29711	1
29712	0
29713	0
29714	0
29715	0
29716	0
29717	0
29718	0
29719	0
29720	0
29721	0
29722	0
29723	0
29724	0
29725	0
29726	1
29727	2
29728	0
29729	0
29730	0
29737	0
29738	0
29739	0
29740	0
29741	0
29742	0
29749	0
29750	0
29751	0
29752	0
29753	0
29754	0
29761	0
29762	0
29763	0
29764	1
29765	0
29766	1
29791	1
29792	0
29793	0
29794	0
29795	0
29796	0
29821	0
29822	2
29823	0
29824	1
29825	0
29826	0
29833	0
29834	0
29835	0
29836	1
29837	0
29838	0
29839	1
29840	0
29841	0
29842	0
29843	0
29844	0
29869	0
29870	0
29871	0
29872	0
29873	0
29874	0
29875	0
29876	0
29877	0
29878	0
29879	0
29880	0
29929	0
29930	1
29931	0
29932	0
29933	0
29934	0
29953	0
29954	0
29955	0
29956	0
29957	0
29958	0
30001	0
30002	0
30003	0
30004	0
30005	0
30006	0
30007	0
30008	0
30009	0
30010	0
30011	0
30012	0
30049	0
30050	0
30051	0
30052	0
30053	0
30054	0
30055	0
30056	2
30057	0
30058	0
30059	0
30060	0
30061	1
30062	0
30063	0
30064	0
30065	0
30066	0
30109	0
30110	0
30111	0
30112	0
30113	0
30114	1
30139	0
30140	0
30141	0
30142	0
30143	1
30144	0
30181	0
30182	0
30183	0
30184	0
30185	0
30186	0
30205	0
30207	0
30209	0
30229	0
30230	0
30231	0
30232	0
30233	0
30234	0
30265	0
30266	0
30267	0
30268	0
30269	0
30270	0
30271	2
30272	0
30273	0
30274	0
30275	0
30276	0
30295	0
30296	1
30297	0
30298	0
30299	0
30300	0
30301	1
30302	0
30303	0
30304	0
30305	0
30306	0
30307	0
30308	0
30309	0
30310	0
30311	0
30312	1
30325	0
30326	0
30327	1
30328	0
30329	0
30330	0
30331	0
30332	0
30333	0
30334	0
30335	0
30336	0
30373	0
30374	0
30375	0
30376	0
30377	0
30378	0
30379	0
30380	0
30381	0
30382	0
30383	0
30384	0
30391	0
30392	0
30393	0
30394	0
30395	0
30396	0
30397	0
30398	1
30399	0
30400	0
30401	0
30402	0
30403	0
30404	0
30405	0
30406	0
30407	0
30408	0
30445	0
30446	0
30447	0
30448	0
30449	1
30450	0
30457	0
30458	0
30459	0
30460	0
30461	0
30462	0
30463	0
30464	0
30465	0
30466	0
30467	0
30468	2
30547	0
30548	0
30549	0
30550	0
30551	0
30552	0
30553	0
30554	0
30555	0
30556	0
30557	0
30558	0
30625	0
30626	0
30627	0
30628	0
30629	0
30630	0
30637	0
30638	0
30639	0
30640	0
30641	1
30642	0
30649	2
30650	0
30651	0
30652	0
30653	0
30654	0
30685	1
30686	0
30687	0
30688	0
30689	0
30690	0
30691	0
30692	0
30693	0
30694	1
30695	0
30696	0
30697	0
30698	0
30699	1
30700	0
30701	0
30702	0
30739	0
30740	0
30741	0
30742	0
30743	0
30744	0
30751	0
30752	2
30753	0
30754	0
30755	0
30756	0
30757	0
30758	0
30759	0
30760	0
30761	0
30762	0
30787	0
30788	0
30789	0
30790	0
30791	0
30792	1
30793	0
30794	0
30795	0
30796	2
30797	0
30798	0
30811	1
30812	0
30813	0
30814	0
30815	0
30816	0
30823	0
30824	0
30825	0
30826	0
30827	0
30828	0
30829	0
30830	0
30831	0
30832	1
30833	0
30834	0
30877	0
30878	0
30879	0
30880	1
30881	0
30882	0
30895	0
30896	0
30897	0
30898	1
30899	0
30900	0
30901	0
30902	0
30903	0
30904	0
30905	0
30906	0
30925	0
30926	0
30927	0
30928	0
30929	0
30930	0
30931	0
30932	0
30933	0
30934	0
30935	0
30936	0
30937	0
30938	1
30939	0
30940	0
30941	0
30942	0
30943	0
30944	0
30945	0
30946	0
30947	0
30948	0
30949	0
30950	0
30951	0
30952	0
30953	0
30954	0
30973	0
30974	0
30975	0
30976	1
30977	0
30978	0
30979	0
30980	0
30981	0
30982	0
30983	0
30984	0
31009	0
31010	0
31011	0
31012	0
31013	0
31014	0
31015	0
31016	0
31017	0
31018	0
31019	0
31020	0
31021	0
31022	0
31023	0
31024	0
31025	0
31026	0
31057	0
31058	0
31059	0
31060	0
31061	0
31062	0
31063	0
31064	0
31065	1
31066	0
31067	1
31068	0
31069	0
31070	0
31071	0
31072	0
31073	0
31074	0
31093	0
31094	0
31095	0
31096	0
31097	0
31098	0
31111	0
31112	0
31113	0
31114	0
31115	0
31116	0
31123	0
31124	0
31125	0
31126	0
31127	1
31128	0
31135	0
31136	0
31137	0
31138	0
31139	0
31140	0
31207	0
31208	0
31209	0
31210	0
31211	0
31212	0
31219	0
31220	0
31221	0
31222	0
31223	0
31224	1
31225	0
31226	0
31227	1
31228	0
31229	0
31230	1
31255	0
31256	1
31257	0
31258	0
31259	0
31260	0
31261	1
31262	0
31263	0
31264	0
31265	0
31266	0
31291	0
31292	0
31293	0
31294	0
31295	0
31296	0
31297	0
31298	0
31299	0
31300	0
31301	0
31302	0
31303	0
31304	1
31305	0
31306	0
31307	0
31308	0
31309	0
31310	0
31311	0
31312	0
31313	0
31314	0
31321	0
31322	0
31323	0
31324	0
31325	0
31326	0
31345	0
31346	0
31347	0
31348	1
31349	0
31350	0
31351	0
31352	0
31353	0
31354	1
31355	0
31356	0
31369	1
31370	0
31371	0
31372	0
31373	0
31374	0
31393	0
31394	0
31395	0
31396	0
31397	0
31398	0
31417	0
31418	0
31419	0
31420	0
31421	0
31422	0
31507	0
31508	0
31509	0
31510	1
31511	0
31512	0
31519	0
31520	0
31521	0
31522	1
31523	0
31524	0
31525	0
31526	0
31527	0
31528	0
31529	0
31530	0
31531	0
31532	0
31533	0
31534	0
31535	0
31536	0
31567	0
31568	0
31569	0
31570	0
31571	0
31572	0
31615	0
31616	0
31617	0
31618	0
31619	0
31620	1
31621	0
31622	0
31623	0
31624	1
31625	0
31626	0
31627	0
31628	0
31629	0
31630	0
31631	0
31632	0
31657	1
31658	0
31659	0
31660	0
31661	0
31662	0
31675	0
31677	0
31679	0
31801	0
31802	0
31803	0
31804	0
31805	0
31806	0
31825	0
31826	0
31827	0
31828	0
31829	0
31830	0
31843	1
31844	0
31845	1
31846	1
31847	0
31848	0
31849	0
31850	0
31851	0
31852	0
31853	0
31854	0
31861	0
31862	0
31863	0
31864	0
31865	1
31866	0
31867	0
31868	0
31869	0
31870	0
31871	0
31872	0
31879	0
31880	0
31881	0
31882	1
31883	0
31884	0
31885	0
31886	0
31887	0
31888	0
31889	0
31890	0
31897	0
31898	0
31899	0
31900	0
31901	0
31902	0
31903	0
31904	0
31905	0
31906	0
31907	0
31908	0
31909	0
31910	0
31911	0
31912	0
31913	0
31914	0
31921	0
31922	0
31923	0
31924	0
31925	0
31926	1
31969	0
31970	0
31971	0
31972	0
31973	0
31974	0
31975	1
31976	0
31977	0
31978	1
31979	0
31980	0
31993	0
31994	0
31995	0
31996	1
31997	0
31998	0
32005	0
32006	0
32007	0
32008	0
32009	0
32010	0
32011	0
32012	0
32013	0
32014	0
32015	0
32016	0
32017	0
32018	0
32019	0
32020	0
32021	0
32022	0
32023	0
32024	0
32025	0
32026	1
32027	1
32028	0
32101	0
32102	0
32103	0
32104	0
32105	0
32106	0
32107	0
32108	0
32109	0
32110	0
32111	0
32112	0
32119	0
32120	0
32121	0
32122	0
32123	0
32124	1
32203	0
32204	0
32205	0
32206	0
32207	1
32208	0
32209	0
32210	0
32211	0
32212	0
32213	1
32214	0
32215	0
32216	0
32217	0
32218	0
32219	0
32220	0
32221	0
32222	0
32223	0
32224	0
32225	0
32226	0
32227	0
32228	0
32229	0
32230	0
32231	0
32232	1
32233	0
32234	0
32235	0
32236	0
32237	1
32238	0
32245	0
32246	0
32247	0
32248	0
32249	1
32250	0
32251	0
32252	0
32253	0
32254	1
32255	0
32256	0
32257	0
32258	0
32259	0
32260	0
32261	0
32262	0
32299	0
32300	0
32301	1
32302	0
32303	0
32304	0
32305	0
32306	0
32307	0
32308	0
32309	0
32310	0
32311	0
32312	1
32313	0
32314	0
32315	0
32316	0
32377	0
32378	0
32379	3
32380	2
32381	1
32382	0
32383	0
32384	0
32385	0
32386	0
32387	1
32388	0
32389	0
32390	0
32391	0
32392	0
32393	1
32394	0
32395	0
32396	1
32397	2
32398	0
32399	0
32400	0
32401	0
32402	0
32403	0
32404	0
32405	0
32406	0
32407	0
32408	0
32409	0
32410	0
32411	0
32412	0
32425	0
32426	0
32427	0
32429	0
32430	0
32431	0
32432	0
32433	0
32434	0
32435	1
32436	0
32437	0
32438	0
32439	0
32441	0
32442	1
32443	0
32444	0
32445	0
32446	0
32447	0
32448	0
32449	1
32450	0
32451	0
32453	2
32454	1
32455	0
32456	0
32457	0
32458	0
32459	0
32460	0
32461	0
32462	0
32463	0
32464	0
32465	0
32466	0
32467	0
32468	0
32469	0
32470	0
32471	0
32472	0
32473	0
32474	0
32475	0
32476	0
32477	0
32478	0
32491	0
32492	1
32493	0
32494	0
32495	1
32496	0
32497	0
32498	1
32499	0
32500	0
32501	0
32502	0
32557	0
32558	0
32559	0
32560	1
32561	3
32562	0
32563	0
32564	1
32565	0
32566	0
32567	0
32568	0
32569	0
32570	0
32571	2
32572	0
32573	1
32574	0
32575	0
32576	0
32577	0
32578	0
32579	0
32580	0
32582	3
32587	0
32588	0
32589	0
32590	0
32591	0
32592	0
32665	1
32666	0
32667	0
32668	0
32669	0
32670	0
32671	0
32672	0
32673	0
32674	0
32675	0
32676	0
32677	0
32678	0
32679	0
32680	0
32681	0
32682	0
32701	0
32702	0
32703	0
32704	0
32705	0
32706	0
32707	0
32708	0
32709	0
32710	0
32711	0
32712	0
32713	0
32714	0
32715	0
32716	0
32717	0
32718	0
32737	0
32738	0
32739	0
32740	0
32741	0
32742	0
32743	0
32744	0
32745	0
32746	1
32747	0
32748	0
32749	0
32750	0
32751	0
32752	0
32753	0
32754	0
32791	0
32792	0
32793	0
32794	0
32795	0
32796	0
32797	1
32798	1
32799	0
32800	0
32801	0
32802	0
32803	0
32804	0
32805	0
32806	0
32807	0
32808	0
32851	0
32852	0
32853	0
32854	0
32855	0
32856	0
32863	0
32864	0
32865	0
32866	0
32867	1
32868	0
32875	0
32876	0
32877	2
32878	0
32879	1
32880	0
32935	0
32936	0
32937	0
32938	0
32939	0
32940	0
32941	0
32942	0
32943	0
32944	1
32945	0
32946	1
32971	0
32972	0
32973	0
32974	0
32975	0
32976	0
32977	0
32978	0
32979	0
32980	0
32981	0
32982	0
33043	0
33044	0
33045	0
33046	1
33047	0
33048	1
33049	0
33050	0
33051	0
33052	0
33053	0
33054	0
33103	2
33104	0
33105	1
33106	0
33107	0
33108	0
33109	0
33110	0
33111	0
33112	0
33113	0
33114	0
33115	1
33116	0
33117	1
33118	0
33119	0
33120	0
33139	0
33140	0
33141	0
33142	0
33143	0
33144	0
33145	0
33146	0
33147	0
33148	0
33149	0
33150	0
33151	0
33152	0
33153	1
33154	0
33155	0
33156	0
33187	0
33188	0
33189	0
33190	0
33191	0
33192	0
33193	1
33194	0
33195	0
33196	0
33197	0
33198	0
33199	0
33200	0
33201	0
33202	0
33203	0
33204	0
33211	0
33212	0
33213	0
33214	0
33215	0
33216	0
33235	0
33236	0
33237	0
33238	0
33239	0
33240	0
33241	1
33242	0
33243	0
33244	0
33245	0
33246	0
33247	3
33248	0
33249	3
33250	0
33251	0
33252	0
33277	0
33278	0
33279	2
33280	0
33281	0
33282	0
33283	0
33284	0
33285	0
33286	0
33287	0
33288	0
33289	0
33290	1
33291	0
33292	0
33293	0
33294	0
33295	0
33296	0
33297	0
33298	0
33299	0
33300	0
33301	0
33302	0
33303	2
33304	0
33305	0
33306	0
33307	0
33308	0
33309	0
33310	0
33311	0
33312	0
33331	0
33332	0
33333	1
33334	0
33335	0
33336	0
33337	0
33338	0
33339	2
33340	0
33341	0
33342	0
33343	0
33344	0
33345	0
33346	1
33347	0
33348	0
33349	0
33350	0
33351	0
33352	0
33353	0
33354	0
33361	0
33362	0
33363	0
33364	0
33365	0
33366	0
33373	0
33374	0
33375	0
33376	0
33377	0
33378	0
33547	1
33548	0
33549	5
33550	3
33551	0
33552	3
33553	0
33554	0
33555	0
33556	0
33557	0
33558	0
33559	0
33560	0
33561	0
33562	0
33563	0
33564	0
33589	0
33590	0
33591	1
33592	0
33593	0
33594	0
33595	0
33596	0
33597	0
33598	2
33599	0
33600	0
33601	1
33602	0
33603	0
33604	0
33605	0
33606	0
33607	0
33608	0
33609	0
33610	0
33611	1
33612	1
33613	1
33614	0
33615	0
33616	0
33617	0
33618	0
33649	0
33650	0
33651	0
33653	0
33655	0
33656	0
33657	0
33659	1
33661	0
33662	0
33663	0
33665	0
33667	0
33668	0
33669	0
33670	0
33671	0
33672	0
33673	0
33674	0
33675	0
33676	0
33677	0
33678	0
33715	0
33716	0
33717	0
33718	0
33719	1
33720	0
33721	0
33722	1
33723	0
33724	0
33725	0
33726	0
33727	0
33728	1
33729	0
33730	0
33731	0
33732	0
33739	0
33740	0
33741	0
33742	0
33743	0
33744	0
33751	0
33752	0
33753	0
33754	1
33755	0
33756	0
33763	0
33764	1
33765	1
33766	0
33767	0
33768	0
33811	0
33812	0
33813	1
33814	1
33815	0
33816	0
33817	0
33818	1
33819	1
33820	0
33821	0
33822	0
33823	0
33824	0
33825	0
33826	0
33827	0
33828	0
33829	2
33830	0
33831	0
33832	2
33833	0
33834	2
33835	0
33836	0
33837	1
33838	1
33839	0
33840	0
33841	0
33842	0
33843	0
33844	1
33845	1
33846	0
33847	1
33848	0
33849	0
33850	0
33851	0
33852	0
33853	0
33854	0
33855	0
33856	0
33857	0
33858	0
33859	1
33860	0
33861	0
33862	0
33863	0
33864	0
33865	0
33866	0
33867	0
33868	1
33869	0
33870	0
33889	0
33890	0
33891	0
33892	0
33893	0
33894	0
33919	0
33920	0
33921	0
33922	0
33923	0
33924	0
33925	0
33926	0
33927	0
33928	1
33929	0
33930	0
33931	0
33932	0
33933	0
33934	0
33935	0
33936	0
33943	0
33944	1
33945	0
33946	0
33947	1
33948	0
33997	1
33998	0
33999	0
34000	0
34001	0
34002	0
34003	0
34004	0
34005	0
34006	0
34007	0
34008	0
34009	0
34010	0
34011	0
34012	0
34013	0
34014	0
34081	0
34082	0
34083	0
34084	0
34085	0
34086	0
34087	0
34088	0
34089	0
34090	0
34091	0
34092	1
34117	0
34118	0
34119	0
34120	0
34121	0
34122	0
34123	0
34124	0
34125	0
34126	1
34127	0
34128	0
34159	0
34160	0
34161	0
34162	0
34163	0
34164	0
34255	0
34256	0
34257	0
34258	0
34259	0
34260	1
34273	0
34274	0
34275	0
34276	0
34277	1
34278	0
34279	0
34280	0
34281	0
34282	1
34283	0
34284	0
34291	0
34292	0
34293	0
34294	0
34295	0
34296	0
34309	0
34310	0
34311	0
34312	1
34313	0
34314	0
34315	0
34316	0
34317	0
34318	0
34319	0
34320	0
34327	0
34328	0
34329	0
34330	0
34331	1
34332	0
34339	0
34340	0
34341	0
34342	0
34343	0
34344	1
34381	1
34382	0
34383	0
34384	0
34385	0
34386	0
34387	1
34388	0
34389	0
34390	0
34391	0
34392	0
34399	0
34400	1
34401	1
34402	0
34403	0
34404	0
34405	0
34406	0
34407	0
34408	0
34409	0
34410	0
34411	0
34412	0
34413	0
34414	0
34415	1
34416	0
34423	1
34424	1
34425	0
34426	0
34427	0
34428	0
34429	1
34430	0
34431	0
34432	0
34433	0
34434	0
34435	0
34436	1
34437	0
34439	0
34440	0
34453	0
34454	0
34455	0
34456	1
34457	1
34458	1
34693	0
34694	0
34695	1
34696	0
34697	0
34698	0
34717	0
34718	0
34719	0
34720	0
34721	0
34722	1
34783	0
34784	0
34785	1
34786	0
34787	0
34788	0
34801	0
34802	0
34803	0
34804	0
34805	0
34806	1
34843	0
34844	0
34845	0
34846	0
34847	0
34848	0
34867	1
34868	1
34869	0
34870	0
34871	0
34872	0
34891	0
34892	0
34893	0
34894	0
34895	0
34896	0
34903	0
34904	0
34905	0
34906	0
34907	0
34908	0
34909	0
34910	0
34911	0
34912	0
34913	1
34914	0
34921	0
34922	0
34923	0
34924	0
34925	0
34926	0
34927	0
34928	1
34929	0
34930	0
34931	0
34932	0
34933	0
34934	0
34935	0
34936	0
34937	0
34938	0
34951	0
34952	0
34953	0
34954	0
34955	0
34956	0
34981	0
34982	0
34983	0
34984	1
34985	0
34986	0
34987	0
34988	0
34989	0
34990	0
34991	0
34992	0
34993	0
34994	0
34995	0
34996	0
34997	0
34998	0
34999	0
35000	1
35001	0
35002	0
35003	0
35004	0
35005	0
35006	0
35007	0
35008	0
35009	0
35010	0
35035	0
35036	0
35037	0
35038	0
35039	0
35040	0
35041	0
35042	0
35043	0
35044	0
35045	0
35046	0
35065	0
35066	0
35067	0
35069	0
35070	0
35071	0
35072	0
35073	0
35074	0
35075	0
35076	0
35077	0
35078	0
35079	0
35080	0
35081	0
35082	0
35083	0
35084	0
35085	0
35086	0
35087	0
35088	0
35089	0
35090	0
35091	0
35092	1
35093	1
35094	0
35125	1
35126	1
35127	0
35128	0
35129	0
35130	0
35143	1
35144	0
35145	1
35146	0
35147	0
35148	0
35251	0
35252	0
35253	0
35254	0
35255	0
35256	0
35257	0
35258	0
35259	0
35260	0
35261	0
35262	1
35287	0
35288	0
35289	0
35290	0
35291	0
35292	0
35293	0
35294	0
35295	0
35296	0
35297	1
35298	0
35299	0
35300	1
35301	0
35302	0
35303	0
35304	0
35347	0
35348	0
35349	0
35350	0
35351	0
35352	0
35353	0
35354	0
35355	0
35356	0
35357	0
35358	0
35359	0
35360	0
35361	0
35362	0
35363	0
35364	0
35371	0
35372	0
35373	0
35374	0
35375	0
35376	0
35419	0
35420	0
35421	0
35422	0
35423	0
35424	0
35437	0
35438	1
35439	0
35440	0
35441	0
35442	0
35449	0
35450	1
35451	0
35452	0
35453	0
35454	0
35455	0
35456	0
35457	0
35458	0
35459	0
35460	0
35461	0
35462	0
35463	1
35464	0
35465	0
35466	1
35467	0
35468	0
35469	0
35470	0
35471	0
35472	1
35473	0
35474	0
35475	0
35476	0
35477	0
35478	0
35539	0
35540	0
35541	0
35542	0
35543	0
35544	0
35551	0
35552	0
35553	0
35554	0
35555	0
35556	0
35587	0
35588	0
35589	0
35590	0
35591	0
35592	0
35593	0
35594	0
35595	0
35596	0
35597	0
35598	0
35599	0
35600	0
35601	2
35602	0
35603	0
35604	1
35605	0
35606	0
35607	1
35608	0
35609	1
35610	1
35611	0
35612	1
35613	0
35614	1
35615	1
35616	2
35617	0
35618	0
35619	0
35620	0
35621	0
35622	2
35623	0
35624	0
35625	0
35626	0
35627	0
35628	0
35659	0
35660	1
35661	0
35662	0
35663	0
35664	0
35671	0
35672	0
35673	0
35674	0
35675	0
35676	0
35677	0
35678	0
35679	0
35680	0
35681	0
35682	0
35683	0
35684	0
35685	0
35686	0
35687	1
35688	0
35695	0
35696	0
35697	0
35698	0
35699	0
35700	0
35737	0
35738	0
35739	0
35740	0
35741	0
35742	0
35743	0
35744	0
35745	0
35746	0
35747	0
35748	0
35749	0
35750	2
35751	3
35752	0
35753	1
35754	0
35773	0
35774	0
35775	0
35776	0
35777	1
35778	0
35791	0
35792	0
35793	0
35794	0
35795	0
35796	0
35797	0
35799	0
35801	0
35802	0
35809	0
35810	0
35811	0
35812	1
35813	0
35814	0
35833	0
35834	0
35835	0
35836	0
35837	0
35838	0
35839	0
35840	0
35841	0
35842	0
35843	0
35844	0
35845	0
35846	0
35847	0
35848	0
35849	0
35850	0
35893	0
35894	0
35895	0
35896	0
35897	0
35898	0
35923	0
35924	0
35925	0
35926	0
35927	0
35928	0
35929	0
35930	0
35931	0
35932	0
35933	0
35934	0
35935	0
35936	0
35937	0
35938	0
35939	0
35940	1
35941	2
35942	0
35943	0
35944	0
35945	0
35946	0
35947	0
35948	1
35949	0
35950	0
35951	0
35952	0
35953	0
35954	0
35955	0
35956	0
35957	1
35958	0
36001	0
36002	0
36003	0
36004	0
36005	0
36006	0
36007	0
36008	0
36009	0
36010	0
36011	0
36012	0
36013	0
36014	1
36015	0
36016	0
36017	0
36018	0
36031	0
36032	0
36033	0
36034	0
36035	0
36036	0
36049	0
36050	0
36051	0
36052	0
36053	0
36054	0
36055	0
36056	0
36057	0
36058	0
36059	0
36060	0
36061	0
36062	0
36063	0
36064	0
36065	0
36066	0
36067	0
36068	0
36069	0
36070	0
36071	0
36072	0
36085	0
36086	0
36087	2
36088	0
36089	1
36090	1
36157	0
36158	1
36159	0
36160	2
36161	0
36162	0
36163	0
36164	1
36165	0
36166	0
36167	1
36168	0
36169	1
36170	0
36171	0
36172	0
36173	0
36174	0
36175	0
36176	0
36177	0
36178	0
36179	1
36180	1
36181	1
36182	0
36183	0
36184	0
36185	0
36186	0
36211	1
36212	0
36213	0
36214	0
36215	0
36216	1
36217	0
36218	0
36219	1
36220	0
36221	0
36222	0
36223	1
36224	0
36225	0
36226	2
36227	1
36228	0
36229	0
36230	0
36231	0
36232	0
36233	0
36234	0
36235	0
36236	0
36237	0
36238	0
36239	0
36240	0
36241	0
36242	0
36243	0
36244	0
36245	0
36246	0
36247	0
36248	0
36249	0
36250	0
36251	0
36252	0
36253	0
36254	0
36255	0
36256	0
36257	0
36258	0
36271	0
36272	0
36273	0
36274	0
36275	0
36276	0
36277	0
36278	0
36279	0
36280	0
36281	1
36282	0
36337	0
36338	0
36339	0
36340	0
36341	0
36342	0
36343	0
36344	1
36345	0
36346	0
36347	0
36348	0
36367	0
36368	0
36369	0
36370	0
36371	0
36372	0
36373	0
36374	0
36375	1
36376	0
36377	0
36378	0
36379	0
36380	0
36381	0
36382	0
36383	0
36384	0
36385	0
36386	0
36387	0
36388	0
36389	0
36390	0
36409	0
36410	0
36411	0
36412	1
36413	0
36414	0
36415	0
36416	0
36417	0
36418	0
36419	0
36420	0
36421	0
36422	0
36423	0
36424	0
36425	0
36426	0
36559	0
36560	2
36561	0
36562	0
36563	0
36564	0
36565	0
36566	0
36567	0
36568	0
36569	0
36570	0
36571	0
36572	0
36573	0
36574	0
36575	0
36576	0
36601	1
36602	0
36603	0
36604	0
36605	1
36606	0
36643	0
36644	0
36645	0
36646	0
36647	0
36648	0
36649	0
36650	1
36651	0
36652	0
36653	0
36654	0
36655	0
36656	0
36657	0
36658	1
36659	0
36660	1
36661	0
36662	0
36663	0
36664	1
36665	1
36666	1
36667	0
36668	0
36669	0
36670	0
36671	0
36672	1
36692	0
36694	0
36695	1
36696	0
36697	2
36698	0
36699	2
36700	1
36701	0
36702	1
36703	0
36704	0
36705	0
36706	0
36707	0
36708	0
36709	1
36710	0
36711	1
36712	0
36713	0
36714	0
36715	0
36716	0
36717	0
36718	0
36719	1
36720	0
36721	0
36722	0
36723	0
36724	0
36725	0
36726	0
36727	0
36728	0
36729	1
36730	0
36731	0
36732	0
36733	0
36734	0
36735	0
36736	0
36737	1
36738	0
36739	0
36740	0
36741	0
36742	0
36743	0
36744	1
36751	1
36752	0
36753	0
36754	0
36755	0
36756	0
36757	0
36758	0
36759	0
36760	0
36761	0
36762	0
36763	0
36764	0
36765	0
36766	0
36767	0
36768	0
36769	0
36770	0
36771	0
36772	0
36773	0
36774	0
36775	0
36776	0
36777	0
36778	0
36779	0
36780	0
36787	0
36788	0
36789	0
36790	0
36791	1
36792	0
36799	0
36800	0
36801	1
36802	0
36803	0
36804	0
36829	1
36830	0
36831	0
36832	0
36833	2
36834	0
36835	0
36836	0
36837	0
36838	0
36839	0
36840	0
36841	0
36842	0
36843	0
36844	0
36845	1
36846	0
36877	0
36878	0
36879	2
36880	0
36881	2
36882	0
36883	1
36884	0
36885	0
36886	0
36887	0
36888	0
36889	0
36890	0
36891	0
36892	0
36893	0
36894	0
36925	0
36926	1
36927	0
36928	0
36929	0
36930	0
36931	0
36932	1
36933	0
36934	0
36935	0
36936	0
36937	0
36938	0
36939	0
36940	0
36941	1
36942	0
37069	0
37070	0
37071	0
37072	0
37073	0
37074	0
37093	0
37094	1
37095	0
37096	0
37097	0
37098	0
37099	0
37100	0
37101	0
37102	0
37103	0
37104	0
37111	0
37112	1
37113	0
37114	1
37115	1
37116	0
37117	0
37118	1
37119	0
37120	1
37121	0
37122	0
37147	0
37148	0
37149	0
37150	0
37151	0
37152	0
37153	0
37154	0
37155	0
37156	0
37157	0
37158	0
37159	0
37160	0
37161	0
37162	0
37163	0
37164	0
37165	0
37166	0
37167	0
37168	0
37169	0
37170	0
37171	0
37172	0
37173	0
37174	0
37175	0
37176	1
37177	0
37178	0
37179	0
37180	0
37181	0
37182	0
37207	0
37208	0
37209	0
37210	0
37211	2
37212	0
37213	0
37214	0
37215	0
37216	1
37217	0
37218	0
37225	0
37226	1
37227	0
37228	0
37229	0
37230	0
37231	0
37232	0
37233	0
37234	0
37235	0
37236	0
37237	0
37238	0
37239	0
37240	0
37241	2
37242	0
37243	0
37244	0
37245	2
37246	0
37247	1
37248	0
37249	0
37250	2
37251	2
37252	1
37253	3
37254	2
37255	0
37256	1
37257	0
37258	1
37259	0
37260	0
37279	0
37280	0
37281	0
37282	0
37283	0
37284	1
37285	1
37286	1
37287	1
37288	0
37289	0
37290	1
37291	1
37292	1
37293	1
37294	0
37295	0
37296	1
37297	1
37298	0
37299	0
37300	0
37301	0
37302	2
37321	0
37322	0
37323	0
37324	2
37325	0
37326	0
37327	0
37328	0
37329	0
37330	2
37331	0
37332	0
37333	0
37334	0
37335	0
37336	0
37337	1
37338	0
37357	0
37358	0
37359	0
37360	0
37361	0
37362	0
37363	0
37364	0
37365	0
37366	0
37367	0
37368	0
37465	0
37466	0
37467	0
37468	0
37469	0
37470	0
37471	0
37472	0
37473	2
37474	0
37475	0
37476	0
37477	1
37478	1
37479	1
37480	0
37481	0
37482	0
37483	3
37484	1
37485	0
37486	0
37487	0
37488	0
37603	0
37604	0
37605	0
37606	1
37607	2
37608	0
37609	0
37610	0
37611	0
37612	1
37613	0
37614	0
37615	0
37616	0
37617	0
37618	0
37619	0
37620	0
37669	0
37670	0
37671	0
37672	0
37673	1
37674	1
37729	0
37730	0
37731	0
37732	0
37733	0
37734	0
37765	0
37766	0
37767	0
37768	0
37769	0
37770	0
37777	0
37778	0
37779	0
37780	0
37781	0
37782	0
37801	0
37802	0
37803	0
37804	0
37805	0
37806	0
37831	0
37832	0
37833	0
37834	0
37835	0
37836	0
37837	0
37838	0
37839	0
37840	0
37841	0
37842	0
37855	1
37856	0
37857	0
37858	0
37859	0
37860	0
37861	2
37862	0
37863	0
37864	0
37865	0
37866	0
37873	0
37874	0
37875	0
37876	0
37877	1
37878	0
37885	1
37886	0
37887	0
37888	0
37889	0
37890	0
37909	0
37910	0
37911	1
37912	0
37913	0
37914	1
37933	0
37934	0
37935	0
37936	0
37937	2
37938	0
37939	0
37940	0
37941	0
37942	0
37943	0
37944	0
37945	0
37946	0
37947	0
37948	0
37949	1
37950	0
37993	0
37994	1
37995	0
37996	0
37997	0
37998	0
38023	1
38024	0
38025	0
38026	0
38027	0
38028	0
38029	0
38030	1
38031	0
38032	1
38033	0
38034	0
38041	0
38042	0
38043	0
38044	0
38045	0
38046	0
38047	0
38048	0
38049	0
38050	0
38051	0
38052	1
38053	0
38054	0
38055	0
38056	0
38057	0
38058	0
38071	0
38072	0
38073	0
38074	0
38075	0
38076	0
38077	0
38078	0
38079	0
38080	0
38081	0
38082	0
38095	0
38096	1
38097	0
38098	0
38099	0
38100	0
38119	0
38120	0
38121	0
38122	1
38123	0
38124	0
38137	0
38138	0
38139	0
38140	0
38141	0
38142	0
38167	0
38168	1
38169	0
38170	0
38171	0
38172	0
38179	0
38180	0
38181	0
38182	0
38183	0
38184	0
38227	0
38228	0
38229	0
38230	0
38231	0
38232	0
38257	0
38258	0
38259	0
38260	0
38261	0
38262	0
38281	0
38282	0
38283	0
38284	0
38285	0
38286	0
38293	0
38294	0
38295	0
38296	0
38297	0
38298	0
38305	0
38306	0
38307	0
38308	0
38309	0
38310	1
38341	0
38342	0
38343	0
38344	0
38345	1
38346	0
38347	0
38348	0
38349	0
38350	0
38351	0
38352	0
38353	2
38354	0
38355	1
38356	0
38357	0
38358	0
38359	2
38360	0
38361	0
38362	0
38363	0
38364	0
38365	0
38366	0
38367	1
38368	0
38369	0
38370	0
38371	0
38372	1
38373	0
38374	0
38375	0
38376	0
38389	0
38390	0
38391	0
38392	0
38393	0
38394	0
38395	0
38396	0
38397	0
38398	0
38399	0
38400	0
38401	0
38402	0
38403	0
38404	0
38405	0
38406	0
38455	0
38456	0
38457	0
38458	0
38459	0
38460	0
38461	0
38462	0
38463	0
38464	1
38465	0
38466	0
38473	0
38474	0
38475	0
38476	0
38477	0
38478	0
38503	0
38504	0
38505	0
38506	0
38507	0
38508	0
38509	0
38510	0
38511	0
38512	1
38513	0
38514	0
38521	0
38522	0
38523	0
38524	0
38525	1
38526	0
38533	0
38534	2
38535	0
38536	0
38537	0
38538	0
38545	0
38546	0
38547	0
38548	0
38549	0
38550	0
38557	0
38558	0
38559	0
38560	0
38561	2
38562	0
38563	0
38564	0
38565	0
38566	0
38567	0
38568	0
38569	0
38570	0
38571	1
38572	0
38573	0
38574	0
38605	0
38606	1
38607	2
38608	1
38609	0
38610	1
38659	1
38660	0
38661	0
38662	1
38663	0
38664	0
38665	0
38666	0
38667	0
38668	0
38669	0
38670	0
38671	0
38672	0
38673	0
38674	0
38675	0
38676	0
38677	0
38678	0
38679	0
38680	0
38681	0
38682	0
38731	0
38732	0
38733	0
38734	0
38735	0
38736	1
38737	0
38738	0
38739	0
38740	0
38741	0
38742	0
38749	0
38750	0
38751	0
38752	0
38753	0
38754	0
38755	0
38756	0
38757	2
38758	0
38759	0
38760	0
38767	0
38768	1
38769	0
38770	0
38771	1
38772	0
38779	0
38780	0
38781	0
38782	0
38783	0
38784	0
38785	0
38786	0
38787	0
38788	0
38789	0
38790	0
38797	0
38798	0
38799	0
38800	0
38801	0
38802	0
38809	0
38810	1
38811	0
38812	0
38813	1
38814	0
38833	0
38834	0
38835	0
38836	0
38837	0
38838	0
38839	0
38840	0
38841	0
38842	0
38843	0
38844	0
38845	0
38846	0
38847	0
38848	0
38849	0
38850	0
38851	0
38852	0
38853	0
38854	0
38855	0
38856	0
38881	0
38882	0
38883	0
38884	0
38885	1
38886	0
38893	0
38894	0
38895	0
38896	0
38897	0
38898	0
38911	0
38912	0
38913	0
38914	0
38915	0
38916	0
38965	0
38966	0
38967	0
38968	0
38969	0
38970	0
38971	0
38972	0
38973	0
38974	0
38975	0
38976	0
38983	0
38984	0
38985	0
38986	0
38987	0
38988	0
38989	0
38990	0
38991	0
38992	0
38993	1
38994	0
39001	0
39002	0
39003	0
39004	1
39005	0
39006	1
39007	1
39008	0
39009	0
39010	0
39011	0
39012	0
39013	0
39014	0
39015	0
39016	1
39017	0
39018	0
39127	0
39128	0
39129	1
39130	0
39131	0
39132	0
39133	0
39134	0
39135	0
39136	0
39137	0
39138	0
39139	0
39140	1
39141	0
39142	0
39143	0
39144	0
39145	0
39146	0
39147	0
39148	0
39149	0
39150	0
39151	0
39152	0
39153	0
39154	0
39155	0
39156	0
39157	0
39158	0
39159	0
39160	0
39161	0
39162	0
39169	0
39170	0
39171	0
39172	0
39173	0
39174	1
39175	0
39176	0
39177	0
39178	0
39179	0
39180	0
39181	0
39182	0
39183	0
39184	0
39185	0
39186	0
39187	0
39188	0
39189	0
39190	0
39191	1
39192	0
39229	0
39230	0
39231	1
39232	0
39233	0
39234	0
39235	0
39236	0
39237	0
39238	0
39239	0
39240	1
39241	0
39242	0
39243	0
39244	0
39245	0
39246	0
39247	0
39248	0
39249	0
39250	0
39251	0
39252	0
39259	0
39260	0
39261	0
39262	0
39263	0
39264	0
39265	0
39266	0
39267	0
39268	0
39269	0
39270	0
39271	0
39272	0
39273	0
39274	1
39275	0
39276	0
39283	0
39284	0
39285	0
39286	0
39287	0
39288	0
39289	0
39290	0
39291	0
39292	0
39293	0
39294	1
39295	0
39296	0
39297	0
39298	0
39299	0
39300	0
39301	0
39302	0
39303	0
39304	8
39305	0
39306	0
39343	0
39344	0
39345	0
39346	0
39347	0
39348	0
39355	0
39356	0
39357	0
39358	1
39359	0
39360	0
39361	0
39362	0
39363	0
39364	0
39365	0
39366	0
39367	2
39368	0
39369	0
39370	0
39371	0
39372	0
39403	0
39404	0
39405	0
39406	0
39407	0
39408	0
39409	0
39410	1
39411	0
39412	0
39413	0
39414	0
39493	0
39494	0
39495	1
39496	0
39497	0
39498	0
39601	0
39602	0
39603	0
39604	0
39605	0
39606	0
39607	0
39608	0
39609	0
39610	0
39611	1
39612	0
39613	0
39614	0
39615	0
39616	0
39617	0
39618	0
39637	0
39638	1
39639	0
39640	0
39641	1
39642	0
39643	0
39644	0
39645	0
39646	0
39647	0
39648	0
39649	0
39650	2
39651	0
39652	1
39653	0
39654	0
39655	0
39656	0
39657	0
39658	1
39659	0
39660	0
39661	0
39662	0
39663	0
39664	1
39665	0
39666	1
39667	0
39668	0
39669	0
39670	0
39671	0
39672	0
39673	0
39674	1
39675	0
39676	1
39677	0
39678	0
39679	0
39680	0
39681	0
39682	0
39683	0
39684	2
39685	0
39686	0
39687	0
39688	0
39689	0
39690	0
39697	0
39698	0
39699	1
39700	1
39701	0
39702	0
39703	0
39704	0
39705	0
39706	0
39707	0
39708	0
39709	0
39710	0
39711	0
39712	1
39713	0
39714	1
39715	0
39716	0
39717	0
39718	0
39719	0
39720	0
39721	1
39722	0
39723	0
39724	0
39725	0
39726	0
39727	0
39728	0
39729	0
39730	0
39731	0
39732	0
39733	0
39734	0
39735	0
39736	0
39737	0
39738	0
39739	0
39740	0
39741	0
39742	0
39743	0
39744	0
39751	0
39752	1
39753	1
39754	0
39755	1
39756	0
39757	0
39758	1
39759	0
39760	0
39761	0
39762	0
39763	0
39764	0
39765	0
39766	0
39767	0
39768	1
39769	0
39770	0
39771	0
39772	0
39773	0
39774	0
39775	0
39776	1
39777	0
39778	0
39779	0
39780	0
39781	1
39782	0
39783	0
39784	2
39785	1
39786	1
39823	0
39824	0
39825	0
39826	0
39827	0
39828	0
39829	0
39830	2
39831	0
39832	0
39833	0
39834	0
39835	0
39836	0
39837	0
39838	0
39839	0
39840	0
39877	0
39878	0
39879	0
39880	0
39881	0
39882	0
39925	1
39926	0
39927	0
39928	0
39929	0
39930	0
39937	1
39938	1
39939	0
39940	0
39941	0
39942	0
39949	0
39950	0
39951	0
39952	1
39953	0
39954	0
39961	0
39962	0
39963	1
39964	0
39965	0
39966	0
39973	0
39974	0
39975	0
39976	0
39977	1
39978	1
39997	2
39998	0
39999	0
40000	0
40001	0
40002	0
40015	1
40016	0
40017	0
40018	0
40019	0
40020	0
40027	0
40028	0
40029	0
40030	0
40031	0
40032	0
40033	2
40034	0
40035	0
40036	0
40037	0
40038	0
40063	0
40064	0
40065	1
40066	0
40067	1
40068	1
40069	0
40070	0
40071	0
40072	0
40073	0
40074	0
40075	1
40076	2
40077	0
40078	1
40079	0
40080	2
40099	0
40100	0
40101	0
40102	0
40103	0
40104	0
40105	0
40106	0
40107	0
40108	0
40110	0
40111	0
40112	0
40113	0
40114	0
40115	0
40116	0
40123	0
40124	0
40125	1
40126	0
40127	0
40128	1
40141	0
40142	0
40143	0
40144	0
40145	1
40146	0
40153	0
40154	0
40155	0
40156	0
40157	0
40158	0
40165	0
40166	0
40167	0
40168	0
40169	0
40170	0
40177	0
40178	0
40179	0
40180	1
40181	0
40182	2
40183	1
40184	0
40185	0
40186	0
40187	0
40188	0
40189	0
40190	0
40191	0
40192	0
40193	0
40194	0
40219	0
40220	0
40221	0
40222	0
40223	1
40224	0
40237	0
40238	0
40239	0
40240	0
40241	0
40242	0
40249	0
40250	0
40251	0
40252	1
40253	0
40254	0
40255	0
40256	0
40257	0
40258	0
40259	0
40260	0
40261	0
40262	0
40263	1
40264	0
40265	2
40266	0
40267	0
40268	0
40269	0
40270	0
40271	0
40272	0
40357	0
40358	0
40359	0
40360	1
40361	0
40362	1
40363	0
40364	0
40365	1
40366	0
40367	2
40368	0
40369	0
40370	0
40371	0
40372	0
40373	0
40374	0
40375	0
40376	0
40377	0
40378	0
40379	0
40380	0
40381	0
40382	0
40383	0
40384	0
40385	0
40386	0
40387	1
40388	0
40389	0
40390	0
40391	0
40392	0
40681	1
40683	0
40684	0
40685	0
40686	0
40687	0
40689	0
40690	0
40691	0
40692	0
40693	0
40695	0
40696	0
40697	0
40698	0
40699	0
40700	0
40701	0
40702	0
40703	0
40704	0
40705	0
40706	0
40707	0
40708	0
40709	0
40710	0
40711	0
40712	0
40713	0
40714	0
40715	0
40716	1
40717	0
40718	0
40719	0
40720	0
40721	1
40722	0
40741	0
40742	1
40743	0
40744	0
40745	0
40746	0
40747	0
40748	0
40749	0
40750	0
40751	0
40752	0
40753	0
40754	0
40755	0
40756	0
40757	1
40758	0
40777	0
40778	0
40779	0
40780	0
40781	0
40782	0
40783	0
40784	0
40785	0
40786	0
40787	0
40788	0
40789	1
40790	0
40791	0
40792	1
40793	0
40794	0
40813	0
40814	0
40815	0
40816	1
40817	1
40818	1
40819	0
40820	1
40821	0
40822	1
40823	0
40824	0
40837	0
40838	0
40839	0
40840	0
40841	0
40842	0
40843	0
40844	0
40845	0
40846	0
40847	2
40848	0
40855	0
40856	0
40857	0
40858	0
40859	0
40860	0
40867	0
40868	1
40869	0
40870	0
40871	0
40872	0
40873	0
40874	0
40875	0
40876	0
40877	0
40878	0
40879	0
40880	0
40881	0
40882	0
40883	0
40884	0
40885	0
40886	0
40887	0
40888	1
40889	0
40890	0
40891	0
40892	0
40893	0
40894	0
40895	0
40896	0
40897	0
40898	0
40899	0
40900	0
40901	0
40902	0
40903	0
40904	0
40905	0
40906	0
40907	0
40908	1
40909	0
40910	0
40911	0
40912	0
40913	0
40914	0
40951	0
40952	0
40953	0
40954	0
40955	0
40956	0
40957	0
40958	0
40959	0
40960	0
40961	0
40962	0
40963	0
40964	1
40965	0
40966	0
40967	0
40968	0
40969	1
40970	0
40971	0
40972	0
40973	0
40974	0
40975	0
40976	0
40977	0
40978	0
40979	2
40980	0
40981	0
40982	0
40983	0
40984	0
40985	0
40986	0
40987	0
40988	0
40989	0
40990	0
40991	0
40992	0
40993	0
40994	0
40995	0
40996	0
40997	0
40998	0
40999	0
41000	0
41001	0
41002	0
41003	0
41004	1
41023	0
41024	0
41025	0
41026	0
41027	0
41028	1
41029	0
41030	0
41031	0
41032	0
41033	0
41034	0
41071	0
41072	1
41073	0
41074	0
41075	0
41076	0
41125	0
41126	0
41127	0
41128	0
41129	2
41130	0
41137	0
41138	0
41139	0
41140	1
41141	0
41142	0
41143	0
41144	0
41145	0
41146	0
41147	0
41148	0
41149	0
41150	0
41151	0
41152	0
41153	0
41154	0
41155	0
41156	0
41157	0
41158	0
41159	1
41160	2
41161	0
41162	0
41163	0
41164	1
41165	0
41166	0
41167	1
41168	0
41169	0
41170	1
41171	0
41172	0
41185	0
41186	0
41187	0
41188	0
41189	0
41190	1
41197	0
41198	0
41199	0
41200	2
41201	0
41202	2
41221	0
41222	1
41223	0
41224	0
41225	0
41226	0
41245	0
41246	0
41247	0
41248	0
41249	0
41250	0
41287	0
41288	0
41289	0
41290	0
41291	0
41292	0
41293	0
41294	1
41295	0
41296	0
41297	0
41298	0
41299	0
41300	1
41301	0
41302	0
41303	0
41304	0
41305	0
41306	0
41307	0
41308	1
41309	0
41310	0
41317	0
41318	0
41319	0
41320	0
41321	0
41322	0
41365	0
41366	1
41367	0
41368	0
41369	0
41370	0
41377	0
41378	1
41379	0
41380	0
41381	0
41382	0
41383	0
41384	0
41385	0
41386	0
41387	0
41388	0
41389	1
41390	0
41391	0
41392	0
41393	0
41394	0
41413	1
41414	2
41415	0
41416	0
41417	0
41418	0
41425	0
41426	0
41427	0
41428	0
41429	0
41430	0
41449	0
41450	0
41451	1
41452	1
41453	0
41454	0
41455	0
41456	0
41457	0
41458	0
41459	1
41460	0
41461	0
41462	0
41463	0
41464	0
41465	0
41466	0
41467	0
41468	0
41469	0
41470	0
41471	0
41472	0
41473	0
41474	0
41475	0
41476	0
41477	0
41478	1
41527	0
41528	0
41529	0
41530	0
41531	0
41532	0
41545	0
41546	0
41547	0
41548	0
41549	0
41550	0
41557	0
41558	0
41559	0
41560	0
41561	0
41562	1
41569	0
41570	0
41571	0
41572	0
41573	0
41574	0
41575	0
41576	0
41577	0
41578	0
41579	1
41580	0
41581	0
41583	0
41585	0
41593	0
41594	0
41595	0
41596	0
41597	0
41598	1
41599	0
41600	1
41601	0
41602	0
41603	0
41604	0
41605	0
41606	0
41607	0
41608	0
41609	0
41610	0
41665	0
41666	0
41667	0
41668	0
41669	0
41670	0
41677	0
41678	1
41679	0
41680	0
41681	0
41682	0
41683	0
41684	0
41685	0
41686	0
41687	0
41688	0
41689	0
41690	0
41691	0
41692	0
41693	0
41694	0
41731	0
41732	0
41733	0
41734	1
41735	0
41736	0
41749	0
41750	0
41751	0
41752	0
41753	0
41754	0
41773	0
41774	0
41775	0
41776	0
41777	0
41778	0
41785	0
41786	0
41787	0
41788	0
41789	0
41790	0
41797	0
41798	0
41799	0
41800	0
41801	0
41802	1
41815	0
41816	2
41817	0
41818	0
41819	0
41820	0
41827	0
41828	0
41829	0
41830	0
41831	0
41832	0
41833	0
41834	1
41835	0
41836	0
41837	0
41838	0
41845	0
41846	0
41847	0
41848	0
41849	0
41850	0
41881	0
41882	0
41883	0
41884	0
41885	0
41886	0
41912	0
41914	0
41915	0
41916	0
41917	0
41918	0
41919	0
41920	0
41921	0
41922	0
41923	0
41924	0
41925	0
41926	0
41927	0
41928	0
41929	0
41930	0
41931	0
41932	0
41933	0
41934	0
41935	0
41936	2
41937	0
41938	0
41939	0
41940	0
41953	0
41954	0
41955	0
41956	0
41957	0
41958	0
41971	0
41972	0
41973	0
41974	0
41975	0
41976	1
41983	0
41984	0
41985	0
41986	0
41987	0
41988	0
41989	0
41990	0
41991	0
41992	0
41993	0
41994	0
41995	1
41996	1
41997	0
41998	0
41999	0
42000	0
42001	1
42002	1
42003	0
42004	0
42005	0
42006	0
42025	0
42026	2
42027	0
42028	0
42029	0
42030	0
42055	0
42056	0
42057	0
42058	0
42059	0
42060	0
42061	0
42062	0
42063	0
42064	0
42065	1
42066	1
42067	0
42068	0
42069	0
42070	0
42071	0
42072	0
42073	0
42074	0
42075	0
42076	0
42077	0
42078	0
42079	0
42080	0
42081	0
42082	0
42083	0
42084	0
42103	1
42104	0
42105	0
42106	0
42107	0
42108	0
42133	0
42134	0
42135	0
42136	0
42137	1
42138	0
42139	0
42140	0
42141	0
42142	0
42143	0
42144	0
42151	0
42152	0
42153	0
42154	0
42155	0
42156	0
42175	0
42176	0
42177	1
42178	1
42179	0
42180	0
42181	0
42182	0
42183	0
42184	0
42185	1
42186	0
42217	0
42218	0
42219	0
42220	0
42221	0
42222	0
42223	0
42224	0
42225	0
42226	0
42227	0
42228	0
42229	0
42230	0
42231	0
42232	0
42233	0
42234	0
42241	0
42242	0
42243	0
42244	0
42245	0
42246	0
42247	0
42248	0
42249	0
42250	0
42251	0
42252	1
42253	0
42254	0
42255	0
42256	0
42257	0
42258	0
42271	0
42272	0
42273	0
42274	0
42275	0
42276	0
42295	0
42296	0
42297	0
42298	0
42299	0
42300	0
42301	0
42302	0
42303	0
42304	0
42305	0
42306	0
42343	1
42344	0
42345	1
42346	0
42347	0
42348	0
42355	0
42356	0
42357	0
42358	0
42359	0
42360	0
42421	0
42422	0
42423	0
42424	0
42425	0
42426	0
42457	0
42458	0
42459	0
42460	0
42461	0
42462	0
42469	0
42470	0
42471	0
42472	0
42473	0
42474	1
42487	0
42488	0
42489	0
42490	0
42491	0
42492	0
42553	0
42554	0
42555	0
42556	0
42557	0
42558	0
42559	0
42560	1
42561	0
42562	0
42563	1
42564	0
42565	0
42566	0
42567	0
42568	0
42569	1
42570	0
42571	0
42572	0
42573	0
42574	0
42575	0
42576	0
42583	0
42584	0
42585	1
42586	0
42587	0
42588	0
42595	0
42596	1
42597	0
42598	0
42599	0
42600	0
42601	0
42602	0
42603	0
42604	0
42605	1
42606	0
42637	1
42638	0
42639	0
42640	0
42641	1
42642	0
42643	0
42644	0
42645	0
42646	0
42647	0
42648	0
42649	0
42650	0
42651	0
42652	0
42653	0
42654	0
42655	0
42656	0
42657	0
42658	0
42659	0
42660	1
42661	0
42662	0
42663	1
42664	0
42665	0
42666	0
42667	0
42668	0
42669	0
42670	0
42671	0
42672	0
42673	0
42674	0
42675	0
42676	0
42677	1
42678	0
42691	0
42692	0
42693	0
42694	0
42695	0
42696	0
42715	0
42716	0
42717	0
42718	0
42719	0
42720	0
42727	0
42728	1
42729	0
42730	2
42731	0
42732	4
42733	0
42734	0
42735	0
42736	0
42737	0
42738	0
42751	0
42752	1
42753	0
42754	0
42755	0
42756	0
42757	0
42758	0
42759	0
42760	1
42761	0
42762	1
42763	0
42764	0
42765	0
42766	1
42767	0
42768	0
42769	0
42770	1
42771	0
42772	0
42773	0
42774	0
42775	0
42776	0
42777	0
42778	0
42779	0
42780	2
42787	0
42788	0
42789	0
42790	0
42791	1
42792	0
42805	0
42806	0
42807	0
42808	0
42809	0
42810	0
42811	0
42812	0
42813	0
42814	0
42815	0
42816	0
42817	3
42818	0
42819	0
42820	0
42821	0
42822	0
42823	0
42824	0
42825	0
42826	0
42827	0
42828	0
42883	1
42885	0
42886	1
42887	0
42888	0
42889	2
42891	0
42892	0
42893	0
42894	0
42895	0
42896	1
42897	0
42898	0
42899	0
42900	1
42931	0
42932	0
42933	0
42934	0
42935	0
42936	1
43015	0
43016	1
43017	0
43018	0
43019	0
43020	0
43033	0
43034	0
43035	0
43036	0
43037	0
43038	0
43039	0
43040	0
43041	1
43042	0
43043	0
43044	0
43045	0
43046	0
43047	0
43048	0
43049	1
43050	1
43051	0
43052	0
43053	0
43054	0
43055	0
43056	0
43057	0
43058	0
43059	1
43060	0
43061	0
43062	0
43063	0
43064	0
43065	0
43066	0
43067	0
43068	0
43069	0
43070	0
43071	0
43072	1
43073	0
43074	0
43105	0
43106	0
43107	0
43108	1
43109	0
43110	0
43129	0
43130	0
43131	2
43132	0
43243	0
43244	0
43245	0
43246	0
43247	0
43248	0
43249	0
43250	0
43251	0
43252	0
43253	0
43254	0
43273	0
43274	0
43275	0
43276	0
43277	0
43278	0
43297	0
43298	0
43299	0
43300	0
43301	2
43302	0
43303	0
43304	0
43305	0
43306	0
43307	0
43308	0
43309	0
43310	0
43311	0
43312	0
43313	0
43314	0
43351	1
43353	0
43355	0
43356	0
43357	0
43358	0
43359	0
43360	0
43361	0
43362	0
43423	0
43424	0
43425	0
43426	0
43427	1
43428	0
43429	0
43430	0
43431	0
43432	0
43433	0
43434	0
43435	0
43436	0
43437	0
43438	0
43439	0
43440	0
43453	0
43454	0
43455	0
43456	2
43457	0
43458	2
43459	2
43460	1
43461	0
43462	1
43463	0
43464	2
43471	0
43472	0
43473	0
43474	0
43475	0
43476	1
43477	0
43478	0
43479	0
43480	0
43481	0
43482	0
43483	0
43484	0
43485	0
43486	0
43487	0
43488	0
43567	1
43568	0
43569	1
43570	0
43571	1
43572	0
43573	0
43574	0
43575	0
43576	0
43577	0
43578	0
43579	0
43580	0
43581	0
43582	0
43583	0
43584	0
43603	0
43604	0
43605	0
43606	0
43607	0
43608	0
43609	0
43610	0
43611	0
43612	0
43613	0
43614	0
43615	0
43616	0
43617	0
43618	0
43619	0
43620	0
43645	0
43646	0
43647	1
43648	0
43649	0
43650	0
43651	0
43652	0
43653	0
43654	0
43655	0
43656	0
43675	1
43676	0
43677	0
43678	0
43679	0
43680	0
43681	0
43682	0
43683	0
43684	0
43685	0
43686	0
43687	0
43688	0
43689	0
43690	0
43691	0
43692	0
43693	0
43694	0
43695	0
43696	0
43697	0
43698	0
43699	0
43700	0
43701	0
43702	0
43703	0
43704	0
43705	0
43706	0
43707	0
43708	0
43709	0
43710	0
43747	0
43748	0
43749	0
43750	0
43751	1
43752	0
43753	0
43754	0
43755	0
43756	0
43757	0
43758	0
43759	0
43760	0
43761	0
43762	0
43763	0
43764	0
43801	0
43802	2
43803	0
43804	0
43805	0
43806	0
43813	0
43814	0
43815	0
43816	0
43817	1
43818	0
43843	0
43844	0
43845	0
43846	0
43847	0
43848	0
43849	0
43850	1
43851	0
43852	0
43853	2
43854	0
43855	1
43856	0
43857	0
43858	0
43859	0
43860	1
43861	1
43862	0
43863	0
43864	0
43865	0
43866	0
43867	1
43868	0
43869	0
43870	0
43871	0
43872	0
43873	0
43874	0
43875	0
43876	0
43877	1
43878	0
43879	0
43880	0
43881	0
43882	0
43883	0
43884	0
43897	2
43898	0
43899	0
43900	0
43901	0
43902	0
43903	2
43904	0
43905	1
43906	0
43907	0
43908	0
43909	0
43910	0
43911	0
43912	0
43913	0
43914	1
43915	1
43916	0
43917	1
43918	0
43919	1
43920	0
43921	1
43922	0
43923	0
43924	0
43925	0
43926	1
43927	0
43928	0
43929	0
43930	0
43931	0
43932	0
43933	0
43934	0
43935	2
43936	0
43937	0
43938	1
43939	0
43940	0
43941	0
43942	0
43943	0
43944	0
43945	0
43946	0
43947	1
43948	0
43949	0
43950	1
44047	0
44048	0
44049	0
44050	0
44051	0
44052	0
44053	0
44054	0
44055	0
44056	0
44057	0
44058	0
44059	0
44060	0
44061	1
44062	0
44063	0
44064	0
44089	0
44090	0
44091	0
44092	0
44095	0
44096	0
44097	0
44098	0
44425	0
44426	0
44427	0
44428	0
44429	0
44430	0
44431	0
44432	0
44433	0
44434	0
44435	0
44436	0
44437	0
44438	0
44439	0
44440	0
44441	0
44442	0
44449	0
44450	0
44451	0
44452	0
44453	0
44454	0
44455	0
44456	0
44457	0
44458	0
44459	0
44460	0
44461	0
44462	0
44463	0
44464	0
44465	0
44466	0
44947	0
44948	0
44949	0
44950	0
44951	0
44952	0
45355	0
45356	0
45357	0
45358	0
45359	0
45360	0
45361	0
45362	0
45363	0
45364	0
45365	0
45366	0
45367	0
45368	0
45369	0
45370	0
45371	0
45372	0
45373	0
45374	1
45375	0
45376	0
45377	0
45378	0
45379	0
45380	0
45381	0
45382	0
45383	0
45384	0
45439	0
45440	0
45441	0
45442	2
45443	0
45444	0
45457	0
45458	0
45459	0
45460	0
45461	0
45462	1
45463	1
45464	0
45465	1
45466	0
45467	0
45468	0
45565	0
45566	0
45567	0
45568	0
45569	0
45570	2
45571	0
45572	0
45573	0
45574	0
45575	0
45576	1
45577	0
45578	0
45579	0
45580	0
45581	0
45582	0
46165	0
46166	0
46167	0
46168	0
46169	0
46170	0
46171	4
46172	0
46173	0
46175	3
46176	0
46177	0
46178	0
46179	0
46180	0
46181	0
46182	0
46183	0
46184	0
46185	0
46186	0
46187	0
46188	0
46189	0
46190	1
46191	0
46192	0
46193	0
46194	0
46195	1
46196	0
46197	0
46199	0
46200	0
