ObservationID	Count
169	2
170	3
171	1
172	3
173	0
174	0
175	0
176	0
177	0
178	0
179	0
180	0
325	0
326	0
327	0
328	0
329	0
330	1
337	0
338	2
339	0
340	5
341	0
342	0
391	0
392	0
393	0
394	0
395	0
396	4
397	0
398	3
399	0
400	0
401	0
402	2
469	0
470	0
471	0
472	0
473	0
474	0
481	3
482	0
483	0
484	0
485	0
486	0
511	0
512	2
513	0
514	0
515	10
516	0
517	6
518	0
519	0
520	0
521	6
522	0
523	0
524	4
525	0
526	0
527	0
528	0
529	0
530	3
531	2
532	0
533	0
534	0
541	0
542	0
543	0
544	0
545	0
546	1
547	0
548	0
549	0
551	0
553	0
554	0
555	0
557	4
571	1
572	2
573	0
574	2
575	0
576	0
585	0
586	0
588	0
589	0
590	0
591	2
592	1
593	0
594	1
597	0
598	1
600	0
643	0
644	0
645	0
646	0
647	1
648	2
805	0
806	0
807	4
808	3
809	0
810	4
811	0
812	0
813	4
814	2
815	0
816	2
877	0
878	0
879	0
880	0
881	0
882	0
889	0
890	0
891	0
892	0
893	0
894	0
1045	0
1046	0
1047	0
1048	0
1049	0
1050	0
1051	1
1052	0
1053	0
1054	0
1055	0
1056	0
1081	0
1082	0
1083	1
1084	0
1085	0
1086	0
1099	0
1100	0
1101	0
1102	0
1103	0
1104	0
1111	0
1112	0
1113	0
1114	0
1115	0
1116	4
1123	0
1124	0
1125	0
1126	1
1127	0
1128	2
1129	0
1130	0
1131	0
1132	2
1133	0
1134	2
1219	0
1220	1
1221	0
1222	0
1223	0
1224	0
1225	0
1226	0
1227	0
1228	0
1229	0
1230	0
1249	0
1250	0
1251	0
1252	0
1253	0
1254	1
1273	0
1274	0
1275	0
1276	7
1277	3
1278	1
1291	0
1292	0
1293	0
1294	0
1295	0
1296	0
1303	0
1304	0
1305	0
1306	0
1307	0
1308	0
1333	0
1334	0
1335	0
1336	10
1337	0
1338	1
1339	6
1340	0
1341	4
1342	0
1343	0
1344	0
1351	0
1352	0
1353	0
1354	0
1355	0
1356	0
1363	0
1364	0
1365	0
1366	0
1367	0
1368	0
1399	5
1400	3
1401	0
1402	0
1403	0
1404	0
1405	6
1406	2
1407	0
1408	0
1409	0
1410	0
1435	0
1436	0
1437	0
1438	0
1439	0
1440	0
1441	0
1442	0
1443	0
1444	0
1445	0
1446	0
1537	0
1538	0
1539	0
1540	0
1541	1
1542	0
1543	2
1544	0
1545	0
1546	0
1547	0
1548	0
1633	0
1634	1
1635	0
1636	12
1637	0
1638	0
1687	0
1688	0
1689	0
1690	4
1691	2
1692	0
1717	3
1718	2
1719	4
1720	0
1721	0
1722	0
1753	1
1754	0
1755	0
1756	0
1757	0
1758	0
1783	1
1784	0
1785	1
1786	0
1787	0
1788	0
1921	0
1922	0
1923	1
1924	0
1925	5
1926	0
1927	0
1928	5
1929	0
1930	0
1931	5
1932	0
2005	1
2006	1
2007	0
2008	0
2009	0
2010	0
2023	0
2024	0
2025	0
2026	0
2027	0
2028	2
2029	0
2030	0
2031	1
2032	6
2033	0
2034	2
2047	0
2048	0
2050	0
2051	0
2052	4
2053	0
2054	0
2056	0
2057	0
2058	4
2065	0
2066	0
2067	0
2068	2
2069	4
2070	0
2071	0
2072	0
2073	0
2074	0
2075	0
2076	0
2083	0
2084	0
2085	0
2086	0
2087	0
2088	0
2089	1
2090	0
2091	0
2092	0
2093	0
2094	0
2101	0
2102	0
2103	0
2104	0
2105	0
2106	0
2107	0
2108	0
2109	0
2110	0
2111	0
2112	0
2119	0
2120	2
2121	0
2122	0
2123	0
2124	0
2125	0
2126	0
2127	0
2128	0
2129	0
2130	0
2197	0
2198	2
2199	0
2200	1
2201	2
2202	0
2275	2
2276	0
2277	0
2278	0
2279	1
2280	0
2281	1
2282	2
2283	0
2284	0
2285	1
2286	0
2341	0
2342	3
2343	0
2344	0
2345	0
2346	0
2347	2
2348	0
2349	0
2350	0
2351	0
2352	0
2353	2
2354	4
2355	1
2356	0
2357	0
2358	0
2359	0
2360	5
2361	3
2362	0
2363	0
2364	0
2365	1
2366	0
2367	6
2368	0
2369	0
2370	0
2377	3
2378	2
2379	0
2380	2
2381	7
2382	0
2383	12
2384	4
2385	9
2386	11
2387	0
2388	0
2413	0
2414	0
2415	0
2416	0
2417	2
2418	0
2503	0
2504	0
2505	0
2506	0
2507	0
2508	0
2509	0
2510	0
2511	0
2512	0
2513	1
2514	0
2527	0
2528	0
2529	0
2530	0
2531	0
2532	0
2533	0
2534	0
2535	0
2536	0
2537	0
2538	0
2557	2
2558	0
2559	3
2560	0
2561	0
2562	0
2563	0
2564	0
2565	0
2566	0
2567	0
2568	1
2581	1
2582	0
2583	0
2584	3
2585	0
2586	0
2749	0
2750	0
2751	0
2752	0
2753	1
2754	1
2761	0
2762	0
2763	0
2764	2
2765	0
2766	0
2779	0
2780	6
2781	0
2782	0
2783	0
2784	0
2797	0
2798	0
2799	1
2800	0
2801	1
2802	0
2803	0
2804	0
2805	0
2806	1
2807	0
2808	1
2851	0
2852	0
2853	0
2854	0
2855	0
2856	0
2857	0
2858	4
2859	0
2860	4
2861	0
2862	0
2947	0
2948	0
2949	0
2950	1
2951	0
2952	0
2959	0
2960	1
2961	0
2962	0
2963	0
2964	0
2965	0
2966	6
2967	0
2968	2
2969	0
2970	0
2977	0
2978	0
2979	0
2980	0
2981	0
2982	0
3001	1
3002	0
3003	0
3004	0
3005	0
3006	0
3007	2
3008	0
3009	0
3010	0
3011	2
3012	0
3091	0
3092	0
3093	0
3094	0
3095	1
3096	0
3097	0
3098	0
3099	0
3100	0
3101	2
3102	0
3193	0
3194	0
3196	0
3197	0
3198	0
3199	0
3200	0
3202	0
3203	0
3204	10
3205	0
3206	0
3207	0
3208	0
3209	8
3210	2
3229	0
3230	2
3231	0
3232	0
3233	0
3234	0
3235	4
3236	6
3237	0
3238	0
3239	0
3240	0
3367	0
3368	0
3369	0
3370	0
3371	0
3372	0
3373	0
3374	0
3375	0
3376	0
3377	0
3378	0
3385	0
3386	0
3387	0
3388	2
3389	0
3390	0
3391	0
3392	0
3393	0
3394	4
3395	0
3396	0
3439	0
3440	0
3441	1
3442	0
3443	0
3444	0
3445	0
3446	0
3447	1
3448	0
3449	0
3450	0
3487	28
3488	6
3490	2
3491	0
3493	6
3494	0
3496	8
3497	0
3517	0
3518	5
3519	0
3520	0
3521	0
3522	0
3529	3
3530	0
3531	0
3532	0
3533	0
3534	0
3565	0
3566	0
3567	0
3568	1
3569	2
3570	1
3583	0
3584	0
3585	0
3586	0
3587	0
3588	0
3673	0
3674	0
3675	0
3676	1
3677	0
3678	0
3679	0
3680	0
3681	2
3682	6
3683	0
3684	0
3721	0
3722	0
3723	0
3724	0
3725	0
3726	0
3727	0
3728	0
3729	0
3730	0
3731	0
3732	0
3751	27
3752	0
3753	1
3754	3
3755	0
3756	0
3769	0
3770	0
3771	0
3772	0
3773	0
3774	1
3775	0
3776	0
3777	0
3778	0
3779	0
3780	0
3781	0
3782	0
3783	0
3784	0
3785	0
3786	0
3787	0
3788	0
3789	0
3790	0
3791	0
3792	3
3805	2
3806	0
3807	0
3808	0
3809	0
3810	0
3919	0
3921	0
3922	0
3924	0
3925	0
3927	2
3928	0
3930	0
4063	0
4064	0
4065	0
4066	0
4067	1
4068	0
4069	1
4070	0
4071	0
4072	0
4073	0
4074	0
4105	0
4106	0
4107	1
4108	0
4109	0
4110	0
4111	0
4112	0
4113	0
4114	0
4115	15
4116	1
4123	0
4124	0
4125	0
4126	0
4127	1
4128	0
4129	0
4130	8
4131	5
4132	7
4133	2
4134	6
4183	0
4184	0
4185	1
4186	0
4187	0
4188	0
4189	0
4190	1
4191	0
4192	0
4193	0
4194	0
4285	2
4286	1
4287	3
4288	0
4289	2
4290	4
4291	0
4292	2
4293	0
4294	0
4295	0
4296	0
4375	2
4376	9
4377	2
4378	7
4379	0
4380	0
4399	0
4400	0
4401	0
4402	0
4403	0
4404	1
4411	0
4412	0
4413	0
4414	0
4415	0
4416	2
4423	4
4424	2
4425	0
4426	4
4427	1
4428	2
4429	36
4430	20
4431	36
4432	2
4433	0
4434	0
4837	0
4838	0
4839	0
4840	0
4841	0
4842	0
4843	2
4844	0
4845	0
4846	0
4847	0
4848	1
4891	0
4892	0
4893	0
4894	3
4895	0
4896	2
4897	0
4898	0
4899	4
4900	5
4901	1
4902	4
4921	0
4922	0
4923	1
4924	0
4925	0
4926	0
4927	0
4928	0
4929	1
4930	0
4931	0
4932	0
5503	0
5504	2
5505	0
5506	0
5507	0
5508	0
5509	0
5510	2
5511	0
5512	0
5513	0
5514	0
5551	1
5552	0
5553	0
5554	0
5555	0
5556	0
5557	0
5558	0
5559	1
5560	0
5561	0
5562	0
5821	0
5822	0
5823	0
5824	0
5825	0
5826	0
5827	1
5828	0
5829	0
5830	0
5831	0
5832	0
5893	0
5894	0
5895	0
5896	0
5897	0
5898	0
6241	1
6242	0
6243	0
6244	0
6245	0
6246	0
6247	0
6248	0
6249	0
6250	0
6251	0
6252	0
6259	2
6260	6
6261	3
6262	8
6263	0
6264	2
6265	1
6266	4
6267	4
6268	2
6269	8
6270	0
6295	0
6296	0
6297	1
6298	0
6299	3
6300	0
6307	2
6308	0
6309	0
6310	0
6311	0
6312	0
6313	0
6314	0
6315	0
6316	0
6317	0
6318	0
6607	0
6608	0
6609	0
6610	0
6611	0
6612	0
6877	0
6878	0
6879	0
6880	0
6881	2
6882	0
6883	0
6884	0
6885	0
6886	0
6887	0
6888	0
7081	0
7082	0
7083	0
7084	5
7085	3
7086	1
7087	1
7088	0
7089	0
7090	0
7091	4
7092	2
7093	0
7094	0
7095	0
7096	2
7097	0
7098	0
7099	0
7100	0
7101	4
7102	0
7103	0
7104	0
7105	0
7106	0
7107	0
7108	0
7109	2
7110	0
7111	2
7112	0
7113	0
7114	0
7115	1
7116	2
7117	2
7118	0
7119	2
7120	0
7121	0
7122	5
7123	2
7124	2
7125	0
7126	3
7127	1
7128	2
7147	0
7148	0
7149	0
7150	0
7151	12
7152	0
7261	1
7262	0
7263	0
7264	0
7265	0
7266	0
7573	0
7574	0
7575	16
7576	1
7577	0
7578	0
8443	3
8444	2
8445	0
8446	0
8447	0
8448	0
8521	0
8522	0
8523	0
8524	0
8525	8
8526	0
8551	0
8553	4
8554	0
8555	1
8556	0
8563	0
8565	8
8566	0
8567	2
8568	0
8581	1
8582	2
8583	16
8584	0
8585	85
8586	2
8587	0
8588	0
8589	0
8590	0
8591	0
8592	0
8617	1
8618	0
8619	0
8620	2
8621	0
8622	0
8623	0
8624	0
8625	0
8626	0
8627	0
8628	2
8671	0
8672	0
8673	0
8674	0
8675	0
8676	2
8677	0
8678	1
8679	0
8680	0
8681	0
8682	2
8701	0
8702	0
8703	1
8704	0
8705	0
8706	0
8713	6
8714	9
8715	3
8716	5
8717	2
8718	2
8911	14
8912	0
8913	2
8914	2
8915	0
8916	0
9523	0
9524	0
9525	0
9526	3
9527	4
9528	0
9547	0
9548	0
9549	0
9550	0
9551	0
9552	0
9631	0
9632	0
9633	0
9634	0
9635	0
9636	0
9637	0
9638	0
9639	0
9640	0
9641	0
9642	0
9715	0
9716	1
9717	0
9718	0
9719	0
9720	0
9721	0
9722	0
9723	0
9724	2
9725	0
9726	0
9859	2
9860	1
9861	0
9862	0
9863	0
9864	0
9865	2
9866	4
9867	0
9868	0
9869	0
9870	1
10135	3
10136	0
10137	0
10138	0
10139	0
10140	0
10141	1
10142	0
10143	0
10144	0
10145	0
10146	0
10537	0
10538	0
10539	0
10540	0
10541	0
10542	0
10567	0
10568	0
10569	0
10570	0
10571	0
10572	0
10573	0
10574	0
10575	2
10576	3
10577	0
10578	1
10579	1
10580	0
10581	0
10582	0
10583	0
10584	0
10591	0
10592	0
10593	0
10594	13
10595	0
10596	0
10597	0
10598	0
10599	0
10600	0
10601	0
10602	2
10603	2
10604	0
10605	3
10606	2
10607	2
10608	0
10621	0
10622	3
10623	0
10624	0
10625	0
10626	2
10627	0
10628	0
10629	0
10630	2
10631	2
10632	0
10633	0
10634	0
10635	2
10636	0
10637	0
10638	2
10639	0
10640	0
10641	0
10642	0
10643	0
10644	0
10651	0
10652	0
10653	0
10654	0
10655	0
10656	0
11149	1
11150	0
11151	0
11152	1
11153	0
11154	1
11197	0
11198	0
11199	1
11200	0
11201	0
11202	0
11209	0
11210	0
11211	2
11212	0
11213	0
11214	0
14119	3
14120	0
14121	0
14122	0
14123	1
14124	2
14311	0
14313	0
14315	0
14316	0
14365	0
14366	0
14367	0
14368	0
14369	2
14370	0
14383	0
14384	0
14385	0
14386	0
14387	0
14388	0
14419	0
14420	0
14421	0
14422	0
14423	2
14424	0
14431	0
14432	0
14433	4
14434	4
14435	2
14436	0
14467	3
14468	2
14469	4
14470	2
14471	0
14472	0
14473	4
14474	2
14475	5
14476	1
14477	0
14478	0
14527	2
14528	0
14529	0
14530	0
14531	2
14532	0
14533	0
14534	0
14535	0
14536	0
14537	0
14538	1
14917	10
14918	0
14919	0
14920	0
14921	0
14922	0
14941	0
14942	0
14943	0
14944	0
14945	0
14946	2
14947	0
14948	0
14949	0
14950	0
14951	0
14952	5
14983	0
14984	0
14985	0
14986	0
14987	0
14988	2
14995	0
14996	0
14997	1
14998	0
14999	2
15000	0
15001	0
15002	0
15003	7
15004	0
15005	2
15006	0
15007	0
15008	0
15009	0
15010	0
15011	0
15012	0
15019	2
15020	0
15021	5
15022	2
15023	4
15024	0
15025	4
15026	0
15027	4
15028	4
15029	3
15030	0
15067	6
15068	0
15069	3
15070	0
15071	2
15072	0
15073	5
15074	0
15075	10
15076	0
15077	0
15078	0
15085	0
15086	3
15087	0
15088	1
15089	1
15090	0
15091	2
15092	1
15093	0
15094	0
15095	1
15096	0
15139	0
15140	0
15141	0
15142	0
15143	3
15144	0
15247	0
15248	0
15249	0
15250	0
15251	1
15252	2
15253	0
15254	0
15255	0
15256	0
15257	4
15258	1
15259	0
15260	0
15261	0
15262	0
15263	0
15264	0
15265	0
15266	0
15267	0
15268	0
15269	2
15270	0
15571	0
15572	0
15573	0
15574	0
15575	0
15576	0
15577	0
15578	0
15579	0
15580	1
15581	0
15582	0
15679	5
15680	0
15681	4
15682	4
15683	0
15684	0
15686	0
15687	4
15688	10
15689	5
15690	0
15703	2
15705	0
15707	0
15708	0
15769	0
15770	0
15771	0
15772	0
15773	1
15774	1
15775	0
15776	0
15777	0
15778	1
15779	0
15780	1
15793	0
15794	0
15795	0
15796	0
15797	0
15798	0
15799	0
15800	0
15801	1
15802	1
15803	0
15804	0
15805	0
15806	0
15807	1
15808	0
15809	0
15810	0
15811	0
15812	0
15813	0
15814	0
15815	0
15816	0
15919	3
15920	0
15921	11
15922	2
15923	0
15924	0
15925	0
15926	0
15927	0
15928	0
15929	0
15930	0
15985	0
15986	0
15987	0
15988	0
15989	0
15990	0
15991	1
15992	0
15993	0
15994	0
15995	1
15996	3
16057	0
16058	0
16059	0
16060	0
16061	0
16062	0
16063	0
16064	0
16065	2
16066	0
16067	0
16068	3
16327	0
16328	0
16329	1
16330	2
16331	0
16332	2
16333	0
16334	1
16335	0
16336	0
16337	0
16338	0
16345	0
16346	0
16347	0
16348	2
16349	1
16350	0
16423	0
16424	0
16425	0
16426	2
16427	0
16428	0
16429	0
16430	0
16431	0
16432	2
16433	0
16434	0
16501	0
16502	0
16503	0
16504	0
16505	0
16506	0
16519	0
16520	0
16521	1
16522	0
16523	1
16627	0
16628	0
16629	0
16630	0
16631	1
16632	0
16633	0
16634	0
16635	0
16636	0
16637	0
16638	0
16729	0
16730	0
16731	0
16732	0
16733	0
16734	0
16765	0
16766	0
16767	0
16768	0
16769	1
16770	0
16825	0
16826	5
16827	1
16828	0
16829	0
16830	0
16831	0
16832	0
16833	1
16834	0
16835	0
16836	0
16837	3
16838	0
16839	0
16840	0
16841	3
16842	0
16843	0
16844	1
16845	5
16846	2
16847	0
16848	1
16855	1
16856	0
16857	4
16858	0
16859	7
16860	0
16861	2
16862	0
16863	0
16864	0
16865	1
16866	0
17035	0
17036	0
17037	0
17038	0
17039	1
17040	0
17071	2
17072	0
17073	0
17074	0
17075	0
17076	0
17137	0
17138	0
17139	3
17140	0
17141	0
17142	0
17155	0
17156	0
17157	0
17158	0
17159	0
17160	0
17197	0
17198	0
17199	0
17200	1
17201	0
17202	0
17203	0
17204	0
17205	0
17206	0
17207	0
17208	0
17359	0
17360	0
17361	0
17362	3
17363	0
17364	0
17371	0
17372	0
17373	0
17374	1
17375	0
17376	0
17401	0
17402	0
17403	0
17404	3
17405	0
17406	0
17413	0
17414	0
17415	0
17416	0
17417	0
17418	0
17443	0
17444	2
17445	0
17446	0
17447	0
17448	0
17449	0
17450	2
17451	0
17452	3
17453	0
17454	12
17461	0
17462	14
17463	0
17464	0
17465	0
17466	2
17467	4
17468	0
17469	3
17470	0
17471	2
17472	4
17473	1
17474	0
17475	1
17476	2
17477	0
17478	0
17485	1
17486	0
17487	0
17488	0
17489	1
17490	0
17491	7
17492	5
17493	0
17494	0
17495	0
17496	0
17503	0
17504	0
17505	3
17506	0
17507	2
17508	1
17557	1
17558	0
17559	0
17560	2
17561	0
17562	0
17563	5
17564	0
17565	0
17566	3
17567	6
17568	2
17569	0
17570	0
17571	2
17572	2
17573	2
17574	5
17575	0
17576	0
17577	0
17578	4
17579	4
17580	2
17605	0
17606	0
17607	0
17608	0
17609	0
17610	0
17611	0
17612	0
17613	0
17614	1
17615	0
17616	5
17623	0
17624	0
17625	0
17626	0
17627	0
17628	0
17629	3
17630	0
17631	0
17632	0
17633	0
17634	0
17671	0
17672	0
17673	1
17674	2
17675	3
17676	0
17857	0
17858	0
17859	1
17860	0
17861	0
17862	0
17869	0
17870	0
17871	4
17872	0
17873	0
17874	2
18073	0
18074	2
18075	0
18076	0
18077	1
18078	2
18079	4
18080	1
18081	2
18082	4
18083	0
18084	0
18085	1
18086	0
18087	2
18088	2
18089	0
18090	1
18097	2
18098	4
18099	1
18100	8
18101	0
18102	1
18115	4
18116	0
18117	0
18118	0
18119	0
18120	2
18121	6
18122	0
18124	0
18125	2
18126	6
18133	2
18134	0
18135	0
18136	2
18137	2
18138	0
18139	0
18140	0
18141	0
18142	0
18143	0
18144	0
18145	0
18146	6
18147	2
18148	8
18149	0
18150	0
18151	0
18152	5
18153	2
18154	6
18155	0
18156	2
18157	4
18158	0
18159	5
18160	0
18161	0
18162	1
18169	5
18170	0
18171	0
18172	2
18173	0
18174	0
18187	2
18188	0
18189	0
18190	0
18191	0
18192	1
18193	0
18194	8
18195	0
18196	0
18197	0
18198	2
18235	0
18236	0
18237	4
18239	0
18240	6
18241	0
18242	0
18243	5
18245	0
18246	6
18271	4
18272	2
18273	0
18274	0
18275	0
18276	0
18277	1
18278	9
18279	0
18280	0
18281	0
18282	0
18307	0
18308	0
18309	0
18310	0
18311	0
18312	0
18313	0
18314	3
18315	0
18316	0
18317	0
18318	0
18421	0
18422	0
18423	0
18424	1
18425	0
18426	0
18433	2
18434	0
18435	0
18436	0
18437	0
18438	0
18457	0
18458	0
18459	0
18460	0
18461	0
18462	0
18463	5
18464	0
18465	0
18466	0
18467	1
18468	0
18547	0
18548	0
18549	0
18550	0
18551	0
18552	0
18553	0
18554	0
18555	0
18556	0
18557	0
18558	0
18583	0
18584	0
18585	0
18586	0
18587	0
18588	1
18589	0
18590	0
18591	0
18592	0
18593	0
18594	0
18799	12
18800	0
18801	0
18802	2
18803	0
18804	3
18811	2
18812	0
18813	0
18814	0
18815	0
18816	0
18817	0
18818	0
18819	0
18820	0
18821	2
18822	0
18829	2
18830	0
18831	1
18832	0
18833	0
18834	0
18841	1
18842	0
18843	2
18844	0
18845	2
18846	0
18859	0
18860	0
18861	0
18862	5
18863	0
18864	0
18871	0
18872	0
18873	0
18874	3
18875	0
18876	0
18907	0
18908	0
18909	0
18910	0
18911	0
18912	0
18913	1
18914	0
18915	0
18916	0
18917	0
18918	0
18973	0
18974	0
18975	0
18976	0
18977	0
18978	1
18985	1
18986	0
18987	1
18988	0
18989	0
18990	1
18991	1
18992	1
18993	0
18994	0
18995	2
18996	1
19003	0
19004	0
19005	0
19006	0
19007	0
19008	0
19009	0
19010	0
19011	16
19012	0
19013	1
19014	0
19081	0
19082	0
19083	0
19084	0
19085	0
19086	0
19087	0
19088	0
19089	0
19090	0
19091	0
19092	1
19093	0
19095	1
19096	0
19097	1
19098	2
19099	0
19100	0
19101	0
19102	0
19103	0
19104	0
19111	0
19112	0
19113	0
19114	0
19115	0
19116	6
19117	0
19118	0
19119	0
19120	0
19121	1
19122	0
19129	0
19130	0
19131	0
19132	0
19133	0
19134	1
19135	0
19136	0
19137	0
19138	0
19139	0
19140	0
19159	0
19160	0
19161	0
19162	0
19163	0
19164	0
19189	0
19190	0
19191	0
19192	0
19193	0
19194	0
19219	2
19220	0
19221	0
19222	2
19223	0
19224	2
19225	0
19226	0
19227	0
19228	0
19229	2
19230	0
19231	0
19232	0
19233	0
19234	0
19235	2
19236	3
19237	0
19238	0
19239	0
19240	4
19241	0
19242	7
19363	1
19364	0
19365	5
19366	0
19367	0
19368	0
19369	0
19370	0
19371	0
19372	0
19373	0
19374	0
19381	3
19382	0
19383	0
19384	2
19385	0
19386	0
19387	2
19388	4
19389	0
19390	3
19391	0
19392	0
19447	0
19448	0
19449	0
19450	0
19451	0
19452	1
19453	0
19454	0
19455	0
19456	1
19457	0
19458	0
19459	0
19460	0
19461	0
19462	0
19463	0
19464	0
19465	0
19466	0
19467	0
19468	0
19469	0
19470	0
19477	0
19478	0
19479	0
19480	1
19481	5
19482	0
19483	3
19484	2
19485	2
19486	0
19487	1
19488	0
19489	0
19490	1
19491	0
19492	0
19493	0
19494	0
19495	4
19496	0
19497	0
19498	0
19499	0
19500	0
19555	0
19556	0
19557	0
19558	0
19559	0
19560	3
19561	0
19562	1
19563	0
19564	0
19565	0
19566	0
19597	0
19598	0
19599	4
19600	0
19601	0
19602	0
19603	0
19604	0
19605	0
19606	0
19607	0
19608	2
19651	0
19652	0
19653	1
19654	0
19655	3
19656	0
19657	0
19658	0
19659	0
19660	0
19661	0
19662	0
19663	0
19664	0
19665	0
19666	0
19667	0
19668	0
19669	0
19670	0
19671	0
19672	1
19673	0
19674	0
19681	0
19682	0
19683	4
19684	0
19685	0
19686	0
20047	0
20048	0
20049	0
20050	1
20051	0
20052	0
20179	0
20180	0
20181	0
20182	0
20183	0
20184	0
20359	0
20360	4
20361	0
20362	0
20363	2
20364	0
20365	2
20366	5
20367	0
20368	0
20369	3
20370	0
20401	0
20402	0
20403	0
20404	0
20405	0
20406	0
20413	0
20414	0
20415	0
20416	0
20417	0
20418	0
20617	0
20618	0
20619	4
20620	0
20621	0
20622	0
20623	0
20624	0
20625	1
20626	0
20627	4
20628	0
20833	0
20834	0
20835	0
20836	1
20837	0
20838	1
20839	0
20840	0
20841	1
20842	0
20843	0
20844	0
20845	0
20846	1
20847	0
20848	3
20849	0
20850	2
20851	1
20852	0
20853	0
20854	0
20855	1
20856	0
20857	0
20858	0
20859	0
20860	0
20861	3
20862	0
20863	0
20864	0
20865	0
20866	0
20867	0
20868	0
20869	0
20870	0
20871	1
20872	2
20873	1
20874	0
20875	0
20876	2
20877	1
20878	6
20879	1
20880	2
20887	0
20888	0
20889	1
20890	1
20891	0
20892	1
20905	0
20906	0
20907	9
20908	0
20909	1
20910	0
20953	1
20954	0
20955	0
20956	0
20957	0
20958	0
20971	1
20972	0
20973	0
20974	0
20975	1
20976	0
20977	3
20978	1
20979	0
20980	0
20981	0
20982	1
21013	0
21014	0
21015	0
21016	0
21017	0
21018	0
21019	0
21020	2
21021	0
21022	0
21023	1
21024	0
21037	0
21038	0
21039	0
21040	0
21041	0
21042	0
21043	0
21044	0
21045	0
21046	4
21047	0
21048	0
21049	0
21050	1
21051	0
21052	3
21053	22
21054	1
21055	1
21056	0
21057	0
21058	0
21059	0
21060	0
21061	4
21062	4
21063	5
21064	0
21065	0
21066	1
21079	0
21080	1
21081	0
21082	0
21083	0
21084	0
21085	0
21086	4
21087	0
21088	1
21089	2
21090	0
21091	1
21092	0
21093	0
21094	0
21095	0
21096	0
21097	0
21098	0
21099	0
21100	0
21101	0
21102	2
21163	0
21164	0
21165	0
21166	0
21167	2
21168	0
21169	0
21170	0
21171	2
21172	0
21173	2
21174	0
21181	1
21182	3
21183	1
21184	1
21185	0
21186	1
21193	1
21194	0
21195	1
21196	7
21197	2
21198	2
21199	0
21200	0
21201	0
21202	0
21203	2
21204	0
21205	1
21206	0
21207	0
21208	1
21209	0
21210	0
21241	2
21242	0
21243	0
21244	0
21245	0
21246	0
21247	1
21248	0
21249	0
21250	0
21251	0
21252	0
21307	0
21308	5
21309	0
21310	0
21311	0
21312	2
21313	0
21314	2
21315	0
21316	0
21317	0
21318	0
21349	0
21350	0
21351	0
21352	0
21353	0
21354	0
21355	0
21356	0
21357	0
21358	0
21359	1
21360	0
21535	1
21536	0
21537	0
21538	0
21539	0
21540	0
21613	0
21614	0
21615	2
21616	0
21617	0
21618	0
21619	0
21620	2
21621	0
21622	0
21623	0
21624	0
21679	0
21680	0
21681	0
21682	0
21683	9
21684	0
21691	0
21692	9
21693	1
21694	0
21695	4
21696	5
21697	0
21698	0
21699	0
21700	0
21701	0
21702	0
21709	0
21710	0
21711	0
21712	0
21713	12
21714	0
21787	0
21788	3
21789	0
21790	0
21791	0
21792	0
21841	2
21842	0
21843	0
21844	0
21845	0
21846	0
22033	0
22034	0
22035	3
22036	0
22037	0
22153	0
22154	0
22155	0
22156	0
22157	2
22158	0
22339	0
22340	1
22341	0
22342	0
22343	0
22344	0
22345	0
22346	0
22347	0
22348	0
22349	0
22350	0
22363	15
22364	4
22365	0
22366	12
22367	14
22369	0
22370	19
22371	0
22372	3
22373	2
22374	0
22561	3
22562	7
22563	4
22564	1
22565	2
22566	1
22567	7
22568	6
22569	5
22570	1
22571	3
22572	6
22579	0
22580	0
22581	0
22582	2
22583	3
22584	5
23431	0
23432	0
23433	0
23434	0
23435	0
23436	4
24067	0
24068	1
24070	2
24071	0
24072	0
24283	0
24284	0
24285	0
24286	0
24287	0
24288	0
24289	0
24290	0
24291	0
24292	0
24293	0
24294	0
24295	0
24296	0
24297	0
24298	0
24299	0
24300	0
24331	3
24332	0
24333	0
24334	2
24335	0
24336	0
24391	1
24392	1
24393	0
24394	3
24395	0
24396	0
24397	0
24398	0
24399	0
24400	4
24401	0
24402	0
25369	0
25370	3
25371	0
25372	0
25373	0
25374	2
25381	0
25382	0
25383	0
25384	0
25385	0
25386	0
25387	0
25388	0
25389	2
25390	0
25391	0
25392	0
25393	1
25394	0
25395	0
25396	10
25397	0
25398	0
25405	0
25406	0
25407	0
25408	0
25409	0
25410	2
25411	0
25412	0
25413	2
25414	0
25415	0
25416	0
25429	0
25430	0
25431	0
25432	0
25433	1
25434	0
25435	0
25436	0
25437	0
25438	0
25439	0
25440	0
25447	0
25448	0
25449	0
25450	0
25451	0
25452	0
25615	0
25616	30
25617	25
25618	0
25619	0
25620	0
25735	0
25736	0
25737	0
25738	0
25739	0
25740	0
25843	0
25844	2
25845	0
25846	0
25847	0
25848	7
25945	1
25946	0
25947	2
25948	4
25949	1
25950	1
26023	0
26024	0
26025	0
26026	1
26027	0
26028	0
26029	0
26030	0
26031	0
26032	5
26033	0
26034	0
26059	0
26060	1
26061	2
26062	0
26063	8
26064	0
26065	0
26066	0
26067	0
26068	3
26069	12
26070	0
26191	3
26192	0
26193	1
26194	0
26195	1
26196	0
26197	1
26198	0
26199	1
26200	0
26201	0
26202	0
26269	0
26270	0
26271	0
26272	1
26273	0
26274	0
26275	0
26276	1
26277	0
26278	2
26279	0
26280	0
26287	0
26288	0
26289	3
26290	1
26291	0
26292	0
26293	0
26294	0
26295	3
26296	0
26297	0
26298	0
26305	0
26306	0
26307	0
26308	0
26309	0
26310	4
26311	0
26312	0
26313	0
26314	32
26315	0
26316	3
26341	0
26342	10
26343	0
26344	4
26345	5
26346	8
26347	2
26348	8
26349	7
26350	10
26351	6
26352	0
26377	0
26378	0
26379	0
26380	0
26381	0
26382	0
26383	0
26384	0
26385	0
26386	0
26387	0
26388	0
26395	0
26396	0
26397	0
26398	0
26399	0
26400	0
26401	0
26402	0
26403	0
26404	1
26405	0
26406	0
26425	0
26426	0
26427	0
26428	5
26429	0
26430	1
26437	0
26438	0
26439	0
26440	4
26441	0
26442	2
26623	1
26624	0
26625	0
26626	0
26627	2
26628	0
26629	2
26630	0
26631	0
26632	0
26633	0
26634	0
26635	0
26636	0
26637	0
26638	1
26639	0
26640	0
26641	0
26642	0
26643	0
26644	0
26645	0
26646	0
26689	0
26690	0
26691	0
26692	0
26693	0
26694	0
26695	0
26696	7
26697	0
26698	0
26699	0
26700	0
26731	0
26732	9
26733	0
26734	4
26735	0
26736	0
26737	0
26738	5
26739	5
26740	11
26741	9
26742	7
26821	0
26822	0
26823	0
26824	0
26825	0
26826	0
26833	0
26834	2
26835	0
26836	0
26837	2
26838	1
26863	0
26864	1
26865	0
26866	2
26867	1
26868	0
26869	0
26870	0
26871	0
26872	1
26873	0
26874	0
26875	6
26876	0
26877	7
26878	0
26879	0
26880	0
26887	0
26888	0
26889	1
26890	0
26891	0
26892	0
26899	0
26900	0
26901	0
26902	0
26903	0
26904	0
26905	0
26906	1
26907	0
26908	0
26909	0
26910	0
26935	6
26936	0
26937	5
26938	0
26939	0
26940	0
26941	15
26942	0
26943	0
26944	0
26945	0
26946	0
27007	0
27008	16
27009	0
27010	0
27011	1
27012	0
27013	0
27014	6
27015	0
27016	0
27017	5
27018	0
27043	0
27044	0
27045	0
27046	0
27047	0
27048	2
27049	1
27050	0
27051	0
27052	0
27053	5
27054	0
27061	2
27062	4
27063	8
27064	0
27065	0
27066	0
27067	0
27068	0
27069	6
27070	4
27071	0
27072	4
27091	0
27092	0
27093	6
27094	0
27095	0
27096	0
27103	8
27104	0
27105	3
27106	0
27107	0
27108	0
27133	8
27134	10
27136	2
27137	2
27139	0
27140	4
27142	2
27143	10
27163	0
27164	0
27165	0
27166	0
27167	2
27168	26
27193	4
27194	0
27195	0
27196	1
27197	0
27198	0
27199	0
27200	0
27201	0
27202	0
27203	0
27204	0
27229	0
27230	0
27231	0
27232	0
27233	0
27234	0
27235	0
27236	0
27237	0
27238	2
27239	0
27240	0
27247	2
27248	4
27249	0
27250	2
27251	1
27252	0
27253	0
27254	0
27255	0
27256	2
27257	0
27258	0
27259	0
27260	0
27261	0
27262	4
27263	2
27264	4
27265	0
27266	0
27267	0
27268	0
27269	0
27270	0
27277	3
27278	1
27279	4
27280	0
27281	1
27282	2
27283	2
27284	2
27285	3
27286	0
27287	0
27288	1
27313	2
27314	2
27315	0
27316	0
27317	0
27318	0
27319	4
27320	6
27321	0
27322	0
27323	0
27324	0
27331	0
27332	0
27333	0
27334	0
27335	0
27336	0
27337	0
27338	4
27339	5
27340	0
27341	0
27342	0
27391	0
27392	0
27393	0
27394	0
27395	0
27396	1
27409	0
27410	0
27411	0
27412	1
27413	0
27414	0
27427	0
27428	0
27429	0
27430	0
27431	0
27432	0
27433	3
27434	0
27435	0
27436	0
27437	1
27438	0
27487	0
27488	0
27489	0
27490	0
27491	0
27492	0
27499	0
27500	0
27501	2
27502	0
27503	0
27504	0
27685	0
27686	0
27687	0
27688	1
27689	0
27690	0
27691	0
27692	0
27693	0
27694	0
27695	0
27696	0
27703	0
27704	0
27705	0
27706	0
27707	0
27708	0
27709	0
27710	0
27711	0
27712	0
27713	0
27714	0
27727	0
27728	0
27729	0
27730	0
27731	0
27732	5
27733	0
27734	0
27735	0
27736	0
27737	0
27738	2
27739	0
27740	0
27741	0
27742	0
27743	0
27744	2
27745	0
27746	0
27747	0
27748	0
27749	0
27750	0
27757	0
27758	0
27759	0
27760	0
27761	0
27762	0
27763	1
27764	0
27765	0
27766	0
27767	0
27768	0
27805	0
27806	2
27807	0
27808	0
27809	0
27810	0
27811	1
27812	0
27813	0
27814	0
27815	1
27816	0
27883	0
27884	0
27885	2
27886	0
27887	0
27888	0
27889	1
27890	0
27891	2
27892	1
27893	0
27894	1
27895	0
27896	0
27897	2
27898	2
27899	0
27900	0
27901	0
27902	0
27903	0
27904	2
27905	2
27906	2
27985	0
27986	0
27987	0
27988	0
27989	0
27990	0
27991	0
27992	0
27993	0
27994	0
27995	0
27996	1
28159	0
28160	1
28161	1
28162	0
28163	0
28164	0
28165	0
28166	0
28167	0
28168	0
28169	0
28170	0
28195	0
28196	0
28197	0
28198	4
28199	0
28200	2
28201	0
28202	2
28203	0
28204	0
28205	2
28206	2
28213	0
28214	0
28215	0
28216	0
28217	0
28218	2
28219	1
28220	0
28221	0
28222	0
28223	0
28224	8
28231	0
28232	0
28233	0
28234	0
28235	0
28236	0
28237	0
28238	0
28239	0
28240	0
28241	0
28242	1
28255	1
28256	2
28257	0
28258	0
28259	0
28260	0
28267	0
28268	0
28269	2
28270	0
28271	0
28272	0
28573	0
28574	8
28575	2
28576	1
28577	3
28578	2
28663	0
28664	0
28665	0
28666	0
28667	1
28668	0
28669	0
28670	0
28671	0
28672	0
28673	0
28674	0
28705	0
28706	0
28707	0
28708	0
28709	0
28710	0
28711	3
28712	0
28713	0
28714	0
28715	0
28716	0
28717	9
28718	1
28719	20
28720	4
28721	1
28722	1
28723	0
28724	0
28725	3
28726	4
28727	0
28728	0
28795	0
28796	3
28797	0
28798	0
28799	0
28800	0
28801	0
28802	0
28803	0
28804	0
28805	0
28806	0
28807	0
28808	0
28809	0
28810	0
28811	0
28812	0
28813	0
28814	1
28815	0
28816	0
28817	1
28818	0
28861	1
28862	0
28863	0
28864	0
28865	0
28866	0
28867	0
28868	0
28869	0
28870	0
28871	0
28872	0
28885	0
28886	0
28887	0
28888	0
28889	0
28890	0
28891	0
28892	0
28893	0
28894	0
28895	7
28896	0
28897	0
28898	7
28899	0
28900	0
28901	0
28902	0
28903	0
28904	0
28905	0
28906	2
28907	0
28908	0
28909	0
28910	0
28911	0
28912	2
28913	0
28914	0
28921	0
28922	0
28923	0
28924	0
28925	0
28926	0
28951	4
28952	0
28953	3
28954	0
28955	0
28956	0
28957	3
28958	0
28959	4
28960	0
28961	0
28962	0
29059	0
29060	0
29061	0
29062	0
29063	6
29064	0
29095	0
29096	2
29097	0
29098	0
29099	0
29100	0
29101	2
29102	4
29103	0
29104	0
29105	0
29106	0
29209	0
29210	4
29211	6
29214	0
29221	0
29222	14
29226	8
29233	4
29234	0
29235	0
29236	2
29237	0
29238	4
29239	0
29240	0
29241	0
29242	0
29243	0
29244	0
29251	0
29252	0
29253	0
29254	0
29255	0
29256	0
29257	0
29258	0
29259	0
29260	0
29261	0
29262	3
29269	0
29270	0
29271	0
29272	0
29273	0
29274	0
29275	1
29276	0
29277	0
29278	0
29279	0
29280	0
29299	3
29300	5
29301	3
29302	0
29303	6
29304	2
29335	0
29336	0
29337	1
29338	0
29339	0
29340	0
29341	0
29342	0
29343	0
29344	0
29345	2
29346	0
29473	2
29474	0
29475	0
29476	0
29477	0
29478	0
29479	0
29480	0
29481	0
29482	0
29483	0
29484	0
29521	0
29522	0
29523	0
29524	0
29525	0
29526	0
29569	2
29570	0
29571	2
29572	0
29573	0
29574	1
29575	2
29576	0
29577	4
29578	0
29579	1
29580	1
29623	2
29624	0
29625	0
29626	0
29627	2
29628	0
29629	0
29630	0
29631	0
29632	0
29633	0
29634	0
29653	0
29654	0
29655	1
29656	0
29657	0
29658	1
29659	0
29660	0
29661	1
29662	1
29663	1
29664	2
29833	0
29834	0
29835	0
29836	0
29837	0
29838	2
29839	0
29840	0
29841	0
29842	0
29843	0
29844	0
29887	3
29888	0
29889	0
29890	1
29891	0
29892	0
29941	0
29942	0
29943	0
29944	0
29945	0
29946	0
29947	0
29948	0
29949	0
29950	0
29951	0
29952	0
30379	0
30380	0
30381	0
30382	0
30383	0
30384	0
30385	0
30386	0
30387	0
30388	1
30389	0
30390	0
30403	0
30404	0
30405	0
30406	0
30407	0
30408	0
30439	1
30440	0
30441	0
30442	0
30443	0
30444	2
30445	1
30446	10
30447	6
30448	2
30449	0
30450	4
30451	0
30452	0
30453	2
30454	0
30455	3
30456	0
30463	0
30464	0
30465	0
30466	0
30467	0
30468	0
30487	0
30489	0
30490	2
30492	0
30505	2
30506	3
30507	0
30508	0
30509	0
30510	3
30547	0
30548	0
30549	1
30550	0
30551	0
30552	0
30565	6
30566	0
30567	0
30568	1
30569	3
30570	0
30613	0
30614	0
30615	0
30616	0
30617	0
30618	0
30625	0
30626	0
30627	0
30628	0
30629	0
30630	0
30691	0
30692	0
30693	0
30694	8
30695	0
30696	2
30697	2
30698	0
30699	0
30700	1
30701	8
30702	1
30745	2
30746	0
30747	5
30748	0
30749	0
30750	0
30751	2
30752	0
30753	0
30754	0
30755	0
30756	0
30757	0
30758	0
30759	0
30760	0
30761	0
30762	0
30781	0
30782	0
30783	0
30784	0
30785	2
30786	0
30871	0
30872	1
30873	0
30874	3
30875	1
30876	2
30877	0
30878	0
30879	0
30880	2
30881	0
30882	1
30883	1
30884	0
30885	0
30886	0
30887	0
30888	1
30895	0
30896	0
30897	0
30898	0
30899	1
30900	0
30901	0
30902	0
30903	0
30904	0
30905	3
30906	0
30925	2
30926	0
30927	0
30928	0
30929	0
30930	0
30937	0
30938	0
30939	0
30940	0
30941	0
30942	0
30943	0
30944	0
30945	0
30946	5
30947	0
30948	2
30949	0
30950	0
30951	0
30952	0
30953	0
30954	0
30991	0
30992	0
30993	0
30994	2
30995	4
30996	2
30997	0
30998	0
30999	0
31000	0
31001	7
31002	3
31039	0
31040	2
31041	1
31042	0
31043	0
31044	2
31045	1
31046	2
31047	1
31048	0
31049	0
31050	0
31093	3
31094	4
31095	0
31096	10
31097	0
31098	15
31111	2
31112	1
31113	0
31114	3
31115	0
31116	0
31183	6
31184	0
31185	3
31186	0
31187	0
31195	2
31196	2
31197	8
31198	0
31199	1
31237	4
31238	0
31239	2
31240	0
31241	0
31242	0
31243	0
31244	0
31245	0
31246	0
31247	0
31248	0
31255	0
31256	0
31257	2
31258	0
31259	0
31260	0
31267	0
31268	1
31269	0
31270	3
31271	1
31272	3
31339	1
31340	1
31341	3
31342	0
31343	1
31344	3
31345	0
31346	0
31347	0
31348	1
31349	1
31350	0
31351	0
31352	0
31353	0
31354	5
31355	1
31356	1
31369	0
31370	0
31371	0
31372	0
31373	0
31374	0
31393	5
31394	0
31395	7
31396	0
31397	23
31398	0
31411	0
31412	0
31413	0
31414	0
31415	1
31416	3
31417	15
31418	0
31419	0
31420	0
31421	3
31422	2
31459	1
31460	0
31461	0
31462	0
31463	0
31464	0
31465	0
31466	0
31467	0
31468	0
31469	0
31470	0
31483	0
31484	0
31485	1
31486	0
31487	0
31488	0
31519	0
31520	0
31521	0
31522	1
31523	0
31524	0
31525	0
31526	0
31527	1
31528	1
31529	0
31530	3
31603	4
31604	16
31605	0
31606	0
31607	0
31608	0
31651	0
31652	0
31653	4
31654	0
31655	1
31656	1
31657	0
31658	1
31659	0
31660	0
31661	0
31662	6
31669	0
31670	0
31671	1
31672	0
31673	0
31674	0
31699	7
31700	2
31701	2
31702	0
31703	3
31704	0
31711	4
31712	0
31713	1
31714	0
31715	0
31716	0
31717	0
31718	0
31719	0
31720	1
31721	6
31722	0
31771	1
31772	0
31773	0
31774	1
31775	0
31776	7
31777	0
31778	0
31779	0
31780	0
31781	0
31782	0
31801	0
31802	0
31803	0
31804	9
31805	0
31806	0
31825	0
31826	12
31827	0
31828	6
31829	0
31830	0
31933	0
31934	0
31935	0
31936	0
31937	0
31938	0
31939	0
31940	0
31941	0
31942	0
31943	0
31944	0
31969	0
31970	0
31971	2
31972	0
31973	0
31974	0
32005	0
32006	0
32007	1
32008	0
32009	1
32010	0
32035	1
32036	0
32037	0
32039	0
32040	0
32041	3
32042	2
32043	0
32044	0
32045	0
32046	0
32107	0
32108	0
32109	0
32110	0
32111	0
32112	0
32113	0
32114	0
32115	8
32116	0
32117	9
32118	0
32119	0
32120	0
32121	0
32122	0
32123	0
32124	0
32125	0
32126	0
32127	4
32128	0
32129	6
32130	0
32137	2
32138	20
32139	3
32140	1
32141	0
32142	0
32191	0
32192	0
32193	0
32194	0
32195	6
32196	0
32197	0
32198	0
32199	0
32200	0
32201	3
32202	0
32245	0
32246	0
32247	0
32248	0
32249	0
32250	0
32251	0
32252	0
32253	1
32254	0
32255	0
32256	0
32323	0
32324	0
32325	0
32326	0
32327	0
32328	0
32413	1
32414	4
32415	4
32416	0
32417	0
32418	0
32461	2
32462	0
32463	2
32464	0
32465	0
32466	0
32521	0
32522	0
32523	1
32524	0
32525	0
32526	1
32533	0
32534	0
32535	0
32536	0
32537	0
32538	0
32545	1
32546	0
32547	0
32548	0
32549	0
32550	0
32551	0
32552	0
32553	0
32554	0
32555	0
32556	0
32582	0
32587	0
32588	5
32589	0
32590	0
32591	2
32592	0
32617	0
32618	1
32619	0
32620	0
32621	0
32622	1
32623	0
32624	3
32625	0
32626	0
32627	0
32628	0
32635	0
32636	0
32637	2
32638	0
32639	0
32640	0
32641	0
32642	0
32643	0
32644	0
32645	2
32646	0
32647	0
32648	0
32649	0
32650	3
32651	0
32652	1
32659	0
32660	0
32661	0
32662	4
32663	0
32664	11
32707	0
32708	0
32709	0
32710	0
32711	0
32712	1
32713	0
32714	0
32715	0
32716	0
32717	0
32718	0
32725	0
32726	0
32727	0
32728	0
32729	0
32730	0
32731	3
32732	1
32733	0
32734	0
32735	0
32736	2
32743	0
32744	1
32745	0
32746	0
32747	0
32748	0
32749	5
32750	0
32751	1
32752	0
32753	0
32754	0
32797	0
32798	0
32799	0
32800	2
32801	0
32802	0
32803	0
32804	0
32805	0
32806	2
32807	0
32808	0
32815	0
32816	0
32817	0
32818	0
32819	0
32820	0
32821	0
32822	2
32823	0
32824	0
32825	1
32826	0
32833	5
32834	0
32835	0
32836	0
32837	0
32838	0
32839	1
32840	0
32841	2
32842	0
32843	4
32844	0
32863	2
32864	0
32865	0
32866	0
32867	0
32868	0
32875	0
32876	0
32877	0
32878	0
32879	0
32880	0
32881	0
32882	0
32883	0
32884	2
32885	0
32886	0
32887	0
32888	0
32889	0
32890	0
32891	0
32892	0
33109	0
33110	0
33111	0
33112	0
33113	0
33114	2
33115	0
33116	0
33117	0
33118	0
33119	1
33120	0
33121	0
33122	0
33123	6
33124	0
33125	0
33126	0
33133	0
33134	0
33135	0
33136	0
33137	0
33138	0
33241	0
33242	0
33243	1
33244	2
33245	0
33246	0
33247	0
33248	0
33249	0
33250	0
33251	8
33252	0
33265	1
33266	0
33267	0
33268	0
33269	0
33270	0
33271	0
33272	0
33273	0
33274	0
33275	2
33276	0
33337	3
33338	2
33339	0
33340	0
33341	0
33342	0
33343	0
33344	0
33345	0
33346	0
33347	0
33348	0
33415	0
33416	0
33417	0
33418	0
33420	0
33475	1
33476	0
33477	0
33478	0
33479	0
33480	0
33481	1
33482	0
33483	4
33484	0
33485	1
33486	0
33553	0
33554	0
33555	0
33556	0
33557	0
33558	0
33559	0
33560	0
33561	0
33562	0
33563	0
33564	0
33691	2
33692	2
33693	0
33694	0
33695	1
33696	0
33739	2
33740	0
33741	0
33742	0
33743	0
33744	0
33745	2
33746	0
33747	0
33748	0
33749	0
33750	0
33751	0
33752	0
33753	0
33754	0
33755	0
33756	2
33757	0
33758	0
33759	0
33760	0
33761	0
33762	0
33763	2
33764	0
33765	0
33766	0
33767	0
33768	2
33769	6
33770	3
33771	0
33772	0
33773	1
33774	1
33823	0
33824	0
33825	1
33826	0
33827	0
33828	0
33841	0
33842	0
33843	0
33844	0
33845	0
33846	0
33877	0
33878	0
33879	0
33880	0
33881	0
33882	4
33925	0
33926	0
33927	0
33928	0
33929	0
33930	0
33931	0
33932	0
33933	0
33934	0
33935	0
33936	0
34003	3
34004	0
34005	0
34006	0
34007	1
34008	0
34009	1
34010	0
34011	0
34012	0
34013	2
34014	0
34033	1
34034	0
34035	0
34036	0
34037	0
34038	0
34057	0
34058	2
34059	1
34060	0
34061	0
34062	0
34063	0
34064	0
34065	0
34066	0
34067	0
34068	0
34249	0
34250	3
34251	2
34252	0
34253	0
34254	0
34255	0
34256	4
34257	4
34258	2
34259	3
34260	0
34471	0
34472	0
34473	0
34474	0
34475	0
34476	0
34477	0
34478	0
34479	2
34480	0
34481	0
34482	0
34585	0
34586	3
34587	0
34588	0
34589	0
34590	1
34597	3
34598	0
34599	2
34600	2
34601	0
34602	4
34603	4
34604	1
34605	0
34606	4
34607	0
34608	4
34759	0
34760	1
34761	22
34762	12
34763	1
34764	23
34765	0
34766	1
34767	0
34768	3
34769	1
34770	7
34771	14
34772	0
34773	8
34774	0
34775	0
34776	2
34825	0
34826	0
34827	0
34828	0
34829	0
34830	8
34849	0
34850	0
34851	0
34852	2
34853	0
34854	0
34873	0
34874	0
34875	0
34876	0
34877	2
34878	10
34885	0
34886	0
34887	0
34888	2
34889	1
34890	1
34897	2
34898	0
34899	3
34900	0
34901	0
34902	0
34903	0
34904	0
34905	3
34906	0
34907	0
34908	0
34945	0
34946	0
34947	0
34948	0
34949	0
34950	0
34993	0
34994	0
34995	0
34996	1
34997	0
34998	3
35005	0
35006	0
35007	0
35008	0
35009	4
35010	0
35041	2
35042	0
35043	2
35044	0
35045	0
35046	0
35065	2
35066	0
35067	0
35069	0
35070	0
35107	1
35108	1
35109	0
35110	0
35111	1
35112	0
35119	0
35120	0
35121	0
35122	0
35123	0
35124	0
35125	0
35126	0
35127	0
35128	0
35129	0
35130	0
35131	4
35132	2
35133	0
35134	2
35135	5
35136	2
35143	1
35144	0
35145	2
35146	2
35147	3
35148	1
35167	0
35168	12
35169	0
35170	0
35171	0
35172	1
35203	0
35204	0
35205	0
35206	0
35207	0
35208	0
35227	0
35228	0
35229	0
35230	0
35231	0
35232	0
35245	0
35246	0
35247	0
35248	0
35249	3
35250	8
35299	0
35300	0
35301	4
35302	0
35303	0
35304	0
35323	0
35324	0
35325	0
35326	0
35327	0
35328	0
35335	0
35336	0
35337	0
35338	0
35339	0
35340	3
35347	0
35348	0
35349	0
35350	0
35351	1
35352	0
35353	0
35354	1
35355	1
35356	2
35357	0
35358	4
35395	0
35396	0
35397	0
35398	0
35399	2
35400	0
35491	1
35492	0
35493	0
35494	1
35495	0
35496	0
35497	0
35498	3
35499	0
35500	1
35501	0
35502	0
35509	0
35510	3
35511	1
35512	0
35513	0
35514	0
35515	0
35516	0
35517	0
35518	0
35519	0
35520	0
35539	2
35540	2
35541	1
35542	0
35543	2
35544	0
35617	0
35618	0
35619	0
35620	0
35621	0
35622	0
35623	0
35624	0
35625	0
35626	0
35627	12
35628	0
35629	5
35630	0
35631	0
35632	0
35633	2
35634	0
35641	4
35642	0
35643	0
35644	0
35645	2
35646	0
35671	7
35672	1
35673	2
35674	4
35675	2
35676	1
35677	6
35678	0
35679	0
35680	0
35681	0
35682	0
35683	0
35684	1
35685	0
35686	0
35687	0
35688	0
35719	0
35720	0
35721	0
35722	0
35723	0
35724	0
35773	0
35774	0
35775	0
35776	0
35777	0
35778	0
35779	0
35780	6
35781	0
35782	3
35783	0
35784	0
35785	0
35786	0
35787	2
35788	2
35789	12
35790	2
35791	1
35792	0
35793	0
35794	1
35795	0
35796	0
35797	0
35799	0
35801	10
35802	0
35857	0
35858	0
35859	2
35860	0
35861	2
35862	0
35863	2
35864	0
35865	2
35866	2
35867	5
35868	0
35923	1
35924	0
35925	1
35926	0
35927	0
35928	2
35995	3
35996	0
35997	0
35998	0
35999	0
36000	0
36037	0
36038	0
36039	0
36040	0
36041	0
36042	1
36067	2
36068	0
36069	0
36070	0
36071	0
36072	0
36121	0
36122	0
36123	0
36124	0
36125	0
36126	7
36127	2
36128	0
36129	1
36130	0
36131	2
36132	0
36133	0
36134	0
36135	0
36136	0
36137	8
36138	1
36145	0
36146	0
36147	0
36148	0
36149	1
36150	0
36151	0
36152	0
36153	0
36154	1
36155	0
36156	0
36199	0
36200	0
36201	3
36202	0
36203	3
36204	0
36205	2
36206	0
36207	3
36208	0
36209	0
36210	0
36241	0
36242	0
36243	0
36244	0
36245	0
36246	0
36247	0
36248	1
36249	0
36250	0
36251	1
36252	0
36295	0
36296	0
36297	0
36298	0
36299	2
36300	0
36367	0
36368	0
36369	0
36370	0
36371	4
36372	9
36379	0
36380	0
36381	0
36382	0
36383	0
36384	0
36385	0
36386	0
36387	0
36388	0
36389	0
36390	0
36391	0
36392	0
36393	0
36394	0
36395	4
36396	0
36397	3
36398	0
36399	2
36400	0
36401	1
36402	0
36415	0
36416	0
36417	3
36418	0
36419	0
36420	0
36421	0
36422	0
36423	1
36424	0
36425	1
36426	0
36446	5
36447	0
36448	0
36449	0
36450	0
36469	0
36470	2
36471	0
36472	0
36473	0
36474	0
36487	0
36488	0
36489	0
36490	0
36491	0
36492	0
36517	0
36518	0
36519	1
36520	1
36521	1
36522	0
36535	0
36536	0
36537	0
36538	0
36539	0
36540	0
36595	3
36596	0
36597	0
36598	0
36599	0
36600	0
36601	0
36602	0
36603	0
36604	0
36605	0
36606	0
36607	0
36608	5
36609	7
36610	7
36611	1
36612	1
36661	0
36662	0
36663	0
36664	0
36665	0
36666	0
36667	0
36668	0
36669	0
36670	0
36671	0
36672	0
36733	0
36734	2
36735	0
36736	0
36737	0
36738	0
36739	0
36740	0
36741	0
36742	0
36743	0
36744	0
36745	0
36746	0
36747	0
36748	0
36749	0
36750	0
36751	1
36752	0
36753	0
36754	2
36755	0
36756	2
36757	0
36758	1
36759	1
36760	0
36761	0
36762	0
36763	0
36764	0
36765	1
36766	0
36767	4
36768	0
36769	0
36770	0
36771	0
36772	0
36773	0
36774	0
36835	0
36836	0
36837	0
36838	4
36839	0
36840	0
36841	0
36842	0
36843	0
36844	4
36845	0
36846	4
36883	0
36884	0
36885	0
36886	0
36887	0
36888	0
36889	0
36890	0
36891	0
36892	0
36893	1
36894	0
36913	0
36914	2
36915	0
36916	0
36917	2
36918	3
36919	0
36920	2
36921	2
36922	0
36923	3
36924	3
36931	0
36932	2
36933	0
36934	0
36935	2
36936	0
36937	0
36938	10
36939	0
36940	0
36941	1
36942	15
36985	4
36986	6
36987	7
36988	6
36989	0
36990	0
37081	1
37082	0
37083	4
37084	0
37085	5
37086	1
37087	0
37088	0
37089	0
37090	0
37091	4
37092	0
37099	3
37100	3
37101	0
37102	2
37103	0
37104	0
37165	1
37166	0
37167	0
37168	1
37169	0
37170	0
37171	2
37172	1
37173	1
37174	1
37175	0
37176	0
37177	0
37178	0
37179	0
37180	3
37181	1
37182	0
37231	0
37232	1
37233	0
37234	0
37235	0
37236	0
37237	0
37238	0
37239	0
37240	0
37241	0
37242	0
37249	0
37250	0
37251	0
37252	0
37253	0
37254	0
37255	0
37256	0
37257	0
37258	0
37259	0
37260	0
37309	8
37310	0
37311	10
37312	0
37313	0
37314	0
37315	3
37316	3
37317	1
37318	0
37319	0
37320	3
37339	1
37340	4
37341	0
37342	2
37343	0
37344	0
37345	15
37347	10
37349	0
37399	0
37400	0
37401	0
37402	0
37403	10
37405	2
37406	12
37407	0
37408	3
37409	6
37537	2
37538	0
37539	0
37540	0
37541	0
37542	0
37549	1
37550	0
37551	0
37552	0
37553	0
37554	0
37609	0
37610	0
37611	0
37612	1
37613	0
37614	0
37615	0
37616	0
37617	0
37618	0
37619	0
37620	0
37639	0
37640	0
37641	0
37642	0
37643	0
37644	0
38047	0
38048	0
38049	0
38050	0
38051	0
38052	0
38077	1
38078	0
38079	0
38080	0
38081	0
38082	0
38131	0
38132	0
38133	0
38134	0
38135	0
38136	0
38155	0
38156	0
38157	0
38158	0
38159	0
38160	0
38161	0
38162	2
38163	0
38164	0
38165	0
38166	0
38167	0
38168	0
38169	0
38170	0
38171	1
38172	0
38215	3
38216	0
38217	0
38218	0
38219	0
38220	0
38233	0
38234	0
38235	2
38236	0
38237	0
38238	0
38239	0
38240	0
38242	2
38243	1
38244	0
38275	6
38276	7
38277	0
38278	0
38279	0
38280	0
38299	0
38300	0
38301	0
38302	0
38303	0
38304	0
38311	0
38312	0
38313	0
38314	0
38315	0
38316	0
38329	0
38330	2
38331	0
38332	1
38333	2
38334	0
38335	2
38336	0
38337	2
38338	3
38339	0
38340	0
38347	0
38348	2
38349	0
38350	0
38351	0
38352	0
38383	0
38384	0
38385	0
38386	0
38387	0
38388	0
38395	2
38396	0
38397	0
38398	0
38399	4
38400	1
38401	0
38402	0
38403	0
38404	0
38405	0
38406	1
38413	0
38414	0
38415	0
38416	0
38417	30
38418	0
38431	0
38432	0
38433	0
38434	1
38435	0
38436	0
38449	0
38450	0
38451	2
38452	0
38453	0
38454	0
38461	0
38462	0
38463	0
38464	0
38465	0
38466	0
38467	0
38468	0
38469	0
38470	0
38471	7
38472	0
38473	0
38474	0
38475	0
38476	1
38477	0
38478	0
38521	0
38522	0
38523	0
38524	0
38525	0
38526	0
38527	0
38528	0
38529	0
38530	0
38531	0
38532	15
38533	0
38534	0
38535	1
38536	4
38537	0
38538	0
38539	1
38540	3
38541	4
38542	4
38543	2
38544	2
38545	0
38546	0
38547	0
38548	0
38549	0
38550	0
38569	0
38570	0
38571	0
38572	2
38573	0
38574	0
38581	0
38582	0
38583	0
38584	1
38585	0
38586	0
38593	0
38594	0
38595	0
38596	0
38597	0
38598	0
38641	0
38642	2
38643	0
38644	0
38645	0
38646	0
38683	0
38684	0
38685	1
38686	2
38687	0
38688	0
38689	0
38690	1
38691	0
38692	0
38693	0
38694	0
38773	0
38774	0
38775	0
38776	0
38777	0
38778	0
38791	0
38792	0
38793	4
38794	0
38795	0
38796	0
38809	0
38810	0
38811	0
38812	0
38813	0
38814	0
38851	0
38852	0
38853	0
38854	0
38855	0
38856	0
38869	0
38870	0
38871	0
38872	0
38873	0
38874	6
38875	0
38876	0
38877	0
38878	0
38879	0
38880	0
38881	3
38882	0
38883	0
38884	0
38885	1
38886	1
38887	0
38888	0
38889	0
38890	0
38891	0
38892	0
38911	0
38912	0
38913	0
38914	0
38915	0
38916	0
38947	0
38948	0
38949	0
38950	0
38951	0
38952	10
38959	0
38960	4
38961	0
38962	3
38963	0
38964	10
38965	0
38966	0
38967	0
38968	0
38969	1
38970	1
38983	0
38984	0
38985	0
38986	2
38987	1
38988	2
38995	0
38996	0
38997	0
38998	0
38999	0
39000	0
39007	0
39008	0
39009	0
39010	0
39011	0
39012	0
39013	0
39014	0
39015	0
39016	0
39017	0
39018	0
39049	1
39050	2
39051	0
39052	0
39053	0
39054	0
39055	0
39056	0
39057	0
39058	0
39059	0
39060	0
39079	0
39080	0
39081	0
39082	0
39083	0
39084	0
39091	3
39092	8
39093	3
39094	8
39095	0
39096	0
39097	3
39098	2
39099	4
39100	8
39101	1
39102	0
39115	1
39116	0
39117	0
39118	0
39119	0
39120	0
39121	0
39122	1
39123	1
39124	0
39125	0
39126	0
39193	0
39194	0
39195	1
39196	0
39197	0
39198	0
39199	0
39200	1
39201	3
39202	1
39203	0
39204	0
39205	0
39206	0
39207	2
39208	0
39209	0
39210	0
39211	0
39212	0
39213	0
39214	0
39215	0
39216	1
39217	0
39218	0
39219	0
39220	0
39221	0
39222	0
39229	0
39230	0
39231	0
39232	2
39233	0
39234	0
39241	1
39242	0
39243	0
39244	0
39245	1
39246	0
39247	1
39248	0
39249	0
39250	0
39251	1
39252	0
39277	1
39278	6
39279	0
39280	0
39281	0
39282	0
39295	0
39296	3
39297	0
39298	0
39299	3
39300	2
39301	0
39302	0
39303	0
39304	0
39305	0
39306	0
39319	0
39320	0
39321	0
39322	0
39323	0
39324	0
39325	0
39326	1
39327	0
39328	0
39329	0
39330	0
39331	0
39332	0
39333	0
39334	0
39335	0
39336	0
39337	0
39338	0
39339	0
39340	0
39341	0
39342	0
39361	0
39362	0
39363	0
39364	0
39365	0
39366	0
39379	6
39380	3
39381	0
39382	0
39383	0
39384	0
39403	0
39404	0
39405	0
39406	0
39407	0
39408	0
39409	0
39410	0
39411	0
39412	0
39413	0
39414	0
39475	0
39476	0
39477	0
39478	3
39479	0
39480	0
39481	0
39482	0
39483	0
39484	0
39485	0
39486	0
39487	0
39488	0
39489	0
39490	0
39491	27
39492	0
39493	0
39494	0
39495	0
39496	0
39497	0
39498	0
39529	0
39530	0
39531	0
39532	1
39533	0
39534	0
39535	0
39536	4
39537	6
39538	0
39539	0
39540	0
39541	0
39542	0
39543	0
39544	1
39545	0
39546	0
39547	1
39548	0
39549	2
39550	2
39551	0
39552	0
39607	0
39608	0
39609	0
39610	0
39611	0
39612	0
39613	1
39614	0
39615	0
39616	0
39617	0
39618	0
39727	0
39728	0
39729	2
39730	4
39731	0
39732	2
39739	0
39740	0
39741	4
39742	4
39743	2
39744	0
39757	0
39758	1
39759	0
39760	0
39761	0
39762	0
39763	0
39764	0
39765	0
39766	0
39767	0
39768	0
39775	0
39776	0
39777	0
39778	0
39779	3
39780	0
39781	0
39782	0
39783	0
39784	0
39785	0
39786	0
39799	0
39800	1
39801	0
39802	2
39803	0
39805	0
39806	2
39807	0
39808	1
39809	3
39865	0
39866	0
39867	0
39868	0
39869	1
39870	0
39871	0
39872	8
39873	0
39874	3
39875	1
39876	1
39955	0
39956	0
39957	0
39958	0
39959	0
39960	0
39967	0
39968	0
39969	0
39970	3
39971	0
39972	0
39987	1
39989	4
39993	0
39995	0
40015	0
40016	0
40017	0
40018	0
40019	0
40020	0
40039	2
40040	3
40041	0
40042	0
40043	0
40044	0
40105	0
40106	0
40107	0
40108	0
40110	0
40111	0
40112	0
40113	0
40114	0
40115	0
40116	0
40123	2
40124	0
40125	0
40126	0
40127	0
40128	0
40129	0
40130	0
40131	0
40132	0
40133	0
40134	0
40135	3
40136	0
40137	10
40138	0
40139	0
40140	0
40207	2
40208	4
40209	1
40210	0
40211	2
40212	3
40213	3
40214	2
40215	2
40216	5
40217	0
40218	0
40231	0
40232	0
40233	0
40234	2
40235	1
40236	0
40237	0
40238	2
40239	1
40240	0
40241	0
40242	0
40243	0
40244	0
40245	0
40246	2
40247	0
40248	0
40249	1
40250	1
40251	4
40252	1
40253	0
40254	0
40255	5
40256	4
40257	0
40258	0
40259	0
40260	1
40267	10
40268	0
40269	0
40270	0
40271	0
40272	0
40315	2
40316	2
40317	3
40318	3
40319	0
40320	0
40321	3
40322	3
40323	0
40324	0
40325	0
40326	4
40327	0
40328	0
40329	0
40330	0
40331	0
40332	0
40339	0
40340	0
40341	2
40342	0
40343	0
40344	0
40351	2
40352	0
40353	0
40354	0
40355	2
40356	0
40453	0
40454	0
40455	0
40456	0
40457	1
40458	0
40459	0
40460	0
40461	0
40462	0
40463	0
40464	0
40483	0
40484	0
40485	0
40486	0
40487	0
40488	0
40495	1
40496	0
40497	0
40498	0
40499	0
40500	4
40519	0
40520	1
40521	0
40522	0
40523	0
40524	0
40537	0
40538	0
40539	0
40540	0
40541	0
40542	0
40543	0
40544	0
40545	0
40546	0
40547	0
40548	0
40567	0
40568	0
40569	0
40570	0
40571	0
40572	0
40579	0
40580	0
40581	0
40582	0
40583	0
40584	0
40603	0
40604	0
40605	0
40606	0
40607	1
40608	0
40705	3
40706	0
40707	0
40708	0
40709	0
40710	0
40711	1
40712	0
40713	2
40714	0
40715	0
40716	1
40729	0
40730	0
40731	0
40732	0
40733	0
40734	0
40735	0
40736	0
40737	1
40738	0
40739	1
40740	0
40765	0
40766	0
40767	0
40768	0
40769	0
40770	0
40771	0
40772	1
40773	0
40774	1
40775	0
40776	0
40813	2
40814	0
40815	0
40816	0
40817	0
40818	1
40831	0
40832	2
40833	1
40834	0
40835	3
40836	5
40837	14
40838	0
40839	10
40840	0
40841	6
40842	6
40843	5
40844	0
40845	3
40846	1
40847	1
40848	1
40849	1
40850	0
40851	1
40852	0
40853	1
40854	0
40855	0
40856	1
40857	3
40858	2
40859	0
40860	0
40861	0
40862	0
40863	1
40864	0
40865	0
40866	2
40879	2
40880	0
40881	0
40882	0
40883	0
40884	0
40891	0
40892	0
40893	0
40894	0
40895	2
40896	0
40897	0
40898	1
40899	0
40900	0
40901	0
40902	0
40933	1
40934	6
40935	1
40936	0
40937	1
40938	0
40945	0
40946	0
40947	0
40948	0
40949	5
40950	0
41011	0
41012	3
41013	0
41014	0
41015	1
41016	0
41017	4
41018	0
41019	0
41020	0
41021	2
41022	0
41143	0
41144	0
41145	0
41146	0
41147	0
41148	0
41149	0
41150	0
41151	0
41152	0
41153	0
41154	0
41161	0
41162	0
41163	0
41164	0
41165	0
41166	0
41167	0
41168	0
41169	0
41170	0
41171	0
41172	0
41293	1
41294	0
41295	4
41296	0
41297	2
41298	0
41299	1
41300	1
41301	2
41302	0
41303	2
41304	0
41653	0
41654	0
41655	0
41656	0
41657	0
41658	0
41659	0
41660	2
41661	0
41662	0
41663	0
41664	0
41683	2
41684	0
41685	0
41686	0
41687	0
41688	0
41713	0
41714	6
41715	2
41716	0
41717	0
41718	2
41743	1
41744	2
41745	0
41746	0
41747	2
41748	0
41797	0
41798	0
41799	0
41800	0
41801	1
41802	0
41833	0
41834	0
41835	0
41836	2
41837	0
41838	0
41845	0
41846	0
41847	0
41848	0
41849	6
41850	0
41875	0
41876	0
41877	0
41878	0
41879	0
41880	1
41912	0
41914	0
41915	0
41916	0
41917	0
41918	0
41919	0
41920	0
41921	0
41922	0
41935	0
41936	0
41937	0
41938	0
41939	0
41940	0
41953	1
41954	4
41955	0
41956	0
41957	0
41958	0
41959	2
41960	0
41961	0
41962	0
41963	0
41964	0
41965	0
41966	2
41967	0
41968	2
41969	0
41970	2
41983	0
41984	0
41985	0
41986	0
41987	0
41988	0
41995	1
41996	0
41997	1
41998	0
41999	0
42000	0
42001	1
42002	0
42003	0
42004	0
42005	0
42006	0
42031	0
42032	0
42033	0
42034	0
42035	0
42036	0
42061	0
42062	0
42063	0
42064	1
42065	0
42066	0
42067	0
42068	0
42069	0
42070	0
42071	0
42072	0
42073	0
42074	0
42075	0
42076	0
42077	0
42078	1
42091	5
42092	0
42093	0
42094	0
42095	0
42096	1
42103	4
42104	2
42105	0
42106	0
42107	0
42108	0
42121	2
42122	0
42123	0
42124	0
42125	0
42126	0
42127	0
42128	1
42129	0
42130	0
42131	0
42132	0
42133	0
42134	0
42135	2
42136	0
42137	0
42138	0
42151	0
42152	0
42153	0
42154	1
42155	3
42156	0
42199	0
42200	0
42201	0
42202	0
42203	0
42204	0
42205	0
42206	0
42207	0
42208	0
42209	0
42210	1
42247	0
42248	0
42249	0
42250	2
42251	0
42252	0
42283	0
42284	0
42285	0
42286	1
42287	0
42288	0
42343	2
42344	0
42345	1
42346	1
42347	0
42348	0
42349	0
42350	0
42351	1
42352	0
42353	1
42354	0
42355	0
42356	0
42357	0
42358	0
42359	4
42360	0
42373	0
42374	0
42375	1
42376	0
42377	0
42378	0
42379	0
42380	0
42381	0
42382	0
42383	0
42384	0
42415	0
42416	0
42417	0
42418	0
42419	0
42420	0
42421	0
42422	0
42423	0
42424	0
42425	0
42426	0
42463	2
42464	24
42465	3
42466	0
42467	2
42468	1
42469	0
42470	0
42471	0
42472	0
42473	0
42474	0
42511	2
42512	1
42513	0
42514	0
42515	0
42516	0
42523	2
42524	0
42525	0
42526	0
42527	0
42528	2
42535	8
42537	0
42538	0
42539	3
42540	4
42541	1
42543	1
42544	4
42545	2
42546	4
42547	8
42549	0
42550	0
42551	3
42552	4
42565	0
42566	0
42567	0
42568	0
42569	0
42570	0
42571	0
42572	0
42573	0
42574	0
42575	0
42576	0
42595	0
42596	0
42597	0
42598	0
42599	0
42600	0
42601	0
42602	0
42603	0
42604	0
42605	0
42606	0
42649	2
42650	0
42651	0
42652	0
42653	0
42654	0
42655	2
42656	0
42657	0
42658	0
42659	0
42660	0
42667	3
42668	0
42669	0
42670	0
42671	1
42672	0
42673	5
42674	0
42675	0
42676	0
42677	0
42678	0
42685	0
42686	1
42687	0
42688	0
42689	0
42690	0
42691	0
42692	1
42693	2
42694	0
42695	0
42696	1
42703	0
42704	0
42705	0
42706	0
42707	0
42708	2
42709	0
42710	0
42711	0
42712	0
42713	0
42714	0
42715	1
42716	1
42717	0
42718	1
42719	1
42720	1
42745	5
42746	2
42747	5
42749	2
42750	0
42757	3
42758	0
42759	0
42760	0
42761	0
42762	0
42805	0
42806	0
42807	0
42808	0
42809	0
42810	0
42811	1
42812	0
42813	0
42814	0
42815	0
42816	0
42817	0
42818	0
42819	0
42820	0
42821	0
42822	0
42823	0
42824	0
42825	0
42826	0
42827	0
42828	0
42835	0
42836	0
42837	0
42838	1
42839	2
42840	0
42841	0
42842	0
42843	6
42844	0
42845	1
42846	0
42859	2
42860	3
42861	0
42862	0
42863	0
42864	0
42865	2
42866	0
42867	0
42868	0
42869	0
42870	0
42871	0
42872	2
42873	0
42874	0
42875	0
42876	0
42877	0
42878	6
42879	4
42880	0
42881	0
42882	8
42913	0
42914	9
42915	0
42916	0
42917	0
42918	0
42919	0
42920	0
42921	0
42922	0
42923	0
42924	0
42925	5
42926	0
42927	0
42928	0
42929	0
42930	2
42937	0
42938	0
42939	0
42940	0
42941	0
42942	0
42961	0
42962	2
42963	4
42964	0
42965	0
42966	1
42967	0
42968	2
42969	8
42970	0
42971	0
42972	0
42973	0
42975	0
42976	1
42977	0
42978	0
42979	2
42980	0
42981	0
42982	2
42983	0
42984	0
42985	3
42986	0
42987	0
42988	0
42989	0
42990	2
42991	2
42992	0
42993	0
42994	1
42995	0
42996	0
43003	0
43004	0
43005	0
43006	0
43007	6
43008	0
43009	0
43010	0
43011	0
43012	0
43013	5
43014	0
43015	0
43016	7
43017	0
43018	20
43019	0
43020	0
43021	0
43022	0
43023	0
43024	0
43025	2
43026	0
43029	0
43031	0
43033	0
43034	0
43035	0
43036	0
43037	0
43038	0
43111	0
43112	0
43113	0
43114	0
43115	0
43116	0
43159	2
43160	1
43161	0
43162	0
43163	0
43164	0
43165	0
43166	0
43167	0
43168	0
43169	0
43170	0
43243	0
43244	1
43245	1
43246	0
43247	0
43248	0
43249	0
43250	0
43251	2
43252	0
43253	0
43254	0
43273	0
43274	0
43275	2
43276	16
43277	0
43278	0
43285	0
43286	0
43287	6
43288	0
43289	0
43290	0
43291	0
43292	1
43293	3
43294	0
43295	2
43296	0
43303	0
43304	1
43305	0
43306	0
43307	0
43308	2
43309	0
43310	0
43311	0
43312	0
43313	0
43314	0
43339	0
43340	0
43341	0
43342	1
43343	0
43344	0
43345	1
43346	0
43347	4
43348	0
43349	4
43350	1
43369	0
43370	0
43371	1
43372	0
43373	0
43374	0
43375	0
43376	0
43377	0
43378	0
43379	0
43380	0
43447	0
43448	0
43449	0
43450	0
43451	0
43452	0
43453	0
43454	0
43455	0
43456	0
43457	0
43458	0
43459	0
43460	0
43461	0
43462	0
43463	0
43464	0
43495	0
43496	0
43497	0
43498	0
43499	0
43500	0
43501	0
43502	0
43503	1
43504	0
43505	2
43506	0
43513	0
43514	0
43515	0
43516	0
43517	0
43518	0
43519	0
43520	0
43521	1
43522	0
43523	0
43524	0
43621	0
43622	0
43623	0
43624	0
43625	0
43626	0
43735	0
43736	0
43737	0
43738	0
43739	1
43740	0
43753	0
43754	0
43755	0
43756	0
43757	0
43758	0
43759	0
43760	0
43761	0
43762	0
43763	0
43764	0
43777	1
43778	2
43779	0
43780	0
43781	0
43782	2
43783	1
43784	1
43785	0
43786	0
43787	0
43788	1
43849	4
43850	4
43851	2
43852	0
43853	2
43854	0
43861	0
43862	2
43863	0
43864	0
43865	0
43866	0
43867	12
43868	0
43869	1
43870	0
43871	2
43872	1
43903	0
43904	0
43905	1
43906	0
43907	1
43908	0
43909	0
43910	0
43911	0
43912	1
43913	1
43914	0
44035	0
44036	0
44037	0
44038	0
44039	0
44040	0
44053	3
44054	0
44055	0
44056	0
44057	0
44058	0
44059	0
44060	0
44061	0
44062	0
44063	0
44064	0
44077	0
44078	1
44079	0
44080	2
44081	0
44082	2
44107	0
44108	0
44109	0
44110	5
44111	0
44112	0
45385	0
45386	10
45387	0
45388	2
45389	0
45390	0
45403	0
45404	0
45405	0
45406	0
45407	0
45408	0
45553	2
45554	1
45555	3
45556	0
45557	0
45558	1
45559	3
45560	0
45561	0
45562	1
45563	0
45564	0
45571	0
45572	0
45573	3
45574	1
45575	0
45576	2
45577	0
45578	1
45579	1
45580	0
45581	2
45582	0
