ObservationID	SubLocationID	Count
146063	5796	9
146063	5797	0
146063	5798	0
146063	5799	0
146063	5800	0
146063	5801	0
146069	3093	4
146069	3094	0
146069	3095	6
146069	3096	0
146069	3097	0
146069	3098	6
146070	3093	0
146070	3094	0
146070	3095	4
146070	3096	0
146070	3097	0
146070	3098	2
146071	3093	0
146071	3094	0
146071	3095	6
146071	3096	0
146071	3097	2
146071	3098	2
146073	6048	0
146073	6049	0
146073	6050	0
146073	6051	0
146073	6052	0
146073	6053	4
146079	7233	0
146079	7234	0
146079	7235	0
146079	7236	0
146079	7237	4
146079	7238	0
146083	5796	9
146083	5797	0
146083	5798	7
146083	5799	0
146083	5800	3
146083	5801	1
146124	5202	0
146124	5203	1
146124	5204	0
146124	5205	0
146124	5206	0
146124	5207	0
146125	5202	0
146125	5203	1
146125	5204	0
146125	5205	0
146125	5206	0
146125	5207	0
146126	5202	0
146126	5203	2
146126	5204	0
146126	5205	0
146126	5206	0
146126	5207	0
146187	7443	0
146187	7444	0
146187	7445	0
146187	7446	0
146187	7447	0
146187	7448	0
146188	7443	0
146188	7444	0
146188	7445	0
146188	7446	0
146188	7447	0
146188	7448	0
146189	7443	0
146189	7444	0
146189	7445	0
146189	7446	0
146189	7447	0
146189	7448	0
146191	4327	0
146191	4328	0
146191	4329	0
146191	4330	0
146191	4331	0
146191	4332	0
146192	4327	0
146192	4328	0
146192	4329	1
146192	4330	0
146192	4331	0
146192	4332	0
146196	7616	0
146196	7617	0
146196	7618	0
146196	7619	0
146196	7620	0
146196	7621	1
146198	7616	0
146198	7617	0
146198	7618	0
146198	7619	1
146198	7620	0
146198	7621	1
146199	7616	0
146199	7617	0
146199	7618	0
146199	7619	0
146199	7620	0
146199	7621	0
146203	5796	5
146203	5797	0
146203	5798	6
146203	5799	0
146203	5800	8
146203	5801	4
146218	5796	26
146218	5797	0
146218	5798	20
146218	5799	0
146218	5800	7
146218	5801	2
146303	6605	0
146303	6606	1
146303	6607	1
146303	6608	0
146303	6609	0
146303	6610	0
146304	6605	0
146304	6606	0
146304	6607	0
146304	6608	0
146304	6609	1
146304	6610	0
146305	6605	0
146305	6606	0
146305	6607	1
146305	6608	0
146305	6609	0
146305	6610	0
146319	2829	2
146319	2830	2
146319	2831	2
146319	2832	0
146319	2833	0
146319	2834	0
146322	2829	3
146322	2830	0
146322	2831	0
146322	2832	0
146322	2833	0
146322	2834	0
146327	2829	0
146327	2830	0
146327	2831	0
146327	2832	0
146327	2833	0
146327	2834	0
146340	7233	0
146340	7234	0
146340	7235	0
146340	7236	0
146340	7237	0
146340	7238	0
146341	7233	0
146341	7234	0
146341	7235	0
146341	7236	0
146341	7237	0
146341	7238	0
146354	7604	0
146354	7605	1
146354	7606	0
146354	7607	0
146354	7608	0
146354	7609	0
146358	3075	0
146358	3076	0
146358	3077	0
146358	3078	0
146358	3079	0
146358	3080	0
146359	3075	0
146359	3076	0
146359	3077	0
146359	3078	0
146359	3079	0
146359	3080	0
146371	7604	0
146371	7605	1
146371	7606	0
146371	7607	0
146371	7608	0
146371	7609	1
146379	2925	2
146379	2926	0
146379	2927	0
146379	2928	0
146379	2929	0
146379	2930	0
146380	2925	2
146380	2926	0
146380	2927	0
146380	2928	0
146380	2929	0
146380	2930	0
146385	4116	0
146385	4117	0
146385	4118	0
146385	4119	0
146385	4120	0
146387	4116	0
146387	4117	0
146387	4118	0
146387	4119	1
146387	4120	0
146388	4116	0
146388	4117	0
146388	4118	0
146388	4119	1
146388	4120	0
146450	3129	0
146450	3130	0
146450	3131	4
146450	3132	4
146450	3133	4
146450	3134	0
146452	3129	0
146452	3130	0
146452	3131	8
146452	3132	2
146452	3133	9
146452	3134	0
146462	4944	0
146462	4945	0
146462	4946	0
146462	4947	0
146462	4948	0
146462	4949	0
146463	4944	0
146463	4945	0
146463	4946	0
146463	4947	0
146463	4948	0
146463	4949	0
146464	4944	0
146464	4945	0
146464	4946	0
146464	4947	0
146464	4948	0
146464	4949	0
146466	5453	0
146466	5454	0
146466	5455	0
146466	5456	8
146466	5457	0
146466	5458	0
146467	5453	0
146467	5454	0
146467	5455	0
146467	5456	2
146467	5457	0
146467	5458	0
146468	5453	0
146468	5454	0
146468	5455	0
146468	5456	1
146468	5457	0
146468	5458	0
146482	4245	0
146482	4246	0
146482	4247	0
146482	4248	0
146482	4249	0
146482	4250	2
146483	4245	0
146483	4246	0
146483	4247	0
146483	4248	0
146483	4249	0
146483	4250	2
146484	4245	0
146484	4246	0
146484	4247	0
146484	4248	0
146484	4249	0
146484	4250	1
146488	7604	0
146488	7605	1
146488	7606	0
146488	7607	0
146488	7608	0
146488	7609	0
146489	2660	0
146489	2661	0
146489	2662	0
146489	2663	0
146489	2664	0
146489	2665	0
146498	3903	0
146498	3904	0
146498	3905	2
146498	3906	0
146498	3907	1
146498	3908	1
146510	2660	0
146510	2661	0
146510	2662	0
146510	2663	0
146510	2664	0
146510	2665	0
146518	3657	0
146518	3658	0
146518	3659	9
146518	3660	0
146518	3661	0
146518	3662	6
146519	3657	0
146519	3658	0
146519	3659	0
146519	3660	4
146519	3661	1
146519	3662	0
146520	3657	0
146520	3658	30
146520	3659	0
146520	3660	0
146520	3661	0
146520	3662	0
146534	3075	0
146534	3076	0
146534	3077	1
146534	3078	0
146534	3079	1
146534	3080	0
146615	3081	0
146615	3082	1
146615	3083	0
146615	3084	0
146615	3085	0
146615	3086	0
146616	3081	0
146616	3082	2
146616	3083	0
146616	3084	0
146616	3085	0
146616	3086	0
146617	3081	0
146617	3082	0
146617	3083	0
146617	3084	0
146617	3085	0
146617	3086	0
146652	2714	0
146652	2715	0
146652	2716	0
146652	2717	1
146652	2718	0
146652	2719	0
146653	2714	0
146653	2715	0
146653	2716	0
146653	2717	0
146653	2718	0
146653	2719	0
146654	2714	0
146654	2715	0
146654	2716	0
146654	2717	0
146654	2718	0
146654	2719	0
146670	2690	6
146670	2691	4
146670	2692	0
146670	2693	0
146670	2694	0
146670	2695	0
146672	2690	9
146672	2691	5
146672	2692	7
146672	2693	0
146672	2694	0
146672	2695	0
146674	2690	0
146674	2691	0
146674	2692	0
146674	2693	0
146674	2694	0
146674	2695	0
146675	2690	6
146675	2691	4
146675	2692	4
146675	2693	0
146675	2694	0
146675	2695	0
146678	6613	1
146678	6614	0
146678	6615	0
146678	6616	0
146678	6617	0
146678	6618	0
146679	6613	0
146679	6614	0
146679	6615	0
146679	6616	0
146679	6617	0
146679	6618	0
146681	6613	0
146681	6614	0
146681	6615	0
146681	6616	0
146681	6617	0
146681	6618	0
146726	3621	0
146726	3622	0
146726	3623	0
146726	3624	0
146726	3625	0
146726	3626	0
146727	3621	0
146727	3622	1
146727	3623	0
146727	3624	9
146727	3625	0
146727	3626	0
146728	3621	0
146728	3622	0
146728	3623	0
146728	3624	0
146728	3625	0
146728	3626	0
146747	4368	2
146747	4369	0
146747	4370	1
146747	4371	0
146748	4368	4
146748	4369	1
146748	4370	0
146748	4371	0
146749	4368	0
146749	4369	0
146749	4370	0
146749	4371	0
146756	2773	0
146756	2774	0
146756	2775	0
146756	2776	0
146756	2777	0
146756	2778	3
146757	2773	0
146757	2774	0
146757	2775	0
146757	2776	0
146757	2777	0
146757	2778	1
146758	2773	0
146758	2774	0
146758	2775	0
146758	2776	1
146758	2777	0
146758	2778	2
146759	6839	0
146759	6840	10
146759	6841	0
146759	6842	2
146759	6843	0
146759	6844	3
146760	6839	0
146760	6840	23
146760	6841	0
146760	6842	0
146760	6843	0
146760	6844	0
146761	6839	0
146761	6840	10
146761	6841	0
146761	6842	9
146761	6843	1
146761	6844	1
146768	5064	0
146768	5065	0
146768	5066	1
146768	5067	0
146768	5068	2
146768	5069	0
146844	3903	1
146844	3904	0
146844	3905	0
146844	3906	0
146844	3907	0
146844	3908	0
146892	4944	0
146892	4945	0
146892	4946	0
146892	4947	0
146892	4948	0
146892	4949	0
146984	3093	4
146984	3094	0
146984	3095	6
146984	3096	0
146984	3097	0
146984	3098	6
146985	3093	0
146985	3094	0
146985	3095	4
146985	3096	0
146985	3097	0
146985	3098	2
146986	3093	0
146986	3094	0
146986	3095	6
146986	3096	0
146986	3097	2
146986	3098	2
147036	3945	0
147036	3946	0
147036	3947	0
147036	3948	0
147036	3949	0
147036	3950	0
147072	6366	0
147072	6367	1
147072	6368	0
147072	6369	0
147072	6370	0
147072	6371	1
147073	4163	1
147073	4164	0
147073	4165	1
147073	4166	0
147073	4167	1
147073	4168	0
147123	6036	0
147123	6037	1
147123	6038	2
147123	6039	2
147123	6040	1
147123	6041	1
147124	6036	1
147124	6037	0
147124	6038	2
147124	6039	1
147124	6040	0
147124	6041	0
147172	6366	0
147172	6367	0
147172	6368	0
147172	6369	1
147172	6370	0
147172	6371	1
147213	4163	3
147213	4164	0
147213	4165	1
147213	4166	0
147213	4167	1
147213	4168	1
147230	3411	0
147230	3412	4
147230	3413	3
147230	3414	12
147230	3415	4
147230	3416	8
147231	3411	0
147231	3412	10
147231	3413	4
147231	3414	8
147231	3415	4
147231	3416	2
147232	3411	1
147232	3412	20
147232	3413	1
147232	3414	30
147232	3415	2
147232	3416	4
147265	2606	0
147265	2607	0
147265	2608	1
147265	2609	0
147265	2610	2
147265	2611	0
147266	2606	1
147266	2607	0
147266	2608	1
147266	2609	0
147266	2610	1
147266	2611	2
147267	2606	0
147267	2607	0
147267	2608	0
147267	2609	0
147267	2610	1
147267	2611	0
147303	3657	0
147303	3658	0
147303	3659	9
147303	3660	0
147303	3661	0
147303	3662	6
147304	3657	0
147304	3658	0
147304	3659	0
147304	3660	4
147304	3661	1
147304	3662	0
147305	3657	0
147305	3658	30
147305	3659	0
147305	3660	0
147305	3661	0
147305	3662	0
147340	6461	0
147340	6462	0
147340	6463	0
147340	6464	0
147340	6465	0
147340	6466	6
147418	4297	0
147418	4298	1
147418	4299	0
147418	4300	2
147418	4301	0
147418	4302	0
147419	4297	0
147419	4298	2
147419	4299	0
147419	4300	3
147419	4301	0
147419	4302	3
147420	4297	0
147420	4298	3
147420	4299	0
147420	4300	0
147420	4301	0
147420	4302	0
147421	6366	0
147421	6367	0
147421	6368	0
147421	6369	0
147421	6370	0
147421	6371	2
147445	4163	4
147445	4164	1
147445	4165	3
147445	4166	0
147445	4167	3
147445	4168	0
147512	3945	0
147512	3946	0
147512	3947	0
147512	3948	0
147512	3949	0
147512	3950	0
147518	6036	0
147518	6037	0
147518	6038	0
147518	6039	0
147518	6040	0
147518	6041	0
147857	3945	0
147857	3946	0
147857	3947	0
147857	3948	2
147857	3949	0
147857	3950	0
148337	3968	0
148337	3969	2
148337	3970	0
148337	3971	2
148337	3972	0
148337	3973	2
148338	3968	0
148338	3969	0
148338	3970	0
148338	3971	0
148338	3972	0
148338	3973	0
148339	3968	0
148339	3969	0
148339	3970	0
148339	3971	0
148339	3972	2
148339	3973	0
148367	4812	0
148367	4813	0
148367	4814	0
148367	4815	0
148367	4816	0
148367	4817	3
148369	4812	0
148369	4813	0
148369	4814	0
148369	4815	0
148369	4816	0
148369	4817	4
148371	4812	0
148371	4813	0
148371	4814	0
148371	4815	0
148371	4816	0
148371	4817	2
148373	2797	0
148373	2798	1
148373	2799	0
148373	2800	0
148373	2801	0
148373	2802	0
148374	2797	0
148374	2798	2
148374	2799	0
148374	2800	0
148374	2801	0
148374	2802	0
148375	2797	0
148375	2798	1
148375	2799	0
148375	2800	0
148375	2801	0
148375	2802	0
148385	6054	0
148385	6055	0
148385	6056	0
148385	6057	0
148385	6058	0
148385	6059	0
148388	3387	0
148388	3388	0
148388	3389	0
148388	3390	0
148388	3391	0
148388	3392	0
148392	4297	0
148392	4298	1
148392	4299	0
148392	4300	2
148392	4301	0
148392	4302	0
148433	3968	0
148433	3969	10
148433	3970	0
148433	3971	0
148433	3972	0
148433	3973	0
148434	6054	0
148434	6055	0
148434	6056	0
148434	6057	0
148434	6058	0
148434	6059	1
148435	6054	0
148435	6055	0
148435	6056	0
148435	6057	0
148435	6058	0
148435	6059	0
148456	3387	0
148456	3388	0
148456	3389	0
148456	3390	0
148456	3391	0
148456	3392	0
148457	3387	0
148457	3388	0
148457	3389	1
148457	3390	0
148457	3391	0
148457	3392	0
148464	5650	0
148464	5651	0
148464	5652	0
148464	5653	2
148464	5654	0
148464	5655	0
148465	5650	0
148465	5651	0
148465	5652	0
148465	5653	1
148465	5654	1
148465	5655	0
148466	5650	0
148466	5651	0
148466	5652	0
148466	5653	0
148466	5654	0
148466	5655	0
148478	3153	0
148478	3154	0
148478	3155	0
148478	3156	0
148478	3157	0
148478	3158	0
148482	3153	0
148482	3154	0
148482	3155	0
148482	3156	0
148482	3157	0
148482	3158	0
148500	5742	1
148500	5743	0
148500	5744	0
148500	5745	0
148500	5746	0
148500	5747	0
148501	3759	0
148501	3760	6
148501	3761	0
148501	3762	0
148501	3763	0
148501	3764	0
148510	3945	0
148510	3946	0
148510	3947	0
148510	3948	0
148510	3949	0
148510	3950	0
148511	3945	0
148511	3946	0
148511	3947	0
148511	3948	0
148511	3949	0
148511	3950	0
148519	3447	0
148519	3448	0
148519	3449	1
148519	3450	2
148519	3451	0
148519	3452	1
148532	3447	0
148532	3448	0
148532	3449	1
148532	3450	0
148532	3451	0
148532	3452	0
148533	3447	0
148533	3448	0
148533	3449	2
148533	3450	0
148533	3451	0
148533	3452	0
148535	3387	0
148535	3388	0
148535	3389	0
148535	3390	0
148535	3391	0
148535	3392	0
148536	3387	0
148536	3388	0
148536	3389	0
148536	3390	0
148536	3391	0
148536	3392	0
148537	3387	0
148537	3388	0
148537	3389	1
148537	3390	0
148537	3391	0
148537	3392	0
148569	3759	0
148569	3760	2
148569	3761	0
148569	3762	0
148569	3763	0
148569	3764	9
148575	3759	0
148575	3760	1
148575	3761	0
148575	3762	0
148575	3763	0
148575	3764	9
148600	3033	0
148600	3034	0
148600	3035	0
148600	3036	0
148600	3037	0
148600	3038	0
148601	3033	0
148601	3034	0
148601	3035	0
148601	3036	0
148601	3037	0
148601	3038	0
148602	3033	0
148602	3034	0
148602	3035	1
148602	3036	0
148602	3037	0
148602	3038	0
148643	3759	0
148643	3760	6
148643	3761	0
148643	3762	0
148643	3763	0
148643	3764	0
148644	3759	0
148644	3760	2
148644	3761	0
148644	3762	0
148644	3763	0
148644	3764	9
148645	3759	0
148645	3760	1
148645	3761	0
148645	3762	0
148645	3763	0
148645	3764	9
148667	6461	0
148667	6462	0
148667	6463	0
148667	6464	0
148667	6465	0
148667	6466	6
148704	5076	11
148704	5077	0
148704	5078	1
148704	5079	0
148704	5080	0
148704	5081	0
148705	5076	16
148705	5077	0
148705	5078	2
148705	5079	0
148705	5080	0
148705	5081	0
148706	5076	1
148706	5077	0
148706	5078	5
148706	5079	0
148706	5080	0
148706	5081	0
149233	5742	0
149233	5743	1
149233	5744	0
149233	5745	0
149233	5746	0
149233	5747	0
149234	5742	0
149234	5743	1
149234	5744	0
149234	5745	0
149234	5746	0
149234	5747	0
149235	3153	0
149235	3154	0
149235	3155	0
149235	3156	0
149235	3157	0
149235	3158	0
150324	5591	0
150324	5592	0
150324	5593	0
150324	5594	0
150324	5595	0
150324	5596	0
150329	5591	0
150329	5592	0
150329	5593	1
150329	5594	0
150329	5595	0
150329	5596	0
150334	5591	0
150334	5592	0
150334	5593	0
150334	5594	0
150334	5595	1
150334	5596	0
150987	6408	0
150987	6409	2
150987	6410	0
150987	6411	1
150987	6412	0
150987	6413	0
150995	6408	1
150995	6409	3
150995	6410	0
150995	6411	0
150995	6412	0
150995	6413	0
151012	6408	1
151012	6409	2
151012	6410	0
151012	6411	2
151012	6412	0
151012	6413	0
151122	5591	0
151122	5592	0
151122	5593	0
151122	5594	0
151122	5595	1
151122	5596	0
151138	5591	0
151138	5592	0
151138	5593	0
151138	5594	0
151138	5595	0
151138	5596	0
151151	5591	0
151151	5592	0
151151	5593	1
151151	5594	0
151151	5595	0
151151	5596	0
151733	4004	0
151733	4005	0
151733	4006	0
151733	4007	0
151733	4008	0
151733	4009	1
151734	4004	0
151734	4005	0
151734	4006	0
151734	4007	0
151734	4008	0
151734	4009	0
151735	4004	0
151735	4005	0
151735	4006	0
151735	4007	0
151735	4008	0
151735	4009	0
151835	2660	0
151835	2661	0
151835	2662	0
151835	2663	0
151835	2664	0
151835	2665	0
151841	4004	0
151841	4005	0
151841	4006	0
151841	4007	0
151841	4008	0
151841	4009	1
151842	4004	0
151842	4005	0
151842	4006	0
151842	4007	0
151842	4008	0
151842	4009	0
151884	4998	1
151884	4999	0
151884	5000	0
151884	5001	0
151884	5002	0
151884	5003	0
151885	2807	0
151885	2808	0
151885	2809	0
151885	2810	0
151885	2811	0
151885	2812	0
151971	5543	0
151971	5544	0
151971	5545	0
151971	5546	0
151971	5547	0
151971	5548	0
151993	5028	0
151993	5029	0
151993	5030	0
151993	5031	0
151993	5032	0
151993	5033	0
152006	2791	2
152006	2792	2
152006	2793	0
152006	2794	0
152006	2795	0
152006	2796	0
152033	5543	0
152033	5544	0
152033	5545	0
152033	5546	0
152033	5547	2
152033	5548	0
152039	3057	2
152039	3058	1
152039	3059	0
152039	3060	4
152039	3061	1
152039	3062	0
152042	4926	1
152042	4927	0
152042	4928	0
152042	4929	0
152042	4930	0
152042	4931	0
152076	4926	0
152076	4927	0
152076	4928	0
152076	4929	0
152076	4930	0
152076	4931	0
152084	4998	0
152084	4999	0
152084	5000	0
152084	5001	0
152084	5002	0
152084	5003	0
152091	5028	0
152091	5029	0
152091	5030	0
152091	5031	0
152091	5032	0
152091	5033	0
152094	2791	0
152094	2792	0
152094	2793	0
152094	2794	0
152094	2795	0
152094	2796	0
152159	6677	0
152159	6678	0
152159	6679	0
152159	6680	0
152159	6681	0
152159	6682	0
152160	6677	0
152160	6678	0
152160	6679	0
152160	6680	0
152160	6681	0
152160	6682	0
152161	6677	0
152161	6678	0
152161	6679	0
152161	6680	0
152161	6681	0
152161	6682	0
152190	7532	0
152190	7533	0
152190	7534	0
152190	7535	0
152190	7536	0
152190	7537	1
152191	7532	0
152191	7533	0
152191	7534	0
152191	7535	0
152191	7536	0
152191	7537	0
152192	7532	0
152192	7533	0
152192	7534	0
152192	7535	0
152192	7536	0
152192	7537	3
152268	5028	0
152268	5029	0
152268	5030	0
152268	5031	0
152268	5032	0
152268	5033	0
152280	4926	0
152280	4927	0
152280	4928	0
152280	4929	0
152280	4930	0
152280	4931	0
152291	4998	0
152291	4999	0
152291	5000	0
152291	5001	0
152291	5002	0
152291	5003	0
152352	7287	0
152352	7288	0
152352	7289	0
152352	7290	0
152352	7291	0
152352	7292	0
152353	7287	0
152353	7288	0
152353	7289	0
152353	7290	0
152353	7291	0
152353	7292	0
152354	7288	0
152354	7289	0
152354	7290	0
152354	7291	0
152354	7292	0
152360	5543	0
152360	5544	0
152360	5546	0
152360	5547	0
152360	5548	0
152377	7209	1
152377	7210	0
152377	7211	0
152377	7212	0
152377	7213	0
152377	7214	0
152378	5327	0
152378	5328	0
152378	5329	0
152378	5330	0
152378	5331	0
152378	5332	0
152379	7209	0
152379	7210	0
152379	7211	0
152379	7212	0
152379	7213	0
152379	7214	0
152400	2807	0
152400	2808	0
152400	2809	0
152400	2810	0
152400	2811	0
152400	2812	1
152438	2807	0
152438	2808	2
152438	2809	0
152438	2810	0
152438	2811	0
152438	2812	0
152448	5638	0
152448	5639	0
152448	5640	0
152448	5641	0
152448	5642	0
152448	5643	0
152449	5638	1
152449	5639	0
152449	5640	0
152449	5641	0
152449	5642	0
152449	5643	0
152450	5638	0
152450	5639	2
152450	5640	1
152450	5641	0
152450	5642	0
152450	5643	0
152468	7209	0
152468	7210	0
152468	7211	0
152468	7212	0
152468	7213	0
152468	7214	0
152485	5970	0
152485	5971	0
152485	5972	0
152485	5973	0
152485	5974	1
152485	5975	0
152489	4139	0
152489	4140	0
152489	4141	0
152489	4143	2
152489	4144	0
152490	4139	0
152490	4140	0
152490	4141	0
152490	4143	4
152490	4144	0
152492	2684	0
152492	2685	0
152492	2686	0
152492	2687	0
152492	2688	0
152492	2689	0
152493	2684	0
152493	2685	0
152493	2686	0
152493	2687	0
152493	2688	0
152493	2689	0
152531	5970	0
152531	5971	0
152531	5972	0
152531	5973	0
152531	5974	1
152531	5975	0
152532	5970	0
152532	5971	1
152532	5972	0
152532	5973	12
152532	5974	0
152532	5975	0
152533	5970	0
152533	5971	0
152533	5972	0
152533	5973	0
152533	5974	1
152533	5975	1
152536	5970	0
152536	5971	0
152536	5972	0
152536	5973	0
152536	5974	1
152536	5975	1
152537	5970	0
152537	5971	1
152537	5972	0
152537	5973	12
152537	5974	0
152537	5975	0
152555	6408	0
152555	6409	2
152555	6410	0
152555	6411	1
152555	6412	0
152555	6413	0
152556	6408	1
152556	6409	3
152556	6410	0
152556	6411	0
152556	6412	0
152556	6413	0
152558	6408	1
152558	6409	2
152558	6410	0
152558	6411	2
152558	6412	0
152558	6413	0
152583	4004	0
152583	4005	0
152583	4006	0
152583	4007	0
152583	4008	0
152583	4009	0
152584	2660	0
152584	2661	0
152584	2662	0
152584	2663	0
152584	2664	0
152584	2665	0
152589	6036	0
152589	6037	1
152589	6038	2
152589	6039	2
152589	6040	1
152589	6041	1
152590	6036	1
152590	6037	0
152590	6038	2
152590	6039	1
152590	6040	0
152590	6041	0
152591	6036	0
152591	6037	0
152591	6038	0
152591	6039	0
152591	6040	0
152591	6041	0
152727	7287	0
152727	7288	0
152727	7289	0
152727	7290	0
152727	7291	0
152727	7292	0
152728	7287	0
152728	7288	0
152728	7289	0
152728	7290	0
152728	7291	0
152728	7292	0
152729	7288	0
152729	7289	0
152729	7290	0
152729	7291	0
152729	7292	0
152869	2791	2
152869	2792	2
152869	2793	0
152869	2794	0
152869	2795	0
152869	2796	0
152870	2791	0
152870	2792	0
152870	2793	0
152870	2794	0
152870	2795	0
152870	2796	0
152873	2797	0
152873	2798	2
152873	2799	0
152873	2800	0
152873	2801	0
152873	2802	0
152874	2797	0
152874	2798	1
152874	2799	0
152874	2800	0
152874	2801	0
152874	2802	0
152875	2797	0
152875	2798	1
152875	2799	0
152875	2800	0
152875	2801	0
152875	2802	0
152879	5028	0
152879	5029	0
152879	5030	0
152879	5031	0
152879	5032	0
152879	5033	0
152880	5028	0
152880	5029	0
152880	5030	0
152880	5031	0
152880	5032	0
152880	5033	0
152881	5028	0
152881	5029	0
152881	5030	0
152881	5031	0
152881	5032	0
152881	5033	0
152882	5076	11
152882	5077	0
152882	5078	1
152882	5079	0
152882	5080	0
152882	5081	0
152883	5076	16
152883	5077	0
152883	5078	2
152883	5079	0
152883	5080	0
152883	5081	0
152884	5076	1
152884	5077	0
152884	5078	5
152884	5079	0
152884	5080	0
152884	5081	0
152933	4812	0
152933	4813	0
152933	4814	0
152933	4815	0
152933	4816	0
152933	4817	3
152935	4812	0
152935	4813	0
152935	4814	0
152935	4815	0
152935	4816	0
152935	4817	4
152937	4812	0
152937	4813	0
152937	4814	0
152937	4815	0
152937	4816	0
152937	4817	2
152980	7532	0
152980	7533	0
152980	7534	0
152980	7535	0
152980	7536	0
152980	7537	1
152981	7532	0
152981	7533	0
152981	7534	0
152981	7535	0
152981	7536	0
152981	7537	0
152982	7532	0
152982	7533	0
152982	7534	0
152982	7535	0
152982	7536	0
152982	7537	3
153028	3033	0
153028	3034	0
153028	3035	0
153028	3036	0
153028	3037	0
153028	3038	0
153029	3033	0
153029	3034	0
153029	3035	0
153029	3036	0
153029	3037	0
153029	3038	0
153030	3033	0
153030	3034	0
153030	3035	1
153030	3036	0
153030	3037	0
153030	3038	0
153048	3968	0
153048	3969	2
153048	3970	0
153048	3971	2
153048	3972	0
153048	3973	2
153049	3968	0
153049	3969	0
153049	3970	0
153049	3971	0
153049	3972	0
153049	3973	0
153050	3968	0
153050	3969	0
153050	3970	0
153050	3971	0
153050	3972	2
153050	3973	0
153065	2807	0
153065	2808	0
153065	2809	0
153065	2810	0
153065	2811	0
153065	2812	0
153069	4998	1
153069	4999	0
153069	5000	0
153069	5001	0
153069	5002	0
153069	5003	0
153070	4998	0
153070	4999	0
153070	5000	0
153070	5001	0
153070	5002	0
153070	5003	0
153071	2807	0
153071	2808	0
153071	2809	0
153071	2810	0
153071	2811	0
153071	2812	1
153072	4998	0
153072	4999	0
153072	5000	0
153072	5001	0
153072	5002	0
153072	5003	0
153073	2807	0
153073	2808	2
153073	2809	0
153073	2810	0
153073	2811	0
153073	2812	0
153097	6054	0
153097	6055	0
153097	6056	0
153097	6057	0
153097	6058	0
153097	6059	1
153098	6054	0
153098	6055	0
153098	6056	0
153098	6057	0
153098	6058	0
153098	6059	0
153121	4926	1
153121	4927	0
153121	4928	0
153121	4929	0
153121	4930	0
153121	4931	0
153122	4926	0
153122	4927	0
153122	4928	0
153122	4929	0
153122	4930	0
153122	4931	0
153123	4926	0
153123	4927	0
153123	4928	0
153123	4929	0
153123	4930	0
153123	4931	0
153133	5543	0
153133	5544	0
153133	5545	0
153133	5546	0
153133	5547	0
153133	5548	0
153134	5543	0
153134	5544	0
153134	5545	0
153134	5546	0
153134	5547	2
153134	5548	0
153135	5543	0
153135	5544	0
153135	5546	0
153135	5547	0
153135	5548	0
153150	2684	0
153150	2685	0
153150	2687	0
153150	2688	1
153150	2689	0
153151	2684	0
153151	2685	0
153151	2686	0
153151	2687	0
153151	2688	0
153151	2689	0
153152	2684	0
153152	2685	0
153152	2686	0
153152	2687	0
153152	2688	0
153152	2689	0
153153	4139	0
153153	4140	0
153153	4141	0
153153	4143	2
153153	4144	0
153154	4139	0
153154	4140	0
153154	4141	0
153154	4143	4
153154	4144	0
153155	4139	0
153155	4140	0
153155	4141	0
153155	4143	0
153155	4144	0
153239	4297	0
153239	4298	2
153239	4299	0
153239	4300	3
153239	4301	0
153239	4302	3
153241	4297	0
153241	4298	3
153241	4299	0
153241	4300	0
153241	4301	0
153241	4302	0
153257	5650	0
153257	5651	0
153257	5652	0
153257	5653	2
153257	5654	0
153257	5655	0
153259	5650	0
153259	5651	0
153259	5652	0
153259	5653	1
153259	5654	1
153259	5655	0
153261	5650	0
153261	5651	0
153261	5652	0
153261	5653	0
153261	5654	0
153261	5655	0
153262	4163	1
153262	4164	0
153262	4165	1
153262	4166	0
153262	4167	1
153262	4168	0
153263	4163	3
153263	4164	0
153263	4165	1
153263	4166	0
153263	4167	1
153263	4168	1
153264	4163	4
153264	4164	1
153264	4165	3
153264	4166	0
153264	4167	3
153264	4168	0
153265	6366	0
153265	6367	1
153265	6368	0
153265	6369	0
153265	6370	0
153265	6371	1
153266	6366	0
153266	6367	0
153266	6368	0
153266	6369	0
153266	6370	0
153266	6371	2
153267	6366	0
153267	6367	0
153267	6368	0
153267	6369	1
153267	6370	0
153267	6371	1
153281	3153	0
153281	3154	0
153281	3155	0
153281	3156	0
153281	3157	0
153281	3158	0
153282	3153	0
153282	3154	0
153282	3155	0
153282	3156	0
153282	3157	0
153282	3158	0
153283	3153	0
153283	3154	0
153283	3155	0
153283	3156	0
153283	3157	0
153283	3158	0
153291	5638	0
153291	5639	2
153291	5640	1
153291	5641	0
153291	5642	0
153291	5643	0
153292	5638	1
153292	5639	0
153292	5640	0
153292	5641	0
153292	5642	0
153292	5643	0
153293	5638	0
153293	5639	0
153293	5640	0
153293	5641	0
153293	5642	0
153293	5643	0
153389	3447	0
153389	3448	0
153389	3449	1
153389	3450	2
153389	3451	0
153389	3452	1
153390	3447	0
153390	3448	0
153390	3449	1
153390	3450	0
153390	3451	0
153390	3452	0
153391	3447	0
153391	3448	0
153391	3449	2
153391	3450	0
153391	3451	0
153391	3452	0
153413	2989	0
153413	2990	0
153413	2991	0
153413	2992	1
153413	2993	0
153413	2994	0
153416	2989	0
153416	2990	0
153416	2991	0
153416	2992	0
153416	2993	0
153416	2994	0
153418	2989	0
153418	2990	0
153418	2991	0
153418	2992	2
153418	2993	0
153418	2994	0
153455	5327	0
153455	5328	0
153455	5329	0
153455	5330	0
153455	5331	0
153455	5332	3
153461	5327	0
153461	5328	2
153461	5329	0
153461	5330	0
153461	5331	0
153461	5332	1
153590	5742	0
153590	5743	1
153590	5744	0
153590	5745	0
153590	5746	0
153590	5747	0
153592	5742	1
153592	5743	0
153592	5744	0
153592	5745	0
153592	5746	0
153592	5747	0
153596	5742	0
153596	5743	1
153596	5744	0
153596	5745	0
153596	5746	0
153596	5747	0
153676	6677	0
153676	6678	0
153676	6679	0
153676	6680	0
153676	6681	0
153676	6682	0
153729	3057	2
153729	3058	1
153729	3059	0
153729	3060	4
153729	3061	1
153729	3062	0
153814	3411	0
153814	3412	4
153814	3413	3
153814	3414	12
153814	3415	4
153814	3416	8
153815	3411	0
153815	3412	10
153815	3413	4
153815	3414	8
153815	3415	4
153815	3416	2
153816	3411	1
153816	3412	20
153816	3413	1
153816	3414	30
153816	3415	2
153816	3416	4
153830	7209	1
153830	7210	0
153830	7211	0
153830	7212	0
153830	7213	0
153830	7214	0
153835	7209	0
153835	7210	0
153835	7211	0
153835	7212	0
153835	7213	0
153835	7214	0
153839	5327	0
153839	5328	0
153839	5329	0
153839	5330	0
153839	5331	0
153839	5332	3
153844	5327	0
153844	5328	2
153844	5329	0
153844	5330	0
153844	5331	0
153844	5332	1
153901	2989	0
153901	2990	0
153901	2991	0
153901	2992	2
153901	2993	0
153901	2994	0
153902	2989	0
153902	2990	0
153902	2991	0
153902	2992	0
153902	2993	0
153902	2994	0
153904	2989	0
153904	2990	0
153904	2991	0
153904	2992	1
153904	2993	0
153904	2994	0
154321	6114	0
154321	6115	6
154321	6116	0
154321	6117	0
154321	6118	0
154321	6119	0
154322	6114	0
154322	6115	0
154322	6116	2
154322	6117	2
154322	6118	0
154322	6119	0
154363	3705	0
154363	3706	0
154363	3707	0
154363	3708	0
154363	3709	0
154363	3710	5
154364	3705	0
154364	3706	0
154364	3707	0
154364	3708	0
154364	3709	0
154364	3710	7
154365	3705	0
154365	3706	0
154365	3707	0
154365	3708	0
154365	3709	0
154365	3710	0
154380	6114	0
154380	6115	2
154380	6116	2
154380	6117	3
154380	6118	0
154380	6119	0
154381	5327	0
154381	5328	4
154381	5329	0
154381	5330	4
154381	5331	0
154381	5332	0
154835	4303	0
154835	4304	0
154835	4305	0
154835	4306	0
154835	4307	2
154835	4308	1
154838	4303	0
154838	4304	0
154838	4305	0
154838	4306	0
154838	4307	0
154838	4308	0
154839	5495	0
154839	5496	0
154839	5497	0
154839	5498	0
154839	5499	0
154839	5500	0
154840	5495	0
154840	5496	0
154840	5497	0
154840	5498	0
154840	5499	0
154840	5500	0
154841	5495	0
154841	5496	1
154841	5497	0
154841	5498	0
154841	5499	0
154841	5500	0
154845	4303	0
154845	4304	0
154845	4305	0
154845	4306	0
154845	4307	2
154845	4308	1
154846	4303	0
154846	4304	0
154846	4305	0
154846	4306	0
154846	4307	0
154846	4308	0
154850	3723	0
154850	3724	0
154850	3725	1
154850	3726	0
154850	3727	0
154850	3728	0
154851	3723	0
154851	3724	0
154851	3725	0
154851	3726	0
154851	3727	1
154851	3728	0
154852	3723	0
154852	3724	0
154852	3725	0
154852	3726	0
154852	3727	1
154852	3728	0
154853	4480	0
154853	4481	0
154853	4482	2
154853	4483	0
154853	4484	0
154853	4485	0
154854	4480	0
154854	4481	0
154854	4482	0
154854	4483	0
154854	4484	0
154854	4485	0
154855	4480	0
154855	4481	0
154855	4482	0
154855	4483	0
154855	4484	0
154855	4485	0
154873	4245	0
154873	4246	0
154873	4247	0
154873	4248	0
154873	4249	0
154873	4250	0
154874	5453	0
154874	5454	0
154874	5455	0
154874	5456	6
154874	5457	0
154874	5458	0
154929	3075	0
154929	3076	0
154929	3077	0
154929	3078	0
154929	3079	0
154929	3080	0
155011	3129	0
155011	3130	0
155011	3131	21
155011	3132	9
155011	3133	13
155011	3134	5
155014	5202	0
155014	5203	0
155014	5204	0
155014	5205	0
155014	5206	0
155014	5207	0
155022	7233	0
155022	7234	0
155022	7235	0
155022	7236	0
155022	7237	3
155022	7238	0
155024	2714	0
155024	2715	0
155024	2716	0
155024	2717	1
155024	2718	0
155024	2719	0
155082	5796	4
155082	5797	2
155082	5798	0
155082	5799	2
155082	5800	3
155082	5801	0
155087	3381	0
155087	3382	0
155087	3383	2
155087	3384	0
155087	3385	2
155087	3386	0
155100	7067	0
155100	7068	1
155100	7069	0
155100	7070	2
155100	7071	0
155100	7072	2
155112	6605	1
155112	6606	0
155112	6607	0
155112	6608	0
155112	6609	0
155112	6610	0
155113	4116	0
155113	4117	0
155113	4118	0
155113	4119	0
155113	4120	0
155120	2660	0
155120	2661	0
155120	2662	0
155120	2663	0
155120	2664	0
155120	2665	0
155121	4004	0
155121	4005	0
155121	4006	0
155121	4007	0
155121	4008	0
155121	4009	0
155177	2714	0
155177	2715	0
155177	2716	0
155177	2717	0
155177	2718	0
155177	2719	0
155184	5202	0
155184	5203	1
155184	5204	0
155184	5205	2
155184	5206	0
155184	5207	0
155189	4245	0
155189	4246	0
155189	4247	0
155189	4248	0
155189	4249	0
155189	4250	1
155190	5453	0
155190	5454	0
155190	5455	0
155190	5456	2
155190	5457	0
155190	5458	0
155206	4116	0
155206	4117	0
155206	4118	0
155206	4119	0
155206	4120	0
155207	7604	0
155207	7605	0
155207	7606	0
155207	7607	0
155207	7608	1
155207	7609	0
155221	6605	0
155221	6606	0
155221	6607	0
155221	6608	0
155221	6609	0
155221	6610	0
155222	7067	0
155222	7068	1
155222	7069	0
155222	7070	3
155222	7071	1
155222	7072	1
155229	2925	4
155229	2926	0
155229	2927	0
155229	2928	0
155229	2929	0
155229	2930	0
155230	2925	4
155230	2926	0
155230	2927	0
155230	2928	0
155230	2929	0
155230	2930	0
155232	5880	2
155232	5881	0
155232	5882	0
155232	5883	0
155232	5884	2
155232	5885	0
155234	5880	1
155234	5881	0
155234	5882	2
155234	5883	0
155234	5884	0
155234	5885	1
155261	7604	1
155261	7605	0
155261	7606	0
155261	7607	0
155261	7608	0
155261	7609	0
155262	3381	0
155262	3382	0
155262	3383	0
155262	3384	0
155262	3385	0
155262	3386	0
155266	5796	24
155266	5797	0
155266	5798	24
155266	5799	0
155266	5800	9
155266	5801	7
155480	7616	0
155480	7617	0
155480	7618	0
155480	7619	2
155480	7620	0
155480	7621	0
155481	7616	0
155481	7617	0
155481	7618	0
155481	7619	1
155481	7620	0
155481	7621	0
155482	7616	0
155482	7617	0
155482	7618	0
155482	7619	0
155482	7620	0
155482	7621	0
155557	7067	0
155557	7068	0
155557	7069	0
155557	7070	6
155557	7071	0
155557	7072	2
155566	3129	0
155566	3130	0
155566	3131	12
155566	3132	7
155566	3133	9
155566	3134	0
155573	5184	0
155573	5185	2
155573	5186	0
155573	5187	0
155573	5188	0
155573	5189	0
155582	2714	0
155582	2715	0
155582	2716	0
155582	2717	0
155582	2718	0
155582	2719	0
155583	3093	0
155583	3094	0
155583	3095	0
155583	3096	8
155583	3097	0
155583	3098	0
155602	3129	0
155602	3130	0
155602	3131	8
155602	3132	4
155602	3133	4
155602	3134	3
155609	4944	2
155609	4945	0
155609	4946	0
155609	4947	0
155609	4948	0
155609	4949	0
155612	4944	0
155612	4945	0
155612	4946	0
155612	4947	0
155612	4948	0
155612	4949	0
155614	4944	0
155614	4945	0
155614	4946	0
155614	4947	0
155614	4948	0
155614	4949	0
155618	4245	0
155618	4246	0
155618	4247	0
155618	4248	0
155618	4249	0
155618	4250	0
155620	2829	0
155620	2830	0
155620	2831	4
155620	2832	0
155620	2833	1
155620	2834	0
155621	2829	0
155621	2830	0
155621	2831	3
155621	2832	0
155621	2833	0
155621	2834	0
155622	2829	0
155622	2830	0
155622	2831	0
155622	2832	0
155622	2833	0
155622	2834	0
155624	5202	0
155624	5203	1
155624	5204	0
155624	5205	0
155624	5206	0
155624	5207	0
155640	7604	0
155640	7605	0
155640	7606	0
155640	7607	0
155640	7608	0
155640	7609	0
155641	3075	0
155641	3076	0
155641	3077	0
155641	3078	0
155641	3079	0
155641	3080	0
155647	5880	1
155647	5881	0
155647	5882	0
155647	5883	0
155647	5884	0
155647	5885	0
155648	2925	2
155648	2926	0
155648	2927	0
155648	2928	0
155648	2929	0
155648	2930	0
155664	5796	3
155664	5797	0
155664	5798	3
155664	5799	0
155664	5800	4
155664	5801	0
155671	3980	0
155671	3981	0
155671	3982	0
155671	3983	0
155671	3984	0
155671	3985	0
155672	3980	1
155672	3981	1
155672	3982	0
155672	3983	0
155672	3984	0
155672	3985	0
155673	3980	2
155673	3981	0
155673	3982	0
155673	3983	0
155673	3984	0
155673	3985	0
155784	6605	0
155784	6606	0
155784	6607	0
155784	6608	0
155784	6609	0
155784	6610	0
155790	3381	0
155790	3382	0
155790	3383	1
155790	3384	0
155790	3385	0
155790	3386	0
155807	5226	0
155807	5227	1
155807	5228	0
155807	5229	0
155807	5230	0
155808	5184	0
155808	5185	0
155808	5186	0
155808	5187	0
155808	5188	0
155808	5189	0
155868	6613	2
155868	6614	0
155868	6615	0
155868	6616	0
155868	6617	2
155868	6618	1
155881	6613	3
155881	6614	0
155881	6615	0
155881	6616	0
155881	6617	0
155881	6618	0
155884	6613	1
155884	6614	0
155884	6615	0
155884	6616	0
155884	6617	0
155884	6618	0
156063	5226	0
156063	5227	0
156063	5228	0
156063	5229	0
156063	5230	0
156066	5184	0
156066	5185	0
156066	5186	0
156066	5187	0
156066	5188	0
156066	5189	0
156067	5226	0
156067	5227	0
156067	5228	0
156067	5229	0
156067	5230	0
156124	3093	0
156124	3094	0
156124	3095	0
156124	3096	1
156124	3097	0
156124	3098	0
156304	7443	0
156304	7444	0
156304	7445	0
156304	7446	2
156304	7447	0
156304	7448	0
156317	7067	0
156317	7068	1
156317	7069	0
156317	7070	2
156317	7071	0
156317	7072	2
156318	7067	0
156318	7068	1
156318	7069	0
156318	7070	3
156318	7071	1
156318	7072	1
156319	7067	0
156319	7068	0
156319	7069	0
156319	7070	6
156319	7071	0
156319	7072	2
156348	6605	1
156348	6606	0
156348	6607	0
156348	6608	0
156348	6609	0
156348	6610	0
156349	6605	0
156349	6606	0
156349	6607	0
156349	6608	0
156349	6609	0
156349	6610	0
156350	6605	0
156350	6606	0
156350	6607	0
156350	6608	0
156350	6609	0
156350	6610	0
156377	5495	0
156377	5496	0
156377	5497	0
156377	5498	0
156377	5499	0
156377	5500	0
156378	5495	0
156378	5496	0
156378	5497	0
156378	5498	0
156378	5499	0
156378	5500	0
156379	5495	0
156379	5496	1
156379	5497	0
156379	5498	0
156379	5499	0
156379	5500	0
156413	3705	0
156413	3706	0
156413	3707	0
156413	3708	0
156413	3709	0
156413	3710	0
156415	3705	0
156415	3706	0
156415	3707	0
156415	3708	0
156415	3709	0
156415	3710	5
156417	3705	0
156417	3706	0
156417	3707	0
156417	3708	0
156417	3709	0
156417	3710	7
156424	6114	0
156424	6115	2
156424	6116	2
156424	6117	3
156424	6118	0
156424	6119	0
156425	6114	0
156425	6115	6
156425	6116	0
156425	6117	0
156425	6118	0
156425	6119	0
156427	6114	0
156427	6115	0
156427	6116	2
156427	6117	2
156427	6118	0
156427	6119	0
156447	2714	0
156447	2715	0
156447	2716	0
156447	2717	1
156447	2718	0
156447	2719	0
156448	2714	0
156448	2715	0
156448	2716	0
156448	2717	0
156448	2718	0
156448	2719	0
156449	2714	0
156449	2715	0
156449	2716	0
156449	2717	0
156449	2718	0
156449	2719	0
156485	5184	0
156485	5185	2
156485	5186	0
156485	5187	0
156485	5188	0
156485	5189	0
156486	5184	0
156486	5185	0
156486	5186	0
156486	5187	0
156486	5188	0
156486	5189	0
156487	5184	0
156487	5185	0
156487	5186	0
156487	5187	0
156487	5188	0
156487	5189	0
156488	5226	0
156488	5227	0
156488	5228	0
156488	5229	0
156488	5230	0
156489	5226	0
156489	5227	1
156489	5228	0
156489	5229	0
156489	5230	0
156490	5226	0
156490	5227	0
156490	5228	0
156490	5229	0
156490	5230	0
156497	5202	0
156497	5203	0
156497	5204	0
156497	5205	0
156497	5206	0
156497	5207	0
156498	5202	0
156498	5203	1
156498	5204	0
156498	5205	2
156498	5206	0
156498	5207	0
156499	5202	0
156499	5203	1
156499	5204	0
156499	5205	0
156499	5206	0
156499	5207	0
156500	7616	0
156500	7617	0
156500	7618	0
156500	7619	2
156500	7620	0
156500	7621	0
156501	7616	0
156501	7617	0
156501	7618	0
156501	7619	1
156501	7620	0
156501	7621	0
156502	7616	0
156502	7617	0
156502	7618	0
156502	7619	0
156502	7620	0
156502	7621	0
156531	3723	0
156531	3724	0
156531	3725	1
156531	3726	0
156531	3727	0
156531	3728	0
156532	3723	0
156532	3724	0
156532	3725	0
156532	3726	0
156532	3727	1
156532	3728	0
156533	3723	0
156533	3724	0
156533	3725	0
156533	3726	0
156533	3727	1
156533	3728	0
156534	4480	0
156534	4481	0
156534	4482	2
156534	4483	0
156534	4484	0
156534	4485	0
156535	4480	0
156535	4481	0
156535	4482	0
156535	4483	0
156535	4484	0
156535	4485	0
156536	4480	0
156536	4481	0
156536	4482	0
156536	4483	0
156536	4484	0
156536	4485	0
156542	2829	0
156542	2830	0
156542	2831	4
156542	2832	0
156542	2833	1
156542	2834	0
156543	2829	0
156543	2830	0
156543	2831	3
156543	2832	0
156543	2833	0
156543	2834	0
156544	2829	0
156544	2830	0
156544	2831	0
156544	2832	0
156544	2833	0
156544	2834	0
156578	5453	0
156578	5454	2
156578	5455	0
156578	5456	6
156578	5457	0
156578	5458	0
156579	5453	0
156579	5454	0
156579	5455	0
156579	5456	6
156579	5457	0
156579	5458	0
156580	5453	0
156580	5454	0
156580	5455	0
156580	5456	2
156580	5457	0
156580	5458	0
156581	4245	0
156581	4246	0
156581	4247	0
156581	4248	0
156581	4249	0
156581	4250	0
156582	4245	0
156582	4246	0
156582	4247	0
156582	4248	0
156582	4249	0
156582	4250	1
156583	4245	0
156583	4246	0
156583	4247	0
156583	4248	0
156583	4249	0
156583	4250	0
156607	7604	0
156607	7605	0
156607	7606	0
156607	7607	0
156607	7608	1
156607	7609	0
156608	7604	1
156608	7605	0
156608	7606	0
156608	7607	0
156608	7608	0
156608	7609	0
156609	7604	0
156609	7605	0
156609	7606	0
156609	7607	0
156609	7608	0
156609	7609	0
156610	2925	4
156610	2926	0
156610	2927	0
156610	2928	0
156610	2929	0
156610	2930	0
156611	2925	4
156611	2926	0
156611	2927	0
156611	2928	0
156611	2929	0
156611	2930	0
156612	2925	2
156612	2926	0
156612	2927	0
156612	2928	0
156612	2929	0
156612	2930	0
156616	5880	2
156616	5881	0
156616	5882	0
156616	5883	0
156616	5884	2
156616	5885	0
156618	5880	1
156618	5881	0
156618	5882	2
156618	5883	0
156618	5884	0
156618	5885	1
156620	5880	1
156620	5881	0
156620	5882	0
156620	5883	0
156620	5884	0
156620	5885	0
156631	3980	1
156631	3981	1
156631	3982	0
156631	3983	0
156631	3984	0
156631	3985	0
156632	3980	2
156632	3981	0
156632	3982	0
156632	3983	0
156632	3984	0
156632	3985	0
156636	5796	4
156636	5797	2
156636	5798	0
156636	5799	2
156636	5800	3
156636	5801	0
156637	5796	24
156637	5797	0
156637	5798	24
156637	5799	0
156637	5800	9
156637	5801	7
156638	5796	3
156638	5797	0
156638	5798	3
156638	5799	0
156638	5800	4
156638	5801	0
156664	3129	0
156664	3130	0
156664	3131	21
156664	3132	9
156664	3133	13
156664	3134	5
156666	3129	0
156666	3130	0
156666	3131	12
156666	3132	7
156666	3133	9
156666	3134	0
156668	3129	0
156668	3130	0
156668	3131	8
156668	3132	4
156668	3133	4
156668	3134	3
156675	6613	2
156675	6614	0
156675	6615	0
156675	6616	0
156675	6617	2
156675	6618	1
156676	6613	3
156676	6614	0
156676	6615	0
156676	6616	0
156676	6617	0
156676	6618	0
156678	6613	1
156678	6614	0
156678	6615	0
156678	6616	0
156678	6617	0
156678	6618	0
156705	4944	2
156705	4945	0
156705	4946	0
156705	4947	0
156705	4948	0
156705	4949	0
156706	4944	0
156706	4945	0
156706	4946	0
156706	4947	0
156706	4948	0
156706	4949	0
156708	4944	0
156708	4945	0
156708	4946	0
156708	4947	0
156708	4948	0
156708	4949	0
156768	3657	58
156768	3658	5
156768	3659	0
156768	3660	0
156768	3661	1
156768	3662	0
156769	3657	0
156769	3658	11
156769	3659	0
156769	3660	1
156769	3661	1
156769	3662	2
156772	3657	0
156772	3658	2
156772	3659	0
156772	3660	1
156772	3661	1
156772	3662	1
156773	3075	1
156773	3076	0
156773	3077	0
156773	3078	0
156773	3079	2
156773	3080	0
156782	3075	1
156782	3076	0
156782	3077	0
156782	3078	0
156782	3079	2
156782	3080	0
156783	3075	0
156783	3076	0
156783	3077	0
156783	3078	0
156783	3079	0
156783	3080	0
156784	3075	0
156784	3076	0
156784	3077	0
156784	3078	0
156784	3079	0
156784	3080	0
156806	3657	58
156806	3658	5
156806	3659	0
156806	3660	0
156806	3661	1
156806	3662	0
156807	3657	0
156807	3658	11
156807	3659	0
156807	3660	1
156807	3661	1
156807	3662	2
156808	3657	0
156808	3658	2
156808	3659	0
156808	3660	1
156808	3661	1
156808	3662	1
156853	6048	0
156853	6049	0
156853	6050	0
156853	6051	0
156853	6052	0
156853	6053	3
156854	6048	0
156854	6049	0
156854	6050	0
156854	6051	0
156854	6052	0
156854	6053	1
156855	6048	0
156855	6049	0
156855	6050	0
156855	6051	0
156855	6052	2
156855	6053	5
156930	4004	0
156930	4005	0
156930	4006	0
156930	4007	0
156930	4008	0
156930	4009	0
156937	2660	0
156937	2661	0
156937	2662	0
156937	2663	0
156937	2664	0
156937	2665	0
156965	2690	0
156965	2691	0
156965	2692	38
156965	2693	0
156965	2694	15
156965	2695	0
156966	2690	0
156966	2691	0
156966	2692	6
156966	2693	14
156966	2694	17
156966	2695	12
156976	4327	0
156976	4328	0
156976	4329	1
156976	4330	0
156976	4331	0
156976	4332	0
156982	6121	0
156982	6122	1
156982	6123	0
156982	6124	0
156982	6125	0
156986	3903	0
156986	3904	0
156986	3905	1
156986	3906	0
156986	3907	2
156986	3908	0
156987	3903	1
156987	3904	0
156987	3905	2
156987	3906	0
156987	3907	1
156987	3908	0
156988	3903	0
156988	3904	0
156988	3905	2
156988	3906	0
156988	3907	0
156988	3908	0
157181	7443	0
157181	7444	0
157181	7445	0
157181	7446	0
157181	7447	0
157181	7448	0
157182	2660	0
157182	2661	0
157182	2662	0
157182	2663	0
157182	2664	0
157182	2665	0
157324	3033	0
157324	3034	0
157324	3035	0
157324	3036	0
157324	3037	0
157324	3038	0
157325	6036	1
157325	6037	0
157325	6038	3
157325	6039	1
157325	6040	1
157325	6041	1
157341	3723	0
157341	3724	0
157341	3725	0
157341	3726	0
157341	3727	2
157341	3728	0
157342	5495	0
157342	5496	0
157342	5497	0
157342	5498	0
157342	5499	0
157342	5500	0
157354	3411	1
157354	3412	12
157354	3413	8
157354	3414	0
157354	3415	1
157354	3416	2
157363	3759	0
157363	3760	0
157363	3761	0
157363	3762	0
157363	3763	1
157363	3764	1
157382	2773	0
157382	2774	21
157382	2775	1
157382	2776	3
157382	2777	3
157382	2778	1
157383	6839	0
157383	6840	21
157383	6841	1
157383	6842	3
157383	6843	3
157383	6844	1
157384	6839	0
157384	6840	14
157384	6841	0
157384	6842	3
157384	6843	2
157384	6844	0
157385	2773	0
157385	2774	0
157385	2775	1
157385	2776	3
157385	2777	0
157385	2778	3
157386	2773	0
157386	2774	0
157386	2775	1
157386	2776	3
157386	2777	0
157386	2778	3
157387	2773	0
157387	2774	0
157387	2775	1
157387	2776	2
157387	2777	2
157387	2778	6
157408	4139	0
157408	4140	1
157408	4141	0
157408	4142	0
157408	4143	0
157408	4144	0
157417	4368	1
157417	4369	0
157417	4370	0
157417	4371	0
157418	4368	1
157418	4369	0
157418	4370	0
157418	4371	0
157424	6036	0
157424	6037	0
157424	6038	1
157424	6039	0
157424	6040	0
157424	6041	0
157439	3034	0
157442	3411	0
157442	3412	22
157442	3413	2
157442	3414	12
157442	3415	0
157442	3416	6
157445	3759	0
157445	3760	0
157445	3761	0
157445	3762	0
157445	3763	6
157445	3764	1
157449	7329	0
157449	7330	0
157449	7331	0
157449	7332	2
157449	7333	0
157449	7334	2
157450	3777	0
157450	3778	2
157450	3779	0
157450	3780	0
157450	3781	0
157450	3782	0
157451	7329	2
157451	7330	0
157451	7331	0
157451	7332	0
157451	7333	0
157451	7334	1
157452	3777	0
157452	3778	0
157452	3779	0
157452	3780	0
157452	3781	0
157452	3782	0
157505	3411	0
157505	3412	6
157505	3413	26
157505	3414	18
157505	3415	0
157505	3416	1
157516	3387	0
157516	3388	0
157516	3389	0
157516	3390	0
157516	3391	0
157516	3392	0
157517	3387	0
157517	3388	0
157517	3389	0
157517	3390	0
157517	3391	0
157517	3392	0
157518	3387	0
157518	3388	0
157518	3389	0
157518	3390	0
157518	3391	0
157518	3392	0
157534	2797	2
157534	2798	0
157534	2799	0
157534	2800	0
157534	2801	0
157534	2802	0
157535	2797	0
157535	2798	0
157535	2799	0
157535	2800	0
157535	2801	0
157535	2802	0
157536	2797	1
157536	2798	0
157536	2799	0
157536	2800	0
157536	2801	0
157536	2802	0
157571	3033	0
157571	3034	0
157571	3035	1
157571	3036	0
157571	3037	0
157571	3038	0
157581	6036	0
157581	6037	0
157581	6038	0
157581	6039	0
157581	6040	0
157581	6041	0
157596	7329	0
157596	7330	0
157596	7331	1
157596	7332	0
157596	7333	0
157596	7334	1
157599	3777	0
157599	3778	0
157599	3779	0
157599	3780	0
157599	3781	0
157599	3782	0
157610	3759	0
157610	3760	0
157610	3761	0
157610	3762	0
157610	3763	6
157610	3764	6
157613	5742	2
157613	5743	0
157613	5744	0
157613	5745	0
157613	5746	0
157613	5747	0
157614	5742	1
157614	5743	0
157614	5744	0
157614	5745	0
157614	5746	0
157614	5747	0
157615	5742	2
157615	5743	0
157615	5744	0
157615	5745	0
157615	5746	0
157615	5747	0
157685	6408	0
157685	6409	2
157685	6410	0
157685	6411	2
157685	6412	0
157685	6413	0
157686	6408	2
157686	6409	1
157686	6410	0
157686	6411	2
157686	6412	0
157686	6413	0
157687	6408	1
157687	6409	1
157687	6410	0
157687	6411	1
157687	6412	0
157687	6413	0
157708	3945	0
157708	3946	0
157708	3947	0
157708	3948	0
157708	3949	0
157708	3950	0
157709	3945	0
157709	3946	0
157709	3947	0
157709	3948	0
157709	3949	0
157709	3950	0
157710	3945	0
157710	3946	0
157710	3947	0
157710	3948	0
157710	3949	0
157710	3950	0
157749	4812	0
157749	4813	0
157749	4814	0
157749	4815	0
157749	4816	0
157749	4817	1
157751	4812	0
157751	4813	0
157751	4814	0
157751	4815	0
157751	4816	0
157751	4817	4
157886	3033	0
157886	3034	0
157886	3035	0
157886	3036	0
157886	3037	0
157886	3038	0
157887	3034	0
157888	3033	0
157888	3034	0
157888	3035	1
157888	3036	0
157888	3037	0
157888	3038	0
157944	5591	0
157944	5592	0
157944	5593	0
157944	5594	0
157944	5595	2
157944	5596	0
157957	5591	0
157957	5592	0
157957	5593	0
157957	5594	0
157957	5595	1
157957	5596	0
157960	5591	0
157960	5592	0
157960	5593	0
157960	5594	0
157960	5595	0
157960	5596	0
158053	4139	0
158053	4140	2
158053	4141	0
158053	4142	0
158053	4143	0
158053	4144	0
158109	4297	0
158109	4298	0
158109	4299	0
158109	4300	0
158109	4301	0
158109	4302	0
158110	4297	0
158110	4298	0
158110	4299	0
158110	4300	0
158110	4301	0
158110	4302	0
158501	3153	0
158501	3154	0
158501	3155	0
158501	3156	0
158501	3157	0
158501	3158	0
158502	3153	0
158502	3154	0
158502	3155	0
158502	3156	0
158502	3157	0
158502	3158	0
158503	3153	0
158503	3154	1
158503	3155	0
158503	3156	0
158503	3157	0
158503	3158	0
158517	3968	0
158517	3969	0
158517	3970	0
158517	3971	1
158517	3972	1
158517	3973	3
158518	3968	0
158518	3969	0
158518	3970	0
158518	3971	0
158518	3972	2
158518	3973	2
158519	3968	0
158519	3969	0
158519	3970	0
158519	3971	0
158519	3972	0
158519	3973	0
158640	5064	0
158640	5065	0
158640	5066	0
158640	5067	0
158640	5068	0
158640	5069	3
158641	5064	0
158641	5065	0
158641	5066	0
158641	5067	0
158641	5068	0
158641	5069	0
158642	5064	0
158642	5065	0
158642	5066	0
158642	5067	0
158642	5068	0
158642	5069	2
158649	3447	1
158649	3448	0
158649	3449	1
158649	3450	0
158649	3451	0
158649	3452	0
158921	3447	0
158921	3448	0
158921	3449	0
158921	3450	3
158921	3451	0
158921	3452	0
158962	3447	0
158962	3448	0
158962	3449	0
158962	3450	1
158962	3451	0
158962	3452	0
159181	4327	0
159181	4328	0
159181	4329	1
159181	4330	0
159181	4331	0
159181	4332	0
159183	2606	0
159183	2607	1
159183	2608	2
159183	2609	0
159183	2610	0
159183	2611	0
159184	2606	0
159184	2607	1
159184	2608	0
159184	2609	0
159184	2610	0
159184	2611	0
159185	2606	0
159185	2607	2
159185	2608	0
159185	2609	0
159185	2610	0
159185	2611	0
159210	5495	0
159210	5496	0
159210	5497	0
159210	5498	0
159210	5499	0
159210	5500	0
159211	5495	0
159211	5496	0
159211	5497	0
159211	5498	0
159211	5499	0
159211	5500	0
159212	3723	0
159212	3724	0
159212	3725	0
159212	3726	0
159212	3727	2
159212	3728	0
159213	3723	0
159213	3724	0
159213	3725	0
159213	3726	0
159213	3727	0
159213	3728	0
159216	5543	0
159216	5544	0
159216	5545	0
159216	5546	0
159216	5547	0
159216	5548	0
159218	6677	0
159218	6678	0
159218	6679	0
159218	6680	1
159218	6681	0
159218	6682	0
159236	3057	6
159236	3058	2
159236	3059	1
159236	3060	3
159236	3061	0
159236	3062	3
159238	4926	2
159238	4927	0
159238	4928	0
159238	4929	0
159238	4930	0
159238	4931	0
159241	5327	2
159241	5328	0
159241	5329	0
159241	5330	0
159241	5331	0
159241	5332	0
159256	7287	0
159256	7288	0
159256	7289	0
159256	7290	0
159256	7291	0
159256	7292	1
159267	5028	0
159267	5029	0
159267	5030	0
159267	5031	0
159267	5032	0
159267	5033	0
159275	2684	0
159275	2685	0
159275	2686	0
159275	2687	0
159275	2688	0
159275	2689	3
159343	2955	0
159343	2956	0
159343	2957	0
159343	2958	0
159343	2959	0
159343	2960	2
159344	2955	0
159344	2956	0
159344	2957	0
159344	2958	2
159344	2959	0
159344	2960	2
159345	4139	0
159345	4140	2
159345	4141	0
159345	4142	0
159345	4143	1
159345	4144	0
159382	2791	0
159382	2792	2
159382	2793	0
159382	2794	0
159382	2795	0
159382	2796	0
159383	2791	0
159383	2792	3
159383	2793	0
159383	2794	0
159383	2795	0
159383	2796	0
159407	3057	1
159407	3058	0
159407	3059	0
159407	3060	0
159407	3061	0
159407	3062	4
159413	6677	0
159413	6678	0
159413	6679	0
159413	6680	0
159413	6681	0
159413	6682	0
159435	4926	2
159435	4927	0
159435	4928	0
159435	4929	0
159435	4930	0
159435	4931	0
159439	7287	0
159439	7288	0
159439	7289	0
159439	7290	0
159439	7291	0
159439	7292	2
159440	5028	0
159440	5029	0
159440	5030	0
159440	5031	0
159440	5032	4
159440	5033	0
159441	5638	0
159441	5639	0
159441	5640	2
159441	5641	0
159441	5642	0
159441	5643	0
159450	7209	2
159450	7210	0
159450	7211	0
159450	7212	0
159450	7213	0
159450	7214	0
159451	5327	0
159451	5328	0
159451	5329	0
159451	5330	0
159451	5331	0
159451	5332	0
159464	6114	2
159464	6115	0
159464	6116	10
159464	6117	0
159464	6118	0
159464	6119	0
159465	6114	0
159465	6115	2
159465	6116	0
159465	6117	0
159465	6118	0
159465	6119	0
159482	7287	0
159482	7288	0
159482	7289	0
159482	7290	0
159482	7291	0
159482	7292	0
159486	7209	1
159486	7210	0
159486	7211	0
159486	7212	0
159486	7213	0
159486	7214	0
159532	2791	1
159532	2792	2
159532	2793	0
159532	2794	0
159532	2795	0
159532	2796	0
159534	4926	1
159534	4927	0
159534	4928	0
159534	4929	0
159534	4930	0
159534	4931	0
159550	5543	0
159550	5544	0
159550	5545	0
159550	5546	0
159550	5547	2
159550	5548	0
159552	5543	0
159552	5544	0
159552	5545	0
159552	5546	1
159552	5547	3
159552	5548	0
159574	5970	0
159574	5971	1
159574	5972	0
159574	5973	3
159574	5974	0
159574	5975	1
159577	5970	0
159577	5971	0
159577	5972	1
159577	5973	3
159577	5974	0
159577	5975	3
159590	5028	0
159590	5029	0
159590	5030	0
159590	5031	0
159590	5032	0
159590	5033	0
159606	6114	0
159606	6115	0
159606	6116	0
159606	6117	0
159606	6118	0
159606	6119	0
159671	7532	0
159671	7533	0
159671	7534	0
159671	7535	0
159671	7536	0
159671	7537	1
159672	7532	0
159672	7533	0
159672	7534	0
159672	7535	0
159672	7536	2
159672	7537	1
159706	4480	1
159706	4481	0
159706	4482	0
159706	4483	0
159706	4484	0
159706	4485	0
159707	4480	1
159707	4481	0
159707	4482	0
159707	4483	0
159707	4484	0
159707	4485	0
159708	4480	0
159708	4481	0
159708	4482	0
159708	4483	0
159708	4484	0
159708	4485	0
159709	4480	0
159709	4481	0
159709	4482	0
159709	4483	0
159709	4484	0
159709	4485	0
159711	4480	0
159711	4481	0
159711	4482	0
159711	4483	0
159711	4484	0
159711	4485	0
159712	4480	0
159712	4481	0
159712	4482	0
159712	4483	0
159712	4484	0
159712	4485	0
159716	4998	0
159716	4999	0
159716	5000	0
159716	5001	0
159716	5002	0
159716	5003	0
159717	4998	1
159717	4999	0
159717	5000	1
159717	5001	0
159717	5002	0
159717	5003	0
159718	4998	0
159718	4999	0
159718	5000	0
159718	5001	0
159718	5002	0
159718	5003	0
159719	2807	0
159719	2808	3
159719	2809	0
159719	2810	0
159719	2811	1
159719	2812	1
159720	2807	0
159720	2808	2
159720	2809	0
159720	2810	0
159720	2811	0
159720	2812	0
159741	3705	0
159741	3706	0
159741	3707	0
159741	3708	0
159741	3709	0
159741	3710	8
159742	3705	0
159742	3706	0
159742	3707	0
159742	3708	0
159742	3709	0
159742	3710	5
159743	3705	0
159743	3706	0
159743	3707	0
159743	3708	0
159743	3709	0
159743	3710	2
159752	3081	0
159752	3082	4
159752	3083	0
159752	3084	0
159752	3085	0
159752	3086	0
159754	3081	0
159754	3082	1
159754	3083	0
159754	3084	0
159754	3085	0
159754	3086	0
159756	3081	0
159756	3082	2
159756	3083	0
159756	3084	0
159756	3085	0
159756	3086	0
159884	3447	1
159884	3448	0
159884	3449	1
159884	3450	0
159884	3451	0
159884	3452	0
159885	3447	0
159885	3448	0
159885	3449	0
159885	3450	3
159885	3451	0
159885	3452	0
159886	3447	0
159886	3448	0
159886	3449	0
159886	3450	1
159886	3451	0
159886	3452	0
159937	5970	0
159937	5971	1
159937	5972	0
159937	5973	3
159937	5974	0
159937	5975	2
160132	6497	0
160132	6498	0
160132	6499	0
160132	6500	2
160132	6501	0
160132	6502	8
160133	6497	0
160133	6498	0
160133	6499	0
160133	6500	1
160133	6501	1
160133	6502	3
160134	6497	0
160134	6498	0
160134	6499	0
160134	6500	2
160134	6501	0
160134	6502	21
160148	2660	0
160148	2661	0
160148	2662	0
160148	2663	0
160148	2664	0
160148	2665	0
160155	3093	0
160155	3094	0
160155	3095	4
160155	3096	2
160155	3097	0
160155	3098	0
160156	4004	0
160156	4005	0
160156	4006	0
160156	4007	0
160156	4008	0
160156	4009	1
160163	5796	0
160163	5797	0
160163	5798	0
160163	5799	0
160163	5800	0
160163	5801	0
160165	5796	25
160165	5797	0
160165	5798	17
160165	5799	0
160165	5800	5
160165	5801	0
160166	7067	0
160166	7068	1
160166	7069	1
160166	7070	1
160166	7071	3
160166	7072	0
160172	2829	0
160172	2830	0
160172	2831	4
160172	2832	0
160172	2833	2
160172	2834	0
160185	7233	0
160185	7234	0
160185	7235	0
160185	7236	0
160185	7237	2
160185	7238	0
160188	2714	0
160188	2715	0
160188	2716	0
160188	2717	0
160188	2718	0
160188	2719	0
160199	4944	5
160199	4945	0
160199	4946	0
160199	4947	0
160199	4948	0
160199	4949	0
160203	3129	0
160203	3130	0
160203	3131	8
160203	3132	6
160203	3133	8
160203	3134	4
160208	2660	1
160208	2661	0
160208	2662	0
160208	2663	0
160208	2664	0
160208	2665	0
160209	5880	0
160209	5881	0
160209	5882	1
160209	5883	0
160209	5884	0
160209	5885	0
160212	4004	0
160212	4005	0
160212	4006	0
160212	4007	0
160212	4008	0
160212	4009	0
160259	4116	0
160259	4117	0
160259	4118	0
160259	4119	3
160259	4120	2
160275	3093	0
160275	3094	0
160275	3095	6
160275	3096	0
160275	3097	0
160275	3098	0
160278	4116	0
160278	4117	0
160278	4118	0
160278	4119	0
160278	4120	1
160279	7067	0
160279	7068	1
160279	7069	0
160279	7070	1
160279	7071	0
160279	7072	2
160282	7604	0
160282	7605	1
160282	7606	0
160282	7607	1
160282	7608	1
160282	7609	0
160289	5796	4
160289	5797	0
160289	5798	4
160289	5799	3
160289	5800	1
160289	5801	0
160294	2829	0
160294	2830	0
160294	2831	3
160294	2832	0
160294	2833	1
160294	2834	0
160295	6048	0
160295	6049	0
160295	6050	0
160295	6051	0
160295	6052	0
160295	6053	6
160296	6048	0
160296	6049	0
160296	6050	0
160296	6051	0
160296	6052	0
160296	6053	2
160297	6461	0
160297	6462	4
160297	6463	0
160297	6464	1
160297	6465	0
160297	6466	0
160298	6461	0
160298	6462	0
160298	6463	0
160298	6464	0
160298	6465	0
160298	6466	0
160310	4944	1
160310	4945	0
160310	4946	0
160310	4947	0
160310	4948	0
160310	4949	1
160316	5880	1
160316	5881	0
160316	5882	0
160316	5883	1
160316	5884	3
160316	5885	0
160323	2714	0
160323	2715	0
160323	2716	0
160323	2717	0
160323	2718	0
160323	2719	0
160332	6497	0
160332	6498	0
160332	6499	0
160332	6500	7
160332	6501	0
160332	6502	6
160333	6497	0
160333	6498	0
160333	6499	0
160333	6500	1
160333	6501	0
160333	6502	2
160343	2660	0
160343	2661	0
160343	2662	0
160343	2663	0
160343	2664	0
160343	2665	0
160344	7067	0
160344	7068	2
160344	7069	0
160344	7070	1
160344	7071	0
160344	7072	1
160347	7233	0
160347	7234	0
160347	7235	0
160347	7236	0
160347	7237	1
160347	7238	0
160351	5796	12
160351	5797	0
160351	5798	3
160351	5799	2
160351	5800	2
160351	5801	0
160354	4004	0
160354	4005	0
160354	4006	0
160354	4007	0
160354	4008	0
160354	4009	0
160388	7616	0
160388	7617	0
160388	7618	0
160388	7619	1
160388	7620	0
160388	7621	0
160389	7616	0
160389	7617	0
160389	7618	0
160389	7619	0
160389	7620	0
160389	7621	0
160391	3093	0
160391	3094	0
160391	3095	2
160391	3096	0
160391	3097	0
160391	3098	0
160392	7616	0
160392	7617	0
160392	7618	0
160392	7619	0
160392	7620	0
160392	7621	0
160393	7443	0
160393	7444	0
160393	7445	0
160393	7446	0
160393	7447	0
160393	7448	0
160394	7443	0
160394	7444	0
160394	7445	0
160394	7446	0
160394	7447	0
160394	7448	0
160395	7443	0
160395	7444	0
160395	7445	0
160395	7446	1
160395	7447	0
160395	7448	0
160396	7443	0
160396	7444	0
160396	7445	0
160396	7446	1
160396	7447	0
160396	7448	0
160397	7443	0
160397	7444	0
160397	7445	0
160397	7446	0
160397	7447	6
160397	7448	1
160398	7443	0
160398	7444	0
160398	7445	0
160398	7446	0
160398	7447	6
160398	7448	1
160425	4944	5
160425	4945	0
160425	4946	0
160425	4947	0
160425	4948	0
160425	4949	0
160434	2714	0
160434	2715	0
160434	2716	0
160434	2717	0
160434	2718	0
160434	2719	0
160439	2829	0
160439	2830	0
160439	2831	3
160439	2832	0
160439	2833	0
160439	2834	0
160451	7604	0
160451	7605	0
160451	7606	0
160451	7607	0
160451	7608	0
160451	7609	0
160456	2925	2
160456	2926	0
160456	2927	0
160456	2928	0
160456	2929	0
160456	2930	0
160457	2925	1
160457	2926	0
160457	2927	0
160457	2928	0
160457	2929	0
160457	2930	0
160458	2925	0
160458	2926	1
160458	2927	0
160458	2928	0
160458	2929	0
160458	2930	0
160468	6048	0
160468	6049	0
160468	6050	0
160468	6051	0
160468	6052	0
160468	6053	4
160469	6461	0
160469	6462	0
160469	6463	0
160469	6464	0
160469	6465	0
160469	6466	0
160474	7233	0
160474	7234	0
160474	7235	0
160474	7236	0
160474	7237	1
160474	7238	0
160476	6497	0
160476	6498	0
160476	6499	0
160476	6500	15
160476	6501	0
160476	6502	23
160489	5880	2
160489	5881	0
160489	5882	0
160489	5883	0
160489	5884	16
160489	5885	4
160502	6613	2
160502	6614	0
160502	6615	0
160502	6616	0
160502	6617	0
160502	6618	0
160503	6613	0
160503	6614	0
160503	6615	0
160503	6616	0
160503	6617	0
160503	6618	0
160504	6613	1
160504	6614	0
160504	6615	0
160504	6616	0
160504	6617	0
160504	6618	0
160515	2989	0
160515	2990	0
160515	2991	0
160515	2992	0
160515	2993	0
160515	2994	0
160518	2989	0
160518	2990	0
160518	2991	0
160518	2992	0
160518	2993	0
160518	2994	0
160521	2989	0
160521	2990	0
160521	2991	0
160521	2992	1
160521	2993	0
160521	2994	0
160525	3075	0
160525	3076	0
160525	3077	0
160525	3078	0
160525	3079	0
160525	3080	0
160526	3075	0
160526	3076	0
160526	3077	0
160526	3078	0
160526	3079	0
160526	3080	0
160527	3075	0
160527	3076	0
160527	3077	0
160527	3078	0
160527	3079	0
160527	3080	0
160558	6120	0
160558	6121	0
160558	6122	0
160558	6123	0
160558	6124	0
160558	6125	0
160559	6121	0
160559	6122	2
160559	6123	0
160559	6124	0
160559	6125	0
160560	6121	0
160560	6122	3
160560	6123	0
160560	6124	0
160560	6125	0
160565	5453	0
160565	5454	0
160565	5455	0
160565	5456	4
160565	5457	0
160565	5458	0
160566	4245	0
160566	4246	0
160566	4247	0
160566	4248	0
160566	4249	0
160566	4250	0
160567	5453	0
160567	5454	0
160567	5455	0
160567	5456	5
160567	5457	0
160567	5458	0
160568	4245	0
160568	4246	0
160568	4247	0
160568	4248	0
160568	4249	0
160568	4250	0
160569	5453	0
160569	5454	1
160569	5455	0
160569	5456	3
160569	5457	0
160569	5458	0
160570	4245	0
160570	4246	0
160570	4247	0
160570	4248	0
160570	4249	0
160570	4250	0
160579	3657	55
160579	3658	2
160579	3659	3
160579	3660	4
160579	3661	0
160579	3662	0
160580	3657	0
160580	3658	7
160580	3659	0
160580	3660	27
160580	3661	0
160580	3662	1
160588	4303	0
160588	4304	0
160588	4305	0
160588	4306	0
160588	4307	2
160588	4308	1
160589	4303	0
160589	4304	0
160589	4305	0
160589	4306	0
160589	4307	0
160589	4308	1
160590	4303	0
160590	4304	0
160590	4305	0
160590	4306	0
160590	4307	1
160590	4308	1
160611	3381	0
160611	3382	0
160611	3383	0
160611	3384	0
160611	3385	0
160611	3386	0
160614	3381	0
160614	3382	0
160614	3383	0
160614	3384	0
160614	3385	1
160614	3386	0
160616	3381	0
160616	3382	0
160616	3383	0
160616	3384	0
160616	3385	2
160616	3386	0
160649	3980	0
160649	3981	0
160649	3982	0
160649	3983	0
160649	3984	0
160649	3985	0
160650	3980	0
160650	3981	0
160650	3982	0
160650	3983	0
160650	3984	0
160650	3985	1
160651	3980	0
160651	3981	0
160651	3982	0
160651	3983	0
160651	3984	0
160651	3985	1
160685	6054	4
160685	6055	2
160685	6056	0
160685	6057	0
160685	6058	0
160685	6059	0
160686	6054	1
160686	6055	1
160686	6056	0
160686	6057	0
160686	6058	0
160686	6059	0
160687	6054	0
160687	6055	0
160687	6056	0
160687	6057	0
160687	6058	0
160687	6059	4
160688	5226	1
160688	5227	0
160688	5228	0
160688	5229	0
160688	5230	0
160689	5226	1
160689	5227	0
160689	5228	0
160689	5229	0
160689	5230	0
160690	5226	0
160690	5227	0
160690	5228	0
160690	5229	0
160690	5230	0
160691	5184	1
160691	5185	2
160691	5186	0
160691	5187	0
160691	5188	0
160691	5189	0
160692	5184	3
160692	5185	0
160692	5186	0
160692	5187	0
160692	5188	0
160692	5189	0
160693	5184	0
160693	5185	2
160693	5186	0
160693	5187	0
160693	5188	0
160693	5189	0
160866	5495	0
160866	5496	0
160866	5497	0
160866	5498	0
160866	5499	0
160866	5500	0
160877	3777	0
160877	3778	2
160877	3779	0
160877	3780	0
160877	3781	0
160877	3782	0
160878	7329	1
160878	7330	0
160878	7331	2
160878	7332	0
160878	7333	0
160878	7334	0
160891	3759	0
160891	3760	0
160891	3761	0
160891	3762	1
160891	3763	0
160891	3764	3
160922	5650	0
160922	5651	1
160922	5652	0
160922	5653	1
160922	5654	0
160922	5655	0
160935	5742	0
160935	5743	2
160935	5744	0
160935	5745	0
160935	5746	0
160935	5747	0
160940	2955	0
160940	2956	0
160940	2957	0
160940	2958	0
160940	2959	0
160940	2960	0
160959	3411	0
160959	3412	1
160959	3413	24
160959	3414	58
160959	3415	6
160959	3416	2
160984	3759	0
160984	3760	0
160984	3761	0
160984	3762	0
160984	3763	0
160984	3764	0
160985	3621	0
160985	3622	0
160985	3623	0
160985	3624	0
160985	3625	0
160985	3626	1
160994	2797	0
160994	2798	2
160994	2799	0
160994	2800	0
160994	2801	0
160994	2802	0
160997	3621	0
160997	3622	0
160997	3623	0
160997	3624	0
160997	3625	0
160997	3626	0
160999	3621	0
160999	3622	0
160999	3623	0
160999	3624	2
160999	3625	2
160999	3626	0
161018	2955	0
161018	2956	0
161018	2957	0
161018	2958	0
161018	2959	0
161018	2960	0
161019	5742	0
161019	5743	1
161019	5744	0
161019	5745	0
161019	5746	0
161019	5747	0
161030	3411	0
161030	3412	0
161030	3413	1
161030	3414	28
161030	3415	4
161030	3416	7
161031	4163	2
161031	4164	1
161031	4165	2
161031	4166	0
161031	4167	2
161031	4168	0
161032	6366	0
161032	6367	1
161032	6368	0
161032	6369	0
161032	6370	0
161032	6371	1
161038	4163	2
161038	4164	1
161038	4165	1
161038	4166	0
161038	4167	2
161038	4168	0
161039	6366	0
161039	6367	0
161039	6368	0
161039	6369	0
161039	6370	0
161039	6371	0
161044	5495	0
161044	5496	0
161044	5497	1
161044	5498	0
161044	5499	0
161044	5500	0
161056	2797	0
161056	2798	0
161056	2799	0
161056	2800	0
161056	2801	0
161056	2802	0
161060	3411	0
161060	3412	1
161060	3413	6
161060	3414	22
161060	3415	2
161060	3416	4
161065	5742	0
161065	5743	1
161065	5744	0
161065	5745	0
161065	5746	0
161065	5747	0
161067	3777	0
161067	3778	0
161067	3779	2
161067	3780	0
161067	3781	0
161067	3782	0
161068	7329	0
161068	7330	0
161068	7331	0
161068	7332	0
161068	7333	1
161068	7334	2
161107	3621	0
161107	3622	0
161107	3623	0
161107	3624	0
161107	3625	0
161107	3626	0
161108	3759	0
161108	3760	3
161108	3761	0
161108	3762	1
161108	3763	0
161108	3764	1
161145	3447	0
161145	3448	0
161145	3449	2
161145	3450	0
161145	3451	0
161145	3452	0
161146	3447	0
161146	3448	0
161146	3449	2
161146	3450	0
161146	3451	0
161146	3452	0
161147	3447	0
161147	3448	0
161147	3449	2
161147	3450	0
161147	3451	0
161147	3452	1
161150	3447	0
161150	3448	0
161150	3449	3
161150	3450	2
161150	3451	0
161150	3452	1
161155	7329	0
161155	7330	0
161155	7331	0
161155	7332	0
161155	7333	0
161155	7334	0
161156	3777	0
161156	3778	3
161156	3779	0
161156	3780	0
161156	3781	0
161156	3782	0
161171	5495	0
161171	5496	0
161171	5497	0
161171	5498	0
161171	5499	0
161171	5500	0
161175	4163	1
161175	4164	1
161175	4165	4
161175	4166	0
161175	4167	0
161175	4168	0
161179	6366	0
161179	6367	0
161179	6368	0
161179	6369	2
161179	6370	0
161179	6371	0
161189	2955	0
161189	2956	2
161189	2957	0
161189	2958	0
161189	2959	0
161189	2960	0
161191	3945	0
161191	3946	2
161191	3947	0
161191	3948	0
161191	3949	0
161191	3950	0
161192	3945	0
161192	3946	1
161192	3947	0
161192	3948	0
161192	3949	0
161192	3950	0
161193	3945	2
161193	3946	0
161193	3947	2
161193	3948	0
161193	3949	0
161193	3950	0
161204	4297	0
161204	4298	0
161204	4299	0
161204	4300	3
161204	4301	0
161204	4302	0
161205	4297	0
161205	4298	0
161205	4299	0
161205	4300	5
161205	4301	0
161205	4302	0
161206	4297	0
161206	4298	0
161206	4299	0
161206	4300	3
161206	4301	0
161206	4302	0
161220	5496	0
161220	5497	0
161220	5498	0
161220	5499	0
161220	5500	0
161221	5496	0
161221	5497	0
161221	5498	0
161221	5499	0
161221	5500	0
161222	5495	0
161222	5496	0
161222	5497	0
161222	5498	0
161222	5499	0
161222	5500	0
161223	5495	0
161223	5496	0
161223	5497	0
161223	5498	0
161223	5499	0
161223	5500	0
161224	5495	0
161224	5496	0
161224	5497	0
161224	5498	0
161224	5499	0
161224	5500	0
161225	5495	0
161225	5496	0
161225	5497	0
161225	5498	0
161225	5499	0
161225	5500	0
161226	3723	0
161226	3724	0
161226	3725	1
161226	3726	0
161226	3727	0
161226	3728	0
161227	3723	0
161227	3724	0
161227	3725	1
161227	3726	0
161227	3727	0
161227	3728	0
161228	3723	0
161228	3724	0
161228	3725	0
161228	3726	0
161228	3727	1
161228	3728	0
161229	3723	0
161229	3724	0
161229	3725	0
161229	3726	0
161229	3727	1
161229	3728	0
161230	3723	0
161230	3724	0
161230	3725	0
161230	3726	0
161230	3727	0
161230	3728	0
161231	3723	0
161231	3724	0
161231	3725	1
161231	3726	0
161231	3727	0
161231	3728	1
161255	5076	7
161255	5077	0
161255	5078	0
161255	5079	0
161255	5080	0
161255	5081	0
161316	3968	0
161316	3969	0
161316	3970	2
161316	3971	1
161316	3972	0
161316	3973	2
161317	3968	0
161317	3969	0
161317	3970	2
161317	3971	1
161317	3972	1
161317	3973	3
161318	3968	0
161318	3969	0
161318	3970	0
161318	3971	0
161318	3972	2
161318	3973	2
161320	3387	0
161320	3388	0
161320	3389	0
161320	3390	0
161320	3391	0
161320	3392	0
161321	3387	0
161321	3388	0
161321	3389	0
161321	3390	0
161321	3391	0
161321	3392	0
161322	3387	0
161322	3388	0
161322	3389	1
161322	3390	0
161322	3391	0
161322	3392	0
161354	3153	0
161354	3154	0
161354	3155	0
161354	3156	3
161354	3157	0
161354	3158	0
161355	3153	0
161355	3154	0
161355	3155	0
161355	3156	0
161355	3157	0
161355	3158	0
161356	3153	0
161356	3154	0
161356	3155	0
161356	3156	2
161356	3157	0
161356	3158	0
161672	3033	0
161672	3034	0
161672	3035	0
161672	3036	0
161672	3037	0
161672	3038	0
161677	3033	0
161677	3034	0
161677	3035	1
161677	3036	0
161677	3037	0
161677	3038	0
161678	3033	1
161678	3034	0
161678	3035	0
161678	3036	0
161678	3037	0
161678	3038	0
161722	5650	0
161722	5651	0
161722	5652	0
161722	5653	0
161722	5654	0
161722	5655	0
161725	5650	0
161725	5651	0
161725	5652	0
161725	5653	0
161725	5654	0
161725	5655	0
161740	2660	2
161740	2661	0
161740	2662	0
161740	2663	0
161740	2664	0
161740	2665	0
161767	6677	0
161767	6678	0
161767	6679	0
161767	6680	0
161767	6681	0
161767	6682	3
161768	4926	3
161768	4927	0
161768	4928	0
161768	4929	0
161768	4930	0
161768	4931	0
161913	6114	0
161913	6115	3
161913	6116	0
161913	6117	1
161913	6118	0
161913	6119	0
161916	3057	2
161916	3058	2
161916	3059	1
161916	3060	0
161916	3061	1
161916	3062	3
161918	7209	1
161918	7210	0
161918	7211	0
161918	7212	0
161918	7213	0
161918	7214	1
161923	2684	0
161923	2685	0
161923	2686	0
161923	2687	0
161923	2688	0
161923	2689	0
161959	5543	0
161959	5544	0
161959	5545	0
161959	5546	0
161959	5547	3
161959	5548	1
161960	5028	0
161960	5029	0
161960	5030	0
161960	5031	0
161960	5032	2
161960	5033	0
161967	7287	0
161967	7288	0
161967	7289	0
161967	7290	0
161967	7291	0
161967	7292	2
161968	2660	0
161968	2661	0
161968	2662	0
161968	2663	0
161968	2664	0
161968	2665	0
161971	6677	0
161971	6678	0
161971	6679	0
161971	6680	0
161971	6681	0
161971	6682	1
