ObservationID	SubLocationID	Count
146055	5022	0
146055	5023	0
146055	5024	0
146055	5025	0
146055	5026	0
146055	5027	0
146069	3093	2
146069	3094	0
146069	3095	2
146069	3096	0
146069	3097	2
146069	3098	2
146070	3093	2
146070	3094	2
146070	3095	2
146070	3096	2
146070	3097	2
146070	3098	2
146071	3093	4
146071	3094	2
146071	3095	2
146071	3096	2
146071	3097	2
146071	3098	0
146072	3459	1
146072	3460	0
146072	3461	1
146072	3462	0
146072	3463	2
146072	3464	0
146074	3459	0
146074	3460	0
146074	3461	0
146074	3462	0
146074	3463	1
146074	3464	1
146075	3459	0
146075	3460	0
146075	3461	2
146075	3462	1
146075	3463	0
146075	3464	1
146116	4647	0
146116	4648	0
146116	4649	0
146116	4650	0
146116	4651	0
146116	4652	0
146118	4647	0
146118	4648	0
146118	4649	0
146118	4650	0
146118	4651	0
146118	4652	0
146120	4647	0
146120	4648	2
146120	4649	0
146120	4650	0
146120	4651	0
146120	4652	0
146124	5202	0
146124	5203	0
146124	5204	0
146124	5205	0
146124	5206	0
146124	5207	0
146125	5202	0
146125	5203	0
146125	5204	0
146125	5205	0
146125	5206	0
146125	5207	0
146126	5202	0
146126	5203	0
146126	5204	0
146126	5205	0
146126	5206	1
146126	5207	0
146143	4492	0
146143	4493	0
146143	4494	1
146143	4495	0
146143	4496	2
146143	4497	0
146148	4492	0
146148	4493	0
146148	4494	0
146148	4495	1
146148	4496	1
146148	4497	0
146152	4492	0
146152	4493	0
146152	4494	2
146152	4495	0
146152	4496	0
146152	4497	0
146165	6246	0
146165	6247	0
146165	6248	0
146165	6249	0
146165	6250	0
146165	6251	0
146177	6569	1
146177	6570	1
146177	6571	0
146177	6572	0
146177	6573	0
146177	6574	0
146178	6569	0
146178	6570	2
146178	6571	0
146178	6572	0
146178	6573	3
146178	6574	0
146179	6569	2
146179	6570	2
146179	6571	0
146179	6572	0
146179	6573	0
146179	6574	1
146221	5022	0
146221	5023	0
146221	5024	0
146221	5025	3
146221	5026	0
146221	5027	0
146258	5022	0
146258	5023	0
146258	5024	1
146258	5025	0
146258	5026	0
146258	5027	0
146262	2931	0
146262	2932	0
146262	2933	0
146262	2934	2
146262	2935	1
146262	2936	2
146263	2931	1
146263	2932	2
146263	2933	2
146263	2934	0
146263	2935	1
146263	2936	0
146264	2931	1
146264	2932	2
146264	2933	0
146264	2934	2
146264	2935	0
146264	2936	2
146266	5375	0
146266	5376	0
146266	5377	0
146266	5378	0
146266	5379	0
146266	5380	0
146267	5375	0
146267	5376	0
146267	5377	0
146267	5378	0
146267	5379	2
146267	5380	0
146268	5375	0
146268	5376	0
146268	5377	0
146268	5378	0
146268	5379	0
146268	5380	1
146297	6246	2
146297	6247	0
146297	6248	0
146297	6249	0
146297	6250	0
146297	6251	2
146298	6246	4
146298	6247	0
146298	6248	2
146298	6249	0
146298	6250	0
146298	6251	0
146319	2829	0
146319	2830	0
146319	2831	2
146319	2832	1
146319	2833	1
146319	2834	0
146322	2829	0
146322	2830	0
146322	2831	0
146322	2832	0
146322	2833	2
146322	2834	0
146327	2829	0
146327	2830	1
146327	2831	0
146327	2832	0
146327	2833	0
146327	2834	0
146354	7604	0
146354	7605	0
146354	7606	0
146354	7607	0
146354	7608	0
146354	7609	0
146371	7604	0
146371	7605	0
146371	7606	0
146371	7607	0
146371	7608	0
146371	7609	0
146379	2925	0
146379	2926	0
146379	2927	2
146379	2928	0
146379	2929	0
146379	2930	0
146380	2925	2
146380	2926	0
146380	2927	0
146380	2928	1
146380	2929	0
146380	2930	0
146385	4116	0
146385	4117	0
146385	4118	0
146385	4119	0
146385	4120	0
146387	4116	0
146387	4117	0
146387	4118	0
146387	4119	0
146387	4120	0
146388	4116	0
146388	4117	0
146388	4118	0
146388	4119	2
146388	4120	0
146392	5940	0
146392	5941	0
146392	5942	0
146392	5943	0
146392	5944	0
146392	5945	0
146393	5940	0
146393	5941	0
146393	5942	0
146393	5943	0
146393	5944	4
146393	5945	0
146394	5940	0
146394	5941	0
146394	5942	0
146394	5943	0
146394	5944	0
146394	5945	0
146395	4860	0
146395	4861	0
146395	4862	0
146395	4863	0
146395	4864	0
146395	4865	0
146396	4860	0
146396	4861	0
146396	4862	1
146396	4863	0
146396	4864	1
146396	4865	0
146397	4860	0
146397	4861	0
146397	4862	0
146397	4863	0
146397	4864	0
146397	4865	0
146418	5683	0
146418	5684	0
146418	5685	3
146418	5686	0
146418	5687	2
146418	5688	0
146438	5683	0
146438	5684	0
146438	5685	2
146438	5686	1
146438	5687	0
146438	5688	0
146439	5683	0
146439	5684	0
146439	5685	1
146439	5686	0
146439	5687	0
146439	5688	1
146441	3687	0
146441	3688	0
146441	3689	0
146441	3690	0
146441	3691	0
146441	3692	0
146442	3687	0
146442	3688	0
146442	3689	2
146442	3690	2
146442	3691	3
146442	3692	4
146443	3687	0
146443	3688	0
146443	3689	0
146443	3690	0
146443	3691	0
146443	3692	1
146466	5453	0
146466	5454	2
146466	5455	0
146466	5456	0
146466	5457	0
146466	5458	0
146467	5453	0
146467	5454	0
146467	5455	0
146467	5456	0
146467	5457	0
146467	5458	0
146468	5453	0
146468	5454	0
146468	5455	0
146468	5456	0
146468	5457	0
146468	5458	0
146482	4245	0
146482	4246	0
146482	4247	0
146482	4248	0
146482	4249	0
146482	4250	0
146483	4245	0
146483	4246	0
146483	4247	0
146483	4248	0
146483	4249	0
146483	4250	0
146484	4245	0
146484	4246	0
146484	4247	2
146484	4248	0
146484	4249	0
146484	4250	0
146488	7604	1
146488	7605	2
146488	7606	0
146488	7607	0
146488	7608	0
146488	7609	0
146518	3657	0
146518	3658	1
146518	3659	0
146518	3660	0
146518	3661	0
146518	3662	0
146519	3657	0
146519	3658	0
146519	3659	0
146519	3660	0
146519	3661	0
146519	3662	0
146520	3657	0
146520	3658	0
146520	3659	1
146520	3660	1
146520	3661	0
146520	3662	0
146604	5772	0
146604	5773	0
146604	5774	0
146604	5775	0
146604	5776	0
146604	5777	0
146605	5772	0
146605	5773	0
146605	5774	0
146605	5775	0
146605	5776	0
146605	5777	2
146606	5772	0
146606	5773	0
146606	5774	0
146606	5775	0
146606	5776	0
146606	5777	0
146622	3543	1
146622	3544	0
146622	3545	0
146622	3546	0
146622	3547	1
146622	3548	0
146626	4239	0
146626	4240	0
146626	4241	0
146626	4242	2
146626	4243	0
146626	4244	0
146627	4239	0
146627	4240	1
146627	4241	0
146627	4242	0
146627	4243	0
146627	4244	0
146628	4239	0
146628	4240	0
146628	4241	2
146628	4242	0
146628	4243	0
146628	4244	0
146661	6643	2
146661	6644	0
146661	6646	0
146661	6647	0
146662	6643	0
146662	6644	1
146662	6646	0
146662	6647	2
146663	6654	0
146663	6655	0
146663	6656	0
146663	6657	0
146663	6658	0
146663	6659	2
146665	6654	0
146665	6655	0
146665	6656	0
146665	6657	0
146665	6658	0
146665	6659	1
146666	6643	2
146666	6644	0
146666	6646	0
146666	6647	0
146667	6643	0
146667	6644	1
146667	6646	0
146667	6647	2
146668	6643	1
146668	6644	0
146668	6646	1
146668	6647	2
146669	3210	0
146669	3211	0
146669	3212	1
146669	3213	0
146669	3214	0
146669	3215	0
146671	3210	1
146671	3211	1
146671	3212	1
146671	3213	0
146671	3214	0
146671	3215	0
146673	3210	1
146673	3211	0
146673	3212	0
146673	3213	0
146673	3214	0
146673	3215	0
146678	6613	0
146678	6614	0
146678	6615	0
146678	6616	0
146678	6617	0
146678	6618	0
146679	6613	0
146679	6614	0
146679	6615	0
146679	6616	0
146679	6617	3
146679	6618	0
146681	6613	0
146681	6614	0
146681	6615	0
146681	6616	0
146681	6617	2
146681	6618	0
146729	7395	1
146729	7396	0
146729	7397	0
146729	7398	0
146729	7399	0
146729	7400	0
146730	7395	0
146730	7396	0
146730	7397	0
146730	7398	0
146730	7399	0
146730	7400	2
146731	7395	1
146731	7396	0
146731	7397	0
146731	7398	0
146731	7399	0
146731	7400	0
146732	7173	0
146732	7174	0
146732	7175	2
146732	7176	0
146732	7177	0
146732	7178	0
146733	7173	0
146733	7174	0
146733	7175	1
146733	7176	0
146733	7177	0
146733	7178	1
146734	7173	0
146734	7174	0
146734	7175	0
146734	7176	0
146734	7177	0
146734	7178	0
146735	4701	0
146735	4702	2
146735	4703	2
146735	4704	0
146736	4701	0
146736	4702	0
146736	4703	0
146736	4704	0
146737	4701	0
146737	4702	0
146737	4703	0
146737	4704	2
146747	4368	0
146747	4369	8
146747	4370	0
146747	4371	0
146748	4368	0
146748	4369	0
146748	4370	0
146748	4371	0
146749	4368	2
146749	4369	0
146749	4370	0
146749	4371	0
146756	2773	0
146756	2774	0
146756	2775	0
146756	2776	0
146756	2777	0
146756	2778	0
146757	2773	0
146757	2774	0
146757	2775	0
146757	2776	0
146757	2777	0
146757	2778	0
146758	2773	0
146758	2774	0
146758	2775	1
146758	2776	0
146758	2777	0
146758	2778	0
146759	6839	1
146759	6840	1
146759	6841	0
146759	6842	2
146759	6843	0
146759	6844	0
146760	6839	0
146760	6840	2
146760	6841	3
146760	6842	0
146760	6843	1
146760	6844	0
146761	6839	0
146761	6840	0
146761	6841	0
146761	6842	0
146761	6843	0
146761	6844	3
146791	2883	0
146791	2884	0
146791	2885	0
146791	2886	0
146791	2887	2
146791	2888	2
146792	2883	0
146792	2884	0
146792	2885	0
146792	2886	0
146792	2887	0
146792	2888	0
146801	7562	0
146801	7563	0
146801	7564	0
146801	7565	0
146801	7566	0
146801	7567	0
146803	7562	0
146803	7563	0
146803	7564	0
146803	7565	0
146803	7566	0
146803	7567	0
146826	7562	2
146826	7563	0
146826	7564	1
146826	7565	0
146826	7566	0
146826	7567	0
146885	7538	2
146885	7539	0
146885	7540	0
146885	7541	0
146885	7542	0
146885	7543	2
146886	7538	0
146886	7539	0
146886	7540	0
146886	7541	0
146886	7542	0
146886	7543	0
146887	7538	0
146887	7539	0
146887	7540	0
146887	7541	0
146887	7542	0
146887	7543	0
146984	3093	2
146984	3094	0
146984	3095	2
146984	3096	0
146984	3097	2
146984	3098	2
146985	3093	2
146985	3094	2
146985	3095	2
146985	3096	2
146985	3097	2
146985	3098	2
146986	3093	4
146986	3094	2
146986	3095	2
146986	3096	2
146986	3097	2
146986	3098	0
146999	5381	1
146999	5382	0
146999	5383	0
146999	5384	0
146999	5385	0
146999	5386	1
147000	6342	0
147000	6343	0
147000	6344	0
147000	6345	0
147000	6346	0
147000	6347	0
147018	3351	0
147018	3352	0
147018	3353	0
147018	3354	0
147018	3355	2
147018	3356	0
147036	3945	2
147036	3946	0
147036	3947	0
147036	3948	0
147036	3949	0
147036	3950	0
147038	7019	0
147038	7020	0
147038	7021	0
147038	7022	0
147038	7023	0
147038	7024	0
147066	2636	0
147066	2637	0
147066	2638	0
147066	2639	0
147066	2640	0
147066	2641	0
147072	6366	1
147072	6367	0
147072	6368	1
147072	6369	0
147072	6370	1
147072	6371	0
147073	4163	2
147073	4164	0
147073	4165	0
147073	4166	0
147073	4167	2
147073	4168	0
147082	7670	0
147082	7671	0
147082	7672	0
147082	7673	3
147083	7670	0
147083	7671	0
147083	7672	0
147083	7673	1
147084	7670	0
147084	7671	0
147084	7672	0
147084	7673	0
147099	3351	0
147099	3352	0
147099	3353	0
147099	3354	0
147099	3355	0
147099	3356	0
147100	5381	0
147100	5382	0
147100	5383	0
147100	5384	0
147100	5385	0
147100	5386	0
147122	6342	0
147122	6343	0
147122	6344	0
147122	6345	0
147122	6346	0
147122	6347	0
147132	7019	0
147132	7020	0
147132	7021	0
147132	7022	0
147132	7023	1
147132	7024	0
147168	5537	0
147168	5538	0
147168	5539	0
147168	5540	0
147168	5541	0
147168	5542	0
147169	6773	0
147169	6775	0
147169	6777	2
147170	6773	1
147170	6775	0
147170	6777	2
147172	6366	0
147172	6367	0
147172	6368	1
147172	6369	0
147172	6370	0
147172	6371	0
147205	7472	0
147205	7473	2
147205	7474	0
147205	7475	0
147205	7476	0
147205	7477	0
147213	4163	0
147213	4164	0
147213	4165	0
147213	4166	1
147213	4167	1
147213	4168	1
147300	3459	1
147300	3460	0
147300	3461	1
147300	3462	0
147300	3463	2
147300	3464	0
147301	3459	0
147301	3460	0
147301	3461	0
147301	3462	0
147301	3463	1
147301	3464	1
147302	3459	0
147302	3460	0
147302	3461	2
147302	3462	1
147302	3463	0
147302	3464	1
147303	3657	0
147303	3658	1
147303	3659	0
147303	3660	0
147303	3661	0
147303	3662	0
147304	3657	0
147304	3658	0
147304	3659	0
147304	3660	0
147304	3661	0
147304	3662	0
147305	3657	0
147305	3658	0
147305	3659	1
147305	3660	1
147305	3661	0
147305	3662	0
147306	5381	1
147306	5382	0
147306	5383	0
147306	5384	0
147306	5385	0
147306	5386	1
147307	5381	0
147307	5382	0
147307	5383	0
147307	5384	0
147307	5385	0
147307	5386	0
147313	7221	0
147313	7222	0
147313	7223	0
147313	7224	0
147313	7225	0
147313	7226	0
147314	7221	0
147314	7222	0
147314	7223	0
147314	7224	0
147314	7225	0
147314	7226	0
147315	7221	0
147315	7222	0
147315	7223	0
147315	7224	0
147315	7225	3
147315	7226	0
147325	7019	0
147325	7020	0
147325	7021	0
147325	7022	1
147325	7023	0
147325	7024	0
147336	6342	0
147336	6343	0
147336	6344	0
147336	6345	0
147336	6346	1
147336	6347	0
147337	4563	0
147337	4564	4
147337	4565	0
147337	4566	0
147337	4567	0
147337	4568	0
147338	4563	0
147338	4564	0
147338	4565	0
147338	4566	0
147338	4567	0
147338	4568	0
147339	4563	1
147339	4564	0
147339	4565	0
147339	4566	0
147339	4567	0
147339	4568	0
147366	2636	0
147366	2637	0
147366	2638	0
147366	2639	0
147366	2640	1
147366	2641	0
147367	2636	0
147367	2637	0
147367	2638	0
147367	2639	0
147367	2640	0
147367	2641	0
147372	5507	2
147372	5508	0
147372	5509	0
147372	5510	0
147372	5511	0
147372	5512	1
147373	5507	0
147373	5508	0
147373	5509	0
147373	5510	0
147373	5511	0
147373	5512	0
147376	6773	0
147376	6775	0
147376	6777	0
147385	7670	0
147385	7671	0
147385	7672	0
147385	7673	0
147421	6366	1
147421	6367	2
147421	6368	1
147421	6369	1
147421	6370	1
147421	6371	0
147445	4163	1
147445	4164	1
147445	4165	0
147445	4166	0
147445	4167	0
147445	4168	1
147512	3945	0
147512	3946	0
147512	3947	0
147512	3948	0
147512	3949	0
147512	3950	0
147517	5561	2
147517	5562	0
147517	5563	0
147517	5564	0
147517	5565	0
147517	5566	0
147526	5561	0
147526	5562	2
147526	5563	0
147526	5564	0
147526	5565	1
147526	5566	0
147530	3351	0
147530	3352	0
147530	3353	0
147530	3354	0
147530	3355	0
147530	3356	0
147534	6569	1
147534	6570	1
147534	6571	0
147534	6572	0
147534	6573	0
147534	6574	0
147536	4492	0
147536	4493	0
147536	4494	1
147536	4495	0
147536	4496	2
147536	4497	0
147539	4492	0
147539	4493	0
147539	4494	0
147539	4495	1
147539	4496	1
147539	4497	0
147541	6569	0
147541	6570	2
147541	6571	0
147541	6572	0
147541	6573	3
147541	6574	0
147543	4492	0
147543	4493	0
147543	4494	2
147543	4495	0
147543	4496	0
147543	4497	0
147544	6569	2
147544	6570	2
147544	6571	0
147544	6572	0
147544	6573	0
147544	6574	1
147857	3945	2
147857	3946	0
147857	3947	0
147857	3948	0
147857	3949	0
147857	3950	0
147866	5579	0
147866	5580	0
147866	5581	0
147866	5582	0
147866	5583	0
147866	5584	0
147867	5579	0
147867	5580	0
147867	5581	2
147867	5582	0
147867	5583	0
147867	5584	0
147868	5579	0
147868	5580	0
147868	5581	0
147868	5582	0
147868	5583	1
147868	5584	0
147869	5154	0
147869	5155	0
147869	5156	0
147869	5157	0
147869	5158	0
147869	5159	2
147870	5154	0
147870	5155	0
147870	5156	0
147870	5157	0
147870	5158	2
147870	5159	0
147876	7472	4
147876	7473	0
147876	7474	0
147876	7475	0
147876	7476	0
147876	7477	0
147878	4896	0
147878	4897	0
147878	4898	0
147878	4899	0
147878	4900	0
147878	4901	0
147880	4896	0
147880	4898	0
147880	4899	0
147880	4900	1
147880	4901	2
147881	3435	0
147881	3436	0
147881	3437	0
147881	3438	0
147881	3439	0
147881	3440	0
147883	3435	0
147883	3436	0
147883	3437	0
147883	3438	0
147883	3439	1
147883	3440	1
147885	3435	1
147885	3436	0
147885	3437	0
147885	3438	0
147885	3439	1
147885	3440	0
148180	5982	0
148180	5983	0
148180	5984	1
148180	5985	0
148180	5986	0
148180	5987	0
148185	5982	0
148185	5983	0
148185	5984	0
148185	5985	0
148185	5986	0
148185	5987	0
148194	5982	0
148194	5983	0
148194	5984	0
148194	5985	0
148194	5986	0
148194	5987	1
148316	3543	1
148316	3544	0
148316	3545	0
148316	3546	0
148316	3547	1
148316	3548	0
148337	3968	0
148337	3969	0
148337	3970	0
148337	3971	0
148337	3972	0
148337	3973	0
148338	3968	0
148338	3969	0
148338	3970	0
148338	3971	0
148338	3972	0
148338	3973	0
148339	3968	1
148339	3969	0
148339	3970	0
148339	3971	0
148339	3972	1
148339	3973	1
148376	6581	0
148376	6582	0
148376	6583	0
148376	6584	0
148376	6585	0
148376	6586	0
148377	6581	0
148377	6582	0
148377	6583	0
148377	6584	0
148377	6585	0
148377	6586	0
148379	6581	0
148379	6582	0
148379	6583	0
148379	6584	2
148379	6585	0
148379	6586	0
148386	6180	0
148386	6181	0
148386	6182	0
148386	6183	0
148386	6184	0
148386	6185	0
148387	6180	0
148387	6181	0
148387	6182	0
148387	6183	0
148387	6184	0
148387	6185	0
148393	4545	0
148393	4546	0
148393	4547	0
148393	4548	0
148393	4549	1
148393	4550	0
148394	4545	0
148394	4546	0
148394	4547	0
148394	4548	0
148394	4549	0
148394	4550	0
148395	4545	0
148395	4546	0
148395	4547	0
148395	4548	0
148395	4549	0
148395	4550	0
148422	2600	0
148422	2601	0
148422	2602	0
148422	2603	0
148422	2604	0
148422	2605	0
148423	2600	0
148423	2601	0
148423	2602	0
148423	2603	0
148423	2604	0
148423	2605	1
148424	2600	0
148424	2601	0
148424	2602	1
148424	2603	0
148424	2604	0
148424	2605	0
148433	3968	0
148433	3969	0
148433	3970	0
148433	3971	0
148433	3972	0
148433	3973	0
148445	2835	2
148445	2836	0
148445	2837	0
148445	2838	0
148445	2839	0
148445	2840	0
148446	2835	0
148446	2836	0
148446	2837	0
148446	2838	0
148446	2839	0
148446	2840	0
148447	2835	0
148447	2836	0
148447	2837	0
148447	2838	0
148447	2839	0
148447	2840	0
148461	4866	3
148461	4867	0
148461	4868	2
148461	4869	0
148461	4870	0
148461	4871	0
148462	4866	0
148462	4867	2
148462	4868	0
148462	4869	0
148462	4870	1
148462	4871	0
148463	4866	0
148463	4867	0
148463	4868	0
148463	4869	0
148463	4870	0
148463	4871	0
148464	5650	2
148464	5651	0
148464	5652	0
148464	5653	0
148464	5654	0
148464	5655	0
148465	5650	0
148465	5651	0
148465	5652	0
148465	5653	0
148465	5654	0
148465	5655	0
148466	5650	0
148466	5651	0
148466	5652	0
148466	5653	0
148466	5654	0
148466	5655	0
148470	6959	0
148470	6960	1
148470	6961	0
148470	6962	0
148470	6963	0
148470	6964	0
148471	6959	0
148471	6960	0
148471	6961	0
148471	6962	0
148471	6963	0
148471	6964	0
148472	6959	0
148472	6960	0
148472	6961	0
148472	6962	0
148472	6963	0
148472	6964	0
148497	3543	0
148497	3544	0
148497	3545	0
148497	3546	0
148497	3547	2
148497	3548	0
148500	5742	0
148500	5743	0
148500	5744	0
148500	5745	0
148500	5746	0
148500	5747	0
148510	3945	2
148510	3946	0
148510	3947	0
148510	3948	0
148510	3949	0
148510	3950	0
148511	3945	0
148511	3946	0
148511	3947	0
148511	3948	0
148511	3949	0
148511	3950	0
148515	4896	0
148515	4897	0
148515	4898	0
148515	4899	0
148515	4900	0
148515	4901	0
148516	4896	1
148516	4898	1
148516	4899	0
148516	4900	0
148516	4901	1
148518	4896	0
148518	4898	0
148518	4899	0
148518	4900	1
148518	4901	2
148520	3351	0
148520	3352	0
148520	3353	0
148520	3354	0
148520	3355	2
148520	3356	0
148521	3351	0
148521	3352	0
148521	3353	0
148521	3354	0
148521	3355	0
148521	3356	0
148522	3351	0
148522	3352	0
148522	3353	0
148522	3354	0
148522	3355	0
148522	3356	0
148526	5507	0
148526	5508	0
148526	5509	0
148526	5510	0
148526	5511	0
148526	5512	0
148527	5507	0
148527	5508	0
148527	5509	0
148527	5510	0
148527	5511	0
148527	5512	0
148528	5507	2
148528	5508	0
148528	5509	0
148528	5510	0
148528	5511	0
148528	5512	1
148550	5537	0
148550	5538	0
148550	5539	0
148550	5540	0
148550	5541	0
148550	5542	0
148553	5537	0
148553	5538	0
148553	5539	3
148553	5540	3
148553	5541	0
148553	5542	1
148600	3033	0
148600	3034	0
148600	3035	0
148600	3036	0
148600	3037	0
148600	3038	0
148601	3033	0
148601	3034	0
148601	3035	0
148601	3036	0
148601	3037	0
148601	3038	0
148602	3033	2
148602	3034	0
148602	3035	0
148602	3036	0
148602	3037	2
148602	3038	0
148655	5712	1
148655	5713	0
148655	5714	0
148655	5715	0
148655	5716	2
148655	5717	0
148660	7019	0
148660	7020	0
148660	7021	0
148660	7022	0
148660	7023	0
148660	7024	0
148678	7019	0
148678	7020	0
148678	7021	0
148678	7022	0
148678	7023	1
148678	7024	0
148682	7019	0
148682	7020	0
148682	7021	0
148682	7022	1
148682	7023	0
148682	7024	0
148693	4239	0
148693	4240	0
148693	4241	2
148693	4242	0
148693	4243	0
148693	4244	0
148694	4239	0
148694	4240	0
148694	4241	0
148694	4242	2
148694	4243	0
148694	4244	0
148695	4239	0
148695	4240	1
148695	4241	0
148695	4242	0
148695	4243	0
148695	4244	0
148696	3210	1
148696	3211	0
148696	3212	0
148696	3213	0
148696	3214	0
148696	3215	0
148697	3210	1
148697	3211	1
148697	3212	1
148697	3213	0
148697	3214	0
148697	3215	0
148698	3210	0
148698	3211	0
148698	3212	1
148698	3213	0
148698	3214	0
148698	3215	0
148699	3069	0
148699	3070	0
148699	3071	1
148699	3072	0
148699	3073	2
148699	3074	0
148700	3069	0
148700	3070	0
148700	3071	1
148700	3072	2
148700	3073	0
148700	3074	0
148701	3069	0
148701	3070	0
148701	3071	0
148701	3072	0
148701	3073	0
148701	3074	0
148702	3417	0
148702	3418	2
148702	3419	0
148702	3420	4
148702	3421	0
148702	3422	1
148703	3417	1
148703	3418	0
148703	3419	0
148703	3420	0
148703	3421	0
148703	3422	0
148726	3039	1
148726	3041	0
148726	3042	2
148726	3043	0
148726	3044	0
148727	3039	0
148727	3040	2
148727	3041	0
148727	3042	0
148727	3043	1
148727	3044	0
148739	6773	0
148739	6775	0
148739	6777	2
148745	6773	1
148745	6775	0
148745	6777	2
148755	6773	0
148755	6775	0
148755	6777	0
149233	5742	0
149233	5743	0
149233	5744	0
149233	5745	0
149233	5746	0
149233	5747	1
149234	5742	0
149234	5743	0
149234	5744	0
149234	5745	0
149234	5746	0
149234	5747	0
150173	3021	0
150173	3022	0
150173	3023	0
150173	3024	0
150173	3025	0
150173	3026	0
150174	3021	0
150174	3022	0
150174	3023	0
150174	3024	0
150174	3025	2
150174	3026	2
150175	3021	0
150175	3022	0
150175	3023	0
150175	3024	0
150175	3025	0
150175	3026	0
150518	5154	0
150518	5155	0
150518	5156	0
150518	5157	0
150518	5158	0
150518	5159	2
150525	5579	0
150525	5580	0
150525	5581	2
150525	5582	0
150525	5583	0
150525	5584	0
150532	5154	0
150532	5155	0
150532	5156	0
150532	5157	0
150532	5158	2
150532	5159	0
150542	5579	0
150542	5580	0
150542	5581	0
150542	5582	0
150542	5583	1
150542	5584	0
151829	3087	0
151829	3088	0
151829	3089	0
151829	3090	0
151829	3091	2
151829	3092	0
151830	3087	0
151830	3088	0
151830	3089	0
151830	3090	2
151830	3091	0
151830	3092	4
151831	6342	0
151831	6343	0
151831	6344	0
151831	6345	0
151831	6346	0
151831	6347	0
151832	6342	0
151832	6343	0
151832	6344	0
151832	6345	0
151832	6346	1
151832	6347	0
151833	6246	0
151833	6247	0
151833	6248	0
151833	6249	0
151833	6250	0
151833	6251	0
151834	3087	0
151834	3088	2
151834	3089	1
151834	3090	0
151834	3091	0
151834	3092	2
151839	7538	2
151839	7539	0
151839	7540	0
151839	7541	0
151839	7542	0
151839	7543	2
151840	7538	0
151840	7539	0
151840	7540	0
151840	7541	0
151840	7542	0
151840	7543	0
151881	2618	0
151881	2619	0
151881	2620	0
151881	2621	0
151881	2622	0
151881	2623	2
151978	3891	2
151978	3892	0
151978	3893	0
151978	3894	0
151978	3895	0
151978	3896	0
151996	3711	0
151996	3712	0
151996	3713	0
151996	3714	0
151996	3715	0
151996	3716	0
152026	6144	0
152026	6145	0
152026	6146	0
152026	6147	1
152026	6148	2
152026	6149	0
152028	5279	0
152028	5280	0
152028	5281	0
152028	5282	0
152028	5283	0
152028	5284	0
152031	3165	0
152031	3166	0
152031	3167	0
152031	3168	0
152031	3169	0
152031	3170	0
152037	2618	0
152037	2619	0
152037	2620	0
152037	2621	0
152037	2622	0
152037	2623	0
152078	3165	0
152078	3166	0
152078	3167	2
152078	3168	0
152078	3169	0
152078	3170	0
152158	3711	0
152158	3712	0
152158	3713	0
152158	3714	0
152158	3715	0
152158	3716	0
152169	2618	1
152169	2619	2
152169	2620	0
152169	2621	1
152169	2622	0
152169	2623	0
152195	6108	0
152195	6109	0
152195	6110	0
152195	6111	0
152195	6112	2
152195	6113	0
152196	6108	0
152196	6109	0
152196	6110	1
152196	6111	0
152196	6112	0
152196	6113	0
152197	6108	1
152197	6109	0
152197	6110	2
152197	6111	0
152197	6112	1
152197	6113	1
152198	3501	0
152198	3502	0
152198	3503	1
152198	3504	0
152198	3505	0
152198	3506	0
152199	3501	0
152199	3502	1
152199	3503	2
152199	3504	0
152199	3505	0
152199	3506	1
152205	3501	1
152205	3502	1
152205	3503	0
152205	3504	1
152205	3505	0
152205	3506	0
152216	2853	2
152216	2854	0
152216	2855	0
152216	2856	0
152216	2857	2
152216	2858	0
152217	2853	2
152217	2854	0
152217	2855	0
152217	2856	0
152217	2857	1
152217	2858	0
152218	2853	0
152218	2854	0
152218	2855	0
152218	2856	0
152218	2857	0
152218	2858	2
152231	7341	0
152231	7342	0
152231	7343	0
152231	7344	0
152231	7345	0
152231	7346	0
152232	7341	0
152232	7342	0
152232	7343	0
152232	7344	0
152232	7345	0
152232	7346	0
152234	7341	0
152234	7342	3
152234	7343	0
152234	7344	0
152234	7345	0
152234	7346	0
152237	7341	0
152237	7342	1
152237	7343	0
152237	7344	0
152237	7345	0
152237	7346	0
152322	5567	1
152322	5568	0
152322	5569	0
152322	5570	0
152322	5571	0
152322	5572	0
152323	5567	1
152323	5568	0
152323	5569	3
152323	5570	1
152323	5571	0
152323	5572	0
152372	3891	2
152372	3892	1
152372	3893	0
152372	3894	0
152372	3895	1
152372	3896	0
152373	3891	3
152373	3892	0
152373	3893	1
152373	3894	0
152373	3895	0
152373	3896	1
152382	3711	3
152382	3712	0
152382	3713	0
152382	3714	0
152382	3715	0
152382	3716	0
152499	2738	0
152499	2740	0
152499	2742	0
152499	2743	2
152500	2738	0
152500	2740	0
152500	2742	0
152500	2743	2
152504	3435	0
152504	3436	0
152504	3437	0
152504	3438	0
152504	3439	0
152504	3440	0
152509	3435	0
152509	3436	0
152509	3437	0
152509	3438	0
152509	3439	1
152509	3440	1
152512	3435	1
152512	3436	0
152512	3437	0
152512	3438	0
152512	3439	1
152512	3440	0
152515	3711	0
152515	3712	0
152515	3713	0
152515	3714	0
152515	3715	0
152515	3716	0
152518	3711	0
152518	3712	0
152518	3713	0
152518	3714	0
152518	3715	0
152518	3716	0
152520	3711	3
152520	3712	0
152520	3713	0
152520	3714	0
152520	3715	0
152520	3716	0
152585	2738	0
152585	2740	0
152585	2742	0
152585	2743	2
152586	2738	0
152586	2740	0
152586	2742	0
152586	2743	2
152640	4545	0
152640	4546	0
152640	4547	0
152640	4548	0
152640	4549	1
152640	4550	0
152641	4545	0
152641	4546	0
152641	4547	0
152641	4548	0
152641	4549	0
152641	4550	0
152642	4545	0
152642	4546	0
152642	4547	0
152642	4548	0
152642	4549	0
152642	4550	0
152655	4563	0
152655	4564	4
152655	4565	0
152655	4566	0
152655	4567	0
152655	4568	0
152656	4563	0
152656	4564	0
152656	4565	0
152656	4566	0
152656	4567	0
152656	4568	0
152657	4563	1
152657	4564	0
152657	4565	0
152657	4566	0
152657	4567	0
152657	4568	0
152730	5778	1
152730	5779	1
152730	5780	0
152730	5781	0
152730	5782	0
152730	5783	0
152731	2738	2
152731	2740	0
152731	2742	0
152731	2743	0
152732	2738	2
152732	2740	0
152732	2742	0
152732	2743	0
152734	5778	1
152734	5779	0
152734	5780	0
152734	5781	0
152734	5782	0
152734	5783	1
152771	5712	1
152771	5713	0
152771	5714	0
152771	5715	0
152771	5716	2
152771	5717	0
152948	2600	0
152948	2601	0
152948	2602	0
152948	2603	0
152948	2604	0
152948	2605	0
152954	2600	0
152954	2601	0
152954	2602	0
152954	2603	0
152954	2604	0
152954	2605	1
152960	2600	0
152960	2601	0
152960	2602	1
152960	2603	0
152960	2604	0
152960	2605	0
153015	7538	0
153015	7539	0
153015	7540	0
153015	7541	0
153015	7542	0
153015	7543	0
153021	3069	0
153021	3070	0
153021	3071	1
153021	3072	0
153021	3073	2
153021	3074	0
153022	3069	0
153022	3070	0
153022	3071	1
153022	3072	2
153022	3073	0
153022	3074	0
153023	3069	0
153023	3070	0
153023	3071	0
153023	3072	0
153023	3073	0
153023	3074	0
153024	3417	0
153024	3418	2
153024	3419	0
153024	3420	4
153024	3421	0
153024	3422	1
153025	3417	1
153025	3418	0
153025	3419	0
153025	3420	0
153025	3421	0
153025	3422	0
153026	5567	1
153026	5568	0
153026	5569	0
153026	5570	0
153026	5571	0
153026	5572	0
153027	5567	1
153027	5568	0
153027	5569	3
153027	5570	1
153027	5571	0
153027	5572	0
153028	3033	0
153028	3034	0
153028	3035	0
153028	3036	0
153028	3037	0
153028	3038	0
153029	3033	0
153029	3034	0
153029	3035	0
153029	3036	0
153029	3037	0
153029	3038	0
153030	3033	2
153030	3034	0
153030	3035	0
153030	3036	0
153030	3037	2
153030	3038	0
153039	3891	2
153039	3892	0
153039	3893	0
153039	3894	0
153039	3895	0
153039	3896	0
153040	3087	0
153040	3088	0
153040	3089	0
153040	3090	0
153040	3091	2
153040	3092	0
153041	3087	0
153041	3088	0
153041	3089	0
153041	3090	2
153041	3091	0
153041	3092	4
153042	3087	0
153042	3088	2
153042	3089	1
153042	3090	0
153042	3091	0
153042	3092	2
153043	3891	2
153043	3892	1
153043	3893	0
153043	3894	0
153043	3895	1
153043	3896	0
153044	3891	3
153044	3892	0
153044	3893	1
153044	3894	0
153044	3895	0
153044	3896	1
153048	3968	0
153048	3969	0
153048	3970	0
153048	3971	0
153048	3972	0
153048	3973	0
153049	3968	0
153049	3969	0
153049	3970	0
153049	3971	0
153049	3972	0
153049	3973	0
153050	3968	1
153050	3969	0
153050	3970	0
153050	3971	0
153050	3972	1
153050	3973	1
153062	5982	0
153062	5983	0
153062	5984	1
153062	5985	0
153062	5986	0
153062	5987	0
153063	5982	0
153063	5983	0
153063	5984	0
153063	5985	0
153063	5986	0
153063	5987	0
153064	5982	0
153064	5983	0
153064	5984	0
153064	5985	0
153064	5986	0
153064	5987	1
153124	3501	0
153124	3502	0
153124	3503	1
153124	3504	0
153124	3505	0
153124	3506	0
153127	3501	0
153127	3502	1
153127	3503	2
153127	3504	0
153127	3505	0
153127	3506	1
153131	3501	1
153131	3502	1
153131	3503	0
153131	3504	1
153131	3505	0
153131	3506	0
153136	2636	0
153136	2637	0
153136	2638	0
153136	2639	0
153136	2640	0
153136	2641	0
153137	2636	0
153137	2637	0
153137	2638	0
153137	2639	0
153137	2640	1
153137	2641	0
153138	2636	0
153138	2637	0
153138	2638	0
153138	2639	0
153138	2640	0
153138	2641	0
153139	5778	0
153139	5779	0
153139	5780	0
153139	5781	0
153139	5782	0
153139	5783	1
153140	5778	1
153140	5779	0
153140	5780	0
153140	5781	0
153140	5782	0
153140	5783	1
153141	3021	0
153141	3022	0
153141	3023	0
153141	3024	0
153141	3025	2
153141	3026	2
153142	3021	0
153142	3022	0
153142	3023	0
153142	3024	0
153142	3025	0
153142	3026	0
153143	3021	0
153143	3022	0
153143	3023	0
153143	3024	0
153143	3025	0
153143	3026	0
153144	5778	1
153144	5779	1
153144	5780	0
153144	5781	0
153144	5782	0
153144	5783	0
153145	6581	0
153145	6582	0
153145	6583	0
153145	6584	0
153145	6585	0
153145	6586	0
153146	6581	0
153146	6582	0
153146	6583	0
153146	6584	0
153146	6585	0
153146	6586	0
153147	6581	0
153147	6582	0
153147	6583	0
153147	6584	2
153147	6585	0
153147	6586	0
153248	3165	0
153248	3166	0
153248	3167	0
153248	3168	0
153248	3169	0
153248	3170	0
153249	5561	0
153249	5562	0
153249	5563	0
153249	5564	0
153249	5565	2
153249	5566	0
153250	5561	2
153250	5562	0
153250	5563	0
153250	5564	0
153250	5565	0
153250	5566	0
153251	5561	0
153251	5562	2
153251	5563	0
153251	5564	0
153251	5565	1
153251	5566	0
153252	3165	0
153252	3166	0
153252	3167	0
153252	3168	0
153252	3169	0
153252	3170	0
153253	3165	0
153253	3166	0
153253	3167	2
153253	3168	0
153253	3169	0
153253	3170	0
153256	4866	3
153256	4867	0
153256	4868	2
153256	4869	0
153256	4870	0
153256	4871	0
153257	5650	2
153257	5651	0
153257	5652	0
153257	5653	0
153257	5654	0
153257	5655	0
153258	4866	0
153258	4867	2
153258	4868	0
153258	4869	0
153258	4870	1
153258	4871	0
153259	5650	0
153259	5651	0
153259	5652	0
153259	5653	0
153259	5654	0
153259	5655	0
153260	4866	0
153260	4867	0
153260	4868	0
153260	4869	0
153260	4870	0
153260	4871	0
153261	5650	0
153261	5651	0
153261	5652	0
153261	5653	0
153261	5654	0
153261	5655	0
153262	4163	2
153262	4164	0
153262	4165	0
153262	4166	0
153262	4167	2
153262	4168	0
153263	4163	0
153263	4164	0
153263	4165	0
153263	4166	1
153263	4167	1
153263	4168	1
153264	4163	1
153264	4164	1
153264	4165	0
153264	4166	0
153264	4167	0
153264	4168	1
153265	6366	1
153265	6367	0
153265	6368	1
153265	6369	0
153265	6370	1
153265	6371	0
153266	6366	1
153266	6367	2
153266	6368	1
153266	6369	1
153266	6370	1
153266	6371	0
153267	6366	0
153267	6367	0
153267	6368	1
153267	6369	0
153267	6370	0
153267	6371	0
153268	5279	0
153268	5280	0
153268	5281	0
153268	5282	0
153268	5283	0
153268	5284	0
153269	6144	0
153269	6145	0
153269	6146	0
153269	6147	1
153269	6148	2
153269	6149	0
153271	5537	0
153271	5538	0
153271	5539	0
153271	5540	0
153271	5541	0
153271	5542	0
153272	5537	0
153272	5538	0
153272	5539	3
153272	5540	3
153272	5541	0
153272	5542	1
153273	5537	0
153273	5538	0
153273	5539	0
153273	5540	0
153273	5541	0
153273	5542	0
153274	6180	0
153274	6181	0
153274	6182	0
153274	6183	0
153274	6184	0
153274	6185	0
153275	6180	0
153275	6181	0
153275	6182	0
153275	6183	0
153275	6184	0
153275	6185	0
153288	2618	0
153288	2619	0
153288	2620	0
153288	2621	0
153288	2622	0
153288	2623	2
153289	2618	0
153289	2619	0
153289	2620	0
153289	2621	0
153289	2622	0
153289	2623	0
153290	2618	1
153290	2619	2
153290	2620	0
153290	2621	1
153290	2622	0
153290	2623	0
153294	6108	0
153294	6109	0
153294	6110	0
153294	6111	0
153294	6112	2
153294	6113	0
153295	6108	0
153295	6109	0
153295	6110	1
153295	6111	0
153295	6112	0
153295	6113	0
153296	6108	1
153296	6109	0
153296	6110	2
153296	6111	0
153296	6112	1
153296	6113	1
153297	3039	1
153297	3041	0
153297	3042	2
153297	3043	0
153297	3044	0
153298	3039	0
153298	3040	2
153298	3041	0
153298	3042	0
153298	3043	1
153298	3044	0
153332	2853	2
153332	2854	0
153332	2855	0
153332	2856	0
153332	2857	2
153332	2858	0
153333	2853	2
153333	2854	0
153333	2855	0
153333	2856	0
153333	2857	1
153333	2858	0
153334	2853	0
153334	2854	0
153334	2855	0
153334	2856	0
153334	2857	0
153334	2858	2
153471	3543	0
153471	3544	0
153471	3545	0
153471	3546	0
153471	3547	0
153471	3548	0
153549	2642	1
153549	2643	0
153549	2644	0
153549	2645	0
153549	2646	0
153590	5742	0
153590	5743	0
153590	5744	0
153590	5745	0
153590	5746	0
153590	5747	1
153591	2835	2
153591	2836	0
153591	2837	0
153591	2838	0
153591	2839	0
153591	2840	0
153592	5742	0
153592	5743	0
153592	5744	0
153592	5745	0
153592	5746	0
153592	5747	0
153595	2835	0
153595	2836	0
153595	2837	0
153595	2838	0
153595	2839	0
153595	2840	0
153596	5742	0
153596	5743	0
153596	5744	0
153596	5745	0
153596	5746	0
153596	5747	0
153597	2835	0
153597	2836	0
153597	2837	0
153597	2838	0
153597	2839	0
153597	2840	0
153630	7221	0
153630	7222	0
153630	7223	0
153630	7224	0
153630	7225	0
153630	7226	0
153631	7221	0
153631	7222	0
153631	7223	0
153631	7224	0
153631	7225	0
153631	7226	0
153632	7221	0
153632	7222	0
153632	7223	0
153632	7224	0
153632	7225	3
153632	7226	0
153633	7341	0
153633	7342	3
153633	7343	0
153633	7344	0
153633	7345	0
153633	7346	0
153634	7341	0
153634	7342	1
153634	7343	0
153634	7344	0
153634	7345	0
153634	7346	0
153683	5279	1
153683	5280	0
153683	5281	3
153683	5282	0
153683	5283	0
153683	5284	1
153745	6959	0
153745	6960	1
153745	6961	0
153745	6962	0
153745	6963	0
153745	6964	0
153746	6959	0
153746	6960	0
153746	6961	0
153746	6962	0
153746	6963	0
153746	6964	0
153747	6959	0
153747	6960	0
153747	6961	0
153747	6962	0
153747	6963	0
153747	6964	0
153847	3543	0
153847	3544	0
153847	3545	0
153847	3546	0
153847	3547	0
153847	3548	0
153922	2642	1
153922	2643	0
153922	2644	0
153922	2645	0
153922	2646	0
153923	5279	1
153923	5280	0
153923	5281	3
153923	5282	0
153923	5283	0
153923	5284	1
154267	4581	0
154267	4582	0
154267	4583	0
154267	4584	0
154267	4585	0
154267	4586	0
154268	4581	0
154268	4582	0
154268	4583	0
154268	4584	0
154268	4585	0
154268	4586	0
154269	4581	2
154269	4582	0
154269	4583	1
154269	4584	2
154269	4585	1
154269	4586	2
154318	3765	0
154318	3766	0
154318	3767	0
154318	3768	0
154318	3769	0
154318	3770	0
154319	3765	0
154319	3766	0
154319	3767	0
154319	3768	1
154319	3769	0
154319	3770	0
154320	3765	0
154320	3766	0
154320	3767	0
154320	3768	0
154320	3769	0
154320	3770	0
154331	4581	0
154331	4582	0
154331	4583	0
154331	4584	0
154331	4585	0
154331	4586	0
154332	4581	0
154332	4582	0
154332	4583	0
154332	4584	0
154332	4585	0
154332	4586	0
154333	4581	2
154333	4582	0
154333	4583	1
154333	4584	2
154333	4585	1
154333	4586	2
154353	3765	0
154353	3766	0
154353	3767	0
154353	3768	0
154353	3769	0
154353	3770	0
154354	3765	0
154354	3766	0
154354	3767	0
154354	3768	0
154354	3769	0
154354	3770	0
154355	3765	0
154355	3766	0
154355	3767	0
154355	3768	1
154355	3769	0
154355	3770	0
154848	3998	0
154848	3999	0
154848	4000	0
154848	4001	0
154848	4002	0
154848	4003	0
154849	3998	0
154849	3999	0
154849	4000	0
154849	4001	0
154849	4002	0
154849	4003	0
154850	3723	0
154850	3724	2
154850	3725	0
154850	3726	0
154850	3727	0
154850	3728	0
154851	3723	0
154851	3724	2
154851	3725	0
154851	3726	0
154851	3727	0
154851	3728	0
154852	3723	0
154852	3724	0
154852	3725	0
154852	3726	0
154852	3727	0
154852	3728	0
154853	4480	0
154853	4481	0
154853	4482	0
154853	4483	0
154853	4484	0
154853	4485	0
154854	4480	0
154854	4481	0
154854	4482	1
154854	4483	0
154854	4484	2
154854	4485	1
154855	4480	0
154855	4481	0
154855	4482	0
154855	4483	0
154855	4484	0
154855	4485	0
154863	6192	0
154863	6193	0
154863	6194	0
154863	6195	0
154863	6196	0
154863	6197	0
154872	2931	3
154872	2932	2
154872	2933	0
154872	2934	2
154872	2935	0
154872	2936	0
154873	4245	0
154873	4246	0
154873	4247	0
154873	4248	0
154873	4249	0
154873	4250	0
154874	5453	0
154874	5454	0
154874	5455	0
154874	5456	0
154874	5457	0
154874	5458	0
154875	6246	0
154875	6247	0
154875	6248	0
154875	6249	0
154875	6250	0
154875	6251	0
155014	5202	0
155014	5203	0
155014	5204	0
155014	5205	3
155014	5206	0
155014	5207	0
155023	4647	2
155023	4648	0
155023	4649	0
155023	4650	2
155023	4651	1
155023	4652	0
155025	3687	0
155025	3688	0
155025	3689	0
155025	3690	0
155025	3691	0
155025	3692	0
155074	5940	0
155074	5941	0
155074	5942	0
155074	5943	0
155074	5944	0
155074	5945	3
155075	2883	0
155075	2884	0
155075	2885	0
155075	2886	0
155075	2887	0
155075	2888	0
155079	4860	0
155079	4861	0
155079	4862	0
155079	4863	0
155079	4864	0
155079	4865	0
155086	6240	0
155086	6241	2
155086	6242	0
155086	6243	0
155086	6244	2
155086	6245	2
155087	3381	1
155087	3382	0
155087	3383	2
155087	3384	0
155087	3385	2
155087	3386	0
155113	4116	0
155113	4117	0
155113	4118	1
155113	4119	0
155113	4120	0
155115	4647	0
155115	4648	0
155115	4649	0
155115	4650	0
155115	4651	0
155115	4652	2
155172	5375	0
155172	5376	0
155172	5377	0
155172	5378	0
155172	5379	0
155172	5380	0
155173	5375	0
155173	5376	0
155173	5377	0
155173	5378	0
155173	5379	1
155173	5380	1
155184	5202	0
155184	5203	0
155184	5204	0
155184	5205	0
155184	5206	0
155184	5207	0
155189	4245	3
155189	4246	0
155189	4247	0
155189	4248	0
155189	4249	0
155189	4250	0
155190	5453	0
155190	5454	1
155190	5455	0
155190	5456	0
155190	5457	0
155190	5458	0
155194	6246	1
155194	6247	0
155194	6248	2
155194	6249	1
155194	6250	0
155194	6251	0
155195	6192	0
155195	6193	0
155195	6194	0
155195	6195	0
155195	6196	0
155195	6197	0
155196	4492	0
155196	4493	0
155196	4494	0
155196	4495	0
155196	4496	0
155196	4497	0
155197	4492	0
155197	4493	0
155197	4494	0
155197	4495	1
155197	4496	2
155197	4497	0
155198	6569	2
155198	6570	1
155198	6571	0
155198	6572	0
155198	6573	1
155198	6574	0
155199	6569	1
155199	6570	1
155199	6571	0
155199	6572	0
155199	6573	0
155199	6574	1
155205	3687	0
155205	3688	0
155205	3689	1
155205	3690	0
155205	3691	0
155205	3692	0
155206	4116	0
155206	4117	0
155206	4118	0
155206	4119	0
155206	4120	0
155207	7604	0
155207	7605	0
155207	7606	1
155207	7607	0
155207	7608	2
155207	7609	0
155217	2931	2
155217	2932	1
155217	2933	0
155217	2934	2
155217	2935	1
155217	2936	0
155219	5940	0
155219	5941	0
155219	5942	0
155219	5943	0
155219	5944	2
155219	5945	0
155229	2925	0
155229	2926	0
155229	2927	0
155229	2928	0
155229	2929	0
155229	2930	0
155230	2925	1
155230	2926	0
155230	2927	0
155230	2928	0
155230	2929	1
155230	2930	0
155232	5880	0
155232	5881	0
155232	5882	3
155232	5883	2
155232	5884	3
155232	5885	0
155233	4854	0
155233	4855	0
155233	4856	0
155233	4857	0
155233	4858	0
155233	4859	0
155234	5880	0
155234	5881	0
155234	5882	1
155234	5883	3
155234	5884	1
155234	5885	1
155235	4854	0
155235	4855	0
155235	4856	0
155235	4857	0
155235	4858	0
155235	4859	0
155254	2883	1
155254	2884	1
155254	2885	0
155254	2886	0
155254	2887	1
155254	2888	1
155261	7604	2
155261	7605	0
155261	7606	3
155261	7607	0
155261	7608	2
155261	7609	0
155262	3381	2
155262	3382	0
155262	3383	0
155262	3384	0
155262	3385	0
155262	3386	0
155263	6240	0
155263	6241	2
155263	6242	0
155263	6243	2
155263	6244	2
155263	6245	1
155270	5375	0
155270	5376	1
155270	5377	0
155270	5378	0
155270	5379	0
155270	5380	1
155547	2931	4
155547	2932	4
155547	2933	4
155547	2934	3
155547	2935	2
155547	2936	2
155563	4860	0
155563	4861	0
155563	4862	0
155563	4863	0
155563	4864	0
155563	4865	0
155573	5184	0
155573	5185	0
155573	5186	0
155573	5187	0
155573	5188	0
155573	5189	0
155583	3093	0
155583	3094	0
155583	3095	0
155583	3096	0
155583	3097	0
155583	3098	0
155588	4647	0
155588	4648	0
155588	4649	0
155588	4650	0
155588	4651	0
155588	4652	0
155595	4860	0
155595	4861	0
155595	4862	0
155595	4863	0
155595	4864	0
155595	4865	0
155598	6569	2
155598	6570	2
155598	6571	0
155598	6572	0
155598	6573	0
155598	6574	1
155601	4492	1
155601	4493	0
155601	4494	1
155601	4495	0
155601	4496	0
155601	4497	1
155607	6192	2
155607	6193	0
155607	6194	1
155607	6195	0
155607	6196	0
155607	6197	0
155608	3687	0
155608	3688	1
155608	3689	0
155608	3690	0
155608	3691	0
155608	3692	0
155618	4245	0
155618	4246	0
155618	4247	0
155618	4248	0
155618	4249	0
155618	4250	1
155620	2829	0
155620	2830	2
155620	2831	0
155620	2832	0
155620	2833	0
155620	2834	0
155621	2829	0
155621	2830	0
155621	2831	0
155621	2832	1
155621	2833	0
155621	2834	0
155622	2829	0
155622	2830	0
155622	2831	0
155622	2832	0
155622	2833	0
155622	2834	0
155624	5202	0
155624	5203	0
155624	5204	0
155624	5205	0
155624	5206	0
155624	5207	0
155631	6246	0
155631	6247	0
155631	6248	0
155631	6249	0
155631	6250	0
155631	6251	2
155632	2883	1
155632	2884	3
155632	2885	2
155632	2886	0
155632	2887	0
155632	2888	1
155640	7604	0
155640	7605	1
155640	7606	0
155640	7607	0
155640	7608	1
155640	7609	0
155644	5549	0
155644	5550	0
155644	5551	0
155644	5552	0
155644	5553	2
155644	5554	2
155645	5549	0
155645	5550	0
155645	5551	0
155645	5552	0
155645	5553	0
155645	5554	0
155646	5549	1
155646	5550	0
155646	5551	0
155646	5552	0
155646	5553	0
155646	5554	3
155647	5880	0
155647	5881	0
155647	5882	0
155647	5883	0
155647	5884	1
155647	5885	0
155648	2925	0
155648	2926	0
155648	2927	0
155648	2928	0
155648	2929	2
155648	2930	0
155649	4854	0
155649	4855	1
155649	4856	0
155649	4857	0
155649	4858	1
155649	4859	0
155650	3069	0
155650	3070	0
155650	3071	4
155650	3072	0
155650	3073	0
155650	3074	0
155651	3069	0
155651	3070	0
155651	3071	3
155651	3072	0
155651	3073	0
155651	3074	0
155652	3069	0
155652	3070	0
155652	3071	4
155652	3072	0
155652	3073	0
155652	3074	0
155658	6654	0
155658	6655	0
155658	6656	1
155658	6657	0
155658	6658	0
155658	6659	0
155660	6654	0
155660	6655	0
155660	6656	0
155660	6657	1
155660	6658	0
155660	6659	0
155788	5940	0
155788	5941	0
155788	5942	0
155788	5943	0
155788	5944	4
155788	5945	0
155789	6240	0
155789	6241	0
155789	6242	2
155789	6243	0
155789	6244	0
155789	6245	0
155790	3381	1
155790	3382	0
155790	3383	1
155790	3384	1
155790	3385	3
155790	3386	0
155804	3459	0
155804	3460	0
155804	3461	0
155804	3462	2
155804	3463	2
155804	3464	0
155805	3459	0
155805	3460	1
155805	3461	0
155805	3462	0
155805	3463	2
155805	3464	1
155806	3459	0
155806	3460	0
155806	3461	2
155806	3462	1
155806	3463	0
155806	3464	0
155808	5184	1
155808	5185	0
155808	5186	0
155808	5187	0
155808	5188	0
155808	5189	0
155868	6613	2
155868	6614	0
155868	6615	0
155868	6616	0
155868	6617	2
155868	6618	0
155881	6613	0
155881	6614	0
155881	6615	1
155881	6616	0
155881	6617	1
155881	6618	0
155884	6613	0
155884	6614	0
155884	6615	0
155884	6616	0
155884	6617	3
155884	6618	0
156066	5184	0
156066	5185	0
156066	5186	0
156066	5187	0
156066	5188	0
156066	5189	0
156124	3093	1
156124	3094	0
156124	3095	0
156124	3096	0
156124	3097	0
156124	3098	0
156305	6643	1
156305	6644	0
156305	6646	2
156305	6647	0
156309	6643	2
156309	6644	0
156309	6646	0
156309	6647	0
156310	6643	0
156310	6644	0
156310	6646	0
156310	6647	1
156336	6654	0
156336	6655	1
156336	6656	0
156336	6657	1
156336	6658	0
156336	6659	0
156337	6654	0
156337	6655	0
156337	6656	1
156337	6657	0
156337	6658	0
156337	6659	0
156338	6654	0
156338	6655	0
156338	6656	0
156338	6657	1
156338	6658	0
156338	6659	0
156339	6192	0
156339	6193	0
156339	6194	0
156339	6195	0
156339	6196	0
156339	6197	0
156340	6192	0
156340	6193	0
156340	6194	0
156340	6195	0
156340	6196	0
156340	6197	0
156341	6192	2
156341	6193	0
156341	6194	1
156341	6195	0
156341	6196	0
156341	6197	0
156386	3459	0
156386	3460	0
156386	3461	0
156386	3462	2
156386	3463	2
156386	3464	0
156387	3459	0
156387	3460	1
156387	3461	0
156387	3462	0
156387	3463	2
156387	3464	1
156388	3459	0
156388	3460	0
156388	3461	2
156388	3462	1
156388	3463	0
156388	3464	0
156467	2931	4
156467	2932	4
156467	2933	4
156467	2934	3
156467	2935	2
156467	2936	2
156468	2931	3
156468	2932	2
156468	2933	0
156468	2934	2
156468	2935	0
156468	2936	0
156469	2931	2
156469	2932	1
156469	2933	0
156469	2934	2
156469	2935	1
156469	2936	0
156470	2883	0
156470	2884	0
156470	2885	0
156470	2886	0
156470	2887	0
156470	2888	0
156471	2883	1
156471	2884	1
156471	2885	0
156471	2886	0
156471	2887	1
156471	2888	1
156472	2883	1
156472	2884	3
156472	2885	2
156472	2886	0
156472	2887	0
156472	2888	1
156473	3069	0
156473	3070	0
156473	3071	4
156473	3072	0
156473	3073	0
156473	3074	0
156474	3069	0
156474	3070	0
156474	3071	3
156474	3072	0
156474	3073	0
156474	3074	0
156475	3069	0
156475	3070	0
156475	3071	4
156475	3072	0
156475	3073	0
156475	3074	0
156476	4860	0
156476	4861	0
156476	4862	0
156476	4863	0
156476	4864	0
156476	4865	0
156477	4860	0
156477	4861	0
156477	4862	0
156477	4863	0
156477	4864	0
156477	4865	0
156478	4860	0
156478	4861	0
156478	4862	0
156478	4863	0
156478	4864	0
156478	4865	0
156485	5184	0
156485	5185	0
156485	5186	0
156485	5187	0
156485	5188	0
156485	5189	0
156486	5184	1
156486	5185	0
156486	5186	0
156486	5187	0
156486	5188	0
156486	5189	0
156487	5184	0
156487	5185	0
156487	5186	0
156487	5187	0
156487	5188	0
156487	5189	0
156497	5202	0
156497	5203	0
156497	5204	0
156497	5205	3
156497	5206	0
156497	5207	0
156498	5202	0
156498	5203	0
156498	5204	0
156498	5205	0
156498	5206	0
156498	5207	0
156499	5202	0
156499	5203	0
156499	5204	0
156499	5205	0
156499	5206	0
156499	5207	0
156512	3543	0
156512	3544	0
156512	3545	1
156512	3546	0
156512	3547	0
156512	3548	0
156513	3543	0
156513	3544	0
156513	3545	0
156513	3546	0
156513	3547	0
156513	3548	0
156514	3543	0
156514	3544	0
156514	3545	0
156514	3546	1
156514	3547	1
156514	3548	0
156518	6643	1
156518	6644	0
156518	6646	2
156518	6647	0
156519	6643	2
156519	6644	0
156519	6646	0
156519	6647	0
156520	6643	0
156520	6644	0
156520	6646	0
156520	6647	1
156531	3723	0
156531	3724	2
156531	3725	0
156531	3726	0
156531	3727	0
156531	3728	0
156532	3723	0
156532	3724	2
156532	3725	0
156532	3726	0
156532	3727	0
156532	3728	0
156533	3723	0
156533	3724	0
156533	3725	0
156533	3726	0
156533	3727	0
156533	3728	0
156534	4480	0
156534	4481	0
156534	4482	0
156534	4483	0
156534	4484	0
156534	4485	0
156535	4480	0
156535	4481	0
156535	4482	1
156535	4483	0
156535	4484	2
156535	4485	1
156536	4480	0
156536	4481	0
156536	4482	0
156536	4483	0
156536	4484	0
156536	4485	0
156537	5940	0
156537	5941	0
156537	5942	0
156537	5943	0
156537	5944	0
156537	5945	3
156538	3687	0
156538	3688	0
156538	3689	1
156538	3690	0
156538	3691	0
156538	3692	0
156539	5940	0
156539	5941	0
156539	5942	0
156539	5943	0
156539	5944	2
156539	5945	0
156540	3687	0
156540	3688	1
156540	3689	0
156540	3690	0
156540	3691	0
156540	3692	0
156541	5940	0
156541	5941	0
156541	5942	0
156541	5943	0
156541	5944	4
156541	5945	0
156542	2829	0
156542	2830	2
156542	2831	0
156542	2832	0
156542	2833	0
156542	2834	0
156543	2829	0
156543	2830	0
156543	2831	0
156543	2832	1
156543	2833	0
156543	2834	0
156544	2829	0
156544	2830	0
156544	2831	0
156544	2832	0
156544	2833	0
156544	2834	0
156551	4647	2
156551	4648	0
156551	4649	0
156551	4650	2
156551	4651	1
156551	4652	0
156552	4647	0
156552	4648	0
156552	4649	0
156552	4650	0
156552	4651	0
156552	4652	2
156553	4647	0
156553	4648	0
156553	4649	0
156553	4650	0
156553	4651	0
156553	4652	0
156578	5453	0
156578	5454	0
156578	5455	0
156578	5456	0
156578	5457	0
156578	5458	0
156579	5453	0
156579	5454	0
156579	5455	0
156579	5456	0
156579	5457	0
156579	5458	0
156580	5453	0
156580	5454	1
156580	5455	0
156580	5456	0
156580	5457	0
156580	5458	0
156581	4245	0
156581	4246	0
156581	4247	0
156581	4248	0
156581	4249	0
156581	4250	0
156582	4245	3
156582	4246	0
156582	4247	0
156582	4248	0
156582	4249	0
156582	4250	0
156583	4245	0
156583	4246	0
156583	4247	0
156583	4248	0
156583	4249	0
156583	4250	1
156607	7604	0
156607	7605	0
156607	7606	1
156607	7607	0
156607	7608	2
156607	7609	0
156608	7604	2
156608	7605	0
156608	7606	3
156608	7607	0
156608	7608	2
156608	7609	0
156609	7604	0
156609	7605	1
156609	7606	0
156609	7607	0
156609	7608	1
156609	7609	0
156610	2925	0
156610	2926	0
156610	2927	0
156610	2928	0
156610	2929	0
156610	2930	0
156611	2925	1
156611	2926	0
156611	2927	0
156611	2928	0
156611	2929	1
156611	2930	0
156612	2925	0
156612	2926	0
156612	2927	0
156612	2928	0
156612	2929	2
156612	2930	0
156613	6246	0
156613	6247	0
156613	6248	0
156613	6249	0
156613	6250	0
156613	6251	0
156614	6246	1
156614	6247	0
156614	6248	2
156614	6249	1
156614	6250	0
156614	6251	0
156615	6246	0
156615	6247	0
156615	6248	0
156615	6249	0
156615	6250	0
156615	6251	2
156616	5880	0
156616	5881	0
156616	5882	3
156616	5883	2
156616	5884	3
156616	5885	0
156617	4854	0
156617	4855	0
156617	4856	0
156617	4857	0
156617	4858	0
156617	4859	0
156618	5880	0
156618	5881	0
156618	5882	1
156618	5883	3
156618	5884	1
156618	5885	1
156619	4854	0
156619	4855	0
156619	4856	0
156619	4857	0
156619	4858	0
156619	4859	0
156620	5880	0
156620	5881	0
156620	5882	0
156620	5883	0
156620	5884	1
156620	5885	0
156621	4854	0
156621	4855	1
156621	4856	0
156621	4857	0
156621	4858	1
156621	4859	0
156622	5375	0
156622	5376	0
156622	5377	0
156622	5378	0
156622	5379	0
156622	5380	0
156623	5375	0
156623	5376	0
156623	5377	0
156623	5378	0
156623	5379	1
156623	5380	1
156624	5375	0
156624	5376	1
156624	5377	0
156624	5378	0
156624	5379	0
156624	5380	1
156625	5549	0
156625	5550	0
156625	5551	0
156625	5552	0
156625	5553	0
156625	5554	0
156626	5549	0
156626	5550	0
156626	5551	0
156626	5552	0
156626	5553	2
156626	5554	2
156627	5549	1
156627	5550	0
156627	5551	0
156627	5552	0
156627	5553	0
156627	5554	3
156642	4492	0
156642	4493	0
156642	4494	0
156642	4495	0
156642	4496	0
156642	4497	0
156643	6569	2
156643	6570	1
156643	6571	0
156643	6572	0
156643	6573	1
156643	6574	0
156644	6569	1
156644	6570	1
156644	6571	0
156644	6572	0
156644	6573	0
156644	6574	1
156645	4492	0
156645	4493	0
156645	4494	0
156645	4495	1
156645	4496	2
156645	4497	0
156646	6569	2
156646	6570	2
156646	6571	0
156646	6572	0
156646	6573	0
156646	6574	1
156647	4492	1
156647	4493	0
156647	4494	1
156647	4495	0
156647	4496	0
156647	4497	1
156675	6613	2
156675	6614	0
156675	6615	0
156675	6616	0
156675	6617	2
156675	6618	0
156676	6613	0
156676	6614	0
156676	6615	1
156676	6616	0
156676	6617	1
156676	6618	0
156678	6613	0
156678	6614	0
156678	6615	0
156678	6616	0
156678	6617	3
156678	6618	0
156768	3657	4
156768	3658	0
156768	3659	0
156768	3660	0
156768	3661	0
156768	3662	0
156769	3657	0
156769	3658	0
156769	3659	0
156769	3660	0
156769	3661	0
156769	3662	0
156772	3657	0
156772	3658	0
156772	3659	0
156772	3660	0
156772	3661	0
156772	3662	0
156806	3657	4
156806	3658	0
156806	3659	0
156806	3660	0
156806	3661	0
156806	3662	0
156807	3657	0
156807	3658	0
156807	3659	0
156807	3660	0
156807	3661	0
156807	3662	0
156808	3657	0
156808	3658	0
156808	3659	0
156808	3660	0
156808	3661	0
156808	3662	0
156833	5772	0
156833	5773	2
156833	5774	2
156833	5775	0
156833	5776	0
156833	5777	2
156834	5772	0
156834	5773	0
156834	5774	0
156834	5775	0
156834	5776	0
156834	5777	0
156835	5772	0
156835	5773	0
156835	5774	1
156835	5775	0
156835	5776	0
156835	5777	0
156836	7173	0
156836	7174	0
156836	7175	1
156836	7176	0
156836	7177	0
156836	7178	0
156839	7173	0
156839	7174	0
156839	7175	0
156839	7176	0
156839	7177	0
156839	7178	0
156954	7562	2
156954	7563	0
156954	7564	2
156954	7565	0
156954	7566	0
156954	7567	0
156955	7562	0
156955	7563	0
156955	7564	0
156955	7565	0
156955	7566	2
156955	7567	0
156956	7562	0
156956	7563	0
156956	7564	2
156956	7565	0
156956	7566	0
156956	7567	0
156979	6587	0
156979	6588	0
156979	6589	0
156979	6590	0
156979	6591	0
156979	6592	0
156980	6587	0
156980	6588	0
156980	6589	0
156980	6590	0
156980	6591	0
156980	6592	0
156981	6587	0
156981	6588	0
156981	6589	0
156981	6590	0
156981	6591	1
156981	6592	0
156989	4239	0
156989	4240	0
156989	4241	0
156989	4242	0
156989	4243	0
156989	4244	0
156990	4239	0
156990	4240	0
156990	4241	1
156990	4242	0
156990	4243	0
156990	4244	0
156991	4239	0
156991	4240	0
156991	4241	0
156991	4242	0
156991	4243	0
156991	4244	0
156992	4239	0
156992	4240	0
156992	4241	1
156992	4242	0
156992	4243	0
156992	4244	0
156993	4239	0
156993	4240	0
156993	4241	1
156993	4242	0
156993	4243	0
156993	4244	0
156994	4239	0
156994	4240	0
156994	4241	1
156994	4242	0
156994	4243	0
156994	4244	0
156998	3210	2
156998	3211	0
156998	3212	0
156998	3213	0
156998	3214	0
156998	3215	0
156999	3210	2
156999	3211	0
156999	3212	0
156999	3213	0
156999	3214	0
156999	3215	0
157001	3210	2
157001	3211	0
157001	3212	0
157001	3213	0
157001	3214	0
157001	3215	0
157002	3210	2
157002	3211	0
157002	3212	0
157002	3213	0
157002	3214	0
157002	3215	0
157003	3210	2
157003	3211	0
157003	3212	0
157003	3213	0
157003	3214	0
157003	3215	0
157004	3210	2
157004	3211	0
157004	3212	0
157004	3213	0
157004	3214	0
157004	3215	0
157168	5683	0
157168	5684	0
157168	5685	0
157168	5686	0
157168	5687	0
157168	5688	0
157169	5683	0
157169	5684	0
157169	5685	0
157169	5686	0
157169	5687	0
157169	5688	0
157170	5683	1
157170	5684	0
157170	5685	0
157170	5686	0
157170	5687	0
157170	5688	2
157177	5022	0
157177	5023	0
157177	5024	0
157177	5025	0
157177	5026	0
157177	5027	0
157178	5022	0
157178	5023	0
157178	5024	0
157178	5025	2
157178	5026	0
157178	5027	0
157179	5022	0
157179	5023	0
157179	5024	0
157179	5025	0
157179	5026	0
157179	5027	0
157324	3033	0
157324	3034	0
157324	3035	0
157324	3036	0
157324	3037	0
157324	3038	0
157326	2636	0
157326	2637	0
157326	2638	0
157326	2639	0
157326	2640	0
157326	2641	0
157333	3998	0
157333	3999	0
157333	4000	0
157333	4001	0
157333	4002	0
157333	4003	0
157334	3998	0
157334	3999	0
157334	4000	0
157334	4001	0
157334	4002	1
157334	4003	0
157335	3998	0
157335	3999	0
157335	4000	0
157335	4001	1
157335	4002	0
157335	4003	0
157338	3021	0
157338	3022	2
157338	3023	0
157338	3024	0
157338	3025	0
157338	3026	0
157341	3723	0
157341	3724	0
157341	3725	0
157341	3726	0
157341	3727	0
157341	3728	0
157356	4563	0
157356	4564	0
157356	4565	0
157356	4566	0
157356	4567	0
157356	4568	0
157362	6342	0
157362	6343	2
157362	6344	0
157362	6345	0
157362	6346	0
157362	6347	2
157364	7395	0
157364	7396	0
157364	7397	3
157364	7398	0
157364	7399	0
157364	7400	0
157365	7395	0
157365	7396	0
157365	7397	0
157365	7398	0
157365	7399	0
157365	7400	0
157373	6773	0
157373	6775	0
157373	6777	0
157374	5507	1
157374	5508	0
157374	5509	1
157374	5510	0
157374	5511	0
157374	5512	0
157382	2773	0
157382	2774	0
157382	2775	2
157382	2776	0
157382	2777	0
157382	2778	0
157383	6839	0
157383	6840	0
157383	6841	2
157383	6842	0
157383	6843	0
157383	6844	0
157384	6839	0
157384	6840	0
157384	6841	1
157384	6842	0
157384	6843	0
157384	6844	0
157385	2773	0
157385	2774	0
157385	2775	0
157385	2776	0
157385	2777	0
157385	2778	1
157386	2773	0
157386	2774	0
157386	2775	0
157386	2776	0
157386	2777	0
157386	2778	1
157387	2773	0
157387	2774	0
157387	2775	0
157387	2776	0
157387	2777	0
157387	2778	2
157394	7019	0
157394	7020	0
157394	7021	0
157394	7022	0
157394	7023	0
157394	7024	0
157403	3351	0
157403	3352	0
157403	3353	0
157403	3354	0
157403	3355	0
157403	3356	0
157412	5507	0
157412	5508	0
157412	5509	0
157412	5510	0
157412	5511	0
157412	5512	0
157417	4368	4
157417	4369	0
157417	4370	0
157417	4371	0
157418	4368	0
157418	4369	2
157418	4370	0
157418	4371	0
157421	4701	2
157421	4702	4
157421	4703	0
157421	4704	0
157422	4701	0
157422	4702	0
157422	4703	0
157422	4704	0
157423	2636	0
157423	2637	0
157423	2638	0
157423	2639	0
157423	2640	0
157423	2641	0
157434	6342	0
157434	6343	0
157434	6344	0
157434	6345	0
157434	6346	0
157434	6347	0
157438	3021	2
157438	3022	0
157438	3023	0
157438	3024	0
157438	3025	0
157438	3026	3
157439	3034	0
157450	3777	0
157450	3778	0
157450	3779	0
157450	3780	0
157450	3781	0
157450	3782	0
157452	3777	0
157452	3778	0
157452	3779	2
157452	3780	0
157452	3781	0
157452	3782	0
157474	4563	0
157474	4564	0
157474	4565	0
157474	4566	0
157474	4567	0
157474	4568	0
157491	5507	0
157491	5508	0
157491	5509	0
157491	5510	0
157491	5511	0
157491	5512	0
157499	6342	1
157499	6343	0
157499	6344	2
157499	6345	0
157499	6346	0
157499	6347	0
157538	3039	3
157538	3040	0
157538	3041	2
157538	3042	2
157538	3043	0
157538	3044	0
157541	4896	2
157541	4897	0
157541	4898	0
157541	4899	0
157541	4900	0
157542	4896	2
157542	4898	1
157542	4899	2
157542	4900	0
157543	4896	2
157543	4897	0
157543	4898	0
157543	4899	1
157543	4900	0
157571	3033	0
157571	3034	0
157571	3035	0
157571	3036	0
157571	3037	0
157571	3038	0
157572	7019	0
157572	7020	0
157572	7021	0
157572	7022	0
157572	7023	0
157572	7024	0
157586	3435	2
157586	3436	0
157586	3437	0
157586	3438	0
157586	3439	0
157586	3440	1
157587	3435	1
157587	3436	0
157587	3437	0
157587	3438	0
157587	3439	0
157587	3440	0
157588	3435	0
157588	3436	0
157588	3437	0
157588	3438	0
157588	3439	0
157588	3440	0
157589	5381	0
157589	5382	0
157589	5383	0
157589	5384	1
157589	5385	0
157589	5386	0
157591	5381	0
157591	5382	0
157591	5383	0
157591	5384	1
157591	5385	0
157591	5386	0
157599	3777	0
157599	3778	0
157599	3779	0
157599	3780	1
157599	3781	0
157599	3782	0
157606	2835	0
157606	2836	0
157606	2837	0
157606	2838	0
157606	2839	0
157606	2840	0
157607	2835	0
157607	2836	0
157607	2837	0
157607	2838	0
157607	2839	0
157607	2840	0
157608	2835	0
157608	2836	0
157608	2837	0
157608	2838	0
157608	2839	0
157608	2840	1
157611	2636	0
157611	2637	0
157611	2638	0
157611	2639	1
157611	2640	0
157611	2641	0
157613	5742	0
157613	5743	0
157613	5744	0
157613	5745	0
157613	5746	0
157613	5747	0
157614	5742	0
157614	5743	0
157614	5744	0
157614	5745	0
157614	5746	0
157614	5747	1
157615	5742	0
157615	5743	0
157615	5744	0
157615	5745	0
157615	5746	0
157615	5747	1
157616	6515	2
157616	6516	0
157616	6517	0
157616	6518	0
157616	6519	0
157616	6520	0
157617	6515	2
157617	6516	0
157617	6517	0
157617	6518	0
157617	6519	0
157617	6520	0
157618	6515	1
157618	6516	0
157618	6517	0
157618	6518	0
157618	6519	0
157618	6520	0
157622	4563	0
157622	4564	0
157622	4565	0
157622	4566	0
157622	4567	0
157622	4568	0
157623	6773	1
157623	6775	0
157623	6777	0
157627	3021	0
157627	3022	0
157627	3023	0
157627	3024	0
157627	3025	0
157627	3026	0
157654	2600	0
157654	2601	0
157654	2602	0
157654	2603	0
157654	2604	2
157654	2605	0
157665	6581	0
157665	6582	0
157665	6583	0
157665	6584	0
157665	6585	0
157665	6586	0
157666	6581	0
157666	6582	0
157666	6583	0
157666	6584	0
157666	6585	0
157666	6586	0
157667	6581	0
157667	6582	0
157667	6583	0
157667	6584	0
157667	6585	0
157667	6586	0
157669	5154	0
157669	5155	2
157669	5156	0
157669	5157	0
157669	5158	0
157669	5159	0
157670	5154	0
157670	5155	0
157670	5156	0
157670	5157	0
157670	5158	0
157670	5159	3
157672	2600	0
157672	2601	0
157672	2602	0
157672	2603	0
157672	2604	2
157672	2605	1
157678	2600	0
157678	2601	0
157678	2602	0
157678	2603	0
157678	2604	2
157678	2605	0
157708	3945	0
157708	3946	0
157708	3947	0
157708	3948	0
157708	3949	0
157708	3950	2
157709	3945	0
157709	3946	0
157709	3947	0
157709	3948	0
157709	3949	0
157709	3950	0
157710	3945	0
157710	3946	0
157710	3947	0
157710	3948	0
157710	3949	0
157710	3950	2
157732	5579	2
157732	5580	0
157732	5581	0
157732	5582	0
157732	5583	0
157732	5584	0
157733	5579	0
157733	5580	0
157733	5581	2
157733	5582	0
157733	5583	0
157733	5584	0
157746	3087	3
157746	3088	0
157746	3089	0
157746	3090	1
157746	3091	0
157746	3092	0
157877	3998	0
157877	3999	0
157877	4000	0
157877	4001	0
157877	4002	0
157877	4003	0
157879	3998	0
157879	3999	0
157879	4000	0
157879	4001	0
157879	4002	0
157879	4003	0
157880	3998	0
157880	3999	0
157880	4000	0
157880	4001	0
157880	4002	0
157880	4003	0
157881	3998	0
157881	3999	0
157881	4000	0
157881	4001	0
157881	4002	1
157881	4003	0
157882	3998	0
157882	3999	0
157882	4000	0
157882	4001	1
157882	4002	0
157882	4003	0
157886	3033	0
157886	3034	0
157886	3035	0
157886	3036	0
157886	3037	0
157886	3038	0
157887	3034	0
157888	3033	0
157888	3034	0
157888	3035	0
157888	3036	0
157888	3037	0
157888	3038	0
157904	5772	0
157904	5773	2
157904	5774	2
157904	5775	0
157904	5776	0
157904	5777	2
157905	5772	0
157905	5773	0
157905	5774	0
157905	5775	0
157905	5776	0
157905	5777	0
157906	5772	0
157906	5773	0
157906	5774	1
157906	5775	0
157906	5776	0
157906	5777	0
157907	2835	0
157907	2836	0
157907	2837	0
157907	2838	0
157907	2839	0
157907	2840	0
157908	2835	0
157908	2836	0
157908	2837	0
157908	2838	0
157908	2839	0
157908	2840	0
157909	2835	0
157909	2836	0
157909	2837	0
157909	2838	0
157909	2839	0
157909	2840	1
157937	5561	1
157937	5562	0
157937	5563	0
157937	5564	0
157937	5565	0
157937	5566	0
157938	5561	0
157938	5562	0
157938	5563	0
157938	5564	0
157938	5565	1
157938	5566	2
157967	5712	0
157967	5713	0
157967	5714	2
157967	5715	0
157967	5716	2
157967	5717	0
157968	5712	2
157968	5713	0
157968	5714	0
157968	5715	0
157968	5716	0
157968	5717	0
157969	5712	0
157969	5713	0
157969	5714	0
157969	5715	0
157969	5716	0
157969	5717	0
158046	5381	0
158046	5382	0
158046	5383	0
158046	5384	1
158046	5385	1
158046	5386	0
158055	5381	0
158055	5382	0
158055	5383	0
158055	5384	0
158055	5385	1
158055	5386	0
158517	3968	0
158517	3969	0
158517	3970	0
158517	3971	0
158517	3972	1
158517	3973	0
158518	3968	0
158518	3969	0
158518	3970	0
158518	3971	0
158518	3972	0
158518	3973	0
158519	3968	0
158519	3969	0
158519	3970	0
158519	3971	0
158519	3972	1
158519	3973	0
158630	5381	0
158630	5382	0
158630	5383	0
158630	5384	0
158630	5385	1
158630	5386	0
158631	7221	0
158631	7222	0
158631	7223	0
158631	7224	0
158631	7225	0
158631	7226	0
158632	7221	0
158632	7222	0
158632	7223	0
158632	7224	0
158632	7225	0
158632	7226	0
158633	7221	0
158633	7222	0
158633	7223	0
158633	7224	0
158633	7225	0
158633	7226	0
159009	5579	2
159009	5580	0
159009	5581	0
159009	5582	0
159009	5583	0
159009	5584	0
159014	5579	0
159014	5580	0
159014	5581	2
159014	5582	0
159014	5583	0
159014	5584	0
159015	5154	0
159015	5155	2
159015	5156	0
159015	5157	0
159015	5158	0
159015	5159	0
159019	5154	0
159019	5155	0
159019	5156	0
159019	5157	0
159019	5158	0
159019	5159	3
159179	7472	0
159179	7473	0
159179	7474	0
159179	7475	0
159179	7476	0
159179	7477	0
159180	7472	0
159180	7473	0
159180	7474	0
159180	7475	0
159180	7476	0
159180	7477	0
159212	3723	0
159212	3724	0
159212	3725	0
159212	3726	0
159212	3727	0
159212	3728	0
159213	3723	0
159213	3724	0
159213	3725	0
159213	3726	0
159213	3727	0
159213	3728	0
159228	5778	0
159228	5779	0
159228	5780	0
159228	5781	0
159228	5782	0
159228	5783	0
159230	2618	0
159230	2619	0
159230	2620	0
159230	2621	0
159230	2622	0
159230	2623	0
159239	6108	0
159239	6109	0
159239	6110	0
159239	6111	0
159239	6112	0
159239	6113	0
159250	3165	0
159250	3166	0
159250	3167	0
159250	3168	0
159250	3169	2
159250	3170	0
159270	3501	4
159270	3502	0
159270	3503	0
159270	3504	0
159270	3505	0
159270	3506	2
159274	2738	0
159274	2739	1
159274	2740	0
159274	2742	0
159274	2743	1
159343	2955	0
159343	2956	0
159343	2957	0
159343	2958	0
159343	2959	0
159343	2960	0
159344	2955	0
159344	2956	0
159344	2957	0
159344	2958	0
159344	2959	0
159344	2960	2
159348	5537	0
159348	5538	0
159348	5539	0
159348	5540	0
159348	5541	0
159348	5542	0
159349	5537	0
159349	5538	0
159349	5539	0
159349	5540	0
159349	5541	0
159349	5542	0
159350	5537	0
159350	5538	0
159350	5539	0
159350	5540	0
159350	5541	4
159350	5542	0
159434	2618	0
159434	2619	0
159434	2620	0
159434	2621	0
159434	2622	0
159434	2623	1
159443	2738	0
159443	2739	1
159443	2740	0
159443	2742	1
159443	2743	2
159460	5778	0
159460	5779	0
159460	5780	0
159460	5781	1
159460	5782	2
159460	5783	1
159506	2618	1
159506	2619	2
159506	2620	1
159506	2621	0
159506	2622	1
159506	2623	0
159529	3711	0
159529	3712	0
159529	3713	0
159529	3714	0
159529	3715	0
159529	3716	0
159530	3711	0
159530	3712	0
159530	3713	1
159530	3714	0
159530	3715	0
159530	3716	0
159531	3711	1
159531	3712	0
159531	3713	0
159531	3714	0
159531	3715	0
159531	3716	0
159535	3501	0
159535	3502	0
159535	3503	0
159535	3504	0
159535	3505	0
159535	3506	0
159542	2853	0
159542	2854	0
159542	2855	0
159542	2856	0
159542	2857	1
159542	2858	2
159558	3165	1
159558	3166	0
159558	3167	0
159558	3168	0
159558	3169	0
159558	3170	0
159559	3165	0
159559	3166	2
159559	3167	0
159559	3168	0
159559	3169	0
159559	3170	0
159575	5778	0
159575	5779	2
159575	5780	0
159575	5781	0
159575	5782	0
159575	5783	0
159578	2738	0
159578	2740	0
159578	2742	0
159578	2743	1
159581	3765	0
159581	3766	0
159581	3767	0
159581	3768	0
159581	3769	0
159581	3770	0
159582	3765	0
159582	3766	0
159582	3767	0
159582	3768	0
159582	3769	0
159582	3770	0
159583	3765	0
159583	3766	0
159583	3767	0
159583	3768	0
159583	3769	0
159583	3770	1
159587	5567	4
159587	5568	0
159587	5569	0
159587	5570	0
159587	5571	0
159587	5572	0
159588	5567	1
159588	5568	0
159588	5569	2
159588	5570	0
159588	5571	0
159588	5572	2
159589	5567	2
159589	5568	0
159589	5569	2
159589	5570	0
159589	5571	0
159589	5572	0
159610	5279	0
159610	5280	0
159610	5281	0
159610	5282	0
159610	5283	0
159610	5284	0
159611	5279	0
159611	5280	0
159611	5281	2
159611	5282	0
159611	5283	2
159611	5284	0
159634	3501	0
159634	3502	1
159634	3503	0
159634	3504	0
159634	3505	0
159634	3506	1
159643	6108	2
159643	6109	0
159643	6110	0
159643	6111	0
159643	6112	0
159643	6113	0
159660	5982	0
159660	5983	0
159660	5984	0
159660	5985	0
159660	5986	0
159660	5987	0
159661	5982	0
159661	5983	0
159661	5984	0
159661	5985	1
159661	5986	0
159661	5987	0
159662	5982	0
159662	5983	0
159662	5984	1
159662	5985	0
159662	5986	0
159662	5987	0
159694	7341	0
159694	7342	2
159694	7343	0
159694	7344	0
159694	7345	0
159694	7346	0
159706	4480	0
159706	4481	0
159706	4482	2
159706	4483	0
159706	4484	1
159706	4485	1
159707	4480	0
159707	4481	0
159707	4482	2
159707	4483	0
159707	4484	1
159707	4485	1
159708	4480	1
159708	4481	0
159708	4482	0
159708	4483	0
159708	4484	2
159708	4485	0
159709	4480	1
159709	4481	0
159709	4482	0
159709	4483	0
159709	4484	2
159709	4485	0
159711	4480	0
159711	4481	0
159711	4482	2
159711	4483	0
159711	4484	0
159711	4485	0
159712	4480	0
159712	4481	0
159712	4482	2
159712	4483	0
159712	4484	0
159712	4485	0
159816	3891	0
159816	3892	0
159816	3893	2
159816	3894	0
159816	3895	0
159816	3896	1
159817	3891	0
159817	3892	1
159817	3893	2
159817	3894	0
159817	3895	0
159817	3896	0
159818	3891	0
159818	3892	0
159818	3893	4
159818	3894	0
159818	3895	0
159818	3896	2
159828	7341	2
159828	7342	0
159828	7343	0
159828	7344	0
159828	7345	0
159828	7346	0
159829	7341	0
159829	7342	2
159829	7343	0
159829	7344	0
159829	7345	0
159829	7346	0
159849	4581	0
159849	4582	1
159849	4583	0
159849	4584	0
159849	4585	0
159849	4586	1
159850	4581	0
159850	4582	0
159850	4583	0
159850	4584	0
159850	4585	1
159850	4586	0
159851	4581	0
159851	4582	0
159851	4583	2
159851	4584	1
159851	4585	1
159851	4586	2
159893	2642	0
159893	2643	0
159893	2644	2
159893	2645	0
159893	2646	0
159893	2647	0
159909	2642	0
159909	2643	0
159909	2644	0
159909	2645	0
159909	2646	0
159910	2642	0
159910	2643	0
159910	2644	0
159910	2645	0
159910	2646	0
159911	2642	0
159911	2643	2
159911	2644	0
159911	2645	0
159911	2646	0
160141	3543	0
160141	3544	0
160141	3545	0
160141	3546	2
160141	3547	0
160141	3548	2
160142	6657	0
160142	6659	0
160154	5940	0
160154	5941	0
160154	5942	0
160154	5943	0
160154	5944	0
160154	5945	0
160155	3093	0
160155	3094	0
160155	3095	0
160155	3096	0
160155	3097	1
160155	3098	0
160157	3687	0
160157	3688	0
160157	3689	0
160157	3690	0
160157	3691	0
160157	3692	0
160160	7670	0
160160	7671	0
160160	7672	0
160160	7673	0
160160	7674	0
160160	7675	0
160161	4647	0
160161	4648	0
160161	4649	0
160161	4650	0
160161	4651	0
160161	4652	0
160168	6246	0
160168	6247	0
160168	6248	0
160168	6249	0
160168	6250	4
160168	6251	2
160172	2829	0
160172	2830	0
160172	2831	0
160172	2832	0
160172	2833	0
160172	2834	0
160178	5022	0
160178	5023	0
160178	5024	0
160178	5025	0
160178	5026	0
160178	5027	0
160184	6192	0
160184	6193	0
160184	6194	0
160184	6195	0
160184	6196	0
160184	6197	0
160187	5375	0
160187	5376	0
160187	5377	0
160187	5378	0
160187	5379	0
160187	5380	2
160202	5683	0
160202	5684	0
160202	5685	0
160202	5686	0
160202	5687	0
160202	5688	0
160205	6959	0
160205	6960	1
160205	6961	0
160205	6962	0
160205	6963	0
160205	6964	0
160206	6959	0
160206	6960	0
160206	6961	0
160206	6962	0
160206	6963	0
160206	6964	0
160209	5880	0
160209	5881	0
160209	5882	1
160209	5883	0
160209	5884	2
160209	5885	0
160210	4854	0
160210	4855	0
160210	4856	0
160210	4857	0
160210	4858	1
160210	4859	0
160211	4647	0
160211	4648	0
160211	4649	0
160211	4650	0
160211	4651	0
160211	4652	0
160259	4116	0
160259	4117	0
160259	4118	0
160259	4119	0
160259	4120	0
160266	5375	0
160266	5376	0
160266	5377	0
160266	5378	0
160266	5379	0
160266	5380	2
160275	3093	0
160275	3094	0
160275	3095	0
160275	3096	0
160275	3097	0
160275	3098	0
160277	5940	0
160277	5941	0
160277	5942	0
160277	5943	0
160277	5944	2
160277	5945	0
160278	4116	0
160278	4117	0
160278	4118	0
160278	4119	0
160278	4120	0
160280	6654	0
160280	6655	0
160280	6656	0
160280	6657	0
160280	6658	0
160280	6659	2
160282	7604	2
160282	7605	1
160282	7606	0
160282	7607	0
160282	7608	1
160282	7609	0
160288	6246	0
160288	6247	0
160288	6248	1
160288	6249	0
160288	6250	3
160288	6251	0
160290	5022	0
160290	5023	0
160290	5024	0
160290	5025	0
160290	5026	0
160290	5027	0
160293	3687	1
160293	3688	0
160293	3689	0
160293	3690	0
160293	3691	0
160293	3692	0
160294	2829	0
160294	2830	0
160294	2831	0
160294	2832	0
160294	2833	0
160294	2834	0
160301	6569	1
160301	6570	0
160301	6571	0
160301	6572	0
160301	6573	0
160301	6574	0
160302	6569	0
160302	6570	0
160302	6571	1
160302	6572	2
160302	6573	0
160302	6574	1
160303	4492	0
160303	4493	0
160303	4494	0
160303	4495	0
160303	4496	0
160303	4497	0
160304	4492	0
160304	4493	0
160304	4494	1
160304	4495	0
160304	4496	0
160304	4497	0
160307	6192	0
160307	6193	0
160307	6194	0
160307	6195	0
160307	6196	0
160307	6197	0
160309	7670	0
160309	7671	0
160309	7672	0
160309	7673	0
160309	7674	6
160309	7675	0
160316	5880	0
160316	5881	0
160316	5882	0
160316	5883	0
160316	5884	1
160316	5885	0
160317	4854	0
160317	4855	0
160317	4856	0
160317	4857	0
160317	4858	0
160317	4859	0
160337	2931	1
160337	2932	0
160337	2933	2
160337	2934	0
160337	2935	0
160337	2936	2
160353	6246	0
160353	6247	0
160353	6248	0
160353	6249	1
160353	6250	2
160353	6251	1
160358	7670	0
160358	7671	0
160358	7672	0
160358	7673	0
160358	7674	9
160358	7675	0
160367	5022	2
160367	5023	0
160367	5024	0
160367	5025	1
160367	5026	0
160367	5027	0
160370	6569	1
160370	6570	2
160370	6571	0
160370	6572	0
160370	6573	2
160370	6574	1
160373	5375	0
160373	5376	0
160373	5377	0
160373	5378	0
160373	5379	1
160373	5380	0
160380	4647	0
160380	4648	0
160380	4649	0
160380	4650	0
160380	4651	0
160380	4652	0
160385	4492	0
160385	4493	0
160385	4494	0
160385	4495	3
160385	4496	1
160385	4497	0
160391	3093	1
160391	3094	0
160391	3095	0
160391	3096	1
160391	3097	1
160391	3098	0
160404	6192	3
160404	6193	0
160404	6194	0
160404	6195	0
160404	6196	2
160404	6197	0
160419	3459	0
160419	3460	0
160419	3461	0
160419	3462	0
160419	3463	2
160419	3464	0
160420	3459	0
160420	3460	0
160420	3461	1
160420	3462	0
160420	3463	1
160420	3464	0
160421	3459	1
160421	3460	2
160421	3461	0
160421	3462	0
160421	3463	1
160421	3464	0
160437	5940	0
160437	5941	0
160437	5942	0
160437	5943	2
160437	5944	0
160437	5945	0
160438	3687	0
160438	3688	5
160438	3689	0
160438	3690	0
160438	3691	0
160438	3692	0
160439	2829	0
160439	2830	0
160439	2831	0
160439	2832	0
160439	2833	0
160439	2834	0
160451	7604	4
160451	7605	0
160451	7606	2
160451	7607	0
160451	7608	0
160451	7609	0
160456	2925	0
160456	2926	0
160456	2927	0
160456	2928	0
160456	2929	1
160456	2930	0
160457	2925	1
160457	2926	0
160457	2927	0
160457	2928	0
160457	2929	0
160457	2930	0
160458	2925	0
160458	2926	0
160458	2927	0
160458	2928	1
160458	2929	1
160458	2930	0
160471	2931	0
160471	2932	0
160471	2933	8
160471	2934	2
160471	2935	5
160471	2936	1
160473	6654	0
160473	6655	0
160473	6656	0
160473	6657	1
160473	6658	0
160473	6659	0
160477	5772	0
160477	5773	0
160477	5774	0
160477	5775	0
160477	5776	0
160477	5777	2
160478	5772	0
160478	5773	0
160478	5774	1
160478	5775	0
160478	5776	0
160478	5777	0
160479	5772	0
160479	5773	0
160479	5774	0
160479	5775	0
160479	5776	0
160479	5777	2
160489	5880	0
160489	5881	0
160489	5882	0
160489	5883	0
160489	5884	2
160489	5885	1
160490	4854	0
160490	4855	3
160490	4856	0
160490	4857	0
160490	4858	1
160490	4859	0
160502	6613	0
160502	6614	0
160502	6615	0
160502	6616	0
160502	6617	2
160502	6618	0
160503	6613	0
160503	6614	0
160503	6615	0
160503	6616	0
160503	6617	1
160503	6618	0
160504	6613	0
160504	6614	0
160504	6615	0
160504	6616	0
160504	6617	2
160504	6618	0
160540	6643	2
160540	6644	0
160540	6646	0
160540	6647	0
160541	6643	1
160541	6644	0
160541	6645	0
160541	6646	0
160541	6647	0
160542	6643	1
160542	6644	1
160542	6645	0
160542	6646	0
160542	6647	0
160565	5453	0
160565	5454	0
160565	5455	0
160565	5456	0
160565	5457	0
160565	5458	0
160566	4245	0
160566	4246	0
160566	4247	0
160566	4248	0
160566	4249	1
160566	4250	0
160567	5453	0
160567	5454	0
160567	5455	0
160567	5456	0
160567	5457	0
160567	5458	0
160568	4245	0
160568	4246	0
160568	4247	0
160568	4248	0
160568	4249	0
160568	4250	0
160569	5453	0
160569	5454	0
160569	5455	0
160569	5456	0
160569	5457	0
160569	5458	0
160570	4245	0
160570	4246	0
160570	4247	0
160570	4248	0
160570	4249	0
160570	4250	0
160579	3657	0
160579	3658	0
160579	3659	0
160579	3660	0
160579	3661	0
160579	3662	0
160580	3657	0
160580	3658	0
160580	3659	0
160580	3660	0
160580	3661	0
160580	3662	0
160581	7538	0
160581	7539	0
160581	7540	1
160581	7541	0
160581	7542	1
160581	7543	0
160595	3210	0
160595	3211	0
160595	3212	0
160595	3213	0
160595	3214	0
160595	3215	0
160596	3543	0
160596	3544	0
160596	3545	0
160596	3546	0
160596	3547	0
160596	3548	0
160597	3543	0
160597	3544	0
160597	3545	2
160597	3546	0
160597	3547	0
160597	3548	0
160611	3381	0
160611	3382	0
160611	3383	0
160611	3384	0
160611	3385	2
160611	3386	0
160612	6240	1
160612	6241	1
160612	6242	0
160612	6243	0
160612	6244	0
160612	6245	2
160613	6240	0
160613	6241	1
160613	6242	0
160613	6243	2
160613	6244	0
160613	6245	0
160614	3381	0
160614	3382	0
160614	3383	0
160614	3384	0
160614	3385	0
160614	3386	0
160615	6240	1
160615	6241	1
160615	6242	3
160615	6243	0
160615	6244	0
160615	6245	0
160616	3381	0
160616	3382	0
160616	3383	0
160616	3384	0
160616	3385	0
160616	3386	0
160617	3069	0
160617	3070	0
160617	3071	3
160617	3072	0
160617	3073	0
160617	3074	0
160618	3417	0
160618	3418	0
160618	3419	0
160618	3420	1
160618	3421	0
160618	3422	2
160619	3417	0
160619	3418	0
160619	3419	0
160619	3420	0
160619	3421	0
160619	3422	0
160643	5549	0
160643	5550	0
160643	5551	0
160643	5552	0
160643	5553	1
160643	5554	0
160644	5549	0
160644	5550	0
160644	5551	0
160644	5552	0
160644	5553	4
160644	5554	1
160645	5549	1
160645	5550	0
160645	5551	0
160645	5552	0
160645	5553	1
160645	5554	2
160663	6587	0
160663	6588	0
160663	6589	0
160663	6590	0
160663	6591	0
160663	6592	0
160665	6587	0
160665	6588	0
160665	6589	2
160665	6590	0
160665	6591	0
160665	6592	0
160666	3998	0
160666	3999	0
160666	4000	0
160666	4001	0
160666	4002	0
160666	4003	0
160667	3998	0
160667	3999	0
160667	4000	0
160667	4001	0
160667	4002	0
160667	4003	0
160668	3998	0
160668	3999	0
160668	4000	0
160668	4001	0
160668	4002	0
160668	4003	0
160669	3998	0
160669	3999	0
160669	4000	0
160669	4001	0
160669	4002	0
160669	4003	0
160670	3998	0
160670	3999	1
160670	4000	0
160670	4001	0
160670	4002	0
160670	4003	0
160671	3998	0
160671	3999	1
160671	4000	0
160671	4001	0
160671	4002	0
160671	4003	0
160675	6587	0
160675	6588	0
160675	6589	0
160675	6590	0
160675	6591	0
160675	6592	0
160691	5184	0
160691	5185	0
160691	5186	0
160691	5187	0
160691	5188	0
160691	5189	2
160692	5184	0
160692	5185	0
160692	5186	0
160692	5187	0
160692	5188	0
160692	5189	0
160693	5184	0
160693	5185	0
160693	5186	0
160693	5187	0
160693	5188	0
160693	5189	0
160719	3210	0
160719	3211	0
160719	3212	0
160719	3213	0
160719	3214	0
160719	3215	0
160722	3210	0
160722	3211	0
160722	3212	0
160722	3213	0
160722	3214	0
160722	3215	0
160723	7562	0
160723	7563	0
160723	7564	0
160723	7565	0
160723	7566	0
160723	7567	0
160724	7562	0
160724	7563	0
160724	7564	1
160724	7565	0
160724	7566	0
160724	7567	0
160877	3777	2
160877	3778	0
160877	3779	0
160877	3780	0
160877	3781	2
160877	3782	2
160887	6959	0
160887	6960	0
160887	6961	0
160887	6962	0
160887	6963	0
160887	6964	0
160915	3351	0
160915	3352	0
160915	3353	0
160915	3354	0
160915	3355	8
160915	3356	0
160922	5650	0
160922	5651	2
160922	5652	0
160922	5653	0
160922	5654	0
160922	5655	0
160923	4866	0
160923	4867	0
160923	4868	0
160923	4869	0
160923	4870	0
160923	4871	0
160927	6342	0
160927	6343	2
160927	6344	0
160927	6345	0
160927	6346	0
160927	6347	0
160932	7019	0
160932	7020	0
160932	7021	0
160932	7022	0
160932	7023	0
160932	7024	0
160935	5742	0
160935	5743	0
160935	5744	0
160935	5745	0
160935	5746	0
160935	5747	0
160940	2955	0
160940	2956	0
160940	2957	2
160940	2958	0
160940	2959	0
160940	2960	3
160942	3021	0
160942	3022	0
160942	3023	1
160942	3024	1
160942	3025	0
160942	3026	0
160947	3039	0
160947	3040	2
160947	3041	0
160947	3042	0
160947	3043	0
160947	3044	0
160953	6773	0
160953	6775	0
160953	6777	0
160962	2636	0
160962	2637	0
160962	2638	0
160962	2639	1
160962	2640	0
160962	2641	0
160966	3351	0
160966	3352	0
160966	3353	0
160966	3354	0
160966	3355	0
160966	3356	0
160973	6180	0
160973	6181	0
160973	6182	0
160973	6183	1
160973	6184	0
160973	6185	0
160974	6180	0
160974	6181	0
160974	6182	0
160974	6183	2
160974	6184	0
160974	6185	0
160978	6180	0
160978	6181	0
160978	6182	0
160978	6183	0
160978	6184	0
160978	6185	1
160979	6342	0
160979	6343	2
160979	6344	0
160979	6345	0
160979	6346	0
160979	6347	0
160992	7472	0
160992	7473	2
160992	7474	0
160992	7475	0
160992	7476	0
160992	7477	0
160996	7019	0
160996	7020	0
160996	7021	1
160996	7022	0
160996	7023	0
160996	7024	0
160998	6959	0
160998	6960	0
160998	6961	0
160998	6962	0
160998	6963	0
160998	6964	0
161000	6581	0
161000	6582	0
161000	6583	0
161000	6584	0
161000	6585	2
161000	6586	0
161001	6581	0
161001	6582	0
161001	6583	0
161001	6584	0
161001	6585	2
161001	6586	0
161002	6581	0
161002	6582	0
161002	6583	0
161002	6584	0
161002	6585	1
161002	6586	0
161003	6581	0
161003	6582	0
161003	6583	0
161003	6584	0
161003	6585	1
161003	6586	0
161016	3039	0
161016	3040	1
161016	3041	1
161016	3042	0
161016	3043	0
161016	3044	0
161017	3021	0
161017	3022	0
161017	3023	0
161017	3024	1
161017	3025	0
161017	3026	1
161018	2955	0
161018	2956	1
161018	2957	0
161018	2958	0
161018	2959	0
161018	2960	2
161019	5742	0
161019	5743	0
161019	5744	0
161019	5745	0
161019	5746	0
161019	5747	0
161022	4860	0
161022	4861	0
161022	4862	1
161022	4863	0
161022	4864	0
161022	4865	0
161023	4860	0
161023	4861	0
161023	4862	2
161023	4863	0
161023	4864	2
161023	4865	2
161024	4860	0
161024	4861	0
161024	4862	0
161024	4863	0
161024	4864	0
161024	4865	0
161029	7472	0
161029	7473	0
161029	7474	0
161029	7475	0
161029	7476	0
161029	7477	0
161031	4163	2
161031	4164	2
161031	4165	2
161031	4166	0
161031	4167	0
161031	4168	0
161032	6366	0
161032	6367	0
161032	6368	2
161032	6369	1
161032	6370	0
161032	6371	0
161037	6773	0
161037	6774	0
161037	6775	0
161037	6776	0
161037	6777	0
161037	6778	0
161038	4163	0
161038	4164	0
161038	4165	0
161038	4166	0
161038	4167	0
161038	4168	0
161039	6366	0
161039	6367	2
161039	6368	1
161039	6369	0
161039	6370	0
161039	6371	0
161045	2636	0
161045	2637	0
161045	2638	0
161045	2639	0
161045	2640	0
161045	2641	0
161065	5742	0
161065	5743	0
161065	5744	0
161065	5745	0
161065	5746	0
161065	5747	0
161067	3777	0
161067	3778	0
161067	3779	0
161067	3780	0
161067	3781	0
161067	3782	0
161075	6342	0
161075	6343	0
161075	6344	0
161075	6345	0
161075	6346	0
161075	6347	2
161086	4563	0
161086	4564	0
161086	4565	0
161086	4566	0
161086	4567	0
161086	4568	0
161087	4563	1
161087	4564	4
161087	4565	0
161087	4566	1
161087	4567	0
161087	4568	0
161088	4563	0
161088	4564	0
161088	4565	0
161088	4566	0
161088	4567	0
161088	4568	0
161103	3039	0
161103	3040	0
161103	3041	0
161103	3042	0
161103	3043	0
161103	3044	0
161113	4896	2
161113	4898	0
161113	4899	0
161113	4900	1
161113	4901	0
161115	4896	0
161115	4898	0
161115	4899	1
161115	4900	2
161115	4901	2
161116	4896	2
161116	4898	0
161116	4899	0
161116	4900	1
161116	4901	1
161127	5537	0
161127	5538	0
161127	5539	0
161127	5540	0
161127	5541	0
161127	5542	0
161128	5537	0
161128	5538	0
161128	5539	0
161128	5540	0
161128	5541	0
161128	5542	0
161129	5537	0
161129	5538	0
161129	5539	0
161129	5540	0
161129	5541	0
161129	5542	0
161132	5579	0
161132	5580	0
161132	5581	0
161132	5582	0
161132	5583	0
161132	5584	0
161133	5579	0
161133	5580	0
161133	5581	2
161133	5582	0
161133	5583	0
161133	5584	0
161134	5579	0
161134	5580	0
161134	5581	0
161134	5582	0
161134	5583	0
161134	5584	0
161135	2835	2
161135	2836	0
161135	2837	0
161135	2838	0
161135	2839	0
161135	2840	0
161136	2835	2
161136	2836	0
161136	2837	0
161136	2838	0
161136	2839	0
161136	2840	0
161137	2835	0
161137	2836	0
161137	2837	0
161137	2838	0
161137	2839	0
161137	2840	0
161138	6581	0
161138	6582	0
161138	6583	0
161138	6584	2
161138	6585	0
161138	6586	0
161139	6581	0
161139	6582	0
161139	6583	0
161139	6584	2
161139	6585	0
161139	6586	0
161156	3777	1
161156	3778	1
161156	3779	0
161156	3780	0
161156	3781	0
161156	3782	0
161157	5154	0
161157	5155	0
161157	5156	0
161157	5157	0
161157	5158	0
161157	5159	0
161158	5154	0
161158	5155	0
161158	5156	0
161158	5157	0
161158	5158	0
161158	5159	0
161168	5154	0
161168	5155	0
161168	5156	0
161168	5157	0
161168	5158	0
161168	5159	0
161169	5154	0
161169	5155	0
161169	5156	0
161169	5157	1
161169	5158	0
161169	5159	0
161170	2636	0
161170	2637	0
161170	2638	0
161170	2639	0
161170	2640	0
161170	2641	0
161172	4545	0
161172	4547	0
161172	4548	0
161172	4549	0
161172	4550	1
161173	4545	0
161173	4547	0
161173	4548	0
161173	4549	0
161173	4550	0
161175	4163	0
161175	4164	2
161175	4165	0
161175	4166	0
161175	4167	0
161175	4168	0
161176	3435	0
161176	3436	0
161176	3437	0
161176	3438	0
161176	3439	0
161176	3440	0
161177	7472	0
161177	7473	0
161177	7474	0
161177	7475	0
161177	7476	0
161177	7477	0
161178	3435	0
161178	3436	0
161178	3437	0
161178	3438	0
161178	3439	0
161178	3440	0
161179	6366	0
161179	6367	0
161179	6368	0
161179	6369	0
161179	6370	0
161179	6371	0
161181	3435	0
161181	3436	0
161181	3437	0
161181	3438	0
161181	3439	0
161181	3440	0
161188	3021	1
161188	3022	0
161188	3023	0
161188	3024	0
161188	3025	0
161188	3026	1
161189	2955	1
161189	2956	0
161189	2957	0
161189	2958	0
161189	2959	0
161189	2960	1
161191	3945	0
161191	3946	0
161191	3947	0
161191	3948	0
161191	3949	0
161191	3950	0
161192	3945	0
161192	3946	0
161192	3947	0
161192	3948	0
161192	3949	0
161192	3950	0
161193	3945	0
161193	3946	0
161193	3947	0
161193	3948	0
161193	3949	0
161193	3950	0
161207	6180	0
161207	6181	0
161207	6182	0
161207	6183	0
161207	6184	0
161207	6185	1
161208	6180	0
161208	6181	0
161208	6182	0
161208	6183	0
161208	6184	0
161208	6185	0
161226	3723	0
161226	3724	2
161226	3725	0
161226	3726	0
161226	3727	0
161226	3728	0
161227	3723	0
161227	3724	2
161227	3725	0
161227	3726	0
161227	3727	0
161227	3728	0
161228	3723	0
161228	3724	1
161228	3725	0
161228	3726	0
161228	3727	0
161228	3728	0
161229	3723	0
161229	3724	1
161229	3725	0
161229	3726	0
161229	3727	0
161229	3728	0
161230	3723	0
161230	3724	0
161230	3725	0
161230	3726	0
161230	3727	0
161230	3728	0
161231	3723	0
161231	3724	0
161231	3725	0
161231	3726	0
161231	3727	0
161231	3728	0
161250	4545	0
161250	4547	0
161250	4549	0
161250	4550	0
161273	7221	0
161273	7222	0
161273	7223	0
161273	7224	0
161273	7225	0
161273	7226	0
161274	7221	2
161274	7222	0
161274	7223	0
161274	7224	0
161274	7225	0
161274	7226	0
161275	7221	0
161275	7222	0
161275	7223	0
161275	7224	0
161275	7225	0
161275	7226	0
161276	5381	0
161276	5382	0
161276	5383	0
161276	5384	0
161276	5385	0
161276	5386	0
161277	5381	0
161277	5382	0
161277	5383	0
161277	5384	1
161277	5385	0
161277	5386	0
161278	5381	0
161278	5382	0
161278	5383	0
161278	5384	0
161278	5385	0
161278	5386	0
161292	5982	0
161292	5983	0
161292	5984	0
161292	5985	0
161292	5986	0
161292	5987	0
161293	5982	0
161293	5983	0
161293	5984	0
161293	5985	0
161293	5986	0
161293	5987	0
161294	5982	0
161294	5983	0
161294	5984	0
161294	5985	0
161294	5986	0
161294	5987	0
161296	6515	0
161296	6516	0
161296	6517	0
161296	6518	0
161296	6519	0
161296	6520	2
161297	6515	0
161297	6516	0
161297	6517	0
161297	6518	0
161297	6519	0
161297	6520	0
161298	6515	0
161298	6516	0
161298	6517	0
161298	6518	0
161298	6519	0
161298	6520	0
161316	3968	0
161316	3969	0
161316	3970	0
161316	3971	0
161316	3972	0
161316	3973	0
161317	3968	0
161317	3969	0
161317	3970	0
161317	3971	0
161317	3972	0
161317	3973	0
161318	3968	0
161318	3969	0
161318	3970	0
161318	3971	0
161318	3972	0
161318	3973	0
161319	5712	0
161319	5713	2
161319	5714	0
161319	5715	0
161319	5716	0
161319	5717	0
161332	3417	0
161332	3418	0
161332	3419	0
161332	3420	2
161332	3421	0
161332	3422	0
161646	5561	0
161646	5562	0
161646	5563	0
161646	5564	0
161646	5565	0
161646	5566	0
161672	3033	0
161672	3034	0
161672	3035	0
161672	3036	0
161672	3037	1
161672	3038	0
161677	3033	1
161677	3034	0
161677	3035	0
161677	3036	1
161677	3037	0
161677	3038	0
161678	3033	0
161678	3034	0
161678	3035	0
161678	3036	0
161678	3037	0
161678	3038	0
161721	4866	0
161721	4867	0
161721	4868	0
161721	4869	0
161721	4870	0
161721	4871	0
161722	5650	0
161722	5651	0
161722	5652	0
161722	5653	0
161722	5654	0
161722	5655	0
161725	5650	0
161725	5651	0
161725	5652	0
161725	5653	0
161725	5654	0
161725	5655	0
161726	4866	1
161726	4867	2
161726	4868	0
161726	4869	0
161726	4870	0
161726	4871	0
161777	2618	0
161777	2619	0
161777	2620	0
161777	2621	0
161777	2622	0
161777	2623	2
161941	4239	0
161941	4240	0
161941	4241	2
161941	4242	0
161941	4243	0
161941	4244	0
161942	4239	3
161942	4240	0
161942	4241	0
161942	4242	0
161942	4243	2
161942	4244	0
161943	4239	0
161943	4240	0
161943	4241	4
161943	4242	0
161943	4243	0
161943	4244	0
161950	2738	0
161950	2739	0
161950	2740	0
161950	2741	0
161950	2742	0
161950	2743	1
161961	5778	0
161961	5779	0
161961	5780	0
161961	5781	0
161961	5782	0
161961	5783	0
161973	5279	0
161973	5280	0
161973	5281	0
161973	5282	2
161973	5283	0
161973	5284	0
161977	6144	0
161977	6145	0
161977	6146	0
161977	6147	1
161977	6148	0
161977	6149	0
