ObservationID	Count
60	3
68	3
69	1
70	1
73	1
75	2
76	1
77	3
78	2
81	1
83	1
85	1
89	1
98	1
99	1
101	1
102	1
121	1
122	1
124	3
126	1
127	1
128	1
132	2
134	1
136	2
137	1
138	1
139	1
141	1
142	2
143	1
153	1
156	1
165	1
166	1
174	1
178	1
180	1
205	1
206	2
207	1
208	1
209	3
210	3
224	2
226	1
227	1
228	1
230	2
232	1
234	1
236	1
238	1
241	1
242	1
243	1
245	3
246	1
247	3
248	1
249	1
251	1
252	2
253	1
254	1
255	1
256	1
258	1
259	2
260	1
266	2
295	2
296	3
297	3
298	1
300	1
313	2
314	1
315	2
316	1
331	1
333	1
334	1
335	1
386	1
387	1
388	1
389	2
392	1
395	2
401	1
410	2
411	1
412	1
413	2
414	4
422	2
424	1
425	1
426	1
434	2
436	1
451	2
452	1
453	1
454	1
455	2
457	1
458	1
459	1
460	2
461	1
462	1
463	1
464	2
466	1
469	1
471	1
472	1
473	1
474	1
475	1
476	1
481	1
482	1
486	1
488	1
492	1
493	1
494	1
498	1
500	1
504	1
506	2
508	1
510	1
512	3
518	1
522	1
525	1
614	1
617	2
625	2
626	1
627	2
628	2
632	1
634	2
655	1
657	1
658	1
659	1
660	1
668	1
669	3
670	3
671	2
672	2
679	2
681	1
682	2
698	1
699	3
700	3
701	2
702	2
711	1
713	2
714	1
716	1
718	3
719	2
720	2
726	1
732	1
782	2
784	1
786	1
802	1
807	1
813	1
860	1
902	1
903	1
904	1
906	1
908	1
909	1
912	1
918	1
931	1
933	2
934	1
935	2
936	2
943	1
946	1
947	1
948	1
949	1
953	1
954	1
973	1
975	1
977	1
985	1
986	1
987	1
988	1
993	1
994	4
995	1
996	1
999	1
1002	1
1003	1
1005	1
1006	2
1008	1
1010	1
1014	1
1017	1
1019	1
1020	1
1023	2
1024	1
1029	1
1031	1
1036	1
1037	1
1051	1
1052	1
1053	1
1054	1
1055	2
1056	1
1063	1
1081	1
1082	1
1083	1
1085	1
1089	1
1090	1
1093	1
1094	1
1095	1
1099	1
1100	2
1101	1
1102	1
1109	1
1111	2
1121	1
1127	1
1128	1
1139	1
1140	1
1160	2
1164	1
1166	1
1170	1
1172	2
1175	1
1176	2
1201	1
1203	2
1205	1
1206	1
1207	2
1208	1
1209	1
1210	1
1211	1
1214	2
1221	1
1222	1
1223	2
1225	2
1226	1
1227	1
1228	2
1229	1
1233	1
1236	1
1239	1
1241	1
1243	2
1244	1
1246	1
1247	1
1248	1
1257	1
1260	1
1261	1
1262	1
1263	1
1267	1
1268	1
1271	1
1273	1
1278	1
1281	1
1286	1
1288	1
1290	1
1305	1
1307	1
1321	1
1323	1
1325	1
1326	1
1336	1
1345	2
1346	2
1348	1
1349	1
1350	1
1355	1
1356	1
1357	1
1361	2
1367	2
1368	2
1379	1
1381	1
1383	1
1384	1
1387	1
1389	4
1391	2
1417	1
1419	1
1420	2
1421	1
1422	2
1426	2
1428	1
1429	2
1431	2
1432	2
1436	1
1440	1
1442	1
1443	1
1445	1
1453	1
1455	1
1458	1
1459	1
1460	1
1489	2
1490	2
1491	1
1492	1
1493	1
1495	1
1496	1
1502	1
1503	1
1510	1
1512	1
1541	1
1549	1
1550	1
1552	1
1553	1
1573	1
1574	1
1575	1
1576	1
1577	2
1578	1
1579	1
1583	1
1587	1
1589	1
1594	1
1621	1
1625	1
1646	1
1647	1
1648	1
1649	1
1650	1
1651	2
1653	1
1655	1
1656	1
1669	1
1671	1
1672	1
1682	1
1684	1
1685	1
1686	1
1688	1
1693	1
1697	1
1701	1
1702	1
1704	1
1708	1
1711	1
1715	1
1717	2
1718	1
1719	1
1729	1
1731	1
1732	1
1765	3
1766	2
1767	2
1768	2
1769	2
1773	1
1775	1
1776	1
1781	1
1825	1
1826	1
1827	2
1828	1
1830	2
1834	1
1835	1
1836	1
1841	1
1847	1
1848	1
1873	1
1875	2
1877	1
1879	2
1881	1
1883	1
1887	1
1897	1
1899	2
1900	1
1901	1
1902	1
1905	1
1908	1
1914	1
1957	2
1960	1
1961	2
1962	1
1963	1
1965	1
1967	1
1969	1
1971	1
1972	1
1973	2
1975	1
1976	1
1978	1
1979	1
1981	1
1982	1
1984	1
1985	1
1986	1
1987	1
1989	2
1992	1
1994	1
1996	1
1997	1
2000	1
2007	1
2017	3
2018	2
2019	2
2020	1
2021	1
2022	1
2023	2
2025	2
2026	1
2027	2
2029	4
2030	1
2031	2
2032	1
2033	1
2059	1
2060	1
2063	1
2064	1
2065	1
2067	1
2082	1
2095	2
2096	1
2097	1
2099	1
2101	1
2102	1
2103	1
2104	1
2108	1
2109	1
2115	1
2119	1
2121	1
2125	1
2126	1
2127	2
2133	1
2139	1
2197	1
2199	1
2222	2
2224	1
2225	1
2228	1
2230	1
2231	1
2234	1
2236	2
2237	1
2238	2
2239	1
2243	1
2269	1
2270	1
2271	1
2272	2
2273	1
2274	1
2275	1
2276	2
2277	1
2278	1
2281	1
2282	2
2283	2
2284	1
2285	1
2308	1
2314	1
2329	1
2348	2
2356	1
2360	2
2362	3
2363	3
2364	4
2369	1
2371	1
2376	2
2382	1
2383	1
2386	1
2419	2
2422	2
2423	1
2424	2
2425	2
2426	1
2427	1
2428	1
2429	1
2430	1
2431	1
2436	1
2437	3
2438	2
2439	2
2441	2
2442	1
2507	1
2513	1
2514	1
2521	2
2523	1
2524	1
2525	1
2526	1
2527	1
2530	1
2533	1
2534	1
2536	1
2537	1
2538	1
2551	1
2552	2
2553	1
2556	2
2560	2
2562	1
2564	1
2575	1
2621	1
2622	1
2627	1
2633	1
2659	1
2660	2
2661	1
2662	1
2663	1
2678	2
2679	2
2680	2
2681	2
2682	2
2684	1
2685	2
2686	1
2687	1
2688	2
2689	1
2690	2
2691	2
2692	2
2693	2
2694	1
2713	1
2715	2
2717	1
2718	1
2737	1
2738	1
2739	1
2740	1
2749	1
2763	1
2766	1
2767	1
2779	1
2786	1
2787	1
2788	1
2797	1
2806	1
2807	1
2813	1
2841	2
2845	1
2847	2
2849	1
2850	1
2852	1
2853	1
2855	2
2858	1
2859	1
2861	2
2862	2
2917	1
2919	4
2921	2
2926	2
2932	2
2934	1
2937	2
2939	1
2947	2
2950	1
2955	1
2956	1
2958	1
2961	1
2962	1
2965	1
2966	1
2995	1
3014	1
3015	1
3016	1
3025	1
3028	1
3032	1
3036	2
3037	2
3038	1
3041	2
3042	1
3092	1
3098	1
3100	1
3111	1
3113	1
3123	1
3175	1
3181	1
3182	1
3183	1
3184	1
3185	1
3187	1
3188	1
3205	1
3223	2
3224	2
3225	3
3226	1
3227	2
3228	1
3229	2
3230	2
3231	1
3232	1
3233	1
3236	3
3237	3
3239	1
3361	1
3362	4
3366	1
3368	2
3372	1
3374	1
3379	1
3383	1
3385	1
3388	1
3391	1
3395	1
3397	2
3398	2
3400	1
3402	1
3405	1
3412	1
3433	1
3435	1
3437	1
3438	1
3441	1
3444	1
3449	1
3484	1
3497	1
3517	3
3553	1
3554	1
3555	1
3556	1
3560	1
3562	1
3637	1
3638	1
3639	1
3701	1
3702	2
3704	1
3705	1
3706	2
3707	1
3716	1
3718	1
3727	1
3731	1
3735	1
3737	1
3738	1
3746	2
3748	1
3749	2
3750	2
3752	2
3755	1
3756	2
3767	1
3782	1
3784	1
3785	1
3786	1
3787	1
3788	1
3791	1
3792	2
3793	1
3798	2
3800	1
3802	1
3804	1
3806	3
3809	1
3812	2
3815	1
3824	3
3825	1
3826	1
3827	2
3828	2
3829	1
3839	1
3841	1
3842	2
3845	1
3847	1
3849	1
3851	1
3853	1
3854	1
3855	1
3867	1
3895	1
3897	1
3898	1
3899	1
3903	1
3904	2
3918	1
3924	1
3936	1
3937	1
3943	1
3944	2
3945	1
3958	1
3964	2
3965	1
4021	2
4022	2
4023	1
4024	1
4025	2
4026	1
4027	1
4028	2
4029	1
4030	2
4032	1
4033	1
4034	1
4035	1
4036	1
4038	2
4039	1
4040	1
4041	1
4042	1
4043	1
4044	2
4045	1
4046	1
4047	2
4048	1
4049	2
4051	1
4052	2
4053	2
4054	2
4055	1
4056	2
4100	1
4102	1
4106	1
4110	1
4111	1
4123	1
4124	1
4125	1
4131	1
4173	2
4174	1
4175	1
4179	1
4195	2
4197	1
4198	1
4201	1
4205	1
4206	2
4267	1
4269	1
4274	1
4276	1
4295	1
4298	1
4299	1
4301	1
4303	1
4304	2
4306	2
4308	1
4310	2
4321	3
4322	2
4323	2
4324	1
4326	1
4327	1
4375	1
4381	1
4383	2
4385	1
4387	1
4388	2
4392	2
4400	1
4401	1
4403	1
4548	1
4585	1
4586	1
4588	2
4604	1
4605	1
4607	1
4729	1
4730	1
4731	1
4732	2
4733	1
4734	1
4735	2
4736	1
4737	1
4738	1
4739	1
4740	2
4742	1
4743	1
4872	1
4891	2
4893	2
4894	1
4896	1
4897	2
4899	1
4900	1
4902	1
4909	1
4910	1
4911	1
4912	1
4914	1
4915	2
4919	1
4927	1
5035	1
5036	2
5037	2
5038	2
5039	3
5040	2
5059	1
5060	1
5062	1
5064	2
5114	1
5119	2
5122	3
5127	1
5128	2
5131	2
5137	2
5138	3
5140	1
5142	1
5144	2
5146	3
5147	2
5149	3
5150	2
5151	1
5152	2
5153	2
5203	2
5204	2
5205	1
5206	1
5353	1
5354	4
5355	1
5356	1
5357	1
5358	2
5515	1
5516	1
5519	1
5520	1
5521	1
5522	3
5524	1
5525	1
5526	1
5527	1
5528	2
5530	1
5531	1
5532	1
5545	1
5546	2
5547	1
5548	1
5549	2
5550	1
5552	1
5554	1
5556	1
5557	1
5559	2
5859	1
5861	2
5864	2
5866	1
5867	1
5868	1
5894	1
5895	1
5896	1
5898	1
5942	1
5946	1
6091	1
6092	1
6094	2
6097	2
6099	1
6103	1
6122	3
6124	1
6125	2
6199	1
6200	1
6201	1
6202	1
6203	2
6204	1
6205	1
6206	1
6207	1
6208	2
6209	1
6210	1
6212	1
6213	2
6214	2
6215	2
6217	2
6218	3
6219	2
6220	2
6221	2
6222	2
6223	2
6224	2
6225	1
6226	1
6227	1
6228	1
6229	1
6230	2
6231	1
6232	2
6233	2
6234	1
6235	2
6236	1
6237	1
6238	1
6239	1
6247	1
6271	1
6272	1
6273	1
6275	1
6276	1
6277	1
6287	1
6288	1
6295	1
6298	2
6300	2
6301	1
6305	1
6306	1
6307	1
6310	1
6312	1
6317	1
6318	2
6607	1
6608	1
6610	1
6611	1
6612	1
6704	1
6708	2
6739	1
6740	1
6745	1
6748	1
6749	1
6755	1
6758	1
6759	1
6761	1
7016	1
7019	1
7059	1
7060	1
7070	1
7073	1
7075	1
7076	1
7077	1
7078	1
7079	1
7080	1
7084	1
7085	1
7106	1
7108	1
7110	1
7128	1
7261	1
7262	1
7265	1
7266	1
7267	2
7574	1
7825	1
7828	1
7830	1
8445	1
8449	2
8451	1
8452	1
8545	1
8551	1
8563	1
8583	1
8586	2
8589	1
8592	1
8622	1
8628	1
8635	1
8643	1
8646	1
8669	1
8673	1
8675	1
8679	2
8681	1
8695	1
8720	2
8721	3
8723	1
8912	1
8914	1
8916	3
8930	1
8953	2
8954	2
8955	1
9254	2
9258	2
9304	1
9306	1
9310	1
9312	2
9313	1
9314	2
9317	1
9321	1
9322	3
9324	1
9325	3
9327	1
9329	1
9330	1
9343	1
9344	1
9345	2
9346	2
9347	2
9348	1
9415	1
9416	1
9419	1
9420	1
9421	2
9422	1
9423	2
9424	1
9425	1
9426	1
9437	1
9439	1
9445	1
9447	1
9448	2
9457	1
9458	1
9460	1
9462	1
9481	2
9483	3
9484	1
9485	2
9495	1
9499	1
9501	1
9505	2
9507	2
9509	1
9517	1
9519	1
9520	1
9521	1
9523	1
9525	1
9527	1
9528	1
9543	1
9544	1
9546	1
9547	1
9548	1
9550	1
9551	1
9558	1
9562	1
9563	1
9568	2
9571	3
9574	3
9575	1
9595	1
9601	1
9605	1
9606	1
9607	1
9619	1
9625	1
9630	1
9634	2
9635	1
9637	2
9639	2
9640	2
9641	2
9645	1
9647	1
9697	1
9699	2
9702	2
9703	1
9705	1
9708	1
9709	1
9710	1
9711	2
9714	2
9715	1
9718	2
9719	2
9720	1
9721	1
9724	1
9725	1
9726	2
9727	1
9728	3
9731	1
9732	1
9733	1
9734	1
9735	2
9736	1
9737	1
9738	1
9739	2
9740	2
9743	1
9744	1
9853	1
9856	1
9860	1
9865	1
9866	1
9889	2
9891	2
9903	2
9907	3
9908	1
9909	3
9910	2
9911	3
9912	2
9916	1
9918	1
9925	3
9927	3
9929	3
9937	2
9940	2
9941	3
9942	2
9948	1
9951	1
9956	2
9961	3
9964	2
9965	1
9966	1
9968	4
9969	1
9978	2
9985	1
9987	2
10033	1
10035	1
10115	3
10120	1
10121	2
10496	1
10497	2
10499	2
10506	1
10507	1
10522	1
10523	1
10524	1
10528	1
10532	1
10535	1
10561	1
10565	1
10566	1
10570	1
10583	1
10595	2
10597	1
10598	1
10599	1
10604	1
10621	1
10625	2
10646	1
10649	2
10650	1
10656	1
10871	2
10876	1
10878	1
10879	1
10881	1
10883	1
10892	1
10893	1
10894	1
10895	1
10896	1
10898	1
10901	1
10903	1
10904	1
10905	1
10906	2
10907	1
10908	1
10909	1
10910	2
10912	1
10914	1
10919	2
10924	2
10928	1
10929	1
10930	1
10931	1
10932	1
10933	1
10935	1
10936	1
10939	1
10940	1
10942	1
10945	1
10946	1
10947	1
10948	1
10949	1
10958	1
10959	1
10967	1
10969	1
10970	1
10971	1
10972	1
10975	1
10976	1
10980	1
10981	1
10982	1
10983	2
10985	2
10986	1
10988	1
10989	1
10990	2
10991	1
10992	1
10993	1
10995	1
10996	2
10997	1
10998	1
11000	1
11001	1
11005	2
11006	2
11007	2
11008	3
11009	1
11010	2
11012	1
11013	1
11015	1
11016	2
11020	1
11021	1
11023	1
11024	1
11025	3
11026	2
11027	2
11028	1
11106	1
11125	2
11127	1
11129	1
11130	1
11131	1
11133	1
11134	1
11137	1
11139	1
11141	1
11142	1
11144	1
11145	2
11147	1
11151	2
11153	1
11155	1
11156	2
11157	1
11158	1
11159	1
11160	2
11164	1
11166	1
11197	4
11198	2
11201	2
11202	3
11204	1
11209	2
11899	1
12205	1
12206	1
12207	1
12210	1
12725	1
13068	1
14335	1
14339	2
14341	1
14342	1
14348	1
14349	1
14353	1
14354	1
14357	1
14358	1
14360	1
14361	1
14363	1
14365	1
14366	1
14367	1
14378	2
14389	1
14393	2
14407	1
14408	1
14409	1
14410	1
14411	1
14426	1
14430	1
14464	1
14465	1
14472	1
14476	1
14477	1
14478	1
14497	2
14502	1
14527	2
14532	1
14534	1
14535	1
14537	1
14627	1
14628	1
14632	1
14634	3
14639	1
14640	2
14641	1
14644	2
14646	1
14647	1
14656	1
14663	1
14703	1
14713	1
14719	1
14720	2
14721	1
14722	2
14749	1
14774	1
14779	1
14780	1
14784	1
14786	1
14788	1
14792	1
14810	1
14816	1
14820	1
14827	1
14829	1
14840	1
14842	1
14845	2
14847	1
14848	2
14850	1
14851	1
14852	1
14853	1
14854	1
14857	2
14858	1
14860	1
14862	1
14864	1
14881	1
14882	1
14883	1
14885	2
14891	1
14897	1
14904	1
14905	1
14906	1
14907	1
14909	1
14910	1
14919	1
14920	1
14931	1
14935	3
14936	1
14938	3
14939	1
14941	2
14942	1
14944	1
14947	1
14950	2
14971	1
14973	2
14975	2
14976	1
14977	1
14978	2
14979	2
14980	3
14981	2
14982	1
14985	3
14986	1
14987	1
14988	1
14991	1
14996	1
14997	1
14998	1
14999	1
15000	2
15002	1
15003	1
15004	2
15005	1
15006	1
15007	1
15009	2
15011	1
15014	1
15015	2
15016	1
15018	2
15019	1
15020	1
15021	1
15022	3
15024	2
15026	1
15027	1
15028	1
15030	1
15067	1
15068	1
15070	2
15071	1
15072	1
15075	2
15076	2
15077	2
15078	2
15085	1
15086	1
15087	2
15088	2
15090	2
15091	1
15093	1
15094	1
15096	1
15097	1
15098	1
15101	3
15106	1
15152	1
15154	1
15155	1
15156	1
15157	1
15158	1
15160	3
15164	2
15165	1
15166	2
15167	1
15170	1
15171	1
15173	1
15174	2
15181	1
15186	1
15189	1
15191	1
15195	1
15197	1
15211	1
15213	1
15217	1
15219	1
15221	1
15222	1
15235	1
15236	1
15237	2
15238	2
15239	2
15240	2
15259	1
15260	1
15262	1
15263	2
15265	1
15267	2
15269	2
15289	2
15291	2
15293	2
15294	1
15296	1
15297	2
15298	1
15299	1
15300	1
15350	1
15353	1
15361	2
15363	2
15365	1
15366	1
15367	2
15369	2
15370	1
15371	1
15372	1
15373	2
15375	1
15377	1
15378	1
15379	2
15380	2
15381	1
15382	1
15383	2
15385	1
15386	1
15389	1
15390	1
15392	1
15393	1
15395	1
15398	1
15402	2
15404	1
15440	3
15442	1
15444	2
15446	1
15448	1
15450	1
15452	1
15565	1
15566	2
15582	1
15583	2
15584	1
15589	2
15591	1
15607	1
15615	1
15616	1
15619	1
15621	1
15622	1
15623	1
15628	1
15629	1
15631	1
15634	1
15637	2
15640	1
15641	1
15642	1
15643	1
15646	1
15647	1
15648	1
15652	1
15653	2
15655	1
15657	2
15659	1
15663	1
15668	1
15669	1
15676	2
15678	1
15682	1
15684	2
15688	1
15690	2
15705	1
15742	2
15743	2
15746	1
15747	1
15748	1
15749	2
15751	1
15752	1
15753	1
15754	1
15755	1
15757	1
15758	1
15759	1
15760	1
15761	1
15782	1
15788	1
15794	1
15797	1
15798	1
15800	1
15806	1
15812	1
15822	1
15833	1
15834	1
15845	1
15846	1
15854	1
15856	2
15859	1
15860	1
15862	1
15863	2
15867	1
15873	1
15875	1
15876	1
15878	1
15879	1
15880	2
15881	1
15882	1
15883	1
15884	1
15885	2
15886	1
15888	2
15889	1
15893	1
15896	1
15898	1
15899	1
15900	1
15913	1
15914	2
15916	1
15918	1
15919	1
15923	2
15924	1
15925	2
15927	1
15928	2
15929	1
15931	2
15932	1
15934	2
15935	2
15940	2
15980	1
15986	1
15992	1
15994	1
15999	1
16009	2
16012	1
16013	2
16018	1
16019	1
16034	2
16036	2
16038	2
16039	1
16042	1
16045	1
16046	1
16048	1
16051	1
16053	1
16055	1
16057	1
16058	1
16059	1
16061	1
16063	1
16065	1
16066	1
16067	1
16087	2
16088	1
16091	2
16095	3
16099	3
16100	3
16110	2
16116	2
16117	3
16118	1
16122	2
16123	2
16124	2
16126	1
16127	1
16133	3
16147	1
16151	1
16152	3
16160	2
16161	1
16162	1
16164	1
16166	1
16167	1
16168	2
16169	1
16170	1
16171	1
16172	1
16173	1
16174	2
16176	1
16178	1
16180	1
16182	1
16185	3
16261	1
16262	2
16263	1
16265	2
16266	3
16267	1
16268	1
16270	2
16272	1
16281	1
16282	2
16284	1
16321	2
16322	2
16324	2
16325	2
16326	2
16327	2
16328	2
16330	2
16332	2
16333	3
16334	1
16336	1
16339	2
16340	1
16342	1
16344	1
16345	1
16346	1
16348	1
16355	2
16359	1
16361	1
16363	1
16364	1
16366	2
16367	3
16368	1
16370	1
16373	1
16374	1
16376	1
16378	1
16379	1
16380	1
16381	1
16384	2
16391	1
16393	1
16394	1
16398	1
16417	2
16418	2
16419	2
16421	3
16425	2
16427	1
16502	1
16519	1
16520	2
16525	1
16531	1
16532	1
16534	2
16561	2
16562	1
16566	1
16567	3
16568	3
16569	3
16574	1
16575	1
16579	1
16581	1
16582	1
16604	3
16605	1
16606	3
16607	2
16608	1
16609	1
16611	1
16612	1
16613	1
16615	2
16616	1
16617	1
16618	3
16619	1
16620	3
16621	1
16622	2
16623	1
16624	2
16626	1
16627	1
16629	1
16630	1
16632	1
16633	1
16635	1
16636	2
16637	1
16639	1
16643	2
16644	1
16651	1
16653	1
16654	1
16655	2
16656	1
16657	1
16659	1
16661	3
16664	1
16665	1
16667	1
16669	1
16671	2
16672	2
16673	1
16675	1
16677	1
16678	1
16680	1
16681	2
16683	1
16684	1
16685	2
16689	1
16690	1
16691	1
16692	1
16696	1
16697	1
16699	1
16703	1
16706	1
16708	1
16712	1
16713	1
16715	1
16717	1
16720	1
16722	1
16723	2
16726	1
16728	2
16729	1
16732	1
16733	2
16734	1
16739	1
16743	1
16745	1
16750	1
16752	2
16754	1
16755	1
16756	1
16757	1
16759	1
16762	1
16765	1
16766	1
16768	1
16769	1
16770	1
16771	1
16773	1
16774	1
16776	1
16781	1
16813	1
16814	2
16815	2
16816	3
16817	2
16818	1
16819	1
16820	1
16821	1
16822	2
16823	1
16824	2
16826	2
16832	1
16833	1
16834	1
16835	2
16836	2
16841	1
16842	1
16843	1
16844	1
16846	1
16847	1
16848	1
16849	1
16850	1
16851	1
16853	1
16854	1
16856	1
16857	1
16859	1
16860	2
16863	2
16865	1
16866	2
16868	2
16869	1
16870	1
16872	1
16873	1
16874	1
16875	1
16876	3
16878	2
16879	1
16880	1
16881	2
16882	1
16883	1
16885	1
16888	1
16889	2
16890	1
16892	1
16893	1
16897	1
16898	3
16899	1
16901	1
16902	1
16907	1
16908	2
16910	1
16912	1
16915	2
16919	1
16920	2
16927	1
16928	2
16931	1
16932	2
16934	1
16941	2
16944	1
16947	1
16948	1
16951	2
16952	2
16954	1
16961	1
16965	1
16966	1
16967	2
16970	1
16974	1
16975	1
16977	1
16981	2
16982	3
16983	1
16984	2
16988	1
16989	1
16990	1
16993	3
16994	2
16995	2
16996	2
16997	3
16998	2
16999	1
17000	1
17001	1
17002	3
17003	2
17004	2
17006	1
17007	2
17008	1
17009	1
17010	1
17012	1
17013	2
17015	2
17016	1
17018	1
17020	1
17022	1
17023	1
17026	1
17029	1
17030	2
17031	2
17032	2
17033	2
17034	2
17036	1
17037	1
17038	2
17039	2
17043	1
17044	1
17045	1
17049	2
17051	1
17052	1
17053	2
17054	2
17058	2
17059	1
17060	1
17061	1
17062	2
17064	2
17065	3
17066	2
17067	1
17068	3
17069	1
17070	2
17071	3
17072	2
17073	2
17074	3
17075	2
17076	1
17080	1
17081	1
17082	1
17089	1
17090	3
17093	1
17097	2
17098	2
17102	1
17103	1
17104	2
17105	1
17107	2
17108	1
17109	1
17110	1
17114	1
17116	1
17117	1
17119	1
17120	1
17122	2
17131	1
17132	1
17134	1
17135	1
17137	2
17138	1
17150	2
17151	1
17153	1
17155	2
17156	1
17161	1
17164	1
17165	1
17166	1
17167	1
17168	1
17169	2
17170	2
17171	2
17172	2
17173	1
17175	1
17176	1
17177	1
17178	2
17179	1
17180	1
17181	1
17184	3
17186	4
17187	2
17188	3
17189	1
17190	2
17192	2
17193	2
17194	1
17195	2
17196	2
17197	1
17198	2
17199	2
17200	1
17201	2
17205	2
17206	1
17207	3
17227	1
17232	1
17238	1
17240	1
17242	1
17246	1
17250	1
17281	1
17283	1
17285	2
17286	2
17287	1
17293	1
17297	1
17299	2
17300	1
17302	1
17303	1
17304	2
17305	2
17308	1
17310	1
17311	1
17314	1
17321	1
17361	1
17363	1
17371	1
17372	2
17375	1
17376	1
17383	1
17384	1
17385	1
17386	1
17388	1
17391	1
17392	1
17394	2
17397	1
17398	1
17399	1
17400	1
17402	1
17405	1
17408	1
17411	3
17412	1
17420	2
17426	3
17433	1
17435	1
17437	2
17456	1
17461	1
17462	1
17472	1
17478	1
17479	2
17480	1
17481	3
17482	1
17483	2
17484	1
17487	1
17488	1
17489	2
17491	1
17492	1
17493	2
17495	3
17497	1
17498	1
17499	2
17500	1
17501	1
17502	1
17503	1
17505	1
17507	2
17509	1
17510	1
17511	1
17512	1
17513	1
17515	2
17516	2
17517	1
17518	1
17519	1
17522	2
17524	1
17525	1
17527	1
17528	1
17529	2
17530	1
17531	1
17532	2
17536	2
17542	1
17543	1
17545	1
17546	1
17547	3
17563	1
17565	1
17569	1
17570	1
17571	1
17575	1
17576	2
17577	1
17578	1
17593	1
17594	1
17596	2
17597	1
17598	1
17599	2
17600	2
17601	2
17602	2
17603	2
17604	3
17605	2
17606	2
17607	2
17608	2
17609	2
17610	2
17611	1
17612	2
17613	2
17614	1
17615	2
17616	1
17617	1
17618	2
17620	2
17622	2
17623	1
17627	2
17629	2
17630	1
17632	1
17633	1
17635	1
17636	1
17639	1
17640	2
17644	2
17646	1
17648	1
17649	1
17651	1
17653	1
17656	1
17657	1
17658	1
17659	1
17660	1
17663	1
17664	1
17665	1
17667	1
17670	1
17672	1
17676	2
17680	1
17682	1
17683	2
17684	2
17685	2
17686	1
17687	2
17688	1
17689	1
17692	1
17694	1
17695	1
17697	1
17698	1
17699	1
17700	1
17703	1
17705	1
17708	1
17710	1
17714	1
17719	1
17732	1
17733	1
17741	1
17742	1
17744	1
17755	1
17757	1
17759	1
17760	2
17762	1
17765	1
17766	1
17767	2
17769	1
17770	2
17771	1
17772	2
17773	2
17775	2
17778	1
17779	3
17780	1
17781	1
17782	1
17783	2
17784	2
17791	1
17792	2
17793	1
17794	1
17796	2
17797	1
17798	3
17800	2
17803	2
17804	1
17805	2
17806	1
17807	1
17808	1
17890	1
17891	3
17893	1
17896	1
17897	1
17898	2
17899	1
17901	1
17903	1
17904	1
17936	1
17940	1
17946	1
17952	1
17954	1
17958	2
18003	1
18006	1
18009	2
18011	3
18012	2
18015	2
18017	1
18018	1
18019	3
18020	2
18021	1
18022	2
18023	1
18024	1
18025	1
18026	1
18028	2
18029	1
18030	1
18031	1
18042	1
18051	1
18059	1
18069	1
18070	1
18075	1
18077	1
18082	1
18083	1
18087	1
18088	1
18089	1
18101	2
18112	1
18114	2
18115	1
18126	1
18220	1
18226	1
18237	1
18265	1
18266	2
18271	1
18273	1
18283	2
18288	1
18290	1
18295	2
18301	1
18303	1
18304	2
18307	1
18309	2
18311	2
18312	1
18313	2
18317	2
18321	4
18322	3
18323	1
18324	2
18326	1
18327	1
18328	3
18329	3
18330	2
18331	1
18336	1
18338	1
18343	1
18345	1
18349	1
18350	1
18354	1
18355	1
18356	1
18359	1
18362	1
18364	1
18366	1
18373	2
18374	1
18390	1
18407	1
18409	1
18410	1
18412	3
18414	1
18416	2
18421	1
18422	2
18424	1
18427	1
18429	1
18430	2
18432	1
18433	1
18434	1
18435	1
18437	1
18439	1
18442	1
18443	1
18444	1
18445	1
18446	1
18449	1
18451	1
18452	1
18456	1
18458	1
18463	1
18464	1
18465	1
18469	1
18470	2
18473	1
18475	1
18476	2
18477	1
18481	1
18485	1
18486	1
18490	1
18492	1
18506	1
18511	1
18512	1
18517	1
18518	1
18519	1
18522	1
18523	1
18524	2
18525	1
18526	1
18529	1
18531	2
18533	1
18536	1
18538	3
18541	1
18542	1
18545	1
18546	1
18548	1
18553	1
18554	2
18555	1
18556	1
18558	1
18559	1
18563	1
18568	2
18571	1
18572	2
18574	1
18579	1
18581	1
18583	1
18584	1
18585	1
18586	1
18590	1
18595	3
18597	1
18603	3
18605	2
18621	1
18631	2
18633	1
18635	4
18641	1
18648	1
18649	2
18651	4
18652	1
18659	1
18662	1
18665	1
18666	1
18671	1
18672	1
18678	1
18721	1
18722	1
18723	2
18724	1
18726	1
18727	1
18728	2
18730	3
18731	1
18732	2
18734	1
18735	1
18736	2
18739	1
18740	1
18743	1
18745	1
18748	1
18749	1
18750	1
18754	1
18760	2
18761	2
18763	1
18765	1
18766	2
18769	1
18771	1
18775	1
18776	1
18777	1
18778	1
18779	1
18805	1
18808	1
18811	1
18814	2
18817	1
18883	1
18884	1
18886	1
18888	1
18889	1
18890	1
18896	1
18897	1
18899	2
18901	1
18904	1
18906	1
18939	1
18940	1
18955	1
18960	1
18961	1
18966	1
18967	2
18968	2
18969	1
18971	1
18972	1
18986	2
18988	1
18992	1
18999	1
19000	1
19003	1
19004	1
19007	1
19009	1
19011	1
19012	1
19013	1
19015	1
19016	1
19025	1
19026	1
19028	1
19042	1
19056	1
19057	1
19058	1
19059	1
19060	1
19062	1
19063	1
19064	1
19065	1
19066	1
19067	1
19068	1
19069	1
19070	1
19071	1
19072	1
19073	1
19074	1
19076	1
19082	1
19084	1
19090	1
19105	1
19112	1
19117	1
19120	1
19124	1
19126	1
19129	1
19130	1
19134	1
19136	1
19141	1
19142	1
19143	1
19144	2
19145	1
19146	1
19147	1
19149	2
19154	1
19155	1
19166	1
19167	1
19170	1
19171	1
19175	1
19178	1
19183	1
19207	1
19208	1
19209	1
19210	1
19211	1
19212	1
19216	1
19221	1
19225	2
19226	1
19227	1
19228	1
19231	1
19234	1
19236	1
19239	1
19245	1
19249	1
19255	1
19260	1
19261	1
19264	2
19265	2
19266	1
19267	1
19268	1
19270	1
19271	1
19276	1
19277	1
19278	1
19279	1
19283	2
19284	1
19285	1
19288	1
19289	1
19294	1
19296	1
19304	1
19310	1
19339	1
19343	1
19344	4
19345	2
19346	1
19347	1
19348	1
19349	2
19350	2
19351	2
19353	1
19354	1
19355	1
19356	2
19358	1
19362	2
19368	1
19371	1
19374	1
19379	1
19380	2
19385	1
19386	2
19391	2
19412	3
19414	1
19418	3
19420	2
19422	2
19427	1
19429	1
19430	1
19431	1
19432	1
19433	2
19434	1
19446	1
19450	1
19453	1
19457	1
19458	1
19462	2
19464	1
19465	2
19470	1
19471	1
19473	1
19475	1
19478	1
19481	1
19488	2
19489	2
19490	1
19492	1
19494	3
19495	1
19497	1
19499	1
19543	1
19545	2
19547	1
19557	1
19559	1
19565	1
19594	2
19597	1
19599	1
19600	1
19601	1
19602	1
19604	1
19605	1
19606	1
19607	1
19608	1
19609	1
19610	2
19611	1
19612	2
19613	1
19614	2
19615	1
19616	1
19617	1
19619	1
19620	1
19621	1
19622	1
19623	1
19626	1
19627	2
19628	1
19629	2
19630	4
19631	4
19632	3
19634	1
19635	3
19636	1
19637	2
19638	2
19640	1
19641	2
19642	3
19643	4
19644	2
19645	1
19646	1
19647	1
19650	1
19651	1
19653	1
19656	1
19657	1
19661	1
19662	1
19669	1
19670	2
19672	1
20030	1
20031	2
20033	2
20034	3
20041	1
20043	1
20044	1
20051	1
20052	2
20165	2
20169	2
20173	1
20174	1
20178	1
20184	2
20216	1
20281	2
20282	3
20285	3
20286	3
20287	4
20288	4
20289	3
20290	5
20291	5
20292	6
20293	2
20294	2
20296	1
20297	2
20298	3
20299	3
20300	3
20301	3
20302	3
20303	3
20304	2
20306	1
20308	3
20309	1
20317	3
20318	4
20319	2
20322	3
20328	2
20329	3
20330	4
20331	2
20334	5
20336	2
20338	2
20341	2
20342	3
20343	3
20344	3
20345	1
20346	6
20353	1
20355	1
20357	2
20358	2
20362	1
20364	1
20369	2
20370	1
20371	1
20372	1
20373	2
20375	2
20376	1
20377	2
20378	1
20379	1
20380	1
20383	2
20384	2
20385	2
20387	1
20402	1
20405	1
20410	1
20411	1
20417	1
20420	1
20423	1
20427	1
20432	1
20540	1
20541	1
20546	1
20553	1
20612	1
20614	1
20616	1
20618	1
20620	1
20622	1
20624	1
20626	1
20628	1
20630	1
20633	1
20641	1
20642	1
20643	1
20644	1
20645	1
20647	1
20648	1
20649	1
20650	1
20659	1
20660	1
20665	1
20666	2
20667	1
20670	1
20672	1
20678	1
20679	2
20681	1
20684	1
20685	1
20689	1
20690	2
20691	1
20733	1
20734	1
20739	1
20740	1
20745	1
20816	1
20821	2
20822	4
20823	1
20824	3
20825	2
20828	1
20829	1
20830	1
20832	1
20833	2
20834	2
20835	1
20836	1
20837	1
20838	3
20854	1
20856	1
20858	1
20859	1
20860	1
20862	1
20866	1
20887	2
20889	1
20890	1
20905	1
20906	2
20910	1
20917	1
20918	3
20919	2
20920	2
20921	1
20924	3
20925	1
20926	1
20928	1
20939	1
20941	1
20942	3
20943	1
20944	1
20946	1
20947	1
20948	2
20950	2
20951	2
20952	1
20953	1
20954	2
20955	1
20959	2
20960	2
20961	1
20962	1
20963	2
20965	1
20966	2
20967	2
20969	3
20972	2
20973	3
20975	1
20976	2
20987	2
21026	1
21029	1
21031	1
21032	1
21033	1
21038	1
21043	1
21044	1
21045	1
21070	1
21071	1
21072	1
21075	1
21076	1
21077	2
21078	2
21079	1
21080	1
21082	1
21083	1
21084	1
21089	1
21090	2
21091	1
21096	1
21100	1
21102	1
21103	2
21107	1
21110	1
21115	1
21116	1
21119	1
21157	1
21158	2
21159	3
21160	1
21162	3
21163	2
21164	1
21165	1
21166	1
21168	1
21169	1
21170	1
21171	2
21172	1
21174	1
21177	1
21182	1
21183	1
21187	1
21189	1
21190	1
21191	1
21197	1
21199	1
21203	2
21204	1
21206	1
21208	1
21210	2
21211	1
21212	2
21213	2
21215	1
21219	1
21224	1
21225	2
21236	1
21238	2
21242	1
21245	1
21248	1
21251	1
21256	2
21271	1
21280	1
21282	1
21289	1
21302	2
21303	3
21304	3
21305	2
21306	3
21308	2
21309	4
21310	2
21311	1
21312	1
21314	1
21315	1
21316	3
21318	1
21319	2
21321	2
21327	2
21328	3
21329	1
21332	1
21333	1
21334	1
21337	1
21339	1
21341	2
21346	2
21348	2
21351	2
21352	2
21353	1
21354	1
21357	1
21359	1
21360	2
21362	1
21366	2
21386	2
21390	1
21410	1
21412	1
21414	2
21517	2
21518	2
21519	2
21520	2
21521	2
21522	3
21535	1
21536	1
21585	1
21587	1
21588	1
21593	1
21594	1
21600	1
21677	1
21679	1
21692	2
21703	1
21706	1
21709	1
21713	1
21715	1
21716	3
21717	3
21718	2
21719	3
21720	2
21721	1
21722	1
21723	1
21724	1
21725	2
21726	2
21727	1
21731	1
21732	1
21734	1
21739	1
21787	1
21793	1
21794	1
21797	1
21798	1
21816	1
21818	1
21823	1
21824	1
21828	1
21830	1
21836	2
21839	1
21868	1
21870	1
21898	1
21900	1
21914	1
22009	2
22011	1
22013	1
22015	2
22021	1
22023	1
22027	1
22033	2
22034	1
22037	1
22155	1
22166	1
22168	1
22169	1
22171	3
22172	1
22173	1
22174	2
22175	2
22176	1
22178	1
22179	1
22180	2
22181	1
22182	1
22191	1
22193	1
22194	1
22197	1
22199	1
22200	1
22206	1
22228	2
22229	1
22230	2
22231	1
22236	1
22237	1
22238	1
22242	2
22245	1
22248	3
22249	1
22250	1
22253	1
22254	1
22257	1
22261	1
22265	3
22266	1
22321	1
22322	1
22324	1
22325	1
22327	1
22328	1
22329	1
22334	2
22335	1
22338	1
22343	2
22344	2
22346	2
22347	1
22349	1
22350	2
22475	2
22476	2
22552	1
22561	1
22563	1
22564	1
22565	2
22566	1
22567	1
22568	1
22569	1
22572	1
22577	1
22579	1
22580	2
22581	1
22616	2
22617	1
22619	1
22622	2
22624	1
22625	1
22628	1
22629	1
22631	1
22632	1
22633	1
22634	2
22636	1
22637	1
22638	1
22657	1
22660	1
22665	1
22667	1
22670	1
22672	1
22673	1
22687	1
22689	1
22690	1
22691	1
22692	1
22695	1
22830	1
22852	2
22854	1
22855	1
22858	1
22860	1
23006	1
23036	3
23038	1
23040	2
23041	1
23042	2
23045	1
23046	2
23047	1
23129	1
23130	2
23176	1
23177	2
23178	2
23183	1
23184	1
23359	1
23360	2
23362	1
23363	1
23402	1
23403	1
23405	1
23413	2
23415	1
23416	1
23418	1
23425	1
23427	1
23428	1
23430	1
23495	2
23496	2
23533	1
23534	2
23536	1
23538	2
23555	2
23556	1
23587	1
23589	2
23590	1
23591	2
23592	2
23594	1
23597	2
23598	1
23671	2
23673	1
23677	1
23678	1
23679	2
23680	1
23681	1
23682	2
23806	1
23808	2
24121	1
24123	2
24125	1
24126	1
24175	1
24178	1
24180	1
24247	1
24248	2
24251	1
24252	1
24253	1
24256	1
24257	1
24260	1
24289	3
24290	1
24291	1
24292	1
24295	1
24297	1
24298	2
24300	2
24301	1
24302	1
24303	1
24325	1
24326	1
24327	1
24328	2
24333	1
24335	1
24392	1
24395	1
24396	2
24398	1
24487	2
24489	2
24490	2
24492	1
24494	1
24811	1
24826	1
25337	2
25357	1
25359	1
25360	1
25362	1
25381	1
25382	1
25383	1
25391	1
25392	1
25393	2
25395	1
25396	2
25398	1
25411	1
25412	1
25415	1
25421	3
25452	2
25458	1
25502	2
25503	1
25506	1
25507	1
25511	1
25513	1
25517	1
25519	1
25522	1
25523	1
25525	1
25526	2
25532	2
25537	1
25622	1
25624	1
25625	1
25626	1
25711	2
25712	1
25714	1
25729	1
25732	1
25733	2
25814	1
25820	1
25823	1
25824	1
25899	1
25901	1
25902	1
25911	1
25914	1
25918	1
25919	1
25920	1
25922	1
25923	1
25924	1
25925	1
25926	1
25929	1
25930	2
25931	1
25932	1
25933	1
25934	1
25938	1
25939	1
25940	1
25941	1
25943	2
25946	1
25947	1
25949	1
25952	1
25954	1
25964	2
25965	2
25966	2
25967	2
25968	1
25970	1
25971	2
25972	2
25973	2
25974	1
25977	2
25978	1
25979	5
25980	1
25982	1
25988	1
26000	2
26005	2
26006	2
26008	2
26011	2
26023	1
26025	1
26027	1
26029	1
26031	2
26059	1
26060	1
26065	1
26066	1
26073	1
26077	1
26080	1
26082	1
26088	1
26095	2
26096	1
26097	2
26098	1
26099	2
26100	1
26102	1
26105	1
26107	1
26109	1
26111	1
26123	1
26173	1
26178	1
26179	1
26181	1
26184	1
26185	1
26186	1
26187	1
26188	2
26189	3
26190	2
26191	1
26193	1
26194	2
26196	1
26197	2
26199	2
26200	1
26201	1
26202	2
26203	1
26204	1
26205	1
26206	1
26207	1
26208	1
26209	1
26210	1
26211	2
26212	1
26213	1
26214	1
26215	1
26216	1
26217	1
26221	3
26222	1
26224	2
26225	1
26226	2
26228	2
26230	2
26232	1
26233	1
26234	1
26236	2
26238	2
26240	2
26243	2
26244	1
26252	1
26269	1
26271	1
26274	1
26275	1
26276	1
26280	1
26281	1
26294	1
26304	1
26335	1
26369	1
26371	2
26372	2
26373	1
26374	2
26375	2
26376	1
26377	1
26380	1
26381	1
26382	1
26383	2
26384	1
26385	1
26386	2
26389	1
26391	1
26393	1
26394	1
26395	1
26398	1
26402	1
26405	1
26406	1
26409	2
26410	1
26411	1
26412	2
26413	1
26414	3
26417	1
26418	2
26421	1
26423	2
26426	1
26433	1
26510	1
26516	1
26523	1
26527	1
26528	1
26529	1
26551	1
26552	1
26554	1
26555	1
26556	1
26563	2
26564	1
26565	1
26566	2
26567	3
26568	2
26569	2
26570	2
26571	1
26572	1
26575	1
26576	1
26581	3
26582	2
26585	2
26586	1
26588	1
26589	1
26612	1
26621	1
26622	1
26624	1
26632	1
26634	1
26636	1
26644	1
26646	1
26647	1
26649	1
26652	1
26653	1
26657	2
26659	1
26665	1
26666	1
26672	1
26676	2
26677	1
26678	1
26683	1
26695	2
26699	2
26701	1
26704	1
26707	1
26712	1
26714	1
26715	1
26723	1
26738	1
26740	1
26742	2
26763	1
26765	1
26863	1
26864	1
26875	1
26877	1
26879	1
26880	1
26881	2
26882	2
26883	1
26884	2
26885	1
26887	2
26889	1
26891	1
26893	2
26894	2
26896	1
26898	1
26905	1
26906	2
26907	1
26936	1
26942	1
26947	1
26949	1
26953	1
26957	1
26965	2
26966	1
26967	1
26968	2
26974	1
26977	1
26980	1
26984	1
26988	1
26989	1
26990	1
26992	2
26995	2
26997	1
27002	2
27003	1
27004	1
27006	2
27008	1
27009	1
27012	1
27014	2
27018	1
27019	1
27021	2
27022	2
27023	1
27024	2
27026	1
27027	1
27028	1
27030	1
27031	1
27032	1
27033	1
27034	2
27035	1
27036	1
27037	2
27038	2
27039	2
27040	2
27041	2
27042	1
27043	1
27049	3
27050	3
27051	1
27052	1
27053	1
27091	1
27092	1
27098	1
27104	1
27109	1
27114	1
27117	1
27118	1
27121	3
27136	1
27145	1
27147	1
27148	1
27149	2
27150	1
27152	1
27153	1
27154	1
27155	1
27156	1
27159	1
27161	2
27187	1
27188	1
27193	1
27246	2
27273	1
27274	1
27275	1
27276	1
27279	1
27280	1
27281	2
27287	1
27288	1
27289	1
27290	1
27291	1
27294	3
27307	1
27309	1
27325	1
27326	2
27327	1
27328	1
27329	2
27331	1
27332	1
27334	2
27336	1
27338	2
27341	1
27342	1
27373	1
27374	1
27380	1
27381	1
27382	1
27383	1
27384	1
27386	1
27391	1
27392	1
27393	1
27394	1
27395	1
27396	1
27397	1
27402	1
27403	1
27404	1
27410	1
27412	1
27414	1
27415	1
27418	1
27420	1
27424	1
27431	1
27433	2
27434	1
27435	1
27438	1
27439	1
27445	1
27449	1
27459	2
27468	1
27477	2
27487	1
27489	1
27490	1
27492	1
27493	1
27495	1
27498	1
27499	1
27501	1
27502	1
27503	1
27504	1
27513	1
27516	1
27519	1
27525	2
27529	2
27530	1
27532	1
27533	1
27534	2
27536	2
27537	3
27538	1
27541	1
27544	1
27547	1
27549	3
27550	2
27553	1
27554	1
27555	2
27556	3
27592	1
27643	1
27646	2
27648	1
27658	1
27659	2
27679	2
27680	1
27682	1
27686	1
27688	2
27689	1
27690	1
27692	1
27695	1
27696	1
27699	1
27701	1
27716	1
27717	1
27718	1
27719	1
27721	1
27722	1
27723	1
27724	1
27725	1
27726	1
27729	1
27730	1
27731	1
27732	1
27733	2
27734	1
27735	1
27737	1
27739	1
27740	2
27742	1
27743	1
27746	1
27749	1
27752	1
27755	1
27756	3
27762	2
27767	2
27768	2
27787	1
27788	2
27789	1
27790	2
27794	2
27795	3
27796	3
27797	3
27798	1
27800	1
27801	1
27816	1
27817	1
27818	1
27820	1
27826	1
27828	1
27834	1
27835	1
27836	1
27838	1
27841	1
27842	1
27844	1
27846	1
27872	1
27875	1
27882	1
27888	1
27899	1
27900	1
27902	1
27905	1
27908	1
27910	1
27911	1
27914	1
27918	1
27920	1
27922	1
27925	1
27926	1
27928	1
27929	1
27931	1
27933	1
27938	1
27940	1
27942	1
27981	1
27982	1
27983	1
27984	1
27987	1
27989	1
27997	1
27998	1
27999	1
28000	1
28001	2
28002	2
28003	1
28004	3
28005	2
28006	3
28007	5
28008	3
28009	2
28010	2
28011	1
28012	3
28013	3
28014	2
28015	2
28016	2
28017	3
28018	5
28019	3
28020	4
28021	2
28022	3
28024	2
28025	1
28027	3
28028	3
28029	4
28030	3
28031	7
28032	8
28033	2
28034	1
28035	1
28036	2
28037	1
28038	2
28039	1
28040	2
28042	1
28043	2
28044	1
28045	1
28046	2
28048	2
28049	1
28050	1
28051	1
28052	1
28053	1
28055	2
28056	2
28057	1
28060	1
28067	1
28068	1
28070	2
28074	1
28076	2
28078	1
28080	1
28081	1
28082	1
28085	1
28088	1
28089	1
28092	1
28093	1
28094	1
28096	1
28107	1
28110	1
28111	1
28112	1
28115	1
28116	1
28117	1
28121	1
28129	1
28144	1
28146	2
28153	1
28154	1
28155	2
28157	1
28159	1
28160	1
28163	1
28166	1
28177	2
28178	1
28182	1
28191	1
28211	1
28225	1
28228	1
28229	1
28230	1
28231	1
28233	1
28235	1
28236	1
28237	1
28238	1
28239	1
28240	1
28243	1
28244	1
28254	1
28261	1
28274	1
28276	1
28283	1
28297	1
28299	2
28300	1
28301	2
28303	1
28305	2
28307	1
28308	1
28311	2
28345	1
28346	2
28347	2
28348	1
28349	1
28350	1
28388	3
28389	2
28390	1
28391	1
28392	1
28430	1
28438	1
28526	1
28527	1
28528	1
28529	2
28531	1
28537	1
28540	1
28585	1
28586	1
28588	1
28589	2
28590	1
28609	1
28611	1
28613	1
28633	1
28634	1
28635	1
28637	1
28657	1
28658	1
28660	2
28666	1
28670	1
28672	2
28675	1
28679	2
28681	1
28685	2
28687	2
28689	2
28690	1
28691	3
28692	1
28694	1
28698	1
28700	1
28703	1
28705	1
28708	1
28709	1
28710	2
28711	1
28712	1
28724	1
28728	1
28735	1
28737	1
28738	1
28739	1
28740	2
28783	1
28785	1
28786	1
28787	1
28788	1
28789	2
28801	1
28807	1
28808	1
28812	1
28814	1
28819	1
28820	1
28821	2
28822	1
28823	1
28827	1
28829	1
28834	1
28835	1
28855	1
28857	3
28858	1
28859	1
28861	1
28863	1
28864	1
28870	1
28871	1
28872	2
28874	1
28878	1
28879	1
28880	1
28881	1
28882	2
28891	1
28898	1
28934	1
28935	2
28936	1
28937	2
28953	1
28959	1
29006	1
29014	1
29030	1
29032	2
29034	1
29036	3
29038	1
29043	1
29044	1
29048	2
29053	3
29054	1
29057	1
29077	2
29078	1
29079	1
29080	1
29081	1
29082	1
29089	1
29090	1
29091	1
29092	2
29093	1
29094	2
29095	1
29096	1
29097	1
29098	1
29100	1
29101	2
29102	2
29103	1
29104	5
29105	1
29106	3
29107	1
29108	1
29109	1
29110	2
29111	1
29112	1
29125	2
29126	1
29128	1
29144	2
29146	1
29149	1
29150	1
29151	1
29152	1
29180	1
29182	1
29191	1
29194	1
29197	1
29201	1
29202	1
29203	1
29205	1
29206	1
29207	1
29209	1
29215	1
29227	1
29228	1
29230	1
29236	1
29247	3
29249	2
29256	1
29257	3
29259	1
29263	1
29264	1
29266	2
29269	1
29272	1
29274	1
29280	1
29281	1
29284	1
29285	1
29292	1
29299	1
29300	1
29306	1
29307	1
29308	2
29309	1
29310	2
29353	1
29358	1
29373	2
29375	1
29379	1
29381	1
29387	1
29401	1
29407	1
29432	1
29434	1
29436	1
29439	1
29440	1
29442	1
29456	1
29458	1
29468	1
29469	1
29473	1
29474	1
29475	2
29476	1
29477	2
29480	1
29481	2
29483	1
29485	2
29486	1
29487	1
29488	1
29494	2
29500	1
29509	2
29510	3
29511	2
29512	2
29513	1
29515	2
29517	1
29520	2
29522	1
29524	1
29546	2
29547	2
29548	1
29549	1
29550	3
29551	2
29552	2
29553	1
29554	2
29555	2
29556	2
29559	1
29560	1
29569	1
29571	1
29572	2
29573	1
29575	2
29576	4
29577	2
29578	5
29579	4
29580	2
29582	2
29583	1
29584	1
29585	3
29586	2
29587	2
29588	3
29589	2
29590	4
29591	4
29592	2
29595	1
29596	1
29597	2
29618	1
29619	1
29621	1
29624	1
29625	1
29626	1
29627	2
29628	1
29630	1
29631	1
29633	2
29635	1
29653	1
29654	2
29655	1
29656	2
29657	1
29658	1
29659	1
29661	1
29662	1
29664	2
29665	1
29666	1
29667	1
29671	1
29672	1
29673	1
29678	1
29681	1
29690	2
29707	1
29714	2
29718	2
29724	1
29728	2
29735	1
29738	2
29740	1
29742	1
29750	2
29752	2
29754	2
29761	1
29764	1
29809	2
29811	2
29814	1
29817	1
29830	1
29832	1
29834	1
29835	1
29855	1
29864	1
29865	1
29867	1
29878	1
29880	2
29884	1
29917	2
29918	1
29920	2
29922	1
29929	2
29930	3
29931	3
29933	1
29934	3
29935	2
29940	2
29953	2
29954	1
29955	1
29957	1
29961	1
29984	1
29985	1
29986	1
29987	1
29988	1
29989	1
29991	1
29992	1
29993	1
29994	1
30001	1
30002	2
30004	1
30005	2
30006	2
30009	2
30010	1
30011	2
30012	1
30015	1
30017	1
30018	2
30020	1
30021	1
30025	2
30027	1
30029	2
30030	2
30032	1
30034	1
30035	1
30036	2
30040	1
30043	2
30048	1
30049	1
30050	2
30051	1
30052	3
30054	1
30055	2
30056	2
30058	1
30059	1
30060	1
30061	2
30062	2
30063	1
30067	1
30069	1
30071	1
30079	3
30080	3
30081	2
30082	2
30084	2
30086	1
30087	1
30088	1
30090	2
30091	2
30092	2
30093	1
30094	3
30095	3
30096	2
30109	2
30110	1
30111	1
30112	1
30113	2
30114	1
30143	1
30145	1
30147	2
30148	1
30149	1
30150	1
30153	1
30155	1
30156	1
30181	3
30182	1
30183	1
30184	2
30185	1
30186	2
30188	2
30194	1
30196	1
30198	2
30205	1
30207	2
30216	1
30217	1
30218	1
30219	1
30220	1
30222	1
30223	4
30224	1
30225	2
30227	2
30228	1
30247	2
30248	1
30249	1
30250	2
30251	2
30252	1
30253	1
30256	1
30258	2
30265	4
30266	2
30267	1
30268	3
30269	3
30270	2
30271	1
30273	2
30274	2
30275	2
30276	2
30285	1
30286	1
30287	1
30288	1
30289	1
30290	3
30291	1
30294	2
30296	2
30304	1
30306	1
30308	2
30311	1
30312	1
30319	1
30321	1
30322	2
30325	1
30326	2
30327	1
30328	1
30329	1
30330	1
30331	1
30332	1
30334	1
30335	1
30337	1
30340	1
30342	1
30344	1
30346	1
30348	2
30354	3
30374	1
30375	1
30376	2
30378	1
30383	2
30385	1
30388	2
30389	1
30391	2
30393	1
30396	1
30400	1
30402	2
30404	1
30405	1
30407	1
30408	1
30413	1
30420	1
30422	1
30423	1
30424	1
30425	1
30426	1
30427	2
30428	1
30431	3
30432	1
30433	1
30435	2
30436	2
30438	1
30439	1
30444	1
30446	1
30450	1
30451	1
30452	2
30453	2
30454	2
30455	1
30456	1
30458	1
30459	1
30460	2
30463	2
30465	1
30467	1
30492	1
30495	2
30496	1
30511	1
30512	2
30514	1
30517	1
30520	1
30521	2
30522	1
30535	1
30536	2
30537	2
30538	2
30543	1
30548	1
30550	1
30551	1
30552	1
30562	1
30589	2
30590	1
30591	2
30592	1
30593	2
30594	2
30607	2
30608	1
30609	1
30611	1
30612	2
30614	2
30620	1
30622	1
30625	2
30626	1
30627	1
30628	1
30630	1
30633	1
30638	1
30647	1
30649	1
30653	2
30655	1
30656	1
30668	1
30679	1
30681	1
30682	1
30683	1
30685	1
30686	1
30687	2
30688	1
30689	1
30690	1
30692	1
30694	1
30697	1
30699	1
30701	1
30702	1
30723	1
30725	1
30731	1
30733	1
30746	1
30748	2
30752	1
30758	1
30769	1
30772	1
30775	1
30780	1
30782	1
30787	4
30788	4
30789	3
30790	3
30791	3
30792	4
30793	5
30794	4
30795	4
30796	6
30797	5
30798	8
30805	1
30810	1
30811	2
30813	1
30814	1
30815	1
30818	1
30821	1
30824	3
30825	1
30826	2
30827	2
30828	1
30829	2
30830	2
30831	2
30832	2
30833	2
30834	3
30847	1
30873	1
30877	1
30878	2
30884	1
30885	1
30888	1
30894	1
30895	1
30896	2
30897	1
30898	1
30900	4
30901	1
30902	1
30903	1
30904	1
30906	2
30920	1
30921	1
30925	1
30926	2
30927	1
30928	1
30929	1
30930	1
30949	1
30967	2
30970	1
30971	1
30972	1
30973	2
30974	1
30976	1
30977	1
30978	2
30981	2
30982	1
31010	1
31014	1
31015	2
31016	2
31018	2
31020	1
31024	1
31025	1
31026	1
31027	1
31035	2
31036	1
31037	1
31041	1
31046	1
31047	1
31054	1
31056	1
31061	2
31062	1
31063	1
31065	1
31066	1
31067	2
31068	1
31069	1
31072	1
31073	2
31074	2
31094	1
31111	2
31113	1
31116	1
31117	1
31118	1
31120	1
31121	1
31123	1
31125	1
31126	1
31129	1
31130	1
31131	1
31138	1
31139	1
31142	2
31146	2
31147	2
31153	2
31155	1
31184	1
31185	1
31193	1
31197	1
31202	1
31204	1
31208	1
31213	2
31215	2
31219	3
31220	3
31221	2
31222	3
31223	1
31224	2
31225	2
31226	3
31227	2
31228	2
31229	3
31230	4
31232	1
31235	1
31237	1
31238	1
31239	1
31256	1
31262	1
31265	2
31266	1
31268	1
31273	1
31274	3
31276	1
31278	1
31284	1
31285	2
31286	2
31289	1
31290	1
31291	1
31292	1
31293	1
31294	1
31296	1
31297	2
31298	2
31299	1
31300	2
31302	2
31303	1
31305	1
31307	1
31309	1
31310	1
31311	1
31312	1
31313	1
31314	1
31322	1
31324	1
31325	2
31333	2
31334	1
31335	1
31337	2
31340	2
31344	1
31345	1
31346	2
31352	2
31354	1
31359	1
31369	1
31370	1
31371	1
31373	1
31374	1
31393	1
31394	1
31395	1
31396	1
31397	1
31399	1
31400	1
31401	1
31403	1
31404	1
31411	1
31412	1
31414	1
31417	1
31421	1
31423	1
31424	2
31426	2
31428	1
31433	1
31454	1
31455	1
31456	1
31457	1
31461	1
31463	1
31466	1
31467	1
31469	1
31486	1
31487	1
31495	1
31509	1
31510	2
31511	1
31518	1
31521	1
31522	1
31523	1
31527	1
31528	1
31529	2
31531	1
31532	1
31543	1
31548	1
31555	2
31556	1
31557	1
31558	1
31559	1
31562	1
31570	1
31571	1
31572	1
31597	1
31598	1
31599	1
31600	1
31601	1
31602	1
31609	1
31615	1
31616	2
31617	1
31619	2
31620	2
31622	2
31625	1
31626	1
31627	2
31628	2
31631	2
31632	1
31633	1
31637	1
31638	1
31643	2
31644	2
31647	1
31649	2
31653	1
31654	1
31658	1
31661	1
31670	1
31675	2
31677	1
31694	1
31698	1
31706	2
31707	2
31708	2
31709	1
31710	1
31712	1
31715	1
31716	1
31718	2
31719	1
31721	1
31722	1
31743	1
31745	1
31746	1
31757	1
31784	1
31785	1
31787	1
31788	2
31792	1
31794	1
31796	1
31798	1
31800	1
31804	1
31806	2
31826	2
31837	1
31838	1
31839	2
31841	1
31842	1
31843	1
31844	1
31846	1
31847	1
31848	1
31849	1
31850	1
31851	2
31853	1
31854	1
31856	1
31857	2
31858	1
31859	1
31861	2
31862	2
31863	2
31864	2
31865	2
31866	2
31867	2
31868	2
31869	1
31870	1
31871	3
31872	3
31873	2
31875	2
31877	1
31879	1
31882	1
31883	2
31884	1
31885	1
31886	1
31890	1
31891	1
31893	2
31895	1
31900	1
31902	1
31903	1
31904	1
31905	1
31906	1
31907	1
31908	1
31909	1
31910	1
31911	1
31912	1
31914	1
31915	1
31916	1
31917	1
31922	2
31923	1
31926	1
31965	1
31969	2
31970	1
31971	1
31972	1
31974	1
31975	2
31976	2
31979	3
31980	1
31983	1
31985	1
31986	1
31988	2
31990	1
31992	1
31993	1
31994	1
31995	1
31996	1
31997	1
31998	1
32001	1
32002	1
32004	1
32006	1
32007	1
32008	1
32009	1
32010	1
32011	2
32012	2
32013	1
32014	1
32015	1
32016	2
32018	1
32019	1
32020	2
32021	2
32022	1
32024	1
32025	1
32028	1
32047	1
32048	4
32050	1
32053	1
32054	2
32059	1
32060	1
32062	1
32064	1
32066	1
32067	1
32069	1
32070	1
32071	1
32072	1
32073	1
32079	1
32080	1
32081	1
32082	1
32091	1
32096	2
32097	2
32098	3
32099	2
32100	1
32101	2
32103	2
32105	2
32109	2
32110	1
32111	2
32113	1
32114	2
32115	1
32116	1
32117	1
32118	1
32119	1
32120	1
32121	1
32123	2
32124	1
32125	1
32127	1
32129	2
32130	1
32137	1
32138	1
32140	1
32142	1
32146	1
32147	1
32148	1
32153	1
32154	1
32159	1
32203	1
32204	1
32206	1
32207	1
32208	2
32214	1
32216	1
32221	1
32223	1
32225	1
32227	1
32228	1
32229	2
32231	1
32237	2
32238	1
32247	2
32248	1
32249	1
32251	1
32253	1
32254	1
32255	1
32257	1
32258	1
32259	1
32261	1
32283	1
32285	1
32289	1
32291	1
32295	1
32297	1
32299	1
32300	2
32301	1
32302	1
32303	1
32308	1
32309	1
32313	1
32318	1
32319	1
32320	1
32321	1
32324	1
32325	1
32327	1
32355	1
32356	1
32358	1
32359	1
32360	2
32361	1
32364	2
32366	2
32369	1
32372	2
32373	1
32374	1
32379	1
32381	2
32382	1
32383	1
32384	1
32387	2
32389	1
32390	2
32392	1
32393	2
32395	1
32396	1
32398	2
32399	2
32400	1
32402	2
32404	1
32405	2
32407	1
32410	1
32411	2
32412	1
32418	1
32425	1
32426	1
32427	1
32429	1
32432	1
32441	1
32442	1
32444	1
32456	1
32457	1
32469	1
32470	1
32472	1
32473	1
32476	1
32477	1
32480	3
32482	1
32483	1
32484	2
32490	1
32491	5
32493	3
32495	5
32497	1
32499	1
32501	3
32521	1
32525	1
32526	1
32539	1
32541	2
32543	1
32544	3
32545	1
32547	1
32550	1
32553	1
32555	1
32556	1
32563	2
32564	1
32565	2
32566	1
32567	1
32568	1
32569	2
32571	1
32574	1
32575	1
32577	2
32579	3
32582	1
32588	1
32589	2
32591	2
32592	1
32611	2
32612	2
32614	1
32616	2
32617	1
32618	1
32622	2
32623	1
32629	1
32631	1
32632	1
32633	2
32634	1
32637	1
32640	1
32643	1
32644	2
32646	2
32647	1
32652	1
32653	1
32660	2
32672	3
32673	2
32674	1
32675	1
32676	1
32678	1
32693	1
32699	1
32702	1
32703	1
32708	1
32711	1
32714	1
32739	2
32740	2
32741	1
32742	1
32746	1
32752	1
32757	1
32762	1
32763	1
32765	1
32773	1
32776	1
32778	1
32779	1
32782	1
32791	2
32792	3
32794	1
32795	1
32797	2
32798	4
32800	2
32801	2
32803	1
32804	2
32806	1
32807	1
32811	1
32826	1
32828	1
32840	1
32842	1
32851	1
32854	2
32855	2
32856	2
32865	1
32868	1
32875	2
32878	2
32881	1
32882	2
32888	1
32889	1
32890	2
32892	1
32893	2
32894	1
32895	1
32896	1
32897	2
32898	1
32900	1
32901	2
32902	1
32903	2
32904	2
32905	1
32907	1
32910	1
32911	1
32912	1
32914	2
32916	1
32918	1
32921	1
32922	1
32923	1
32924	2
32925	2
32926	2
32927	2
32928	1
32930	1
32931	1
32932	1
32933	1
32935	1
32938	1
32940	1
32943	1
32945	2
32946	1
32948	1
32949	1
32950	2
32951	1
32952	1
32953	1
32954	1
32955	2
32956	1
32957	1
32958	2
32959	1
32962	1
32963	1
32964	1
32965	2
32966	1
32968	1
32971	1
32972	1
32973	1
32974	1
32978	1
32981	1
32983	1
32984	1
32986	2
32987	1
32988	1
32990	1
32993	1
32994	1
32995	1
32996	1
32997	1
32998	1
33002	1
33011	1
33014	1
33015	2
33016	2
33019	1
33021	1
33022	1
33023	1
33025	1
33026	1
33027	2
33028	1
33029	2
33030	1
33032	1
33033	1
33034	1
33036	1
33037	1
33038	2
33039	1
33040	2
33043	1
33044	1
33051	1
33053	1
33057	3
33066	1
33070	2
33072	1
33103	1
33104	1
33126	1
33136	2
33139	1
33140	1
33141	1
33142	2
33143	1
33144	2
33146	1
33147	1
33148	3
33149	2
33150	2
33151	1
33152	2
33154	2
33155	1
33156	2
33159	1
33162	1
33166	1
33167	2
33169	1
33170	1
33171	1
33173	2
33174	1
33175	1
33179	1
33181	2
33182	1
33187	1
33192	1
33193	1
33199	1
33205	1
33209	1
33210	1
33218	1
33220	1
33224	1
33235	1
33236	1
33237	2
33238	1
33239	1
33240	1
33241	2
33242	1
33243	1
33244	1
33246	1
33247	1
33248	1
33249	1
33250	1
33251	1
33253	1
33256	1
33259	2
33261	2
33262	1
33263	1
33265	1
33268	1
33269	1
33271	1
33272	1
33274	1
33283	1
33285	1
33288	1
33290	1
33291	1
33292	1
33296	1
33300	1
33304	1
33306	1
33308	1
33310	1
33313	1
33314	1
33316	1
33317	1
33320	1
33322	2
33323	1
33326	1
33328	1
33329	2
33331	2
33332	2
33333	2
33334	1
33335	3
33336	1
33337	2
33338	2
33339	2
33340	2
33341	1
33342	2
33343	1
33345	2
33346	1
33347	1
33348	2
33350	1
33351	2
33352	1
33353	2
33356	1
33357	1
33358	3
33360	4
33362	2
33367	1
33369	1
33376	3
33379	3
33380	1
33381	1
33383	2
33384	2
33398	2
33400	1
33418	2
33420	1
33423	1
33424	2
33429	1
33430	1
33432	3
33476	1
33478	1
33488	1
33490	1
33492	2
33529	1
33532	1
33533	1
33534	1
33539	1
33540	1
33544	1
33545	1
33546	1
33552	1
33553	1
33554	1
33555	1
33556	1
33558	1
33559	1
33564	1
33565	1
33566	2
33567	2
33568	3
33569	1
33571	1
33572	2
33573	1
33579	1
33580	1
33581	1
33582	1
33589	2
33591	3
33593	5
33597	1
33603	2
33605	1
33611	1
33618	1
33632	1
33633	2
33635	2
33643	1
33644	2
33650	1
33651	2
33661	1
33662	2
33663	1
33668	1
33669	1
33670	1
33673	1
33674	1
33676	1
33727	1
33728	1
33729	1
33731	1
33732	1
33751	1
33752	1
33753	1
33755	2
33760	1
33763	1
33764	1
33765	1
33766	1
33767	1
33793	1
33795	1
33797	1
33819	1
33825	1
33827	1
33828	3
33829	1
33831	1
33832	2
33833	2
33834	2
33837	1
33841	1
33846	1
33847	1
33848	1
33850	1
33851	2
33852	2
33854	1
33856	1
33858	1
33862	2
33866	1
33868	1
33869	2
33884	1
33888	2
33895	1
33898	1
33900	1
33901	1
33903	2
33904	1
33905	2
33906	1
33907	1
33910	1
33911	2
33922	1
33923	1
33924	2
33925	1
33928	1
33932	1
33937	1
33938	2
33940	1
33942	1
33985	3
33986	2
33987	1
33988	1
33989	2
33990	1
33992	2
33993	3
33994	1
33995	3
33998	2
34000	1
34002	1
34004	1
34005	1
34008	1
34009	2
34010	1
34022	2
34023	2
34024	1
34033	1
34035	3
34038	2
34039	1
34042	1
34051	1
34053	1
34054	1
34055	1
34056	2
34058	1
34064	1
34082	1
34083	1
34085	1
34086	1
34087	1
34088	1
34090	2
34096	1
34098	2
34101	1
34105	1
34106	1
34108	2
34109	2
34110	3
34111	1
34112	2
34113	1
34114	1
34116	2
34117	1
34118	1
34119	1
34120	1
34121	1
34122	1
34123	1
34124	2
34125	1
34126	1
34127	2
34128	2
34133	1
34141	1
34142	1
34144	1
34145	1
34154	1
34157	1
34158	1
34159	2
34160	3
34161	2
34162	3
34163	1
34164	3
34174	1
34175	1
34176	1
34177	1
34178	1
34179	2
34184	2
34195	1
34196	1
34197	1
34199	3
34201	1
34207	3
34208	1
34209	2
34210	2
34211	2
34212	3
34213	1
34214	1
34215	1
34216	2
34217	1
34218	2
34219	1
34221	1
34225	1
34228	3
34229	1
34237	1
34239	1
34241	1
34243	3
34244	2
34247	2
34248	1
34249	5
34250	2
34251	1
34252	1
34253	1
34254	1
34259	1
34269	2
34270	1
34273	2
34274	1
34275	3
34276	2
34277	2
34278	2
34281	4
34282	1
34283	1
34284	1
34285	2
34286	1
34289	1
34301	1
34302	1
34303	2
34304	1
34305	1
34306	1
34307	2
34308	1
34309	1
34310	3
34311	1
34312	2
34315	1
34319	2
34320	1
34324	1
34325	1
34328	1
34330	1
34331	3
34332	3
34333	2
34334	2
34335	3
34337	1
34338	1
34339	3
34340	2
34341	2
34342	1
34343	2
34344	1
34347	1
34348	1
34349	1
34350	2
34351	2
34352	1
34353	2
34355	2
34356	2
34363	1
34364	1
34365	1
34366	1
34367	1
34368	2
34369	1
34372	1
34375	1
34376	2
34377	3
34378	2
34379	4
34380	1
34383	2
34384	1
34385	2
34387	1
34388	2
34389	1
34390	2
34394	2
34395	2
34396	2
34397	3
34398	1
34399	2
34400	2
34401	1
34403	3
34404	1
34405	2
34406	2
34407	2
34408	3
34409	1
34410	1
34413	1
34415	1
34423	2
34424	2
34425	1
34426	3
34427	2
34428	2
34435	1
34439	1
34443	1
34448	1
34451	2
34459	2
34460	1
34469	2
34471	1
34472	1
34475	2
34482	1
34490	2
34492	1
34496	2
34519	1
34520	2
34521	2
34522	1
34523	1
34562	3
34564	2
34566	2
34625	1
34646	2
34648	2
34650	2
34676	2
34678	2
34693	1
34694	3
34695	2
34697	2
34698	4
34699	3
34700	2
34702	2
34703	2
34704	1
34705	1
34706	1
34708	1
34710	1
34719	1
34721	1
34722	1
34725	1
34726	1
34728	1
34732	1
34735	1
34736	1
34737	1
34738	1
34739	1
34740	2
34741	1
34743	2
34745	2
34746	2
34783	1
34784	2
34785	1
34786	3
34787	1
34788	2
34789	1
34790	1
34792	2
34793	2
34794	1
34802	1
34803	2
34804	1
34806	1
34826	1
34827	1
34830	1
34831	3
34835	2
34843	1
34844	1
34845	1
34849	3
34850	2
34851	3
34852	1
34853	1
34854	1
34855	2
34856	1
34857	1
34858	1
34867	1
34868	1
34870	1
34871	1
34873	1
34875	1
34881	1
34882	2
34883	1
34884	1
34885	1
34887	3
34888	3
34889	1
34890	2
34894	1
34896	1
34897	1
34898	1
34899	2
34900	1
34901	1
34903	1
34904	1
34905	1
34906	1
34907	1
34908	1
34909	2
34910	1
34911	2
34933	1
34934	1
34935	1
34936	1
34938	1
34939	1
34942	1
34943	1
34947	2
34948	1
34953	1
34954	1
34955	2
34956	1
34981	2
34982	1
34983	2
34985	1
34986	2
34988	1
34989	2
34990	1
34992	1
34994	1
34995	1
34996	1
35000	1
35002	1
35003	1
35004	1
35006	1
35007	1
35009	1
35010	2
35016	1
35019	1
35027	1
35028	1
35037	1
35039	2
35040	1
35044	1
35045	1
35046	2
35048	2
35049	3
35053	3
35054	1
35055	1
35056	1
35058	2
35061	1
35062	1
35066	1
35071	2
35072	2
35073	1
35076	1
35077	1
35078	1
35080	1
35081	1
35082	1
35085	2
35086	1
35087	1
35088	2
35089	1
35090	1
35091	1
35092	1
35096	1
35102	1
35112	1
35114	2
35118	1
35119	2
35121	2
35122	2
35123	1
35125	2
35126	1
35128	2
35129	1
35130	2
35135	1
35140	1
35142	1
35143	1
35144	3
35145	1
35146	3
35148	1
35161	2
35164	1
35166	2
35191	2
35193	3
35194	2
35196	1
35197	1
35199	1
35201	2
35202	1
35203	2
35204	2
35205	2
35206	1
35207	1
35208	1
35211	1
35212	1
35226	1
35227	1
35229	1
35230	1
35231	1
35233	1
35234	1
35235	1
35236	1
35237	1
35238	1
35239	1
35240	1
35241	1
35243	1
35247	1
35249	1
35253	2
35255	1
35256	1
35257	1
35258	1
35259	1
35260	1
35266	1
35267	1
35268	1
35269	1
35274	1
35277	2
35278	1
35279	1
35280	1
35285	1
35287	2
35289	1
35291	1
35294	1
35295	1
35304	1
35311	1
35320	1
35328	1
35333	1
35334	1
35335	1
35339	1
35345	1
35346	1
35347	1
35348	2
35349	1
35350	1
35351	1
35352	1
35355	1
35356	1
35359	1
35360	1
35362	1
35363	1
35364	2
35368	2
35371	1
35373	1
35377	1
35382	2
35393	1
35394	2
35396	1
35397	1
35398	1
35399	2
35400	2
35401	1
35402	1
35404	1
35414	1
35416	1
35428	1
35437	1
35439	1
35440	2
35441	1
35443	1
35445	1
35448	1
35449	4
35450	4
35451	5
35452	3
35453	9
35454	5
35455	3
35456	4
35457	2
35458	4
35459	4
35460	5
35461	3
35462	4
35463	3
35464	3
35465	2
35466	4
35467	3
35468	5
35469	3
35470	2
35471	3
35472	2
35474	2
35485	2
35486	1
35487	3
35488	1
35489	2
35490	2
35491	2
35493	2
35495	1
35496	1
35499	1
35501	1
35502	1
35525	1
35527	2
35531	2
35533	1
35534	1
35535	1
35543	3
35544	1
35551	1
35553	1
35556	1
35561	2
35564	1
35565	2
35566	1
35567	1
35568	1
35571	1
35582	1
35588	1
35605	1
35607	1
35610	1
35613	1
35615	1
35616	2
35620	1
35621	2
35622	1
35623	3
35624	2
35625	1
35626	2
35628	1
35634	1
35641	1
35646	1
35662	2
35663	1
35664	2
35676	2
35689	1
35691	1
35692	1
35697	2
35699	1
35700	1
35701	1
35703	1
35709	1
35738	1
35739	1
35740	2
35741	3
35748	2
35749	1
35751	3
35754	1
35777	1
35778	1
35791	1
35792	1
35794	2
35795	1
35796	1
35808	1
35809	1
35811	1
35812	1
35814	1
35815	1
35816	1
35817	1
35818	1
35819	1
35820	1
35823	1
35824	1
35825	2
35826	1
35827	1
35831	1
35832	1
35833	1
35834	1
35835	2
35836	2
35837	1
35838	1
35839	2
35840	1
35842	1
35843	2
35845	1
35847	1
35848	1
35849	1
35851	1
35855	1
35856	1
35861	1
35866	1
35868	1
35870	3
35871	1
35872	2
35875	1
35886	1
35892	1
35895	1
35896	2
35897	1
35939	2
35941	2
35944	1
35949	2
35951	1
35954	2
35956	1
35959	1
35960	2
35964	1
35965	2
35967	2
35968	1
35971	1
36005	2
36007	1
36008	1
36010	1
36011	1
36012	2
36013	2
36014	2
36015	2
36016	2
36017	1
36018	1
36033	1
36034	1
36035	2
36036	1
36044	1
36045	1
36049	1
36055	1
36061	2
36069	1
36071	2
36072	2
36086	1
36088	2
36089	1
36090	1
36093	1
36094	1
36103	1
36112	2
36113	1
36117	2
36119	1
36122	1
36124	1
36128	1
36134	1
36161	1
36165	1
36171	2
36173	1
36174	2
36177	2
36178	1
36179	3
36180	1
36181	3
36183	2
36185	4
36187	2
36188	1
36190	2
36191	1
36192	1
36193	2
36194	2
36195	2
36196	3
36197	1
36198	2
36199	2
36200	1
36201	2
36202	1
36204	1
36206	1
36208	1
36210	1
36211	1
36217	3
36218	2
36219	2
36220	2
36221	1
36223	2
36224	1
36225	2
36226	1
36227	3
36228	3
36230	2
36231	1
36233	2
36235	3
36237	3
36239	2
36241	1
36242	1
36244	1
36247	1
36248	2
36250	1
36266	1
36267	1
36268	1
36284	1
36289	1
36290	2
36291	2
36292	1
36293	1
36295	1
36296	1
36297	2
36298	1
36299	2
36300	2
36301	1
36305	1
36307	1
36309	1
36313	1
36315	1
36320	2
36321	2
36323	1
36324	2
36327	2
36330	2
36333	1
36334	1
36335	1
36338	1
36339	1
36340	1
36344	1
36356	2
36361	1
36362	1
36368	1
36369	1
36371	1
36372	2
36373	1
36375	1
36377	1
36378	1
36379	1
36380	2
36382	1
36383	1
36384	1
36385	1
36387	1
36389	1
36403	1
36404	1
36405	1
36406	1
36408	3
36409	2
36411	1
36412	1
36413	1
36422	1
36431	1
36434	1
36437	1
36443	2
36447	1
36448	1
36450	2
36457	1
36458	1
36459	1
36460	1
36461	1
36462	1
36469	1
36470	1
36471	1
36474	1
36475	1
36480	2
36487	1
36488	1
36489	1
36490	1
36491	1
36493	1
36494	1
36495	1
36496	1
36497	1
36498	1
36524	2
36525	1
36527	2
36541	1
36542	1
36543	1
36549	2
36550	2
36551	1
36552	1
36559	1
36561	1
36562	1
36566	1
36571	1
36572	1
36573	2
36574	1
36575	1
36576	1
36579	1
36581	1
36582	1
36583	1
36588	1
36589	1
36591	2
36592	1
36594	1
36601	1
36602	1
36603	1
36604	1
36605	1
36606	1
36609	1
36613	2
36615	1
36616	2
36617	1
36619	1
36620	1
36621	1
36622	2
36625	1
36627	1
36629	1
36637	1
36640	1
36645	1
36646	1
36649	1
36654	1
36655	1
36656	2
36657	2
36658	2
36659	2
36660	1
36661	1
36662	1
36663	1
36664	1
36665	2
36666	1
36667	1
36668	1
36669	1
36670	1
36671	2
36673	1
36674	2
36679	1
36684	1
36688	1
36692	1
36697	1
36698	1
36699	1
36701	1
36703	1
36704	1
36705	1
36707	1
36717	1
36719	1
36723	1
36725	1
36727	1
36728	1
36730	2
36731	2
36732	2
36733	2
36737	1
36741	1
36742	2
36745	1
36751	1
36753	2
36754	1
36755	1
36758	1
36759	1
36760	1
36762	2
36764	2
36768	2
36769	1
36770	2
36771	1
36772	1
36774	1
36776	1
36777	1
36778	1
36779	1
36782	1
36784	1
36785	1
36788	1
36789	1
36790	1
36791	1
36797	1
36799	1
36800	1
36802	1
36803	1
36804	1
36810	1
36829	1
36831	2
36832	1
36833	4
36835	2
36838	2
36839	4
36843	2
36844	1
36845	4
36885	1
36889	1
36891	1
36893	1
36906	1
36925	2
36926	3
36927	2
36928	1
36930	1
36931	2
36932	2
36933	2
36934	1
36936	1
36938	1
36940	1
36941	1
36943	1
36944	2
36946	2
36947	1
36948	1
36950	2
36952	3
36953	1
36954	1
36979	1
36983	1
36985	1
36990	1
36998	1
37001	1
37007	2
37009	1
37012	2
37014	2
37051	2
37052	3
37053	2
37054	4
37055	4
37056	4
37057	1
37059	1
37060	3
37061	2
37062	3
37069	1
37070	1
37074	1
37077	1
37078	1
37079	1
37080	1
37085	1
37111	2
37112	2
37114	2
37115	2
37116	1
37117	2
37118	1
37119	2
37120	2
37122	3
37124	1
37125	1
37126	1
37127	3
37128	2
37130	3
37131	1
37132	2
37133	1
37134	3
37135	2
37138	4
37140	2
37142	2
37143	1
37144	1
37145	2
37146	1
37147	1
37148	1
37149	2
37150	3
37151	2
37152	3
37154	2
37155	2
37156	2
37157	1
37158	3
37159	2
37160	1
37161	2
37162	2
37163	2
37164	2
37167	1
37174	1
37175	1
37183	1
37184	1
37185	1
37186	1
37187	1
37196	1
37197	1
37202	1
37203	1
37204	1
37207	1
37210	1
37214	1
37216	3
37218	2
37232	2
37233	1
37234	1
37237	2
37238	2
37249	1
37252	1
37254	1
37255	1
37256	1
37258	1
37260	2
37273	1
37274	2
37278	1
37285	1
37286	5
37287	4
37288	5
37289	6
37290	6
37291	1
37292	1
37293	4
37294	3
37295	2
37296	3
37297	1
37298	4
37299	1
37300	2
37301	4
37302	6
37345	1
37351	1
37352	1
37353	2
37356	2
37357	3
37359	1
37361	1
37362	1
37363	1
37365	1
37370	1
37380	1
37465	1
37468	1
37469	1
37470	1
37477	1
37481	2
37484	3
37486	1
37487	1
37488	3
37490	2
37491	2
37492	1
37493	1
37494	1
37497	1
37498	1
37499	1
37500	1
37503	1
37504	1
37505	1
37506	1
37514	1
37516	1
37519	1
37523	1
37524	1
37535	1
37536	1
37538	1
37540	1
37550	1
37574	1
37575	1
37578	1
37579	2
37603	3
37604	2
37605	1
37606	2
37607	1
37608	1
37609	3
37610	1
37612	3
37613	1
37614	1
37615	3
37616	2
37618	1
37620	1
37621	1
37622	2
37623	1
37625	2
37626	3
37639	1
37642	1
37737	1
37740	1
37741	1
37742	1
37757	2
37765	2
37803	2
37805	1
37806	1
37808	2
37810	1
37811	1
37812	1
37814	1
37816	1
37818	1
37820	1
37823	1
37836	1
37841	2
37842	2
37846	2
37847	2
37848	1
37857	1
37862	1
37866	1
37873	1
37881	2
37883	1
37884	1
37886	1
37888	2
37915	1
37916	1
37918	1
37920	1
37935	1
37938	2
37939	1
37940	1
37941	1
37942	1
37944	1
37945	2
37946	1
37948	1
37949	3
37950	1
37953	1
37955	1
37957	1
37958	1
37959	1
37960	1
37963	2
37964	2
37965	1
37966	1
37967	1
37968	1
37975	2
37976	2
37977	3
37978	3
37979	2
37980	2
37981	2
37982	3
37983	1
37984	3
37986	1
37987	1
37988	1
37989	1
37995	1
37997	2
37998	1
38011	1
38012	1
38013	1
38014	2
38017	1
38018	1
38019	1
38020	1
38022	1
38023	2
38024	1
38025	3
38026	1
38027	2
38028	2
38029	2
38030	3
38031	3
38032	3
38033	2
38034	5
38041	1
38042	2
38043	1
38044	2
38045	1
38046	2
38047	2
38048	1
38050	1
38051	1
38053	3
38055	1
38056	1
38057	3
38058	2
38059	1
38060	1
38061	2
38062	1
38064	1
38069	2
38071	1
38073	1
38074	1
38076	1
38078	1
38079	1
38081	1
38082	1
38083	1
38086	1
38087	1
38088	1
38090	2
38094	1
38095	2
38096	1
38098	2
38100	1
38137	3
38138	1
38139	1
38140	2
38141	1
38144	1
38145	1
38147	1
38148	2
38149	1
38150	1
38151	1
38152	1
38153	1
38154	1
38155	2
38161	1
38163	1
38169	1
38172	1
38174	1
38185	1
38186	1
38191	1
38210	2
38221	1
38227	1
38231	1
38237	1
38245	1
38246	1
38250	1
38272	1
38275	1
38276	3
38287	2
38288	1
38292	1
38293	1
38295	2
38296	1
38297	1
38298	1
38306	1
38307	1
38309	1
38310	1
38311	1
38312	1
38313	1
38316	2
38317	1
38321	1
38323	1
38324	2
38327	1
38333	1
38339	2
38340	1
38341	2
38343	2
38345	2
38346	3
38347	1
38350	1
38351	2
38352	2
38353	3
38354	2
38355	2
38356	3
38358	2
38359	1
38361	1
38362	2
38364	1
38365	1
38366	2
38367	1
38368	1
38369	2
38370	1
38375	2
38376	1
38385	1
38391	1
38395	1
38399	1
38401	1
38402	1
38407	3
38408	1
38409	2
38410	2
38412	2
38414	1
38419	2
38421	1
38422	1
38455	3
38456	1
38457	3
38458	2
38459	3
38460	1
38469	3
38470	2
38474	1
38475	1
38476	1
38477	1
38480	1
38482	1
38483	1
38484	1
38491	1
38492	1
38493	1
38494	2
38496	1
38497	1
38498	1
38499	1
38500	1
38502	1
38503	1
38505	1
38507	1
38508	2
38512	1
38526	1
38531	1
38543	1
38546	1
38547	1
38548	1
38549	1
38550	1
38551	2
38552	1
38554	1
38555	1
38557	1
38558	1
38560	1
38562	1
38564	2
38565	3
38566	1
38567	2
38570	1
38571	2
38572	2
38573	1
38574	2
38581	6
38582	3
38600	1
38604	1
38617	1
38618	1
38619	1
38620	1
38624	1
38629	1
38630	1
38631	1
38632	1
38635	2
38638	1
38639	1
38640	1
38649	1
38655	1
38657	2
38659	1
38662	1
38663	1
38664	1
38665	1
38666	2
38667	2
38668	2
38670	2
38671	1
38673	1
38674	1
38678	1
38679	1
38699	1
38700	1
38702	1
38705	1
38709	1
38712	1
38735	1
38744	1
38746	1
38748	1
38750	1
38757	2
38759	2
38760	1
38761	1
38769	1
38770	1
38771	1
38774	1
38775	1
38779	1
38786	1
38788	1
38789	1
38790	1
38796	1
38798	1
38799	1
38813	2
38814	1
38840	1
38845	1
38850	1
38851	1
38852	2
38855	1
38856	1
38860	2
38861	1
38863	1
38864	1
38866	1
38867	1
38875	1
38876	1
38879	1
38881	1
38883	1
38885	1
38888	1
38893	1
38896	1
38907	1
38911	1
38915	1
38917	1
38919	1
38925	1
38926	1
38927	1
38965	1
38966	2
38971	2
38972	1
38974	1
38975	2
38976	1
38977	1
38978	1
38981	1
38985	1
38987	1
38988	1
38991	1
38993	1
38996	1
39018	2
39020	1
39021	1
39022	1
39024	1
39038	1
39043	1
39052	1
39054	1
39056	1
39058	1
39073	1
39076	1
39077	1
39091	1
39100	1
39105	2
39106	1
39114	1
39133	1
39134	1
39135	1
39139	1
39143	1
39144	1
39146	1
39147	1
39151	1
39152	1
39153	1
39156	2
39157	1
39158	2
39159	2
39160	2
39161	1
39162	1
39164	1
39165	1
39166	1
39169	1
39171	3
39172	3
39173	2
39174	2
39178	1
39181	1
39185	1
39188	1
39189	1
39190	1
39191	1
39192	2
39197	1
39198	1
39209	2
39217	1
39219	1
39220	1
39229	1
39230	1
39234	1
39236	1
39237	1
39240	1
39242	1
39243	1
39245	1
39246	1
39247	1
39248	1
39249	1
39250	2
39252	1
39271	2
39277	1
39278	1
39281	1
39289	1
39290	1
39291	1
39292	2
39293	2
39294	1
39310	1
39311	2
39312	1
39314	1
39315	1
39316	1
39318	1
39325	1
39326	1
39328	1
39329	2
39347	1
39348	2
39356	1
39358	2
39360	2
39361	2
39363	1
39364	2
39365	2
39366	2
39367	2
39368	1
39369	1
39370	1
39373	1
39377	1
39378	1
39380	1
39382	1
39401	2
39403	3
39404	3
39406	1
39407	2
39410	2
39411	3
39412	1
39418	1
39436	1
39437	1
39438	1
39453	1
39455	1
39464	1
39466	11
39468	1
39473	2
39475	3
39477	3
39478	1
39479	1
39480	2
39481	2
39482	1
39483	2
39484	2
39485	2
39486	2
39487	1
39491	1
39494	1
39495	1
39497	2
39518	1
39522	2
39523	1
39524	1
39527	1
39528	1
39530	1
39534	1
39535	1
39536	1
39541	1
39542	1
39543	1
39544	1
39546	1
39547	1
39548	1
39549	1
39550	1
39552	2
39559	1
39560	1
39566	1
39568	1
39570	1
39572	1
39574	1
39580	1
39604	1
39608	1
39611	1
39612	1
39617	2
39618	2
39626	1
39628	1
39637	2
39638	1
39639	1
39641	1
39645	1
39646	3
39649	1
39650	1
39652	1
39653	2
39655	1
39656	3
39661	1
39663	1
39664	1
39667	2
39669	1
39671	1
39672	1
39674	1
39675	1
39678	2
39680	1
39681	1
39682	1
39685	1
39686	1
39691	1
39692	1
39693	1
39694	2
39695	1
39696	1
39703	1
39705	2
39707	2
39709	2
39713	2
39715	3
39717	2
39719	1
39723	3
39724	1
39727	1
39730	2
39732	1
39735	3
39736	2
39737	1
39743	1
39751	1
39757	1
39763	1
39770	1
39771	1
39772	1
39773	1
39774	1
39776	1
39777	1
39782	1
39783	1
39784	1
39811	1
39813	2
39817	1
39819	1
39829	1
39830	2
39831	1
39837	1
39839	1
39859	1
39871	1
39879	1
39881	2
39926	2
39927	1
39929	1
39930	1
39937	1
39938	3
39939	2
39941	1
39942	1
39957	1
39958	1
39960	1
39964	1
39967	1
39969	1
39970	1
39972	1
39987	1
39997	2
39998	1
40001	1
40002	1
40004	1
40008	1
40009	1
40010	1
40014	1
40019	1
40032	1
40035	1
40058	2
40064	1
40066	1
40067	2
40068	2
40073	2
40074	1
40080	1
40083	1
40084	2
40085	2
40086	2
40090	1
40091	1
40092	2
40095	1
40096	1
40097	2
40098	5
40102	2
40103	1
40104	1
40106	1
40108	4
40114	2
40117	1
40118	1
40120	1
40125	2
40126	2
40127	1
40128	2
40130	1
40136	1
40158	1
40161	1
40165	2
40166	2
40167	1
40169	2
40170	2
40172	2
40187	2
40193	1
40195	1
40197	1
40198	1
40200	1
40201	2
40203	1
40222	1
40223	1
40224	2
40226	1
40228	1
40232	1
40234	1
40237	1
40238	2
40240	2
40242	1
40243	1
40244	1
40246	1
40249	1
40250	1
40252	1
40253	1
40254	2
40261	1
40262	1
40263	1
40280	1
40282	1
40284	1
40290	1
40325	1
40326	1
40327	1
40331	1
40345	1
40346	1
40347	2
40349	1
40350	2
40351	2
40352	2
40354	1
40355	1
40356	1
40369	1
40378	2
40390	1
40440	1
40447	1
40451	1
40452	1
40453	1
40457	1
40458	1
40459	1
40476	2
40488	4
40495	3
40498	1
40500	1
40555	1
40557	1
40567	1
40569	2
40571	1
40572	1
40579	1
40580	1
40584	1
40592	1
40594	1
40663	2
40664	1
40665	2
40667	1
40668	2
40669	1
40671	1
40673	2
40675	1
40677	1
40679	1
40680	1
40689	1
40690	1
40695	1
40697	1
40699	1
40700	1
40701	1
40704	1
40707	1
40713	1
40714	1
40723	1
40726	1
40729	1
40732	1
40733	1
40737	1
40738	1
40745	2
40749	1
40780	1
40783	1
40784	1
40785	1
40788	1
40789	1
40791	1
40813	1
40815	1
40816	2
40817	3
40818	1
40820	3
40821	2
40822	2
40823	1
40834	1
40840	1
40845	2
40846	2
40847	1
40848	2
40850	2
40851	3
40853	1
40854	2
40861	2
40862	1
40865	1
40866	1
40868	1
40869	2
40871	1
40873	2
40874	1
40876	1
40877	1
40878	1
40879	1
40880	1
40881	1
40883	1
40885	1
40886	1
40891	1
40893	2
40895	3
40897	1
40899	1
40902	1
40903	1
40905	2
40906	1
40907	1
40909	2
40911	3
40912	1
40913	1
40922	1
40924	1
40926	3
40933	1
40934	1
40937	1
40938	1
40945	1
40948	2
40951	2
40952	2
40954	1
40955	1
40956	1
40957	1
40959	1
40960	1
40961	1
40962	1
40963	1
40966	1
40967	1
40968	2
40969	2
40970	1
40971	2
40973	1
40975	1
40976	1
40977	1
40981	2
40983	1
40985	1
40988	1
40990	2
40991	1
40992	2
40993	1
40996	1
40998	1
41003	1
41004	1
41023	1
41024	1
41025	1
41026	1
41027	2
41028	2
41029	1
41030	3
41031	1
41034	1
41045	1
41048	1
41049	1
41050	2
41053	1
41054	1
41055	1
41056	1
41064	1
41099	1
41112	1
41136	1
41143	1
41144	1
41145	1
41149	2
41150	1
41151	1
41155	2
41156	1
41157	1
41158	2
41159	2
41160	2
41161	2
41162	1
41163	2
41164	2
41165	1
41166	1
41167	1
41168	1
41169	2
41170	1
41172	1
41185	2
41186	1
41188	2
41189	1
41190	1
41197	2
41202	1
41203	4
41206	3
41207	2
41208	3
41209	1
41211	1
41212	1
41214	1
41219	2
41221	2
41222	1
41223	3
41224	1
41226	2
41228	1
41230	1
41232	1
41234	1
41240	1
41241	1
41242	1
41243	1
41244	1
41245	2
41247	1
41248	1
41249	2
41250	1
41271	1
41272	1
41294	1
41296	1
41297	1
41303	1
41306	1
41307	1
41311	1
41312	1
41314	1
41316	2
41319	1
41321	1
41332	1
41334	1
41339	2
41353	1
41358	1
41359	3
41360	2
41361	3
41362	2
41363	3
41364	3
41366	3
41378	1
41380	1
41381	1
41383	2
41389	1
41390	1
41393	1
41394	2
41407	2
41408	2
41410	2
41411	2
41412	1
41413	5
41414	5
41415	3
41416	6
41417	1
41418	4
41419	2
41422	2
41424	3
41437	1
41439	1
41441	1
41445	1
41446	1
41448	1
41449	1
41450	1
41451	1
41452	1
41453	1
41454	1
41455	1
41456	1
41459	1
41460	1
41466	1
41467	1
41468	2
41469	1
41470	1
41471	1
41472	1
41473	1
41474	2
41475	2
41478	1
41482	1
41483	1
41484	1
41489	1
41490	1
41491	2
41492	1
41493	1
41494	1
41495	1
41496	1
41509	1
41510	2
41511	2
41512	2
41521	1
41522	1
41524	1
41525	1
41529	1
41531	1
41532	1
41568	1
41569	2
41570	1
41571	1
41572	2
41574	2
41575	1
41576	1
41577	1
41580	1
41593	1
41595	1
41597	1
41599	1
41600	2
41601	1
41602	1
41603	1
41605	1
41607	1
41608	1
41609	1
41610	1
41612	1
41614	1
41615	1
41617	2
41618	2
41619	2
41620	2
41621	3
41622	2
41635	1
41636	2
41638	2
41642	1
41643	1
41653	1
41655	1
41660	1
41662	1
41663	1
41670	1
41671	2
41672	1
41673	1
41674	1
41675	1
41676	1
41677	2
41678	1
41679	1
41680	3
41683	2
41685	1
41690	1
41691	1
41692	1
41694	1
41695	1
41696	1
41700	1
41701	1
41702	1
41706	1
41707	1
41708	2
41710	1
41711	1
41712	2
41714	1
41719	1
41720	2
41721	1
41724	1
41725	1
41729	1
41730	1
41735	1
41737	2
41738	1
41739	2
41742	1
41743	1
41744	1
41745	2
41746	1
41748	2
41749	2
41752	1
41755	2
41757	1
41758	2
41759	2
41760	2
41761	1
41764	1
41766	1
41767	2
41768	3
41769	3
41771	3
41772	1
41773	2
41783	1
41786	1
41788	2
41789	1
41790	1
41797	1
41798	1
41804	1
41806	2
41808	1
41810	1
41822	2
41824	1
41827	1
41828	1
41829	1
41830	1
41831	1
41839	2
41840	2
41841	1
41843	1
41849	1
41850	1
41851	2
41852	1
41855	1
41856	1
41881	2
41882	1
41883	2
41885	1
41887	1
41888	1
41890	1
41895	1
41904	1
41905	1
41906	1
41909	1
41910	1
41912	1
41918	1
41922	1
41929	1
41930	1
41933	1
41935	1
41937	1
41939	1
41941	1
41942	2
41944	1
41972	1
41973	1
41975	2
41976	1
41984	1
41987	1
41988	1
41989	1
41992	1
41993	1
41996	1
41997	2
41998	1
42002	1
42003	1
42005	1
42007	1
42019	1
42021	1
42037	1
42038	1
42039	2
42040	1
42041	1
42042	2
42043	1
42044	1
42045	1
42046	1
42047	2
42049	1
42052	1
42054	1
42058	1
42064	4
42071	1
42072	1
42077	1
42078	1
42085	1
42089	1
42096	1
42103	1
42104	2
42106	1
42107	1
42113	1
42119	1
42122	1
42133	1
42136	1
42137	1
42140	1
42142	1
42145	1
42147	2
42148	1
42149	1
42151	1
42153	2
42155	1
42156	2
42163	1
42165	1
42169	1
42173	1
42176	2
42180	1
42183	1
42185	2
42187	2
42194	1
42195	1
42200	2
42201	1
42204	1
42206	1
42207	1
42211	1
42213	1
42214	2
42215	1
42216	1
42217	1
42218	1
42219	1
42221	1
42222	1
42225	1
42227	1
42228	1
42230	1
42231	1
42234	1
42245	1
42246	1
42252	1
42253	1
42254	1
42257	2
42271	1
42272	7
42274	4
42275	2
42276	4
42281	1
42282	1
42284	2
42289	2
42290	1
42292	2
42294	2
42295	1
42313	1
42314	1
42316	2
42317	2
42319	1
42321	1
42322	2
42324	1
42337	1
42338	1
42340	2
42341	2
42343	4
42344	5
42345	2
42346	4
42350	1
42352	1
42354	2
42355	1
42356	1
42357	2
42358	1
42360	3
42361	2
42380	1
42400	1
42402	1
42416	2
42421	1
42422	1
42423	1
42427	1
42428	1
42430	1
42432	1
42433	1
42434	1
42435	1
42439	1
42440	1
42445	1
42446	1
42448	1
42453	4
42455	1
42458	2
42460	2
42461	2
42464	2
42466	3
42467	1
42468	1
42475	1
42476	1
42487	1
42488	2
42489	1
42492	1
42493	1
42494	1
42495	1
42497	1
42499	1
42501	2
42503	1
42504	1
42506	2
42508	2
42511	1
42512	1
42513	1
42514	1
42515	1
42516	1
42519	1
42520	1
42533	1
42541	1
42546	1
42553	2
42555	1
42557	1
42558	2
42560	1
42566	2
42567	1
42569	1
42570	2
42571	1
42573	1
42576	1
42579	1
42580	2
42581	3
42585	1
42586	1
42588	1
42591	1
42593	1
42594	1
42596	1
42602	1
42605	1
42607	1
42610	1
42614	1
42621	1
42627	1
42630	1
42632	1
42633	1
42634	1
42635	1
42636	1
42639	1
42641	1
42648	1
42660	1
42661	1
42662	3
42663	1
42665	1
42669	1
42673	1
42674	1
42675	1
42693	1
42695	2
42696	1
42697	2
42701	2
42702	1
42703	1
42705	1
42707	1
42709	1
42710	1
42711	1
42713	1
42717	1
42719	2
42720	2
42728	2
42729	3
42730	6
42731	5
42732	3
42733	1
42734	2
42735	3
42736	2
42737	3
42739	1
42740	1
42741	1
42742	1
42745	3
42749	2
42750	2
42751	1
42753	3
42754	2
42756	1
42757	1
42758	1
42761	2
42762	1
42764	2
42765	1
42766	2
42767	2
42770	3
42772	1
42773	1
42774	1
42776	2
42777	1
42778	1
42779	1
42791	1
42805	1
42811	2
42815	1
42828	1
42835	1
42836	2
42837	1
42838	1
42839	1
42840	1
42841	1
42842	1
42843	1
42845	1
42878	1
42883	1
42885	1
42886	1
42887	3
42893	2
42894	1
42895	1
42899	1
42901	1
42902	1
42908	2
42909	1
42910	1
42911	1
42920	1
42922	1
42923	2
42927	1
42928	1
42938	1
42939	1
42940	1
42943	1
42944	1
42945	2
42946	2
42947	1
42948	2
42949	2
42950	2
42951	1
42952	2
42953	2
42954	2
42957	1
42959	1
42960	1
42961	1
42996	1
43037	1
43051	1
43052	1
43053	1
43054	1
43055	2
43056	2
43057	2
43058	1
43060	1
43063	1
43064	1
43065	1
43066	1
43069	1
43070	2
43071	1
43073	1
43075	1
43076	1
43077	2
43078	2
43079	1
43080	1
43084	1
43085	1
43086	1
43093	1
43096	1
43098	1
43099	1
43102	1
43103	1
43104	1
43106	1
43109	2
43123	2
43124	2
43125	2
43126	1
43130	1
43131	1
43166	1
43228	1
43243	1
43248	1
43251	1
43253	1
43254	1
43273	1
43279	2
43280	2
43281	2
43282	4
43283	3
43284	2
43285	2
43286	2
43290	2
43292	1
43293	2
43294	1
43295	1
43296	1
43297	1
43298	1
43299	3
43300	2
43301	2
43302	2
43304	2
43305	2
43306	1
43307	3
43308	2
43310	1
43312	1
43313	1
43314	2
43315	1
43316	1
43320	1
43342	1
43343	1
43344	2
43348	1
43351	1
43353	1
43355	2
43356	1
43359	2
43361	4
43362	2
43363	2
43364	3
43365	2
43366	2
43367	1
43368	2
43370	1
43373	2
43374	2
43375	1
43376	2
43377	1
43378	3
43379	1
43380	1
43381	1
43382	2
43385	1
43386	1
43387	2
43388	3
43389	2
43390	2
43391	2
43392	2
43393	2
43394	2
43395	2
43398	1
43399	1
43401	1
43403	1
43404	1
43406	1
43410	1
43415	1
43418	1
43419	2
43423	3
43424	1
43425	5
43427	1
43428	2
43430	1
43431	1
43434	1
43435	3
43436	2
43437	4
43440	1
43441	3
43442	1
43445	1
43447	2
43454	2
43459	1
43460	1
43462	1
43471	1
43472	1
43473	1
43474	1
43475	1
43476	1
43477	1
43480	1
43481	1
43486	1
43487	3
43490	2
43492	2
43494	1
43496	1
43498	1
43500	1
43504	2
43506	1
43510	1
43511	1
43512	1
43517	1
43523	1
43526	2
43567	1
43569	1
43570	2
43571	2
43572	1
43573	2
43575	2
43578	1
43579	1
43581	1
43583	3
43584	2
43604	1
43605	1
43607	3
43608	1
43610	1
43611	1
43612	1
43613	3
43614	2
43615	1
43617	1
43618	1
43619	1
43620	1
43621	1
43622	1
43623	1
43625	1
43629	1
43631	2
43632	1
43639	1
43641	1
43643	2
43644	1
43645	3
43646	4
43647	3
43648	3
43649	3
43651	1
43652	2
43653	3
43654	2
43656	1
43657	1
43662	1
43663	1
43664	1
43666	1
43668	1
43669	1
43673	1
43675	3
43678	1
43679	2
43685	1
43687	2
43689	2
43691	2
43693	1
43695	1
43697	3
43701	2
43703	2
43704	1
43705	3
43707	2
43709	3
43731	1
43733	1
43737	1
43741	1
43742	1
43743	1
43744	1
43745	1
43746	1
43747	1
43748	1
43749	2
43750	1
43751	1
43752	1
43753	2
43754	4
43755	2
43756	1
43759	1
43761	1
43763	1
43765	2
43768	2
43769	1
43772	1
43773	1
43774	1
43775	1
43779	1
43785	1
43801	1
43802	3
43815	1
43818	2
43820	2
43843	2
43844	1
43847	1
43849	1
43850	1
43851	1
43856	1
43857	1
43861	1
43862	1
43863	1
43864	2
43865	1
43866	1
43867	1
43868	1
43869	1
43870	1
43871	2
43872	1
43874	1
43875	2
43876	2
43877	2
43878	1
43880	1
43881	1
43882	1
43887	1
43892	1
43894	2
43897	1
43898	1
43899	2
43900	1
43901	2
43903	1
43906	2
43907	1
43909	1
43911	1
43912	1
43913	1
43921	2
43922	2
43923	2
43924	2
43925	2
43926	2
43927	1
43928	1
43929	1
43930	1
43931	1
43932	1
43940	1
43941	1
43942	1
43943	1
43946	1
43947	1
43948	1
44047	3
44048	1
44049	1
44050	1
44051	1
44052	2
44054	3
44055	2
44056	2
44058	1
44060	1
44061	1
44062	1
44063	1
44064	1
44089	1
44090	1
44091	1
44092	1
44096	2
44097	2
44098	1
44194	1
44195	1
44199	1
44201	1
44203	1
44204	1
44206	1
44267	1
44425	2
44426	1
44431	1
44437	1
44442	1
44449	1
44455	2
44461	1
44950	1
44951	1
44952	3
45365	1
45377	1
45380	1
45383	4
45384	1
45387	2
45389	1
45401	1
45406	2
45414	1
45415	1
45418	2
45442	1
45443	2
45458	1
45459	1
45461	1
45462	1
45463	1
45464	1
45465	1
45466	2
45553	1
45559	1
45567	1
45576	1
45578	1
45580	1
46165	2
46166	1
46169	1
46173	1
46175	2
46178	2
46188	1
46199	1
46200	2
