LocationID	Year	fMonth	ObservationID	Complete	Count
12	1992	1	174557	1	23
12	1992	2	184084	1	16
12	1992	3	184085	1	7
12	1992	10	184083	1	57
12	1992	11	174551	1	5
12	1992	12	174552	1	19
12	1993	1	174601	1	3
12	1993	2	174602	1	14
12	1993	3	174603	1	25
12	1993	10	184086	1	26
12	1993	11	174599	1	18
12	1993	12	174600	1	20
12	1994	1	184090	1	14
12	1994	2	184091	1	11
12	1994	3	184092	1	0
12	1994	10	184087	1	20
12	1994	11	184088	1	13
12	1994	12	184089	1	18
12	1995	1	184096	1	27
12	1995	2	184097	1	25
12	1995	3	184098	1	9
12	1995	10	184093	1	27
12	1995	11	184094	1	18
12	1995	12	184095	1	24
12	1996	1	184102	1	21
12	1996	2	184103	1	23
12	1996	3	184104	1	16
12	1996	10	184099	1	42
12	1996	11	184100	1	19
12	1996	12	184101	1	22
12	1997	1	184108	1	1
12	1997	2	184109	1	0
12	1997	10	184105	1	23
12	1997	11	184106	1	18
12	1997	12	184107	1	26
12	1998	1	184134	1	6
12	1998	2	184135	1	7
12	1998	3	184136	1	0
12	1998	10	184131	1	14
12	1998	11	184132	1	14
12	1998	12	184133	1	0
12	1999	1	184140	1	3
12	1999	2	184141	1	12
12	1999	10	184137	1	24
12	1999	11	184138	1	8
12	1999	12	184139	1	4
12	2000	1	3312	1	18
12	2000	2	3318	1	14
12	2000	3	3323	1	23
12	2000	10	3294	1	34
12	2000	11	3300	1	16
12	2000	12	3307	1	14
12	2001	1	6197	1	9
12	2001	2	6561	1	12
12	2001	3	6562	1	12
12	2001	10	6011	1	23
12	2001	11	6559	1	11
12	2001	12	6560	1	6
12	2002	1	112497	1	24
12	2002	2	112565	1	25
12	2002	3	112566	1	17
12	2002	10	112347	1	45
12	2002	11	112401	1	24
12	2002	12	112443	1	23
12	2003	1	139999	1	18
12	2003	2	140186	1	19
12	2003	3	140315	1	22
12	2003	10	140053	1	28
12	2003	11	140084	1	25
12	2003	12	140134	1	27
12	2004	1	151724	1	27
12	2004	2	153098	1	24
12	2004	3	157539	1	22
12	2004	10	150965	1	20
12	2004	11	150971	1	36
12	2004	12	151672	1	18
12	2005	1	148286	1	23
12	2005	2	148551	1	25
12	2005	3	148684	1	18
12	2005	10	149008	1	29
12	2005	11	149106	1	23
12	2005	12	148118	1	21
12	2006	1	146184	1	21
12	2006	2	146630	1	24
12	2006	3	146678	1	24
12	2006	10	142902	1	36
12	2006	11	146048	1	23
12	2006	12	146122	1	21
12	2007	1	153078	1	24
12	2007	2	154702	1	0
12	2007	3	155331	1	11
12	2007	10	150701	1	39
12	2007	11	151397	1	24
12	2007	12	152936	1	24
12	2008	1	160176	1	0
12	2008	2	161579	1	25
12	2008	3	161660	1	18
12	2008	10	158087	1	30
12	2008	11	158900	1	3
12	2008	12	159515	1	28
12	2009	1	190782	1	13
12	2009	2	165470	1	28
12	2009	3	166853	1	30
12	2009	10	163428	1	32
12	2009	11	163331	1	14
12	2009	12	163891	1	30
12	2010	1	170189	1	25
12	2010	2	170422	1	29
12	2010	3	171093	1	36
12	2010	10	167494	1	68
12	2010	11	168240	1	21
12	2010	12	168886	1	22
12	2011	1	173517	1	0
12	2011	2	174464	1	1
12	2011	3	188895	1	17
12	2011	10	173671	1	28
12	2011	11	173608	1	25
12	2011	12	173761	1	0
12	2012	1	182001	1	4
12	2012	2	182549	1	0
12	2012	3	183055	1	0
12	2012	10	177037	1	18
12	2012	11	178005	1	22
12	2012	12	180573	1	23
12	2013	1	188190	1	11
12	2013	2	188765	1	9
12	2013	3	189768	1	19
12	2013	10	183865	1	2
12	2013	11	185089	1	6
12	2013	12	187243	1	0
12	2014	1	193734	1	0
12	2014	2	194628	1	0
12	2014	3	195209	1	3
12	2014	10	191351	1	23
12	2014	11	192372	1	0
12	2014	12	193238	1	0
12	2015	1	198773	1	18
12	2015	2	199337	1	20
12	2015	3	199919	1	21
12	2015	10	196784	1	22
116	1992	1	174555	1	0
116	1992	2	191782	1	0
116	1992	11	174550	0	0
116	1992	12	174554	1	0
116	1993	1	174591	1	0
116	1993	2	174593	1	0
116	1993	3	174597	1	0
116	1993	11	174585	1	3
116	1993	12	174588	1	2
116	1994	1	183429	1	0
116	1994	2	183430	1	0
116	1994	3	183431	1	1
116	1994	10	183426	1	0
116	1994	11	183427	1	0
116	1994	12	183428	1	0
116	1995	1	183442	1	0
116	1995	2	183443	1	0
116	1995	11	183440	1	0
116	1995	12	183441	1	0
116	1996	1	183450	1	0
116	1996	2	183451	1	6
116	1996	11	183448	1	0
116	1996	12	183449	1	0
116	1997	1	183462	1	0
116	1997	2	183463	1	0
116	1997	11	183460	1	0
116	1997	12	183461	1	0
116	1998	1	183474	1	0
116	1998	2	183475	1	0
116	1998	11	183472	1	0
116	1998	12	183473	1	0
116	1999	1	183486	1	0
116	1999	2	183487	1	0
116	1999	11	183484	1	0
116	1999	12	183485	1	0
116	2000	1	157619	1	0
116	2000	2	157620	1	0
116	2000	3	157621	1	0
116	2000	10	157616	1	0
116	2000	11	157617	1	0
116	2000	12	157618	1	0
116	2001	1	6550	1	0
116	2001	2	6553	1	0
116	2001	3	6556	1	0
116	2001	10	6541	1	0
116	2001	11	6544	1	0
116	2001	12	6547	1	0
116	2002	1	113018	1	0
116	2002	2	113021	1	0
116	2002	3	113024	1	0
116	2002	10	113009	1	0
116	2002	11	113012	1	0
116	2002	12	113015	1	0
116	2003	1	142102	1	0
116	2003	2	142105	1	0
116	2003	3	142108	1	2
116	2003	10	142093	1	0
116	2003	11	142096	1	0
116	2003	12	142099	1	2
116	2004	1	157556	1	0
116	2004	2	157557	1	0
116	2004	3	157558	1	0
116	2004	10	157553	1	0
116	2004	11	157554	1	0
116	2004	12	157555	1	0
116	2005	1	157562	1	0
116	2005	2	157563	1	0
116	2005	3	157564	1	0
116	2005	10	157559	1	0
116	2005	11	157560	1	0
116	2005	12	157561	1	0
116	2006	1	146492	1	0
116	2006	11	146461	1	0
116	2006	12	146477	1	0
116	2007	1	157565	1	0
116	2007	2	157629	1	0
116	2008	1	160131	1	0
116	2008	2	161096	1	0
116	2008	12	159091	1	0
116	2009	1	167076	1	1
116	2009	2	165903	1	0
116	2009	3	167082	1	0
116	2009	10	164073	1	0
116	2009	11	164085	1	0
116	2009	12	164097	1	0
116	2010	1	169435	1	0
116	2010	2	184078	1	0
116	2010	3	184081	1	0
116	2010	10	184067	1	0
116	2010	12	184072	1	0
116	2011	1	175456	1	0
116	2011	2	175058	1	0
116	2011	12	175441	1	0
116	2012	1	183239	1	0
116	2012	2	183241	1	0
116	2012	3	183243	1	0
116	2012	11	183236	1	0
116	2012	12	184214	1	0
116	2013	1	188181	1	0
116	2013	2	188893	1	0
116	2013	3	190053	1	0
116	2013	10	183917	1	0
116	2013	11	185819	1	0
116	2013	12	190147	1	0
116	2014	1	193954	1	0
116	2014	2	196255	1	0
116	2014	3	196258	1	0
116	2014	10	192436	1	0
116	2014	11	192423	1	0
116	2014	12	193196	1	0
128	1992	1	174556	1	1
128	1992	2	191781	1	8
128	1992	12	174553	1	8
128	1993	2	174595	1	3
128	1993	11	174584	1	6
128	1993	12	174587	1	1
128	1994	1	183417	1	0
128	1994	2	183418	1	0
128	1994	3	183419	1	0
128	1994	10	183414	1	6
128	1994	11	183415	1	0
128	1994	12	183416	1	0
128	1995	1	183434	1	3
128	1995	2	183435	1	2
128	1995	11	183432	1	0
128	1995	12	183433	1	1
128	1996	1	183446	1	2
128	1996	2	183447	1	0
128	1996	11	183444	1	4
128	1996	12	183445	1	6
128	1997	1	183458	1	0
128	1997	2	183459	1	0
128	1997	11	183456	1	6
128	1997	12	183457	1	6
128	1998	1	183470	1	6
128	1998	2	183471	1	3
128	1998	11	183468	1	4
128	1998	12	183469	1	4
128	1999	1	183482	1	11
128	1999	2	183483	1	10
128	1999	11	183480	1	2
128	1999	12	183481	1	6
128	2000	1	157613	1	0
128	2000	2	157614	1	2
128	2000	3	157615	1	0
128	2000	10	157610	1	0
128	2000	11	157611	1	0
128	2000	12	157612	1	6
128	2001	1	6549	1	7
128	2001	2	6552	1	8
128	2001	3	6555	1	6
128	2001	10	6540	1	5
128	2001	11	6543	1	8
128	2001	12	6546	1	8
128	2002	1	113017	1	4
128	2002	2	113020	1	4
128	2002	3	113023	1	6
128	2002	10	113008	1	1
128	2002	11	113011	1	5
128	2002	12	113014	1	6
128	2003	1	142101	1	3
128	2003	2	142104	1	2
128	2003	3	142107	1	0
128	2003	10	142092	1	2
128	2003	11	142095	1	5
128	2003	12	142098	1	3
128	2004	1	157543	1	1
128	2004	2	157544	1	0
128	2004	3	157545	1	0
128	2004	10	157540	1	0
128	2004	11	157541	1	4
128	2004	12	157542	1	3
128	2005	1	157549	1	0
128	2005	2	157550	1	0
128	2005	3	157551	1	1
128	2005	10	157546	1	1
128	2005	11	157547	1	2
128	2005	12	157548	1	2
128	2007	1	157552	1	0
128	2007	2	157628	1	0
128	2008	1	160129	1	0
128	2009	1	167075	1	2
128	2009	2	167078	1	0
128	2009	3	167081	1	0
128	2009	10	167142	1	0
128	2009	11	167145	1	0
128	2009	12	167148	1	0
128	2010	1	184074	1	0
128	2010	2	184077	1	0
128	2010	3	184080	1	0
128	2010	10	184066	1	0
128	2010	11	184069	1	0
128	2010	12	184071	1	0
128	2011	2	174446	1	3
128	2011	3	175110	1	0
128	2011	12	172849	1	5
128	2012	1	183238	1	0
128	2012	2	183240	1	1
128	2012	3	183242	1	2
128	2012	11	183235	1	1
128	2012	12	178533	1	1
128	2013	1	188180	1	2
128	2013	2	188892	1	1
128	2013	3	190052	1	0
128	2013	10	183916	1	1
128	2013	11	185818	1	1
128	2013	12	186998	1	0
128	2014	1	193953	1	0
128	2014	2	196254	1	0
128	2014	3	196257	1	0
128	2014	10	192435	1	3
128	2014	11	192422	1	0
128	2014	12	192842	1	0
138	1992	12	174566	0	0
138	1993	1	174592	1	0
138	1993	2	174594	1	0
138	1993	3	174598	1	0
138	1993	11	174586	1	6
138	1993	12	174589	1	1
138	1994	1	183423	1	0
138	1994	2	183424	1	1
138	1994	3	183425	1	0
138	1994	10	183420	1	0
138	1994	11	183421	1	0
138	1994	12	183422	1	0
138	1995	1	183438	1	0
138	1995	2	183439	1	1
138	1995	11	183436	1	0
138	1995	12	183437	1	0
138	1996	1	183454	1	0
138	1996	2	183455	1	0
138	1996	11	183452	1	2
138	1996	12	183453	1	0
138	1997	1	183466	1	5
138	1997	2	183467	1	4
138	1997	11	183464	1	2
138	1997	12	183465	1	4
138	1998	1	183478	1	0
138	1998	2	183479	1	0
138	1998	11	183476	1	2
138	1998	12	183477	1	0
138	1999	1	183490	1	0
138	1999	2	183491	1	0
138	1999	11	183488	1	1
138	1999	12	183489	1	0
138	2000	1	157625	1	1
138	2000	2	157626	1	0
138	2000	3	157627	1	2
138	2000	10	157622	1	0
138	2000	11	157623	1	0
138	2000	12	157624	1	0
138	2001	1	6551	1	0
138	2001	2	6554	1	0
138	2001	3	6557	1	1
138	2001	10	6542	1	0
138	2001	11	6545	1	0
138	2001	12	6548	1	1
138	2002	1	113019	1	0
138	2002	2	113022	1	0
138	2002	3	113025	1	0
138	2002	10	113010	0	0
138	2002	12	113016	1	1
138	2003	1	142103	1	0
138	2003	2	142106	1	0
138	2003	3	142109	1	0
138	2003	10	142094	1	0
138	2003	11	142097	1	0
138	2003	12	142100	1	0
138	2004	1	157569	1	0
138	2004	2	157570	1	0
138	2004	3	157571	1	0
138	2004	10	157566	1	0
138	2004	11	157567	1	0
138	2004	12	157568	1	0
138	2005	1	157575	1	0
138	2005	2	157576	1	0
138	2005	3	157577	1	0
138	2005	10	157572	1	0
138	2005	11	157573	1	0
138	2005	12	157574	1	0
138	2007	1	157578	1	0
138	2007	2	157630	1	0
138	2008	1	160130	1	0
138	2009	1	167077	1	0
138	2009	2	167080	1	0
138	2009	3	167083	1	0
138	2009	10	167144	1	0
138	2009	11	167147	1	0
138	2009	12	167150	1	0
138	2010	1	184076	1	0
138	2010	2	184079	1	0
138	2010	3	184082	1	0
138	2010	10	184068	1	0
138	2010	12	184073	1	0
138	2011	1	175455	1	0
138	2011	2	175059	1	0
138	2011	12	175440	1	0
138	2012	2	182904	1	0
138	2012	3	182917	1	0
138	2012	11	183237	1	0
138	2013	1	190161	1	0
138	2013	2	188894	1	0
138	2013	3	190054	1	0
138	2013	10	183918	1	0
138	2013	11	185820	1	0
138	2013	12	190146	1	0
138	2014	1	193955	1	0
138	2014	2	195829	1	0
138	2014	3	195843	1	0
138	2014	10	192437	1	0
138	2014	11	192425	1	0
138	2014	12	193195	1	0
152	1992	1	174569	1	3
152	1992	3	174578	1	12
152	1992	11	174545	1	7
152	1992	12	174558	1	3
152	1993	1	174606	1	0
152	1993	2	174607	1	2
152	1993	3	174608	1	3
152	1993	11	174604	1	1
152	1993	12	174605	1	3
152	1994	1	183965	1	3
152	1994	2	183966	1	107
152	1994	3	183967	1	0
152	1994	11	183963	1	2
152	1994	12	183964	1	2
152	1995	1	183970	1	11
152	1995	2	183971	1	0
152	1995	11	183968	1	29
152	1995	12	183969	1	0
152	1996	1	183974	1	19
152	1996	2	183975	1	3
152	1996	11	183972	1	3
152	1996	12	183973	1	10
152	1997	1	183981	1	6
152	1997	2	183982	1	2
152	1997	11	183979	1	65
152	1997	12	183980	1	5
152	1998	1	183985	1	5
152	1998	2	183986	1	4
152	1998	11	183983	1	2
152	1998	12	183984	1	6
152	1999	1	183989	1	4
152	1999	2	183990	1	0
152	1999	11	183987	1	0
152	1999	12	183988	1	0
152	2000	1	2507	1	0
152	2000	2	2549	1	0
152	2000	3	2596	1	0
152	2000	11	2419	1	24
152	2000	12	2466	1	24
152	2001	1	6512	1	0
152	2001	2	6528	1	0
152	2001	3	6538	1	0
152	2001	10	5145	1	22
152	2001	11	6491	1	16
152	2001	12	6503	1	0
152	2002	1	115047	1	2
152	2002	2	112772	1	0
152	2002	3	115049	1	0
152	2002	10	112612	1	0
152	2002	11	112650	1	0
152	2002	12	112691	1	23
152	2003	1	139467	1	0
152	2003	2	140635	1	2
152	2003	3	140636	1	0
152	2003	10	139230	1	5
152	2003	11	139242	1	0
152	2003	12	139284	1	1
152	2004	1	148705	1	5
152	2004	2	148710	1	3
152	2004	3	148717	1	21
152	2004	11	148647	1	6
152	2004	12	148670	1	5
152	2005	1	156112	1	0
152	2005	2	156116	1	0
152	2005	3	156117	1	0
152	2005	10	148773	1	0
152	2005	11	148833	1	0
152	2005	12	156108	1	2
152	2006	1	144257	1	0
152	2006	2	144903	1	0
152	2006	3	145663	1	39
152	2006	10	142642	1	8
152	2006	11	143092	1	0
152	2006	12	144372	1	0
152	2007	1	153015	1	8
152	2007	2	153687	1	0
152	2007	3	155484	1	0
152	2007	10	150910	1	0
152	2007	11	151468	1	2
152	2007	12	152058	1	9
152	2008	1	159728	1	7
152	2008	2	160454	1	8
152	2008	3	160906	1	0
152	2008	10	157807	1	12
152	2008	11	158358	1	5
152	2008	12	158951	1	10
152	2009	1	184039	1	5
152	2009	2	164910	1	12
152	2009	3	165736	1	4
152	2009	10	162191	1	10
152	2009	11	162761	1	11
152	2009	12	163457	1	9
152	2010	1	169422	1	11
152	2010	2	170008	1	12
152	2010	3	170523	1	11
152	2010	10	167295	1	35
152	2010	11	167874	1	24
152	2010	12	168458	1	14
152	2011	1	173302	1	8
152	2011	2	174041	1	1
152	2011	3	174709	1	1
152	2011	10	171798	1	8
152	2011	11	172446	1	1
152	2011	12	172736	1	4
152	2012	1	180231	1	8
152	2012	2	181879	1	0
152	2012	3	182203	1	0
152	2012	10	176719	1	34
152	2012	11	177522	1	7
152	2012	12	178889	1	6
152	2013	1	187663	1	5
152	2013	2	188531	1	6
152	2013	3	189410	1	15
152	2013	10	183623	1	11
152	2013	11	184733	1	7
152	2013	12	186565	1	9
152	2014	1	193393	1	16
152	2014	2	194351	1	12
152	2014	3	195056	1	7
152	2014	10	190898	1	30
152	2014	11	192029	1	5
152	2014	12	192903	1	96
152	2015	1	198425	1	0
152	2015	2	198988	1	12
152	2015	3	199573	1	12
152	2015	10	196566	1	5
152	2015	11	197081	1	9
152	2015	12	197817	1	10
166	1999	1	184335	1	0
166	2000	1	2492	1	0
166	2000	2	2539	1	0
166	2000	3	2587	1	6
166	2000	10	2355	1	0
166	2000	11	2401	1	0
166	2000	12	2447	1	0
166	2001	1	5227	1	0
166	2001	2	6354	1	0
166	2001	3	5423	1	0
166	2001	10	6352	1	0
166	2001	11	6353	1	0
166	2001	12	5198	1	0
166	2002	1	112728	1	0
166	2002	2	112766	1	24
166	2002	3	112810	1	0
166	2002	10	112603	1	0
166	2002	11	112644	1	0
166	2002	12	112684	1	1
166	2003	1	139317	1	0
166	2003	2	139534	1	0
166	2003	3	139572	1	0
166	2003	10	139124	1	0
166	2003	11	139233	1	0
166	2003	12	139275	1	0
166	2004	1	148832	1	0
166	2004	2	148849	1	0
166	2004	3	148857	1	2
166	2004	10	148800	1	0
166	2004	11	148810	1	0
166	2004	12	148819	1	0
166	2005	1	148421	1	0
166	2005	2	148496	1	0
166	2005	3	148600	1	0
166	2005	10	148029	1	0
166	2005	11	148230	1	0
166	2005	12	148336	1	0
166	2006	1	144225	1	0
166	2006	2	145005	1	3
166	2006	3	146255	1	7
166	2006	10	142780	1	0
166	2006	11	143273	1	0
166	2006	12	143503	1	0
166	2007	1	152786	1	0
166	2007	2	153732	1	0
166	2007	3	154618	1	1
166	2007	10	150507	1	0
166	2007	11	151279	1	0
166	2007	12	151992	1	0
166	2008	1	160025	1	0
166	2008	2	160858	1	0
166	2008	3	161241	1	0
166	2008	10	158133	1	0
166	2008	11	158790	1	0
166	2008	12	159240	1	0
166	2009	1	164483	1	0
166	2009	2	165238	1	0
166	2009	3	166080	1	5
166	2009	10	162442	1	0
166	2009	11	163082	1	0
166	2009	12	163763	1	0
166	2010	1	169632	1	0
166	2010	2	170161	1	0
166	2010	3	170925	1	1
166	2010	10	167393	1	0
166	2010	11	168102	1	0
166	2010	12	168855	1	0
166	2011	1	173541	1	0
166	2011	2	174197	1	0
166	2011	3	175343	1	0
166	2011	10	171957	1	0
166	2011	11	172336	1	0
166	2011	12	173057	1	0
166	2012	1	180839	1	0
166	2012	2	181948	1	0
166	2012	3	182635	1	0
166	2012	10	176851	1	0
166	2012	11	177936	1	0
166	2012	12	179029	1	0
166	2013	1	187860	1	0
166	2013	2	189352	1	0
166	2013	3	189668	1	0
166	2013	10	183787	1	0
166	2013	11	185104	1	0
166	2013	12	187111	1	0
166	2014	1	193759	1	0
166	2014	2	194455	1	0
166	2014	3	195359	1	20
166	2014	10	191866	1	0
166	2014	11	192404	1	0
166	2014	12	193096	1	0
166	2015	1	198752	1	0
166	2015	2	199225	1	0
166	2015	3	199958	1	35
166	2015	10	196619	1	0
166	2015	11	197420	1	0
166	2015	12	197941	1	0
167	1992	1	174571	1	14
167	1992	2	174575	1	0
167	1992	3	174580	1	1
167	1992	11	174548	1	12
167	1992	12	174561	1	13
167	1993	1	184226	1	19
167	1993	2	184229	1	0
167	1993	3	184232	1	31
167	1993	11	184220	1	14
167	1993	12	184223	1	6
167	1994	1	184247	1	10
167	1994	2	184251	1	5
167	1994	3	184255	1	7
167	1994	10	184235	1	0
167	1994	11	184239	1	12
167	1994	12	184243	1	1
167	1995	1	184267	1	2
167	1995	2	184271	1	0
167	1995	11	184259	1	17
167	1995	12	184263	1	17
167	1996	1	184283	1	18
167	1996	2	184287	1	0
167	1996	11	184275	1	8
167	1996	12	184279	1	2
167	1997	1	184299	1	0
167	1997	2	184303	1	14
167	1997	11	184291	1	10
167	1997	12	184295	1	1
167	1998	1	184314	1	0
167	1998	2	184318	1	0
167	1998	11	184307	1	0
167	1998	12	184311	1	0
167	1999	1	184332	1	0
167	1999	2	184336	1	1
167	1999	11	184323	1	0
167	1999	12	184327	1	0
167	2000	1	2495	1	0
167	2000	2	2543	1	12
167	2000	3	2588	1	2
167	2000	10	2356	1	0
167	2000	11	2403	1	0
167	2000	12	2450	1	0
167	2001	1	6513	1	0
167	2001	2	6523	1	0
167	2001	3	6533	1	1
167	2001	10	6483	1	0
167	2001	11	6494	1	0
167	2001	12	6500	1	0
167	2002	1	112729	1	0
167	2002	2	115050	1	0
167	2002	3	115051	1	0
167	2002	10	112604	1	0
167	2002	11	112645	1	6
167	2002	12	112685	1	0
167	2003	1	139315	1	0
167	2003	2	139535	1	0
167	2003	3	139574	1	23
167	2003	10	139227	1	10
167	2003	11	139231	1	14
167	2003	12	139277	1	0
167	2004	1	148839	1	19
167	2004	2	148850	1	13
167	2004	3	157593	1	5
167	2004	10	157590	1	0
167	2004	11	157591	1	11
167	2004	12	157592	1	0
167	2005	1	157595	1	0
167	2005	2	157596	1	0
167	2005	3	148606	1	13
167	2005	10	148035	1	0
167	2005	11	148231	1	1
167	2005	12	148337	1	9
167	2006	1	145972	1	0
167	2006	2	145975	1	0
167	2006	3	145978	1	10
167	2006	10	145963	1	0
167	2006	11	145966	1	4
167	2006	12	145969	1	0
167	2007	1	152787	1	0
167	2007	2	153745	1	0
167	2007	3	155357	1	0
167	2007	10	150553	1	2
167	2007	11	151206	1	0
167	2007	12	152113	1	0
167	2008	1	160313	1	0
167	2008	2	160855	1	0
167	2008	3	161402	1	0
167	2008	10	158128	1	0
167	2008	11	158794	1	0
167	2008	12	159443	1	0
167	2009	1	164868	1	0
167	2009	2	165497	1	0
167	2009	3	166057	1	0
167	2009	10	162585	1	0
167	2009	11	163300	1	0
167	2009	12	164100	1	0
167	2010	1	169733	1	0
167	2010	2	170264	1	0
167	2010	3	170782	1	0
167	2010	10	167639	1	0
167	2010	11	168265	1	0
167	2010	12	168894	1	0
167	2011	1	173598	1	0
167	2011	2	174514	1	0
167	2011	3	175342	1	0
167	2011	10	172045	1	0
167	2011	11	172623	1	0
167	2011	12	173078	1	0
167	2012	1	180527	1	0
167	2012	2	182172	1	0
167	2012	3	182941	1	0
167	2012	10	177128	1	0
167	2012	11	179938	1	0
167	2012	12	182944	1	0
167	2013	1	188235	1	0
167	2013	2	189393	1	0
167	2013	3	189627	1	0
167	2013	10	184029	1	0
167	2013	11	185573	1	0
167	2013	12	187460	1	0
167	2014	1	193992	1	0
167	2014	2	194787	1	0
167	2014	3	195349	1	0
167	2014	12	192997	1	0
167	2015	1	198884	1	0
167	2015	2	199523	1	0
167	2015	3	199995	1	0
167	2015	10	197036	1	0
167	2015	12	198228	1	0
168	1992	1	174570	1	0
168	1992	2	174576	1	0
168	1992	3	174581	1	0
168	1992	11	174546	1	0
168	1992	12	174559	1	0
168	1993	1	184227	1	0
168	1993	2	184230	1	0
168	1993	3	184233	1	0
168	1993	11	184221	1	0
168	1993	12	184222	1	0
168	1994	1	184248	1	0
168	1994	2	184252	1	0
168	1994	3	184256	1	0
168	1994	10	184236	1	0
168	1994	11	184240	1	0
168	1994	12	184244	1	0
168	1995	1	184268	1	0
168	1995	2	184272	1	0
168	1995	11	184260	1	0
168	1995	12	184264	1	0
168	1996	1	184284	1	0
168	1996	2	184289	1	0
168	1996	11	184276	1	0
168	1996	12	184280	1	0
168	1997	1	184300	1	0
168	1997	2	184304	1	0
168	1997	11	184292	1	0
168	1997	12	184296	1	0
168	1998	1	184315	1	0
168	1998	2	184320	1	0
168	1998	11	184308	1	0
168	1998	12	184312	1	0
168	1999	1	184333	1	0
168	1999	2	184337	1	0
168	1999	11	184324	1	0
168	1999	12	184329	1	0
168	2000	1	2496	1	0
168	2000	2	2544	1	0
168	2000	3	2589	1	0
168	2000	10	2357	1	0
168	2000	11	2404	1	0
168	2000	12	2451	1	0
168	2001	1	6514	1	5
168	2001	2	6524	1	9
168	2001	3	6534	1	2
168	2001	10	6484	1	0
168	2001	11	6493	1	9
168	2001	12	6501	1	0
168	2002	1	112730	1	7
168	2002	10	112605	1	0
168	2002	11	112646	1	0
168	2002	12	112686	1	0
168	2003	1	139316	1	0
168	2003	2	139536	1	0
168	2003	3	139575	1	2
168	2003	10	139228	1	0
168	2003	11	139232	1	0
168	2003	12	139278	1	7
168	2004	1	148843	1	0
168	2004	2	157600	1	0
168	2004	3	157601	1	1
168	2004	10	157597	1	0
168	2004	11	157598	1	0
168	2005	1	157603	1	0
168	2005	2	157604	1	0
168	2005	3	148608	1	0
168	2005	10	148039	1	0
168	2005	11	148232	1	0
168	2005	12	157602	1	0
168	2006	1	145971	1	7
168	2006	2	145974	1	7
168	2006	3	145977	1	4
168	2006	10	145962	1	7
168	2006	11	145965	1	0
168	2006	12	145968	1	0
168	2007	1	152789	1	0
168	2007	2	153747	1	13
168	2007	3	155359	1	3
168	2007	10	150555	1	0
168	2007	11	151223	1	6
168	2007	12	152112	1	0
168	2008	1	160315	1	5
168	2008	2	160857	1	9
168	2008	3	161401	1	0
168	2008	10	158126	1	10
168	2008	11	158793	1	0
168	2008	12	159444	1	3
168	2009	1	164862	1	8
168	2009	2	165499	1	9
168	2009	3	166059	1	0
168	2009	10	162584	1	0
168	2009	11	163303	1	0
168	2009	12	164101	1	0
168	2010	1	169735	1	6
168	2010	2	170263	1	2
168	2010	10	167637	1	0
168	2010	11	168263	1	0
168	2010	12	168896	1	5
168	2011	1	173599	1	3
168	2011	2	174515	1	3
168	2011	3	175339	1	0
168	2011	10	172044	1	0
168	2011	11	172625	1	0
168	2011	12	172786	1	0
168	2012	1	180528	1	0
168	2012	2	182159	1	0
168	2012	3	182940	1	0
168	2012	10	177130	1	0
168	2012	11	179940	1	0
168	2012	12	179992	1	0
168	2013	1	188234	1	0
168	2013	2	189391	1	6
168	2013	3	189682	1	11
168	2013	11	185572	1	0
168	2013	12	187459	1	0
168	2014	1	193993	1	0
168	2014	2	194789	1	0
168	2014	3	195347	1	7
168	2014	10	191846	1	1
168	2014	11	192993	1	0
168	2014	12	193001	1	0
168	2015	1	198882	1	0
168	2015	2	199525	1	0
168	2015	3	199993	1	21
168	2015	10	197038	1	0
168	2015	12	198226	1	0
169	1992	1	174572	1	0
169	1992	2	174577	1	0
169	1992	3	174582	1	0
169	1992	11	174547	1	0
169	1992	12	174560	1	0
169	1993	1	184228	1	0
169	1993	2	184231	1	0
169	1993	3	184234	1	0
169	1993	11	184225	1	0
169	1993	12	184224	1	0
169	1994	1	184249	1	0
169	1994	2	184253	1	0
169	1994	3	184257	1	0
169	1994	10	184237	1	0
169	1994	11	184241	1	0
169	1994	12	184245	1	0
169	1995	1	184269	1	2
169	1995	2	184273	1	0
169	1995	11	184261	1	0
169	1995	12	184265	1	0
169	1996	1	184285	1	4
169	1996	2	184288	1	0
169	1996	11	184277	1	0
169	1996	12	184281	1	1
169	1997	1	184301	1	0
169	1997	2	184305	1	0
169	1997	11	184293	1	0
169	1997	12	184297	1	0
169	1998	1	184316	1	0
169	1998	2	184321	1	0
169	1998	11	184309	1	0
169	1998	12	184313	1	0
169	1999	1	184334	1	0
169	1999	2	184338	1	0
169	1999	11	184325	1	1
169	1999	12	184330	1	0
169	2001	1	6515	1	0
169	2001	2	6525	1	0
169	2001	3	6535	1	0
169	2001	10	6485	1	0
169	2001	11	6492	1	0
169	2001	12	6502	1	0
169	2002	1	112731	1	0
169	2002	2	115052	1	3
169	2002	3	115053	1	3
169	2002	10	112606	1	0
169	2002	11	112647	1	0
169	2002	12	112687	1	0
169	2005	3	148540	1	0
169	2005	10	148059	1	0
169	2005	11	148198	1	0
169	2006	1	145973	1	0
169	2006	2	145976	1	0
169	2006	3	145979	1	2
169	2006	10	145964	1	0
169	2006	11	145967	1	0
169	2006	12	145970	1	0
169	2007	1	152788	1	0
169	2007	2	153746	1	0
169	2007	3	155358	1	0
169	2007	10	150554	1	0
169	2007	11	151224	1	0
169	2007	12	152111	1	0
169	2008	1	160314	1	0
169	2008	2	160856	1	0
169	2008	3	161400	1	0
169	2008	10	158125	1	0
169	2008	11	158795	1	0
169	2008	12	159445	1	0
169	2009	1	164864	1	0
169	2009	2	165498	1	0
169	2009	3	166058	1	4
169	2009	10	162583	1	0
169	2009	11	163301	1	0
169	2009	12	164099	1	0
169	2010	1	169734	1	0
169	2010	2	170262	1	0
169	2010	3	170781	1	0
169	2010	10	167638	1	0
169	2010	11	168264	1	0
169	2010	12	168895	1	0
169	2011	1	173600	1	0
169	2011	2	174544	1	0
169	2011	3	175341	1	0
169	2011	10	172043	1	0
169	2011	11	172624	1	0
169	2011	12	172785	1	0
169	2012	1	181575	1	0
169	2012	2	182158	1	0
169	2012	3	182939	1	0
169	2012	10	177129	1	0
169	2012	11	179939	1	0
169	2012	12	179991	1	0
169	2013	1	188233	1	0
169	2013	2	189390	1	0
169	2013	3	189628	1	0
169	2013	10	184028	1	0
169	2013	11	185571	1	0
169	2013	12	187612	1	0
169	2014	1	193994	1	0
169	2014	2	194788	1	0
169	2014	3	195348	1	0
169	2014	10	191845	1	0
169	2014	11	192988	1	0
169	2014	12	192999	1	0
169	2015	1	198881	1	0
169	2015	2	199526	1	0
169	2015	3	199992	1	0
169	2015	10	197034	1	0
169	2015	12	198225	1	0
183	2000	1	2499	1	0
183	2000	2	2564	1	0
183	2000	3	2597	1	3
183	2000	10	2368	1	0
183	2000	11	2406	1	0
183	2000	12	2452	1	0
183	2001	1	6519	1	0
183	2001	2	6531	0	0
183	2001	10	5146	1	0
183	2001	12	6506	1	0
183	2002	3	112818	1	0
183	2002	10	112613	1	0
183	2002	11	112653	1	0
183	2002	12	112696	1	0
183	2003	1	140614	1	0
183	2003	2	140615	1	0
183	2003	3	139589	1	66
183	2003	10	139189	1	0
183	2003	11	139240	1	0
183	2003	12	140613	1	0
183	2004	1	149706	1	0
183	2004	2	149707	1	0
183	2004	3	149708	1	0
183	2004	10	149703	1	0
183	2004	11	149704	1	0
183	2004	12	149705	1	0
183	2005	1	148391	1	0
183	2005	2	148457	1	0
183	2005	3	148545	1	0
183	2005	10	148068	1	0
183	2005	11	148202	1	0
183	2005	12	148289	1	0
183	2006	1	144271	1	0
183	2006	2	145049	1	0
183	2006	3	145820	1	2
183	2006	10	142853	1	0
183	2006	11	143303	1	0
183	2006	12	143527	1	0
183	2007	1	152839	1	0
183	2007	2	153726	1	0
183	2007	3	154975	1	1
183	2007	10	150667	1	0
183	2007	11	151291	1	0
183	2007	12	152080	1	0
183	2008	1	160214	1	0
183	2008	2	160625	1	0
183	2008	3	161339	1	0
183	2008	10	158008	1	0
183	2008	11	158679	1	0
183	2008	12	159370	1	0
183	2009	1	164795	0	0
183	2009	2	165240	1	0
183	2009	3	166237	1	3
183	2009	10	162488	1	0
183	2009	11	163073	1	0
183	2009	12	163738	1	0
183	2010	1	169650	1	0
183	2010	2	170297	1	0
183	2010	3	170901	1	0
183	2010	10	167571	1	0
183	2010	11	168120	1	0
183	2010	12	168908	1	0
183	2011	1	173565	1	0
183	2011	2	174270	1	0
183	2011	3	175130	0	0
183	2011	10	171940	1	0
183	2011	11	172470	1	0
183	2011	12	173088	0	0
183	2012	1	180633	1	0
183	2012	2	182091	1	0
183	2012	3	182691	1	0
183	2012	10	177046	1	0
183	2012	11	177901	1	0
183	2012	12	179272	1	0
183	2013	1	188091	1	0
183	2013	2	188888	0	0
183	2013	3	189829	1	0
183	2013	10	183929	1	0
183	2013	11	185828	1	0
183	2013	12	187406	1	0
183	2014	1	193852	1	0
183	2014	2	194684	1	0
183	2014	3	195667	1	0
183	2014	10	191791	0	0
183	2014	11	192628	1	0
183	2014	12	193205	1	0
183	2015	1	198803	0	0
183	2015	2	199430	1	0
183	2015	10	196872	1	0
183	2015	11	197519	1	0
183	2015	12	198013	1	0
674	1992	1	107289	1	0
674	1992	2	107336	1	0
674	1992	3	107384	1	0
674	1992	11	107214	1	0
674	1992	12	107241	1	0
674	1993	1	107670	1	0
674	1993	2	107717	1	0
674	1993	3	107748	1	0
674	1993	10	107526	1	0
674	1993	11	107573	1	0
674	1993	12	107600	1	0
674	1994	1	108052	1	0
674	1994	2	108136	1	0
674	1994	3	108164	1	0
674	1994	10	107946	1	0
674	1994	11	107957	1	0
674	1994	12	108021	1	0
674	1995	1	108571	1	0
674	1995	2	108618	1	0
674	1995	3	108668	1	0
674	1995	10	108425	1	1
674	1995	11	108474	1	0
674	1995	12	108501	1	0
674	1996	1	109051	1	0
674	1996	2	109152	1	0
674	1996	3	109202	1	0
674	1996	10	108900	1	0
674	1996	11	108952	1	0
674	1996	12	109001	1	0
674	1997	1	109575	1	0
674	1997	2	109645	1	0
674	1997	3	109691	1	0
674	1997	10	109412	1	0
674	1997	11	109466	1	0
674	1997	12	109515	1	0
674	1998	1	110015	1	0
674	1998	2	110066	1	0
674	1998	3	110096	1	0
674	1998	10	109881	1	0
674	1998	11	109917	1	0
674	1998	12	109943	1	0
674	1999	1	5835	1	0
674	1999	2	5886	1	0
674	1999	3	5935	1	0
674	1999	10	5669	1	0
674	1999	12	5786	1	0
674	2000	1	370	1	0
674	2000	2	497	1	0
674	2000	3	3095	1	0
674	2000	10	87	1	0
674	2000	11	199	1	0
674	2000	12	308	1	0
674	2001	1	4529	1	0
674	2001	2	4547	1	0
674	2001	3	4664	1	0
674	2001	10	4134	1	0
674	2001	11	4324	1	0
674	2001	12	4336	1	8
674	2002	1	113463	1	0
674	2002	2	113560	1	0
674	2002	3	113657	1	0
674	2002	10	113181	1	0
674	2002	11	113278	1	0
674	2002	12	113367	1	0
674	2003	1	140676	1	0
674	2003	2	140686	1	1
674	2003	3	140695	1	0
674	2003	10	140652	1	0
674	2003	11	140658	0	0
674	2003	12	140665	1	0
674	2004	1	154156	1	0
674	2004	2	154165	1	0
674	2004	3	154170	1	0
674	2004	10	154133	1	0
674	2004	11	115158	1	0
674	2004	12	154149	1	0
674	2005	1	147044	1	0
674	2005	2	147812	1	0
674	2005	3	155785	1	0
674	2005	10	153299	1	0
674	2005	11	147005	1	0
674	2005	12	147010	1	0
674	2006	1	144170	1	0
674	2006	2	144892	1	0
674	2006	3	145762	1	0
674	2006	10	142471	1	0
674	2006	11	143073	1	0
674	2006	12	143825	1	0
674	2007	1	152880	1	0
674	2007	2	154325	1	0
674	2007	3	154332	1	0
674	2007	10	150794	1	0
674	2007	11	151247	1	0
674	2007	12	152305	1	0
674	2008	1	160354	1	0
674	2008	2	160983	1	0
674	2008	3	160976	1	0
674	2008	10	157771	1	0
674	2008	11	158551	1	0
674	2008	12	159389	1	0
674	2009	1	164223	1	0
674	2009	2	165106	1	0
674	2009	3	165772	1	0
674	2009	10	162447	1	6
674	2009	11	162970	1	0
674	2009	12	164384	1	0
674	2010	1	169611	1	0
674	2010	2	169835	1	0
674	2010	3	170815	1	0
674	2010	10	167523	1	0
674	2010	11	168084	1	0
674	2010	12	169605	1	0
674	2011	1	173618	1	0
674	2011	2	174562	1	0
674	2011	3	176080	1	0
674	2011	10	172094	1	1
674	2011	11	172172	1	0
674	2011	12	173014	1	0
674	2012	1	181611	1	0
674	2012	2	182154	1	0
674	2012	3	182322	1	0
674	2012	10	177530	1	0
674	2012	11	177754	1	0
674	2012	12	181607	1	0
674	2013	1	188183	1	0
674	2013	2	188840	1	0
674	2013	3	189823	1	0
674	2013	10	184031	1	0
674	2013	11	185562	1	0
674	2013	12	187562	1	0
674	2014	1	194238	1	0
674	2014	2	194877	1	0
674	2014	3	194883	1	0
674	2014	10	194203	1	0
674	2014	11	192414	1	0
674	2014	12	194215	1	0
674	2015	1	199653	1	0
674	2015	2	199735	1	0
674	2015	10	197530	1	0
674	2015	11	197536	1	0
723	2000	1	439	1	0
723	2000	2	2327	1	0
723	2000	3	1920	1	0
723	2000	10	97	1	0
723	2000	11	207	1	0
723	2000	12	316	1	0
723	2001	1	4507	1	0
723	2001	2	4639	1	0
723	2001	3	4750	1	0
723	2001	10	4165	1	0
723	2001	11	4265	1	0
723	2001	12	4421	1	0
723	2002	1	113432	1	0
723	2002	2	113508	1	0
723	2002	3	113604	1	0
723	2002	10	113123	1	0
723	2002	11	113227	1	0
723	2002	12	113337	1	0
723	2003	1	136966	1	0
723	2003	2	136993	1	0
723	2003	3	137028	1	0
723	2003	10	127513	1	0
723	2003	11	136062	1	4
723	2003	12	136069	1	0
723	2004	1	142301	1	0
723	2004	2	142394	1	0
723	2004	3	142517	1	0
723	2004	10	141782	1	0
723	2004	11	141857	1	2
723	2004	12	141987	1	0
723	2005	10	145692	1	11
723	2008	2	160848	1	0
723	2008	10	157990	1	0
723	2009	1	166263	1	0
723	2009	3	166317	1	6
723	2009	10	166111	1	0
723	2009	11	166149	1	0
723	2009	12	166221	1	0
723	2013	1	187687	1	0
723	2013	2	188413	1	0
723	2013	3	189438	1	0
723	2013	12	187089	1	0
723	2014	1	194808	1	0
723	2014	2	194682	1	0
723	2014	3	194809	1	0
723	2014	10	191153	1	0
723	2014	11	192549	1	0
723	2014	12	192857	1	0
723	2015	1	198502	1	0
723	2015	2	199262	1	0
723	2015	10	196504	1	0
723	2015	11	197280	1	0
723	2015	12	198245	1	0
728	1992	1	107292	1	0
728	1992	2	107339	1	0
728	1992	3	107387	1	0
728	1992	12	107244	1	0
728	1993	1	107671	1	0
728	1993	2	107720	1	0
728	1993	3	107750	1	0
728	1993	10	107528	1	0
728	1993	11	107575	1	0
728	1993	12	107603	1	0
728	1994	1	108053	1	0
728	1994	2	108139	1	0
728	1994	3	108167	1	0
728	1994	10	107948	1	0
728	1994	11	107959	1	0
728	1994	12	108023	1	0
728	1995	1	108573	1	0
728	1995	2	108620	1	0
728	1995	3	108669	1	0
728	1995	10	108427	1	0
728	1995	11	108476	1	0
728	1995	12	108503	1	0
728	1996	1	109053	1	0
728	1996	2	109154	1	0
728	1996	3	109205	1	0
728	1996	10	108901	1	0
728	1996	11	108953	1	0
728	1996	12	109003	1	0
728	1997	1	109577	1	0
728	1997	2	109646	1	0
728	1997	3	109692	1	0
728	1997	10	109413	1	0
728	1997	11	109467	1	0
728	1997	12	109516	1	0
728	1998	1	110017	1	0
728	1998	2	110068	1	0
728	1998	3	110097	1	0
728	1998	10	109882	1	0
728	1998	11	109918	1	0
728	1998	12	109944	1	0
728	1999	1	5836	1	0
728	1999	2	5887	1	0
728	1999	3	5936	1	0
728	1999	10	5670	1	0
728	1999	12	5787	1	0
728	2000	1	388	1	0
728	2000	2	1087	1	0
728	2000	3	2318	1	1
728	2000	10	67	1	0
728	2000	11	178	1	0
728	2000	12	274	1	0
728	2001	1	4535	1	0
728	2001	2	4546	1	0
728	2001	3	4662	1	0
728	2001	11	4322	1	0
728	2001	12	4335	1	0
728	2002	1	113464	1	0
728	2002	2	113562	1	0
728	2002	3	113658	1	0
728	2002	10	113182	1	4
728	2002	11	113277	1	0
728	2002	12	113368	1	0
728	2003	1	140677	1	0
728	2003	2	140685	1	0
728	2003	3	140696	1	0
728	2003	10	140653	1	0
728	2003	11	140657	1	0
728	2003	12	140663	1	0
728	2004	1	154154	1	0
728	2004	2	154163	1	0
728	2004	3	154169	1	0
728	2004	10	154134	1	0
728	2004	11	154139	1	0
728	2004	12	154148	1	0
728	2005	1	147046	1	0
728	2005	2	147813	1	0
728	2005	3	155784	1	0
728	2005	10	153312	1	0
728	2005	11	147004	1	0
728	2005	12	147002	1	0
728	2006	1	156138	1	0
728	2006	2	156139	1	0
728	2006	3	156146	1	0
728	2006	10	156126	1	0
728	2006	11	156130	1	0
728	2006	12	156131	1	0
728	2007	1	152723	1	0
728	2007	2	153820	1	1
728	2007	3	155161	1	0
728	2007	10	150625	1	0
728	2007	11	151417	1	0
728	2007	12	152136	1	0
728	2008	1	160350	1	0
728	2008	2	160853	1	0
728	2008	3	161450	1	0
728	2008	10	157993	1	0
728	2008	11	158806	1	0
728	2008	12	159387	1	0
728	2009	1	166266	1	0
728	2009	2	166298	1	0
728	2009	3	166321	1	0
728	2009	10	166117	1	0
728	2009	11	166148	1	0
728	2009	12	166226	1	0
728	2010	1	169707	1	0
728	2010	2	169892	1	0
728	2010	3	170649	1	20
728	2010	10	174996	1	0
728	2010	11	167738	1	0
728	2010	12	168439	1	0
728	2011	1	173288	1	0
728	2011	2	174906	1	0
728	2011	3	174904	1	0
728	2011	10	171664	1	0
728	2011	11	172646	1	0
728	2011	12	173013	1	0
728	2012	1	180205	1	0
728	2012	2	181825	1	0
728	2012	3	182460	1	0
728	2012	10	178707	1	0
728	2012	11	180507	1	0
728	2012	12	178737	1	0
728	2013	1	187809	1	0
728	2013	2	190522	1	0
728	2013	3	190524	1	0
728	2013	10	183699	1	0
728	2013	11	185020	1	0
728	2013	12	186975	1	0
728	2014	1	193408	1	0
728	2014	2	195496	1	0
728	2014	3	195498	1	0
728	2014	10	191001	1	5
728	2014	11	192548	1	0
728	2014	12	192793	1	0
728	2015	1	198633	1	0
728	2015	2	199217	1	0
728	2015	3	200103	1	0
728	2015	10	196649	1	0
728	2015	11	197188	1	0
728	2015	12	197957	1	0
739	1992	1	107291	1	0
739	1992	2	107338	1	0
739	1992	3	107386	1	0
739	1992	11	107216	1	0
739	1992	12	107243	1	0
739	1993	1	107627	1	0
739	1993	2	107719	1	0
739	1993	3	107753	1	0
739	1993	10	107501	1	0
739	1993	11	107531	1	0
739	1993	12	107602	1	0
739	1994	1	108093	1	0
739	1994	2	108138	1	0
739	1994	3	108166	1	26
739	1994	10	107940	1	0
739	1994	11	107999	1	4
739	1994	12	108001	1	0
739	1995	1	108544	1	0
739	1995	2	108577	1	0
739	1995	3	108623	1	2
739	1995	10	108381	1	0
739	1995	11	108430	1	0
739	1995	12	108506	1	0
739	1996	1	109024	1	0
739	1996	2	109123	1	0
739	1996	3	109204	1	0
739	1996	10	108904	1	0
739	1996	11	108906	1	0
739	1996	12	108956	1	0
739	1997	1	109568	1	0
739	1997	2	109666	1	0
739	1997	3	109667	1	0
739	1997	10	109416	1	0
739	1997	11	109470	1	0
739	1997	12	109520	1	0
739	1998	1	110020	1	0
739	1998	2	110071	1	0
739	1998	3	110100	1	0
739	1998	10	109885	1	0
739	1998	11	109887	1	0
739	1998	12	109947	1	0
739	1999	1	5837	1	0
739	1999	2	5888	1	0
739	1999	3	5937	1	0
739	1999	10	5671	1	0
739	1999	11	5740	1	0
739	1999	12	5788	1	0
739	2000	1	391	1	0
739	2000	2	498	1	0
739	2000	3	2319	1	0
739	2000	10	89	1	22
739	2000	11	200	1	0
739	2000	12	307	1	0
739	2001	1	4537	1	0
739	2001	2	4545	1	0
739	2001	3	4663	1	0
739	2001	10	4135	1	0
739	2001	11	4323	1	0
739	2001	12	4334	1	0
739	2002	1	113462	1	0
739	2002	2	113561	1	0
739	2002	3	113656	1	270
739	2002	10	113180	1	8
739	2002	11	113276	1	0
739	2002	12	113366	1	0
739	2003	1	140678	1	0
739	2003	2	140687	1	0
739	2003	3	140694	1	0
739	2003	10	140651	1	167
739	2003	11	140656	1	0
739	2003	12	140664	1	0
739	2004	1	154155	1	0
739	2004	2	154162	1	5
739	2004	3	154168	1	0
739	2004	10	154135	1	0
739	2004	11	154140	1	0
739	2004	12	154152	1	0
739	2005	1	147045	1	0
739	2005	2	141688	1	0
739	2005	3	141687	1	0
739	2005	10	153300	1	0
739	2005	11	147006	1	0
739	2005	12	147001	1	0
739	2006	1	144010	1	0
739	2006	2	144748	1	0
739	2006	3	145371	1	17
739	2006	10	142466	1	67
739	2006	11	143059	1	0
739	2006	12	143570	1	0
739	2007	1	152409	1	0
739	2007	2	155426	1	0
739	2007	3	154318	1	0
739	2007	10	150330	1	0
739	2007	11	151065	1	0
739	2007	12	151800	1	0
739	2008	1	159607	1	0
739	2008	2	160366	1	0
739	2008	3	161183	1	0
739	2008	10	157820	1	0
739	2008	11	158371	1	165
739	2008	12	159047	1	0
739	2009	1	164564	1	0
739	2009	2	164897	1	0
739	2009	3	165991	1	0
739	2009	10	162202	1	0
739	2009	11	162721	1	0
739	2009	12	163547	1	0
739	2010	1	169331	1	0
739	2010	2	170077	1	0
739	2010	3	170668	1	0
739	2010	10	167189	1	0
739	2010	11	167727	1	0
739	2010	12	168410	1	0
739	2011	1	173244	1	0
739	2011	2	173972	1	0
739	2011	3	176085	1	0
739	2011	10	171697	1	0
739	2011	11	172146	1	0
739	2011	12	172845	1	0
739	2012	1	180166	1	0
739	2012	2	181725	1	0
739	2012	3	182211	1	0
739	2012	10	176716	1	0
739	2012	11	177546	1	0
739	2012	12	178754	1	0
739	2013	1	187807	1	0
739	2013	2	188412	1	0
739	2013	3	189447	1	0
739	2013	10	183641	1	0
739	2013	11	184700	1	0
739	2013	12	186848	1	0
739	2014	1	193353	1	0
739	2014	2	194252	1	0
739	2014	3	194991	1	0
739	2014	10	190905	1	0
739	2014	11	192416	1	0
739	2014	12	192726	1	0
739	2015	2	198906	1	0
739	2015	3	199720	1	0
739	2015	10	196438	1	0
739	2015	12	197659	1	0
767	1992	1	107288	1	0
767	1992	2	107335	1	0
767	1992	3	107383	1	0
767	1992	11	107213	1	0
767	1992	12	107240	1	0
767	1993	1	107669	1	0
767	1993	2	107716	1	0
767	1993	3	107747	1	0
767	1993	10	107525	1	0
767	1993	11	107572	1	0
767	1993	12	107599	1	2
767	1994	1	108051	1	0
767	1994	2	108135	1	1
767	1994	3	108163	1	0
767	1994	10	107945	1	0
767	1994	11	107956	1	1
767	1994	12	108020	1	0
767	1995	1	108570	1	0
767	1995	2	108617	1	0
767	1995	3	108667	1	0
767	1995	10	108424	1	0
767	1995	11	108473	1	0
767	1995	12	108500	1	0
767	1996	1	109050	1	0
767	1996	2	109151	1	0
767	1996	3	109201	1	0
767	1996	10	108899	1	0
767	1996	11	108951	1	0
767	1996	12	109000	1	0
767	1997	1	109574	1	0
767	1997	2	109644	1	0
767	1997	3	109690	1	0
767	1997	10	109411	1	0
767	1997	11	109465	1	0
767	1997	12	109514	1	0
767	1998	1	110014	1	0
767	1998	2	110065	1	2
767	1998	3	110095	1	15
767	1998	10	109880	1	0
767	1998	11	109916	1	0
767	1998	12	109942	1	0
767	1999	1	5846	1	0
767	1999	2	5897	1	0
767	1999	3	5946	1	2
767	1999	10	5676	1	0
767	1999	11	5749	1	0
767	1999	12	5797	1	0
767	2000	1	3010	1	0
767	2000	2	3045	1	35
767	2000	3	3094	1	6
767	2000	10	2836	1	0
767	2000	11	197	1	0
767	2000	12	2908	1	0
767	2001	1	5037	1	0
767	2001	2	5087	1	6
767	2001	3	5093	1	0
767	2001	10	4887	1	0
767	2001	11	4896	1	0
767	2001	12	4987	1	0
767	2002	1	111282	1	0
767	2002	2	111331	1	0
767	2002	3	111359	1	0
767	2002	10	111135	1	0
767	2002	11	111184	1	0
767	2002	12	111233	1	0
767	2003	1	114258	1	0
767	2003	2	114297	1	7
767	2003	10	111674	1	0
767	2003	11	111871	1	0
767	2003	12	112042	1	0
767	2004	1	137443	1	0
767	2004	2	137287	1	0
767	2004	3	137648	1	0
767	2004	10	137095	1	0
767	2004	11	115156	1	0
767	2004	12	137108	1	0
767	2005	1	139710	1	0
767	2005	2	140533	1	0
767	2005	3	140749	1	0
767	2005	10	139153	1	1
767	2005	11	139515	1	0
767	2005	12	139634	1	0
767	2006	1	144359	1	0
767	2006	2	144702	1	0
767	2006	3	145892	1	0
767	2006	10	142710	1	0
767	2006	11	143264	1	0
767	2006	12	143824	1	0
767	2007	1	152878	1	0
767	2007	2	154123	1	0
767	2007	3	155235	1	0
767	2007	10	150759	1	0
767	2007	11	151459	1	0
767	2007	12	152192	1	0
767	2008	1	159944	1	0
767	2008	2	160780	1	0
767	2008	3	161504	1	0
767	2008	10	158209	1	0
767	2008	11	158780	1	0
767	2008	12	159197	1	0
767	2009	1	166615	1	0
767	2009	2	166601	1	0
767	2009	3	166128	1	0
767	2009	10	162430	1	0
767	2009	11	163115	1	0
767	2009	12	163768	1	0
767	2010	1	169701	1	0
767	2010	2	170224	1	0
767	2010	3	171467	1	0
767	2010	10	168326	1	0
767	2010	11	168296	1	0
767	2010	12	168955	1	0
767	2011	1	173696	1	0
767	2011	2	175195	1	0
767	2011	3	175312	1	0
767	2011	10	175258	1	0
767	2011	11	172671	1	0
767	2011	12	172724	1	1
767	2012	1	180362	1	0
767	2012	2	186179	1	0
767	2012	3	186237	1	0
767	2012	10	178591	1	0
767	2012	11	180501	1	0
767	2012	12	180488	1	0
767	2013	1	190250	1	0
767	2013	2	188839	1	0
767	2013	3	189888	1	0
767	2013	10	188343	1	0
767	2013	11	189052	1	0
767	2013	12	189085	1	0
767	2014	1	193676	1	0
767	2014	2	195986	1	0
767	2014	3	195973	1	0
767	2014	10	194202	1	0
767	2014	11	192413	1	0
767	2014	12	194214	1	0
767	2015	2	199414	1	0
767	2015	10	196924	1	0
767	2015	11	197878	1	0
767	2015	12	198190	1	0
1098	2003	2	138474	1	0
1098	2003	3	138481	1	0
1098	2004	1	138935	1	0
1098	2004	2	138939	1	0
1098	2004	3	138759	1	0
1098	2004	10	156050	1	0
1098	2004	11	138911	1	0
1098	2004	12	138918	1	0
1098	2005	1	147027	1	0
1098	2005	2	148186	1	0
1098	2005	3	154199	1	0
1098	2005	10	147016	1	0
1098	2005	11	146975	1	0
1098	2005	12	146993	1	0
1098	2006	1	144115	1	0
1098	2006	2	144930	1	0
1098	2006	3	145352	1	0
1098	2006	10	142704	1	0
1098	2006	11	142998	1	0
1098	2006	12	143873	1	0
1098	2007	1	152563	1	0
1098	2007	2	153766	1	0
1098	2007	3	155370	1	0
1098	2007	10	150793	1	1
1098	2007	11	151527	1	0
1098	2007	12	152333	1	0
1098	2008	1	159701	1	0
1098	2008	2	160888	1	0
1098	2008	3	161411	1	0
1098	2008	10	158151	1	0
1098	2008	11	158858	1	0
1098	2008	12	159405	1	0
1098	2009	1	164716	1	0
1098	2009	2	165255	1	0
1098	2009	3	166269	1	0
1098	2009	10	162680	1	0
1098	2009	11	163296	1	0
1098	2009	12	163712	1	0
1098	2010	1	169739	1	0
1098	2010	2	172109	1	0
1098	2010	3	172119	1	0
1098	2010	10	167657	1	0
1098	2010	11	168286	1	0
1098	2010	12	168919	1	0
1098	2011	1	173803	1	0
1098	2011	2	176551	1	0
1098	2011	3	176562	1	0
1098	2011	10	173781	1	0
1098	2011	11	173788	1	0
1098	2012	1	181638	1	0
1098	2012	2	182097	1	0
1098	2012	3	182734	1	1
1098	2012	10	177140	1	0
1098	2012	11	179186	1	0
1098	2012	12	179200	1	0
1098	2013	1	188096	1	0
1098	2013	2	189204	1	0
1098	2013	3	190049	1	0
1098	2013	10	184049	1	0
1098	2013	11	186137	1	0
1098	2013	12	187463	1	0
1098	2014	1	193833	1	0
1098	2014	2	194646	1	0
1098	2014	3	195300	1	0
1098	2014	10	192660	1	1
1098	2014	11	192677	1	0
1098	2014	12	192990	1	0
1098	2015	1	198482	1	0
1098	2015	2	199395	1	0
1098	2015	10	196820	1	3
1098	2015	11	197442	1	0
1098	2015	12	198232	1	0
