ObservationID	LocationID	Date	Complete	Count
13	3151101	1999-10-16	1	0
23	3150502	1999-10-16	1	0
126	3151101	1999-11-14	1	0
143	3150502	1999-11-13	1	0
224	3151101	1999-12-18	1	0
246	3150502	1999-12-18	1	0
358	3151101	2000-01-15	1	0
426	3150502	2000-01-15	1	0
461	3150502	2000-02-12	1	0
491	3151101	2000-02-13	1	0
871	3130101	1999-10-16	1	0
873	3130101	1999-11-14	1	0
874	3130101	1999-12-18	1	0
875	3130101	2000-01-15	1	0
876	3130101	2000-02-12	1	0
877	3130101	2000-03-18	1	0
1247	4120401	1999-10-16	1	0
1252	3120701	1999-10-16	1	0
1267	3120701	1999-11-14	1	0
1271	4120401	1999-11-13	1	0
1297	3120701	1999-12-18	1	0
1307	4120401	1999-12-19	1	0
1321	3120701	2000-01-15	1	0
1331	4120401	2000-01-15	1	0
1344	3120701	2000-02-12	1	0
1354	4120401	2000-02-12	1	0
1355	3120302	2000-03-18	1	0
1366	3120701	2000-03-18	1	0
1372	4120401	2000-03-18	1	0
1928	3151101	2000-03-18	1	0
1971	3150502	2000-03-18	1	0
2098	3120302	2000-10-15	1	0
2100	3120302	2000-12-16	1	0
2101	3120302	2001-01-13	1	0
2102	3120302	2001-02-17	1	0
2182	3120701	2001-02-17	1	1
2183	3120701	2001-03-17	1	0
2190	4120401	2000-10-15	1	0
2191	4120401	2000-11-11	1	0
2192	4120401	2000-12-17	1	0
2193	4120401	2001-01-13	1	0
2194	4120401	2001-02-17	1	0
2195	4120401	2001-03-17	1	0
2225	3130101	2000-10-15	1	0
2226	3130101	2000-11-11	1	0
2227	3130101	2000-12-17	1	0
2228	3130101	2001-01-13	1	0
2229	3130101	2001-02-17	1	0
2230	3130101	2001-03-17	1	0
2362	1030101	1999-10-15	1	0
2410	1030101	1999-11-11	1	0
2454	1030101	1999-12-16	1	0
2503	1030101	2000-01-13	1	0
2557	1030101	2000-02-14	1	0
2606	1030101	2000-03-16	1	0
3114	1010101	1999-10-16	1	0
3134	1010101	1999-11-12	1	0
3154	1010101	1999-12-19	1	0
3174	1010101	2000-01-14	1	0
3194	1010101	2000-02-12	1	0
3214	1010101	2000-03-18	1	0
3273	1010201	1999-10-18	1	0
3277	1010201	1999-11-14	1	0
3281	1010201	1999-12-19	1	0
3285	1010201	2000-01-16	1	0
3289	1010201	2000-02-13	1	0
3293	1010201	2000-03-16	1	0
3506	4180103	1999-10-16	1	0
3526	4180103	1999-11-13	1	0
3539	4180103	1999-12-18	1	0
3552	4180103	2000-01-15	1	0
3570	4180103	2000-02-12	1	0
3587	4180103	2000-03-18	1	0
4170	3151101	2000-10-15	1	0
4195	3150502	2000-10-14	1	0
4244	3150502	2000-11-11	1	0
4303	3151101	2000-11-11	1	0
4362	3151101	2000-12-16	1	0
4388	3150502	2000-12-16	1	0
4471	3150502	2001-01-13	1	0
4524	3151101	2001-01-13	1	0
4576	3151101	2001-02-17	1	0
4587	3152404	2001-02-17	1	0
4601	3150502	2001-02-17	1	0
4676	3151101	2001-03-17	1	0
4680	3150502	2001-03-17	1	0
4707	3152404	2001-03-17	1	0
5163	1030101	2000-10-13	1	0
5174	1030101	2000-11-15	1	0
5204	1030101	2000-12-14	1	0
5228	1030101	2001-01-15	1	0
5239	3130101	2001-10-13	1	0
5240	3130101	2001-11-17	1	0
5241	3130101	2001-12-15	1	0
5242	3130101	2002-01-12	1	0
5243	3130101	2002-02-16	1	0
5244	3130101	2002-03-16	1	0
5258	3120302	2001-10-13	1	0
5260	3120701	2001-10-13	1	0
5266	4120401	2001-10-13	1	0
5277	3120302	2001-11-17	1	0
5279	3120701	2001-11-18	1	0
5287	4120401	2001-11-17	1	0
5299	3120302	2001-12-16	1	0
5301	3120701	2001-12-15	1	0
5307	4120401	2001-12-15	1	0
5319	3120302	2002-01-12	1	0
5321	3120701	2002-01-13	1	1
5326	4120401	2002-01-12	1	0
5338	3120302	2002-02-16	1	0
5340	3120701	2002-02-17	1	0
5347	4120401	2002-02-16	1	0
5360	3120302	2002-03-16	1	0
5362	3120701	2002-03-16	1	0
5369	4120401	2002-03-17	1	0
5421	1030101	2001-02-15	1	0
5446	1030101	2001-03-15	1	0
5630	2051001	2000-10-12	1	0
5632	2051001	2000-11-22	1	1
5633	2051001	2000-12-17	1	0
5634	2051001	2001-01-14	1	0
5637	2051001	2001-03-16	1	0
5980	1010101	2000-10-15	1	0
5998	1010201	2000-10-12	1	0
6024	1010101	2000-11-10	1	0
6084	1010201	2000-11-14	1	0
6093	1010101	2000-12-16	1	0
6136	1010201	2000-12-19	1	0
6145	1010101	2001-01-12	1	0
6177	1010201	2001-01-14	1	0
6198	1010101	2001-02-16	1	0
6238	1010201	2001-02-17	0	0
6258	1010101	2001-03-17	1	0
6298	1010201	2001-03-19	1	0
6362	4180103	2000-10-14	1	0
6376	4180103	2000-11-11	1	0
6391	4180103	2000-12-16	1	0
6407	4180103	2001-01-13	1	0
6422	4180103	2001-02-17	1	0
6435	4180103	2001-03-17	1	0
90743	1010101	1993-10-17	1	0
90759	1010201	1993-10-17	1	0
90782	1010101	1993-11-13	1	1
90798	1010201	1993-11-13	1	0
90820	1010101	1993-12-11	1	2
90837	1010201	1993-12-11	1	0
90856	1010101	1994-01-15	1	3
90872	1010201	1994-01-15	1	0
90895	1010101	1994-02-13	1	0
90911	1010201	1994-02-13	1	0
90934	1010101	1994-03-13	1	0
90950	1010201	1994-03-13	1	0
91041	1030101	1993-10-17	1	0
91065	1030101	1993-11-16	1	1
91093	1030101	1993-12-18	1	0
91118	1030101	1994-01-07	1	0
91147	1030101	1994-02-12	1	0
91178	1030101	1994-03-06	1	0
91230	2051001	1993-10-17	1	0
91248	2051001	1993-11-14	1	0
91268	2051001	1993-12-12	1	0
91287	2051001	1994-01-16	1	0
91307	2051001	1994-02-13	1	0
91327	2051001	1994-03-13	1	0
91462	3150502	1993-10-17	1	0
91478	3151101	1993-10-17	1	0
91531	3150502	1993-11-14	1	1
91548	3151101	1993-11-14	1	0
91607	3150502	1993-12-12	1	0
91624	3151101	1993-12-12	1	0
91692	3150502	1994-01-16	1	0
91709	3151101	1994-01-16	1	1
91776	3150502	1994-02-13	1	0
91793	3151101	1994-02-13	1	1
91862	3150502	1994-03-13	1	0
91879	3151101	1994-03-13	1	1
92288	3120302	1993-10-17	1	0
92289	4120401	1993-10-17	1	0
92293	3120701	1993-11-13	1	0
92298	3120302	1993-11-13	1	0
92301	3120701	1993-12-12	1	0
92306	3120302	1993-12-12	1	0
92307	4120401	1993-12-12	1	0
92311	3120701	1994-01-16	1	0
92316	3120302	1994-01-16	1	0
92317	4120401	1994-01-16	1	0
92321	3120701	1994-02-13	1	0
92326	3120302	1994-02-13	1	0
92329	3120701	1994-03-12	1	0
92334	3120302	1994-03-12	1	0
92335	4120401	1994-03-12	1	0
92338	3130101	1993-10-16	1	0
92341	3130101	1993-11-13	1	0
92344	3130101	1993-12-12	1	0
92347	3130101	1994-01-16	1	0
92350	3130101	1994-02-13	1	0
92353	3130101	1994-03-13	1	0
92641	4180103	1993-10-16	1	0
92651	4180103	1993-11-15	1	0
92664	4180103	1993-12-11	1	0
92677	4180103	1994-01-15	1	0
92690	4180103	1994-02-12	1	0
92704	4180103	1994-03-12	1	0
92937	3150502	1995-10-15	1	0
92954	3151101	1995-10-15	1	0
93024	3150502	1995-11-19	1	0
93041	3151101	1995-11-19	1	0
93109	3150502	1995-12-17	1	0
93126	3151101	1995-12-17	1	0
93201	3150502	1996-01-14	1	0
93218	3151101	1996-01-14	1	0
93296	3150502	1996-02-18	1	0
93313	3151101	1996-02-18	1	0
93387	3150502	1996-03-18	1	0
93401	3151101	1996-03-18	1	0
93474	1010101	1995-10-14	1	0
93491	1010201	1995-10-15	1	0
93510	1010101	1995-11-18	1	3
93527	1010201	1995-11-19	1	0
93545	1010101	1995-12-17	1	4
93562	1010201	1995-12-16	1	0
93578	1010101	1996-01-14	1	4
93595	1010201	1996-01-13	1	0
93617	1010101	1996-02-17	1	0
93633	1010201	1996-02-17	1	0
93654	1010101	1996-03-16	1	1
93671	1010201	1996-03-16	1	0
94091	3120701	1995-10-15	1	0
94096	3120302	1995-10-15	1	0
94099	3120701	1995-11-18	1	0
94104	3120302	1995-11-18	1	0
94105	4120401	1995-11-18	1	0
94109	3120701	1995-12-17	1	0
94114	3120302	1995-12-17	1	0
94115	4120401	1995-12-17	1	0
94119	3120701	1996-01-14	1	0
94124	3120302	1996-01-14	1	0
94125	4120401	1996-01-14	1	0
94129	3120701	1996-02-18	1	0
94131	3120302	1996-02-18	1	0
94132	4120401	1996-02-18	1	0
94136	3120701	1996-03-17	1	0
94141	3120302	1996-03-17	1	0
94144	3130101	1995-10-15	1	0
94147	3130101	1995-11-19	1	0
94150	3130101	1995-12-17	1	0
94153	3130101	1996-01-14	1	0
94156	3130101	1996-02-18	1	0
94159	3130101	1996-03-17	1	0
94403	2051001	1995-10-15	1	2
94414	2051001	1995-11-19	1	0
94425	2051001	1995-12-17	1	0
94436	2051001	1996-01-13	1	0
94449	2051001	1996-02-17	1	0
94461	2051001	1996-03-17	1	0
94761	1030101	1995-10-14	1	0
94790	1030101	1995-11-19	1	0
94822	1030101	1995-12-18	1	0
94871	1030101	1996-01-15	1	0
94901	1030101	1996-02-15	1	0
94935	1030101	1996-03-15	1	0
94973	4180103	1995-10-14	1	1
94985	4180103	1995-11-18	1	1
94997	4180103	1995-12-16	1	1
95010	4180103	1996-01-13	1	1
95027	4180103	1996-02-17	1	1
95039	4180103	1996-03-16	1	1
95250	1010101	1992-10-18	1	0
95266	1010201	1992-10-18	1	0
95290	1010101	1992-11-15	1	1
95297	1010201	1992-11-15	1	0
95320	1010101	1992-12-13	1	0
95335	1010201	1992-12-13	1	0
95358	1010101	1993-01-17	1	0
95372	1010201	1993-01-17	1	0
95396	1010101	1993-02-14	1	0
95412	1010201	1993-02-14	1	0
95431	1010101	1993-03-14	1	0
95445	1010201	1993-03-14	1	0
95546	1030101	1992-10-17	1	0
95575	1030101	1992-11-15	1	0
95606	1030101	1992-12-14	1	0
95619	1030101	1993-01-17	1	0
95680	1030101	1993-02-21	1	0
95688	1030101	1993-03-14	1	0
95726	2051001	1992-10-18	1	0
95747	2051001	1992-11-15	1	0
95768	2051001	1992-12-13	1	0
95788	2051001	1993-01-17	1	0
95810	2051001	1993-02-14	1	0
95830	2051001	1993-03-14	1	0
96241	3120701	1992-10-17	1	0
96246	3120302	1992-10-17	1	0
96247	4120401	1992-10-17	1	0
96251	3120701	1992-11-14	1	0
96256	3120302	1992-11-14	1	0
96257	4120401	1992-11-14	1	0
96261	3120701	1992-12-12	1	0
96266	3120302	1992-12-12	1	0
96267	4120401	1992-12-12	1	0
96271	3120701	1993-01-16	1	0
96276	3120302	1993-01-16	1	0
96279	3120701	1993-02-14	1	0
96284	4120401	1993-02-14	1	0
96288	3120701	1993-03-13	1	0
96305	3130101	1992-10-17	1	0
96308	3130101	1992-11-14	1	0
96311	3130101	1992-12-12	1	0
96314	3130101	1993-01-16	1	0
96317	3130101	1993-02-14	1	0
96320	3130101	1993-03-13	1	0
96415	3150502	1992-10-17	1	1
96447	3151101	1992-10-17	1	0
96478	3150502	1992-11-14	1	1
96512	3151101	1992-11-14	1	0
96543	3150502	1992-12-12	1	0
96577	3151101	1992-12-12	1	0
96610	3150502	1993-01-16	1	0
96643	3151101	1993-01-16	1	0
96676	3150502	1993-02-14	1	0
96709	3151101	1993-02-14	1	0
96743	3150502	1993-03-13	1	0
96775	3151101	1993-03-13	1	0
96927	4180103	1992-10-10	1	0
96934	4180103	1992-11-15	1	0
96944	4180103	1992-12-13	1	0
96951	4180103	1993-01-17	1	0
96958	4180103	1993-02-14	1	0
96966	4180103	1993-03-13	1	0
97407	3130101	1996-10-15	1	0
97410	3130101	1996-11-15	1	0
97413	3130101	1996-12-15	1	0
97416	3130101	1997-01-15	1	0
97419	3130101	1997-02-15	1	0
97422	3130101	1997-03-15	1	0
97610	3150502	1996-10-13	1	0
97627	3151101	1996-10-13	1	0
97680	3150502	1996-11-17	1	0
97694	3151101	1996-11-17	1	0
97754	3150502	1996-12-15	1	0
97769	3151101	1996-12-15	1	0
97829	3150502	1997-01-19	1	0
97844	3151101	1997-01-19	1	0
97902	3150502	1997-02-16	1	0
97917	3151101	1997-02-16	1	0
97978	3150502	1997-03-16	1	0
97992	3151101	1997-03-16	1	0
98137	2051001	1996-10-14	1	0
98138	2051001	1996-11-16	1	1
98139	2051001	1996-12-15	1	1
98140	2051001	1997-01-20	1	0
98141	2051001	1997-03-16	1	0
98437	1030101	1996-10-12	1	0
98438	1030101	1996-11-14	1	1
98439	1030101	1996-12-15	1	0
98440	1030101	1997-01-19	1	0
98441	1030101	1997-02-15	1	0
98442	1030101	1997-03-15	1	1
98653	3120701	1996-10-13	1	0
98658	3120302	1996-10-13	1	0
98659	4120401	1996-10-13	1	0
98667	3120701	1996-11-16	1	0
98672	3120302	1996-11-16	1	0
98673	4120401	1996-11-16	1	0
98681	3120701	1996-12-15	1	0
98686	3120302	1996-12-15	1	0
98687	4120401	1996-12-15	1	0
98694	3120701	1997-01-18	1	0
98699	3120302	1997-01-18	1	0
98700	4120401	1997-01-18	1	0
98707	3120701	1997-02-15	1	0
98712	3120302	1997-02-15	1	0
98713	4120401	1997-02-15	1	0
98720	3120701	1997-03-15	1	0
98725	3120302	1997-03-15	1	0
98726	4120401	1997-03-15	1	0
98732	1010101	1996-10-12	1	0
98748	1010201	1996-10-11	1	0
98768	1010101	1996-11-17	1	0
98785	1010201	1996-11-17	1	0
98799	1010101	1996-12-15	1	1
98815	1010201	1996-12-15	1	0
98833	1010101	1997-01-19	1	0
98850	1010201	1997-01-18	1	0
98879	1010101	1997-02-14	1	0
98896	1010201	1997-02-15	1	0
98918	1010101	1997-03-15	1	0
98935	1010201	1997-03-16	1	0
98962	4180103	1996-10-12	1	1
98974	4180103	1996-11-16	1	1
98987	4180103	1996-12-15	1	1
99000	4180103	1997-01-18	1	1
99018	4180103	1997-02-15	1	1
99031	4180103	1997-03-15	1	1
100214	1010101	1997-10-18	1	0
100234	1010201	1997-10-18	1	0
100241	1010101	1997-11-15	1	0
100270	1010201	1997-12-13	1	0
100282	1010201	1998-01-17	1	0
100292	1010201	1998-02-15	1	0
100316	1010101	1997-12-13	1	0
100343	1010101	1998-01-16	1	0
100363	1010101	1998-02-14	1	0
100387	1010101	1998-03-14	1	0
100404	1010201	1997-11-14	1	0
100727	1030101	1997-10-17	1	0
100729	1030101	1997-12-16	1	0
100733	1030101	1998-01-21	1	0
100737	1030101	1998-02-13	1	0
100743	1030101	1998-03-13	1	0
101267	3120701	1997-10-18	1	0
101272	3120302	1997-10-18	1	0
101273	4120401	1997-10-18	1	0
101282	3120701	1997-11-15	1	0
101287	3120302	1997-11-15	1	0
101288	4120401	1997-11-15	1	0
101298	3120701	1997-12-13	1	0
101303	3120302	1997-12-13	1	0
101304	4120401	1997-12-13	1	0
101314	3120701	1998-01-17	1	0
101319	3120302	1998-01-17	1	0
101320	4120401	1998-01-17	1	0
101329	3120701	1998-02-14	1	0
101334	3120302	1998-02-15	1	0
101335	4120401	1998-02-14	1	0
101345	3120701	1998-03-14	1	0
101350	3120302	1998-03-14	1	0
101351	4120401	1998-03-14	1	0
101358	3130101	1997-10-15	1	0
101361	3130101	1997-11-15	1	0
101364	3130101	1997-12-15	1	0
101367	3130101	1998-01-15	1	0
101370	3130101	1998-02-15	1	0
101373	3130101	1998-03-15	1	0
101456	3150502	1997-10-15	1	0
101474	3151101	1997-10-15	1	0
101542	3150502	1997-11-15	1	0
101560	3151101	1997-11-15	1	0
101631	3150502	1997-12-15	1	0
101649	3151101	1997-12-15	1	0
101723	3150502	1998-01-15	1	0
101741	3151101	1998-01-15	1	0
101818	3150502	1998-02-15	1	0
101836	3151101	1998-02-15	1	0
101913	3150502	1998-03-15	1	0
101932	3151101	1998-03-15	1	0
102128	4180103	1997-10-18	1	1
102143	4180103	1997-11-15	1	1
102156	4180103	1997-12-13	1	1
102170	4180103	1998-01-17	1	1
102183	4180103	1998-02-14	1	1
102195	4180103	1998-03-14	1	1
102202	2051001	1997-10-18	1	0
102203	2051001	1997-11-16	1	0
102204	2051001	1997-12-15	1	0
102205	2051001	1998-01-19	1	0
102206	2051001	1998-02-17	1	0
102207	2051001	1998-03-15	1	0
102310	3120701	1998-10-17	1	0
102315	3120302	1998-10-17	1	0
102316	4120401	1998-10-17	1	0
102326	3120701	1998-11-15	1	0
102331	3120302	1998-11-15	1	0
102332	4120401	1998-11-15	1	0
102344	3120701	1998-12-12	1	0
102349	3120302	1998-12-12	1	0
102350	4120401	1998-12-13	1	0
102362	3120701	1999-01-16	1	0
102367	3120302	1999-01-17	1	0
102368	4120401	1999-01-16	1	0
102379	3120701	1999-02-14	1	0
102384	3120302	1999-02-13	1	0
102385	4120401	1999-02-13	1	0
102396	3120701	1999-03-14	1	0
102401	3120302	1999-03-13	1	0
102402	4120401	1999-03-14	1	0
102864	1030101	1998-10-15	1	0
102868	1030101	1998-11-13	1	0
102872	1030101	1998-12-11	1	1
102875	1030101	1999-01-14	1	0
102879	1030101	1999-02-14	1	0
102883	1030101	1999-03-11	1	0
102888	1010101	1998-10-18	1	0
102904	1010101	1998-11-14	1	0
102921	1010101	1998-12-13	1	0
102937	1010101	1999-01-17	1	0
102954	1010101	1999-02-13	1	0
102970	1010101	1999-03-13	1	0
102994	3150502	1998-10-18	1	0
103012	3151101	1998-10-18	1	0
103095	3150502	1998-11-15	1	0
103113	3151101	1998-11-15	1	1
103183	3150502	1998-12-13	1	0
103201	3151101	1998-12-13	1	0
103270	3150502	1999-01-16	1	0
103288	3151101	1999-01-16	1	0
103357	3150502	1999-02-13	1	0
103376	3151101	1999-02-13	1	0
103446	3150502	1999-03-13	1	0
103464	3151101	1999-03-13	1	1
103546	3130101	1998-10-18	1	0
103549	3130101	1998-11-14	1	0
103552	3130101	1998-12-13	1	0
103555	3130101	1999-01-17	1	0
103558	3130101	1999-02-13	1	0
103561	3130101	1999-03-13	1	0
104246	2051001	1998-10-18	1	0
104247	2051001	1998-11-16	1	0
104248	2051001	1998-12-14	1	0
104249	2051001	1999-01-18	1	0
104250	2051001	1999-02-11	1	0
104251	2051001	1999-03-14	1	0
104546	4180103	1998-10-17	1	1
104562	4180103	1998-11-14	1	1
104578	4180103	1998-12-12	1	0
104591	4180103	1999-01-16	1	0
104606	4180103	1999-02-13	1	1
104617	4180103	1999-03-13	1	1
104669	1010201	1998-10-16	1	0
104689	1010201	1998-12-13	1	0
104718	1010201	1999-01-17	1	0
104734	1010201	1999-02-14	1	0
104741	1010201	1999-03-13	1	0
104755	3151101	1994-10-16	1	1
104757	3150502	1994-10-16	1	0
104813	3150502	1994-11-13	1	0
104830	3151101	1994-11-13	1	0
104895	3150502	1994-12-18	1	0
104912	3151101	1994-12-18	1	0
104976	3150502	1995-01-15	1	0
104991	3151101	1995-01-15	1	0
105055	3150502	1995-02-12	1	0
105071	3151101	1995-02-12	1	0
105135	3150502	1995-03-12	1	0
105152	3151101	1995-03-12	1	0
105385	3120701	1994-10-15	1	0
105390	3120302	1994-10-15	1	0
105392	3120701	1994-11-13	1	0
105397	3120302	1994-11-13	1	0
105398	4120401	1994-11-13	1	0
105401	3120701	1994-12-17	1	0
105406	3120302	1994-12-17	1	0
105407	4120401	1994-12-17	1	0
105410	3120701	1995-01-17	1	0
105415	3120302	1995-01-17	1	0
105416	4120401	1995-01-17	1	0
105419	3120701	1995-02-11	1	0
105424	3120302	1995-02-11	1	0
105425	4120401	1995-02-11	1	0
105428	3120701	1995-03-11	1	0
105433	3120302	1995-03-11	1	0
105801	4180103	1994-10-15	1	2
105812	4180103	1994-11-12	1	2
105823	4180103	1994-12-17	1	2
105833	4180103	1995-01-14	1	2
105846	4180103	1995-02-11	1	2
105857	4180103	1995-03-11	1	2
105863	3130101	1994-10-16	1	0
105864	3130101	1994-11-13	1	0
105865	3130101	1994-12-18	1	0
105866	3130101	1995-01-15	1	0
105867	3130101	1995-02-12	1	0
105868	3130101	1995-03-12	1	0
106154	1010101	1994-10-16	1	1
106171	1010201	1994-10-16	1	0
106197	1010101	1994-11-13	1	0
106213	1010201	1994-11-13	1	0
106239	1010101	1994-12-18	1	2
106260	1010201	1994-12-18	1	0
106274	1010101	1995-01-15	1	2
106292	1010201	1995-01-15	1	0
106317	1010101	1995-02-12	1	0
106334	1010201	1995-02-12	1	0
106353	1010101	1995-03-12	1	0
106370	1010201	1995-03-12	1	0
106487	2051001	1994-10-15	1	0
106488	2051001	1994-11-13	1	2
106489	2051001	1994-12-18	1	0
106490	2051001	1995-01-15	1	0
106491	2051001	1995-02-12	1	0
106492	2051001	1995-03-11	1	0
106887	1030101	1994-10-16	1	0
106956	1030101	1994-12-11	1	0
107001	1030101	1995-01-14	1	0
107034	1030101	1995-02-12	1	0
107095	1030101	1995-03-25	1	0
112204	1010101	2001-10-12	1	1
112225	1010101	2001-11-17	1	0
112246	1010101	2001-12-14	1	0
112267	1010101	2002-01-12	1	0
112288	1010101	2002-02-15	1	0
112309	1010101	2002-03-15	1	0
112331	1010201	2001-10-12	1	0
112384	1010201	2001-11-15	1	0
112431	1010201	2001-12-16	1	0
112490	1010201	2002-01-13	1	0
112525	1010201	2002-02-16	1	0
112574	1010201	2002-03-16	1	0
112617	1030101	2001-10-11	1	0
112656	1030101	2001-11-16	1	0
112693	1030101	2001-12-13	1	0
112734	1030101	2002-01-10	1	0
112777	1030101	2002-02-17	1	0
112821	1030101	2002-03-17	1	0
113105	3151101	2001-10-13	1	0
113127	3150502	2001-10-13	1	0
113148	3152404	2001-10-13	1	0
113201	3151101	2001-11-18	1	0
113215	3152404	2001-11-18	1	0
113236	3150502	2001-11-17	1	0
113279	3150502	2001-12-15	1	0
113286	3151101	2001-12-15	1	0
113347	3152404	2001-12-15	1	0
113392	3151101	2002-01-12	1	0
113415	3152404	2002-01-12	1	0
113441	3150502	2002-01-12	1	0
113491	3151101	2002-02-16	1	0
113513	3152404	2002-02-16	1	0
113545	3150502	2002-02-16	1	0
113608	3151101	2002-03-16	1	0
113612	3150502	2002-03-16	1	0
113650	3152404	2002-03-16	1	0
115145	2051001	2001-10-13	1	0
115146	2051001	2001-11-18	1	1
115147	2051001	2001-12-15	1	0
115148	2051001	2002-01-13	1	0
115149	2051001	2002-02-19	1	0
115150	2051001	2002-03-18	1	0
127503	3152404	2002-10-12	1	0
130745	1010101	1991-10-15	1	0
130760	1010201	1991-10-15	1	0
130808	1030101	1991-10-15	1	0
130814	2051001	1991-10-15	1	0
130897	3120701	1991-10-15	1	0
130901	3120302	1991-10-15	1	0
130902	4120401	1991-10-15	1	0
130904	3130101	1991-10-15	1	0
130934	3150502	1991-10-13	1	0
130957	3151101	1991-10-13	1	1
131032	1010101	1991-11-15	1	0
131048	1010201	1991-11-15	1	0
131100	2051001	1991-11-15	1	0
131209	3120701	1991-11-15	1	0
131214	3120302	1991-11-15	1	0
131215	3130101	1991-11-15	1	0
131259	3150502	1991-11-16	1	0
131284	3151101	1991-11-16	1	1
131324	4180103	1991-11-15	1	0
131361	1010101	1991-12-15	1	0
131376	1010201	1991-12-15	1	0
131437	2051001	1991-12-15	1	0
131498	4180103	1991-12-15	1	0
131546	3120701	1991-12-15	1	0
131551	3120302	1991-12-15	1	0
131553	3130101	1991-12-15	1	0
131596	3150502	1991-12-15	1	0
131622	3151101	1991-12-15	1	0
131699	1010101	1992-01-15	1	0
131714	1010201	1992-01-15	1	0
131768	1030101	1992-01-15	1	0
131782	2051001	1992-01-15	1	0
131879	3120701	1992-01-15	1	0
131884	3120302	1992-01-15	1	0
131885	4120401	1992-01-15	1	0
131887	3130101	1992-01-15	1	0
131927	3150502	1992-01-18	1	0
131955	3151101	1992-01-18	1	0
132005	4180103	1992-01-15	1	0
132039	1010101	1992-02-15	1	0
132054	1010201	1992-02-15	1	0
132107	2051001	1992-02-15	1	0
132193	3120701	1992-02-15	1	0
132196	3130101	1992-02-15	1	0
132235	3150502	1992-02-15	1	0
132262	3151101	1992-02-15	1	0
132316	4180103	1992-02-15	1	0
132349	1010101	1992-03-15	1	0
132364	1010201	1992-03-15	1	0
134653	3152404	2002-11-17	1	0
136081	3152404	2002-12-14	1	0
136976	3152404	2003-01-18	1	0
136999	3152404	2003-02-16	1	1
137020	3152404	2003-03-16	1	0
137751	3151101	2003-03-15	1	1
137785	3150502	2003-03-15	1	0
137820	3151101	2003-02-15	1	0
137868	3150502	2003-02-15	1	0
137935	3150502	2003-01-18	1	0
137968	3151101	2003-01-18	1	0
137997	3151101	2002-12-14	1	0
138000	3150502	2002-12-14	1	0
138041	3150502	2002-11-16	1	0
138085	3151101	2002-11-16	1	0
138119	3151101	2002-10-12	1	0
138146	3150502	2002-10-13	1	0
138641	3130101	2002-10-12	1	0
138642	3130101	2002-11-16	1	0
138643	3130101	2002-12-14	1	0
138644	3130101	2003-01-18	1	0
138645	3130101	2003-02-15	1	0
138646	3130101	2003-03-15	1	0
139118	2051001	2002-10-15	1	0
139119	2051001	2002-11-16	1	0
139120	2051001	2002-12-16	1	0
139121	2051001	2003-01-20	1	0
139122	2051001	2003-02-19	1	0
139123	2051001	2003-03-14	1	0
139130	1030101	2002-10-11	1	0
139236	1030101	2002-11-19	1	0
139281	1030101	2002-12-16	1	0
139322	1030101	2003-01-19	1	0
139538	1030101	2003-02-13	1	0
139605	1030101	2003-03-14	1	0
139944	1010101	2003-01-15	1	0
139995	1010201	2003-01-18	1	0
140009	1010101	2002-10-13	1	0
140030	1010201	2002-10-13	1	0
140055	1010101	2002-11-15	1	0
140083	1010201	2002-11-16	1	0
140106	1010201	2002-12-12	1	0
140128	1010101	2002-12-14	1	0
140194	1010201	2003-02-16	1	0
140212	1010101	2003-02-14	1	0
140275	1010101	2003-03-15	1	0
140330	1010201	2003-03-17	1	0
140407	3120302	2002-12-14	1	0
140409	4120401	2002-12-14	1	0
140415	3120701	2002-12-15	1	0
140426	3120302	2003-01-18	1	0
140428	3120701	2003-01-18	1	0
140429	4120401	2003-01-18	1	0
140444	3120302	2002-10-12	1	0
140446	3120701	2002-10-12	1	0
140447	4120401	2002-10-12	1	0
140463	3120302	2002-11-16	1	0
140465	3120701	2002-11-16	1	0
140466	4120401	2002-11-16	1	0
140482	4120401	2003-02-15	1	0
140483	3120302	2003-02-15	1	0
140485	3120701	2003-02-15	1	0
140500	3120302	2003-03-15	1	1
140502	3120701	2003-03-16	1	0
140504	4120401	2003-03-16	1	0
141727	3151101	2003-10-18	1	0
141732	3152404	2003-10-19	1	0
141764	3150502	2003-10-18	1	0
141842	3151101	2003-11-15	1	0
141852	3152404	2003-11-16	1	0
141889	3150502	2003-11-15	1	0
141959	3151101	2003-12-13	1	0
141963	3152404	2003-12-14	1	0
142015	3150502	2003-12-14	1	0
142032	4180103	2002-10-12	1	0
142044	4180103	2002-11-16	1	0
142054	4180103	2002-12-14	1	0
142064	4180103	2003-01-18	1	0
142075	4180103	2003-02-15	1	0
142086	4180103	2003-03-15	1	0
142262	3151101	2004-01-17	1	0
142268	3152404	2004-01-18	1	0
142333	3150502	2004-01-17	1	0
142371	3151101	2004-02-14	1	0
142388	3152404	2004-02-15	1	0
142416	3150502	2004-02-14	1	0
142438	1030101	2005-10-09	1	0
142446	3120302	2005-10-15	1	0
142510	3151101	2004-03-13	1	0
142579	3152404	2005-10-15	1	0
142672	3152404	2004-03-13	1	0
142678	1010201	2005-10-14	1	0
142729	3150502	2005-10-16	1	0
142815	3150502	2004-03-13	1	0
142839	1010101	2005-10-15	1	0
142980	3120302	2005-11-13	1	0
143039	1030101	2005-11-13	1	0
143122	3150502	2005-11-12	1	0
143286	3152404	2005-11-13	1	0
143499	1030101	2005-12-11	1	0
143652	3150502	2005-12-17	1	0
143713	3152404	2005-12-18	1	0
143991	3120302	2005-12-18	1	0
143992	3120302	2006-01-14	1	1
144122	3152404	2006-01-14	1	0
144160	3150502	2006-01-14	1	0
144448	1030101	2006-01-08	1	0
144657	1030101	2006-02-11	1	0
144874	3150502	2006-02-18	1	0
144921	3152404	2006-02-18	1	0
145467	3150502	2006-03-18	1	0
145470	1030101	2006-03-12	1	0
145717	4120401	2006-03-19	1	0
145816	3152404	2006-03-18	1	0
145929	3152404	2004-10-16	1	0
145958	3150502	2004-10-16	1	0
146016	2051001	2005-10-16	1	0
146017	2051001	2005-11-17	1	0
146018	2051001	2005-12-18	1	0
146019	2051001	2006-01-15	1	0
146020	2051001	2006-03-18	1	0
146021	2051001	2004-10-13	1	1
146022	2051001	2004-12-15	1	0
146023	2051001	2005-01-17	1	0
146024	2051001	2005-02-14	1	0
146025	2051001	2005-03-16	1	0
146040	1010201	2005-11-12	1	0
146064	1010101	2005-11-14	1	1
146098	1010101	2005-12-15	1	0
146121	1010201	2005-12-18	1	0
146156	1010101	2006-01-14	1	0
146174	1010201	2006-01-15	1	0
146257	3120701	2004-10-16	1	0
146260	3120302	2004-10-16	1	0
146263	4120401	2004-10-17	1	0
146271	3120302	2004-11-14	1	0
146278	3120701	2004-11-13	1	0
146329	3120701	2004-12-18	1	0
146331	3120302	2004-12-19	1	1
146333	4120401	2004-12-19	1	0
146339	3120701	2005-01-15	1	0
146343	3130101	2005-10-15	1	1
146344	3130101	2005-11-12	1	1
146348	3120302	2005-01-16	1	1
146378	3130101	2005-12-18	1	0
146379	3130101	2006-01-14	1	0
146380	3130101	2006-02-18	1	0
146381	3130101	2006-03-19	1	0
146396	4120401	2005-01-16	1	0
146403	4120401	2005-02-13	1	0
146419	3120302	2005-02-13	1	1
146517	3120302	2005-03-12	1	1
146528	3120701	2005-03-12	1	0
146541	4120401	2005-03-13	1	0
146550	3120701	2005-02-13	1	0
146574	1010101	2006-02-18	1	0
146619	1010201	2006-02-19	1	0
146659	1010101	2006-03-18	1	0
146675	1010201	2006-03-19	1	0
146680	4120401	2004-11-14	1	0
146804	3151101	2004-11-13	1	0
146840	3152404	2004-12-18	1	0
146884	3152404	2004-11-13	1	0
146925	3151101	2004-12-18	1	0
146933	3150502	2004-12-18	1	0
147059	3152404	2005-01-15	1	0
147102	3151101	2005-01-15	1	1
147145	3150502	2005-01-14	1	0
147171	3152404	2005-02-12	1	0
147218	3151101	2005-02-12	1	0
147235	3150502	2005-02-12	1	0
147275	3151101	2005-03-12	1	0
147295	3150502	2005-03-12	1	0
147318	3152404	2005-03-12	1	0
147439	3120302	2003-10-18	1	0
147441	3120701	2003-10-19	1	0
147442	4120401	2003-10-18	1	0
147456	3120302	2003-11-15	1	0
147458	3120701	2003-11-15	1	0
147459	4120401	2003-11-15	1	0
147473	3120302	2003-12-14	1	0
147475	3120701	2003-12-14	1	0
147476	4120401	2003-12-13	1	1
147529	3130101	2004-10-16	1	0
147530	3130101	2004-11-13	1	2
147531	3130101	2004-12-18	1	2
147532	3130101	2005-01-15	1	2
147533	3130101	2005-02-13	1	2
147534	3130101	2005-03-12	1	2
147899	3120302	2004-01-18	1	1
147901	3120701	2004-01-17	1	0
147902	4120401	2004-01-17	1	0
147918	3120302	2004-02-14	1	1
147920	3120701	2004-02-15	1	0
147921	4120401	2004-02-14	1	0
147940	4120401	2004-03-13	1	0
147941	3120302	2004-03-14	1	1
147944	3120701	2004-03-13	1	0
148097	1010201	2004-12-19	1	0
148098	1010101	2004-12-20	1	0
148119	1030101	2004-12-21	1	0
148154	1010101	2005-01-14	1	0
148259	1030101	2005-01-17	1	0
148281	1010201	2005-01-18	1	0
148379	1030101	2005-02-15	1	0
148483	1010101	2005-02-16	1	0
148541	1010201	2005-02-17	1	0
148566	1010101	2005-03-10	1	0
148631	1030101	2005-03-13	1	0
148650	1010201	2005-03-13	1	0
148937	1010101	2004-10-15	1	1
148981	1010201	2004-10-15	1	0
148984	1030101	2004-10-16	1	0
149032	1010201	2004-11-12	1	0
149035	1010101	2004-11-12	1	0
149121	1030101	2004-11-15	1	0
149985	3130101	2003-10-18	1	0
149986	3130101	2003-11-15	1	1
149987	3130101	2003-12-13	1	1
149988	3130101	2004-01-17	1	1
149989	3130101	2004-02-14	1	1
149990	3130101	2004-03-13	1	1
150316	3120302	2006-02-18	1	1
150317	3120302	2006-03-18	1	0
150359	3120302	2006-10-14	1	0
150570	4120401	2006-10-19	1	0
150629	3120701	2006-10-14	1	0
150632	1010201	2006-10-13	1	0
150689	1010101	2006-10-15	1	0
150719	3152404	2006-10-14	1	0
150730	1030101	2006-10-22	1	0
150809	1030101	2003-10-16	1	0
150947	1010101	2003-10-18	1	2
150964	1010201	2003-10-19	1	0
150978	1030101	2003-11-14	1	0
150989	1010101	2003-11-15	1	0
151018	4120401	2006-11-17	1	0
151029	3120302	2006-11-18	1	0
151219	3150502	2006-11-18	1	0
151286	3152404	2006-11-18	1	0
151328	3120701	2006-11-18	1	0
151372	1010201	2006-11-17	1	0
151387	1010101	2006-11-18	1	0
151484	1030101	2006-11-26	1	0
151607	1010201	2003-11-17	1	0
151616	1010101	2003-12-12	1	0
151642	1010201	2003-12-14	1	0
151661	1030101	2003-12-15	1	0
151673	1030101	2004-01-15	1	0
151706	1010101	2004-01-18	1	0
151731	1010201	2004-01-19	1	0
151741	1030101	2004-02-12	1	0
151744	1010101	2004-02-13	1	0
151766	1010201	2004-02-12	1	0
152006	3150502	2006-12-16	1	0
152090	3152404	2006-12-16	1	1
152116	1010101	2006-12-17	1	0
152138	1030101	2006-12-24	1	0
152171	4120401	2006-12-29	1	0
152373	3120701	2006-12-16	1	0
152629	3150502	2007-01-13	1	0
152713	4120401	2007-01-12	1	0
152837	1030101	2007-01-21	1	0
152870	3152404	2007-01-13	1	0
152931	1010201	2006-12-14	1	0
152951	3120701	2007-01-13	1	0
152953	1010101	2007-01-14	1	0
153027	1010201	2007-01-13	1	0
153110	1030101	2004-03-11	1	0
153128	1010101	2004-03-13	1	0
153162	1010201	2004-03-16	1	0
153310	3151101	2004-10-16	1	0
153330	3130101	2006-10-14	1	1
153331	3130101	2006-11-18	1	0
153332	3130101	2006-12-17	1	0
153333	3130101	2007-01-13	1	1
153579	4120401	2007-02-16	1	0
153640	3130101	2007-02-17	1	1
153694	1030101	2007-02-18	1	0
153767	3120701	2007-02-17	1	0
153769	1010101	2007-02-17	1	0
154188	3150502	2007-02-17	1	0
154358	4120401	2007-03-16	1	0
154419	3130101	2007-03-17	1	0
154626	3152404	2007-02-17	1	0
154630	3120701	2007-03-17	1	0
154677	1010201	2007-02-15	1	0
154713	1010201	2007-03-15	1	0
154791	3152404	2007-03-17	1	0
154977	1030101	2007-03-18	1	0
154996	3150502	2007-03-17	1	0
155290	1010101	2007-03-16	1	0
155520	3150502	2006-10-14	1	0
155765	3150502	2004-11-13	1	0
155992	2051001	2003-10-17	1	0
155993	2051001	2003-11-15	1	0
155994	2051001	2003-12-16	1	0
155995	2051001	2004-01-18	1	0
155996	2051001	2004-02-15	1	0
155997	2051001	2004-03-13	1	0
156038	2051001	2006-11-18	1	0
156041	2051001	2006-10-14	1	0
156042	2051001	2006-12-17	1	0
156043	2051001	2007-01-14	1	0
156044	2051001	2007-03-18	1	0
156123	3151101	2005-10-15	1	0
156127	3151101	2005-11-12	1	0
156132	3151101	2005-12-17	1	0
156135	3151101	2006-01-14	1	0
156140	3151101	2006-02-18	1	0
156143	3151101	2006-03-18	1	0
156206	3120302	2007-03-17	1	2
156207	3120302	2007-02-18	1	1
156319	3120302	2006-12-17	1	0
156340	3120701	2005-12-17	1	0
156346	4120401	2005-12-18	1	1
156348	4120401	2006-01-14	1	0
156351	3120701	2006-01-14	1	0
156361	3120701	2006-02-18	1	0
156363	4120401	2006-02-18	1	0
156371	3120701	2006-03-18	1	0
157326	3151101	2006-10-14	1	4
157333	3151101	2006-11-18	1	0
157336	3151101	2006-12-16	1	0
157339	3151101	2007-01-13	1	0
157340	3151101	2007-02-12	1	0
157341	3151101	2007-03-17	1	0
157733	4120401	2007-10-12	1	1
157813	3130101	2007-10-13	1	0
157931	1030101	2007-10-14	1	0
157948	3120701	2007-10-13	1	0
157957	1010201	2007-10-14	1	0
157962	1010101	2007-10-14	1	0
158006	2051001	2007-10-14	1	0
158017	3152404	2007-10-13	1	1
158097	3120302	2007-10-14	1	0
158538	4120401	2007-11-16	1	1
158539	1030101	2007-11-18	1	0
158561	3120701	2007-11-17	1	0
158571	4180103	2007-11-17	1	0
158682	3120302	2007-11-17	1	0
158692	3130101	2007-11-17	1	0
158830	1010101	2007-11-16	1	0
158884	1010201	2007-11-17	1	0
158999	3120302	2007-12-15	1	0
159002	4120401	2007-12-15	1	1
159085	3130101	2007-12-15	1	0
159188	1030101	2007-12-16	1	0
159252	1010101	2007-12-14	1	0
159265	4180103	2007-12-15	1	0
159433	3152404	2007-11-17	1	0
159474	1010201	2007-12-13	1	0
159573	2051001	2007-11-18	1	0
159575	2051001	2007-12-16	1	0
159576	3120701	2007-12-15	1	0
159681	3152404	2007-12-15	1	0
159735	3152404	2008-01-12	1	0
159964	3130101	2008-01-13	1	0
160029	1010101	2008-01-13	1	0
160068	3120701	2008-01-12	1	0
160070	3150502	2007-10-13	1	0
160079	3150502	2007-11-17	1	0
160084	3150502	2007-12-15	1	0
160090	3150502	2008-01-12	1	0
160103	2051001	2008-01-13	1	0
160134	1030101	2008-01-13	1	0
160140	1010201	2008-01-10	1	2
160219	4120401	2008-01-18	1	0
160317	3120302	2008-01-12	1	1
160320	4180103	2008-01-12	1	0
160399	4120401	2008-02-15	1	0
160564	4180103	2008-02-16	1	0
160580	3130101	2008-02-16	1	0
160722	3152404	2008-02-17	1	1
160745	1030101	2008-02-17	1	0
160877	3150502	2008-02-16	1	0
161072	3150502	2008-03-15	1	0
161136	4120401	2008-03-14	1	1
161192	3152404	2008-03-15	1	1
161246	1030101	2008-03-16	1	0
161254	3120701	2008-03-15	1	0
161469	3120701	2008-02-16	1	0
161471	3120302	2008-02-17	1	0
161498	2051001	2008-02-16	1	0
161499	2051001	2008-03-15	1	0
161554	1010101	2008-02-16	1	0
161580	1010201	2008-02-17	1	2
161612	1010201	2008-03-13	1	0
161619	1010101	2008-03-14	1	0
162175	4120401	2008-10-16	1	1
162206	3150502	2008-10-18	1	0
162229	3152404	2008-10-18	1	0
162476	1030101	2008-10-19	1	0
162543	3151101	2008-01-12	1	0
162544	3151101	2008-02-16	1	0
162545	3151101	2008-03-15	1	1
162555	3151101	2007-10-13	1	0
162561	3151101	2007-11-16	1	0
162565	3151101	2007-12-15	1	1
162659	3120302	2008-10-18	1	0
162791	3150502	2008-11-15	1	0
162848	3152404	2008-11-15	1	0
162870	3120302	2008-11-15	1	0
163005	4120401	2008-11-14	1	0
163078	1030101	2008-11-16	1	1
163173	1010201	2008-11-13	1	1
163201	1010101	2008-11-14	1	0
163255	4180103	2008-11-15	1	0
163353	1010201	2008-10-16	1	0
163376	1010101	2008-10-17	1	0
163508	3150502	2008-12-13	1	0
163683	4120401	2008-12-15	1	1
163711	1030101	2008-12-14	1	1
163806	3152404	2008-12-14	1	0
163876	1010101	2008-12-12	1	0
163923	1010201	2008-12-17	1	0
163951	4180103	2008-12-13	1	0
164178	4120401	2009-01-16	1	0
164378	3150502	2009-01-17	1	0
164505	1030101	2009-01-18	1	1
164572	4180103	2009-01-18	1	0
164573	3152404	2009-01-18	1	0
164604	3120302	2009-01-17	1	0
164743	3130101	2008-10-18	1	0
164744	3130101	2008-11-15	1	0
164745	3130101	2008-12-13	1	0
164746	3130101	2009-01-17	1	0
164755	3120302	2008-12-14	1	0
164766	3120701	2008-10-18	1	0
164768	3120701	2008-11-15	1	0
164770	3120701	2008-12-13	1	0
164772	3120701	2009-01-17	1	0
164785	1010201	2009-01-15	1	0
164808	1010101	2009-01-17	1	0
164869	3151101	2008-10-18	1	0
164873	3151101	2008-11-15	1	1
164877	3151101	2008-12-13	1	0
164882	3151101	2009-01-17	1	0
164889	4120401	2009-02-13	1	0
164961	3150502	2009-02-14	1	0
165054	4180103	2009-02-14	1	0
165061	3152404	2009-02-15	1	0
165130	3120302	2009-02-15	1	1
165261	1010101	2009-02-14	1	1
165337	1030101	2009-02-15	1	0
165381	3130101	2009-02-14	1	0
165451	1010201	2009-02-13	1	0
165582	3130101	1992-03-15	1	1
165585	3150502	1992-03-14	1	0
165616	3151101	1992-03-14	1	0
165740	4120401	2009-03-13	1	0
165790	3150502	2009-03-14	1	0
165998	3152404	2009-03-15	1	1
166026	3130101	2009-03-14	1	0
166031	1030101	2009-03-15	1	0
166190	4180103	2009-03-14	1	0
166228	3151101	2009-02-14	1	4
166229	3151101	2009-03-14	1	0
166236	1010201	2009-03-13	1	1
166498	1010101	2009-03-14	1	0
166935	2051001	2008-10-20	1	0
166936	2051001	2008-11-16	1	0
166937	2051001	2008-12-14	1	0
166941	2051001	2009-01-17	1	0
166943	2051001	2009-02-13	1	0
166944	2051001	2009-03-14	1	0
167151	3120701	2009-02-14	1	0
167153	3120701	2009-03-14	1	0
167205	3150502	2009-10-17	1	0
167359	3152404	2009-10-17	1	0
167380	1030101	2009-10-18	1	0
167392	4120401	2009-10-19	1	0
167429	3120701	2009-10-17	1	0
167472	1010201	2009-10-17	1	0
167504	1010101	2009-10-19	1	1
167719	3120302	2009-10-17	1	0
167785	3150502	2009-11-14	1	0
167793	3152404	2009-11-14	1	0
167915	1030101	2009-11-15	1	1
167943	3120302	2009-11-14	1	0
168043	1010201	2009-11-13	1	0
168128	3151101	2009-10-17	1	1
168132	3151101	2009-11-14	1	3
168232	1010101	2009-11-15	1	1
168400	4120401	2009-12-11	1	0
168462	3151101	2009-12-12	1	0
168471	3120701	2009-11-14	1	0
168473	4120401	2009-11-17	1	0
168499	3120701	2009-12-12	1	1
168572	3150502	2009-12-12	1	0
168685	3120302	2009-12-13	1	0
168704	3152404	2009-12-13	1	0
168720	1030101	2009-12-13	1	0
168782	1010101	2009-12-11	1	0
168838	1010201	2009-12-10	1	1
168861	3130101	2009-10-17	1	1
168862	3130101	2009-11-14	1	0
168863	3130101	2009-12-13	1	0
169227	4120401	2010-01-15	1	0
169325	3150502	2010-01-16	1	0
169368	3152404	2010-01-16	1	0
169458	1030101	2010-01-17	1	1
169621	3151101	2010-01-16	1	0
169627	3120701	2010-01-16	1	0
169631	3120302	2010-01-16	1	0
169799	1010101	2010-01-20	1	0
169828	4120401	2010-02-12	1	1
169893	3150502	2010-02-13	1	0
169941	3151101	2010-02-13	1	0
169972	3152404	2010-02-13	1	0
170066	1030101	2010-02-14	1	1
170093	3120302	2010-02-13	1	0
170166	3120701	2010-02-13	1	0
170170	1010201	2010-01-15	1	0
170352	1010201	2010-02-12	1	0
170357	1010101	2010-02-13	1	0
170547	4120401	2010-03-12	1	0
170603	3150502	2010-03-13	1	0
170787	3152404	2010-03-13	1	0
170821	3151101	2010-03-13	1	2
170854	1030101	2010-03-14	1	1
170863	3120701	2010-03-13	1	0
170890	3120302	2010-03-14	1	0
171212	1010101	2010-03-13	1	0
171232	1010201	2010-03-13	1	0
171638	4120401	2010-10-15	1	1
171862	1030101	2010-10-17	1	0
171877	3151101	2010-10-17	1	2
171928	3120701	2010-10-16	1	0
171971	3120302	2010-10-16	1	0
172081	1010101	2010-10-16	1	0
172087	1010201	2010-10-16	1	0
172145	4120401	2010-11-12	1	1
172202	3151101	2010-11-13	1	0
172203	3120701	2010-11-13	1	0
172249	3120302	2010-11-13	1	0
172262	3152404	2010-10-16	1	0
172291	3152404	2010-11-13	1	0
172367	3150502	2010-10-16	1	0
172392	3150502	2010-11-13	1	0
172509	1030101	2010-11-14	1	1
172686	4120401	2010-12-15	1	0
172810	3152404	2010-12-18	1	0
172854	3120701	2010-12-18	1	0
172884	3150502	2010-12-18	1	0
172921	3151101	2010-12-18	1	0
172957	1030101	2010-12-19	1	1
173043	3120302	2010-12-18	1	1
173151	4120401	2011-01-14	1	0
173231	3150502	2011-01-15	1	0
173250	3120302	2011-01-15	1	1
173257	3151101	2011-01-15	1	0
173263	3120701	2011-01-15	1	0
173443	3152404	2011-01-15	1	0
173471	1030101	2011-01-16	1	0
173516	1010201	2011-01-15	1	1
173545	1010101	2011-01-18	1	0
173585	1010201	2010-11-12	1	0
173661	1010101	2010-11-15	1	0
173686	1010201	2010-12-17	1	0
173739	1010101	2010-12-20	1	0
173863	2051001	2009-11-15	1	0
173868	2051001	2009-12-15	1	0
173873	2051001	2010-01-15	1	0
173874	2051001	2010-02-14	1	0
173876	2051001	2010-03-14	1	0
173954	4120401	2011-02-11	1	1
174006	3151101	2011-02-12	1	1
174009	3120701	2011-02-12	1	0
174140	3152404	2011-02-12	1	0
174166	1030101	2011-02-13	1	2
174217	3150502	2011-02-12	1	0
174254	1010201	2011-02-11	1	0
174279	1010101	2011-02-13	1	0
174640	3120302	2011-02-12	1	0
174649	4120401	2011-03-11	1	0
174697	3150502	2011-03-12	1	0
174833	1030101	2011-03-13	1	3
174846	3152404	2011-03-12	1	0
174888	3151101	2011-03-12	1	2
174891	3120701	2011-03-12	1	0
174990	1010201	2011-03-11	1	0
174992	1010101	2011-03-12	1	0
175732	3120302	2011-03-12	1	0
175890	2051001	2010-10-16	1	0
175891	2051001	2010-11-14	1	1
175892	2051001	2010-12-18	1	3
175893	2051001	2011-01-16	1	2
175894	2051001	2011-02-13	1	0
175895	2051001	2011-03-12	1	0
175915	3130101	2010-01-16	1	0
175916	3130101	2010-02-06	1	0
175917	3130101	2010-03-13	1	0
175918	3130101	2010-10-16	1	0
175919	3130101	2010-11-20	1	0
175920	3130101	2011-01-15	1	0
175921	3130101	2011-02-12	1	0
176636	4120401	2011-10-14	1	1
176749	1030101	2011-10-16	1	2
176777	3120701	2011-10-15	1	0
176781	3152404	2011-10-15	1	0
176856	3151101	2011-10-16	1	0
176926	3150502	2011-10-15	1	0
177010	1010101	2011-10-15	1	2
177028	1010201	2011-10-16	1	0
177039	3120302	2011-10-16	1	0
177523	4120401	2011-11-10	1	1
177602	3150502	2011-11-12	1	0
177648	3120701	2011-11-12	1	0
177735	1030101	2011-11-13	1	2
177777	3151101	2011-11-12	1	1
177869	3152404	2011-11-12	1	0
177982	1010201	2011-11-11	1	0
177984	1010101	2011-11-12	1	1
178746	3150502	2011-12-17	1	0
178807	3120701	2011-12-17	1	0
178812	3151101	2011-12-17	1	0
178921	3152404	2011-12-17	1	0
178934	2051001	2011-11-13	1	0
178936	2051001	2011-10-16	1	0
178937	3120302	2011-12-17	1	0
179022	2051001	2011-12-18	1	0
179026	1030101	2011-12-18	1	3
179180	4120401	2011-12-23	1	1
179978	1010201	2011-12-17	1	0
179984	1010101	2011-12-18	1	0
180202	4120401	2012-01-13	1	0
180206	3151101	2012-01-14	1	1
180220	3120701	2012-01-14	1	1
180381	3150502	2012-01-14	1	0
180398	3152404	2012-01-14	1	1
180415	1030101	2012-01-15	1	3
180591	1010101	2012-01-14	1	0
181207	3120302	2012-01-14	1	0
181617	4120401	2012-02-17	1	0
181651	3120701	2012-02-18	1	0
181654	3151101	2012-02-18	1	0
181719	3152404	2012-02-18	1	0
181828	1030101	2012-02-19	1	2
181929	3120302	2012-02-19	1	1
181987	1010201	2012-01-15	1	0
182224	3120701	2012-03-17	1	0
182319	3151101	2012-03-17	1	0
182405	3152404	2012-03-17	1	0
182439	3120302	2012-03-17	1	0
182493	1030101	2012-03-18	1	0
182503	3150502	2012-03-17	1	0
182558	1010201	2012-02-16	1	0
182562	3150502	2012-02-18	1	0
182649	4120401	2012-03-23	1	0
182978	1010101	2012-02-18	1	0
183012	1010201	2012-03-15	1	1
183035	1010101	2012-03-18	1	0
183208	2051001	2012-01-15	1	0
183209	2051001	2012-02-19	1	0
183210	2051001	2012-03-18	1	0
183528	2051001	1999-11-13	1	0
183529	2051001	1999-12-20	1	0
183530	2051001	2000-01-17	1	0
183531	2051001	2000-02-16	1	0
183532	2051001	2000-03-20	1	0
183533	2051001	1997-02-14	1	0
183534	2051001	1992-03-15	1	0
183619	3150502	2012-10-13	1	1
183626	4120401	2012-10-12	1	1
183632	4180103	2012-10-13	1	0
183643	3152404	2012-10-13	1	0
183659	3151101	2012-10-13	1	0
183727	3120701	2012-10-13	1	0
183743	1030101	2012-10-14	1	2
183770	3120302	2012-10-14	1	0
183827	1010101	2012-10-12	1	0
183846	1010201	2012-10-12	1	0
184040	3130101	2012-01-14	1	0
184599	4120401	2012-11-16	1	1
184667	3151101	2012-11-17	1	0
184717	3120701	2012-11-17	1	0
184803	1010201	2012-11-15	1	2
184819	1010101	2012-11-16	1	0
184837	3152404	2012-11-18	1	0
185119	1030101	2012-11-18	1	0
185245	3130101	2012-11-17	1	2
185338	3130101	2012-10-21	1	1
186832	4120401	2012-12-14	1	0
186885	3130101	2012-12-15	1	1
186916	3151101	2012-12-15	1	0
186937	3152404	2012-12-15	1	0
187024	1030101	2012-12-16	1	3
187074	3150502	2012-12-15	1	0
187086	3120701	2012-12-15	1	0
187187	1010201	2012-12-13	1	1
187221	1010101	2012-12-15	1	0
187664	4120401	2013-01-11	1	1
187779	3120701	2013-01-12	1	0
187792	3152404	2013-01-12	1	1
187850	1030101	2013-01-13	1	1
187900	3151101	2013-01-12	1	0
187909	3150502	2013-01-12	1	1
187978	1010101	2013-01-11	1	0
188008	1010201	2013-01-13	1	0
188345	3130101	2013-01-19	1	0
188405	4120401	2013-02-15	1	0
188511	3151101	2013-02-16	1	0
188519	1030101	2013-02-17	1	0
188523	3120701	2013-02-16	1	0
188544	3152404	2013-02-16	1	0
188584	3150502	2013-02-17	1	0
188666	3150502	2012-11-17	1	1
188766	1010101	2013-02-16	1	0
188792	1010201	2013-02-17	1	0
189414	4120401	2013-03-15	1	0
189561	3120701	2013-03-16	1	0
189603	1030101	2013-03-17	1	0
189612	3152404	2013-03-16	1	0
189684	3151101	2013-03-16	1	0
189751	1010201	2013-03-17	1	1
189773	1010101	2013-03-18	1	0
189944	3130101	2013-02-24	1	1
189945	3130101	2013-03-16	1	0
190337	2051001	2012-10-14	1	0
190338	2051001	2012-11-18	1	0
190339	2051001	2012-12-15	1	0
190340	2051001	2013-01-12	1	0
190341	2051001	2013-02-17	1	0
190342	2051001	2013-03-17	1	0
190351	3120302	2013-03-16	1	1
190352	3120302	2013-01-12	1	0
190857	4120401	2013-10-11	1	1
190938	3120701	2013-10-12	1	0
190955	3152404	2013-10-12	1	0
190968	3150502	2013-10-12	1	0
191039	3151101	2013-10-12	1	0
191135	1010201	2013-10-11	1	0
191146	1010101	2013-10-12	1	2
192010	4120401	2013-11-15	1	1
192101	3151101	2013-11-17	1	0
192143	1030101	2013-11-17	1	0
192243	3150502	2013-11-18	1	0
192255	3120701	2013-11-17	1	0
192337	1010201	2013-11-15	1	1
192364	1010101	2013-11-16	1	0
192406	3120302	2013-10-12	1	0
192407	3120302	2013-11-17	1	0
192444	4180103	2003-10-18	1	0
192451	4180103	2003-11-15	1	0
192460	4180103	2004-01-17	1	0
192477	3152404	2013-11-19	1	0
192504	4180103	2004-02-15	1	0
192514	4180103	2004-03-13	1	0
192724	4120401	2013-12-13	1	0
192799	3120701	2013-12-14	1	0
192804	3152404	2013-12-14	1	0
192820	3151101	2013-12-14	1	0
192898	1030101	2013-12-15	1	1
192952	3150502	2013-12-14	1	0
193210	1010101	2013-12-14	1	1
193217	1010201	2013-12-13	1	0
193332	4120401	2014-01-17	1	0
193510	1030101	2014-01-19	1	0
193514	3150502	2014-01-18	1	0
193529	3152404	2014-01-19	1	0
193574	3120701	2014-01-18	1	1
193614	3151101	2014-01-18	1	0
193636	1010101	2014-01-18	1	0
193724	1010201	2014-01-19	1	2
194245	4120401	2014-02-14	1	0
194295	3152404	2014-02-15	1	0
194377	1030101	2014-02-16	1	0
194417	3120302	2013-12-15	1	0
194418	3120302	2014-01-18	1	0
194419	3120302	2014-02-16	1	0
194436	3151101	2014-02-15	1	0
194486	1010101	2014-02-17	1	0
194509	3120701	2014-02-15	1	1
194614	1010201	2014-02-13	1	1
194771	4180103	2014-01-18	1	0
194778	4180103	2013-12-14	1	0
194785	4180103	2013-11-16	1	0
194820	4180103	2013-10-12	1	0
194865	4120401	2014-03-14	1	1
195024	3152404	2014-03-15	1	0
195161	1010101	2014-03-14	1	0
195207	1010201	2014-03-15	1	0
195241	1030101	2014-03-16	1	0
195255	4180103	2014-02-15	1	0
195257	3151101	2014-03-15	1	0
195264	3120701	2014-03-15	1	0
195685	3150502	2014-03-15	1	0
195689	3150502	2014-02-15	1	0
196068	2051001	2013-12-16	1	0
196070	2051001	2013-11-18	1	0
196071	2051001	2013-10-13	1	1
196072	2051001	2014-01-21	1	0
196073	2051001	2014-02-18	1	0
196074	2051001	2014-03-17	1	0
196422	4120401	2014-10-17	1	1
196483	4180103	2014-10-18	1	0
196493	3120701	2014-10-18	1	0
196516	3150502	2014-10-18	1	0
196567	1030101	2014-10-19	1	2
196602	3151101	2014-10-18	1	0
196717	1010101	2014-10-17	1	2
196788	1010201	2014-10-20	1	0
196826	3152404	2014-10-19	1	0
197142	4120401	2014-11-14	1	1
197219	3151101	2014-11-15	1	0
197266	1030101	2014-11-16	1	0
197269	3152404	2014-11-15	1	4
197439	3120701	2014-11-15	1	0
197465	3120302	2014-10-19	1	0
197466	3120302	2014-11-16	1	0
197505	4180103	2009-11-14	1	0
197656	4120401	2014-12-12	1	1
197754	3151101	2014-12-13	1	0
197783	3150502	2014-11-15	1	0
197825	1030101	2014-12-14	1	0
197851	3120701	2014-12-13	1	0
197988	3150502	2014-12-13	1	0
197999	3152404	2014-12-14	0	2
198127	1010201	2014-11-15	1	1
198217	1010201	2014-12-13	1	1
198291	4180103	2014-12-13	1	0
198294	1010101	2014-11-15	1	0
198323	1010101	2014-12-14	1	0
198342	4180103	2014-11-15	1	0
198373	4120401	2015-01-16	1	1
198452	4180103	2015-01-17	1	0
198541	1030101	2015-01-18	1	0
198571	3120701	2015-01-17	1	0
198575	1010101	2015-01-17	1	0
198592	3152404	2015-01-18	1	0
198625	3151101	2015-01-17	1	0
198763	1010201	2015-01-16	1	0
198874	3150502	2015-01-17	1	0
198908	4120401	2015-02-13	1	0
198981	3120701	2015-02-14	1	0
199099	3152404	2015-02-14	1	0
199114	3151101	2015-02-14	1	0
199241	4180103	2015-02-14	1	0
199265	1030101	2015-02-15	1	0
199299	1010101	2015-02-14	1	0
199437	1010201	2015-02-14	1	0
