LocationID	Year	fMonth	ObservationID	Complete	Count
12	1992	1	174557	1	16
12	1992	2	184084	1	18
12	1992	3	184085	1	0
12	1992	10	184083	1	0
12	1992	11	174551	1	0
12	1992	12	174552	1	15
12	1993	1	174601	1	19
12	1993	2	174602	1	19
12	1993	3	174603	1	0
12	1993	10	184086	1	0
12	1993	11	174599	1	15
12	1993	12	174600	1	0
12	1994	1	184090	1	15
12	1994	2	184091	1	0
12	1994	3	184092	1	0
12	1994	10	184087	1	1
12	1994	11	184088	1	0
12	1994	12	184089	1	15
12	1995	1	184096	1	23
12	1995	2	184097	1	8
12	1995	3	184098	1	5
12	1995	10	184093	1	0
12	1995	11	184094	1	5
12	1995	12	184095	1	0
12	1996	1	184102	1	11
12	1996	2	184103	1	9
12	1996	3	184104	1	9
12	1996	10	184099	1	0
12	1996	11	184100	1	14
12	1996	12	184101	1	11
12	1997	1	184108	1	4
12	1997	2	184109	1	17
12	1997	10	184105	1	0
12	1997	11	184106	1	14
12	1997	12	184107	1	0
12	1998	1	184134	1	25
12	1998	2	184135	1	11
12	1998	3	184136	1	0
12	1998	10	184131	1	0
12	1998	11	184132	1	9
12	1998	12	184133	1	7
12	1999	1	184140	1	21
12	1999	2	184141	1	16
12	1999	10	184137	1	7
12	1999	11	184138	1	14
12	1999	12	184139	1	23
12	2000	1	3312	1	27
12	2000	2	3318	1	18
12	2000	3	3323	1	0
12	2000	10	3294	1	3
12	2000	11	3300	1	16
12	2000	12	3307	1	31
12	2001	1	6197	1	0
12	2001	2	6561	1	0
12	2001	3	6562	1	0
12	2001	10	6011	1	3
12	2001	11	6559	1	0
12	2001	12	6560	1	0
12	2002	1	112497	1	11
12	2002	2	112565	1	23
12	2002	3	112566	1	21
12	2002	10	112347	1	0
12	2002	11	112401	1	0
12	2002	12	112443	1	0
12	2003	1	139999	1	16
12	2003	2	140186	1	19
12	2003	3	140315	1	7
12	2003	10	140053	1	8
12	2003	11	140084	1	15
12	2003	12	140134	1	4
12	2004	1	151724	1	31
12	2004	2	153098	1	11
12	2004	3	157539	1	9
12	2004	10	150965	1	2
12	2004	11	150971	1	2
12	2004	12	151672	1	13
12	2005	1	148286	1	9
12	2005	2	148551	1	19
12	2005	3	148684	1	22
12	2005	10	149008	1	3
12	2005	11	149106	1	11
12	2005	12	148118	1	7
12	2006	1	146184	1	14
12	2006	2	146630	1	2
12	2006	3	146678	1	14
12	2006	10	142902	1	1
12	2006	11	146048	1	0
12	2006	12	146122	1	10
12	2007	1	153078	1	28
12	2007	2	154702	1	8
12	2007	3	155331	1	20
12	2007	10	150701	1	3
12	2007	11	151397	1	11
12	2007	12	152936	1	13
12	2008	1	160176	1	15
12	2008	2	161579	1	2
12	2008	3	161660	1	36
12	2008	10	158087	1	2
12	2008	11	158900	1	20
12	2008	12	159515	1	11
12	2009	1	190782	1	36
12	2009	2	165470	1	33
12	2009	3	166853	1	0
12	2009	10	163428	1	0
12	2009	11	163331	1	2
12	2009	12	163891	1	0
12	2010	1	170189	1	15
12	2010	2	170422	1	15
12	2010	3	171093	1	10
12	2010	10	167494	1	3
12	2010	11	168240	1	26
12	2010	12	168886	1	18
12	2011	1	173517	1	17
12	2011	2	174464	1	12
12	2011	3	188895	1	10
12	2011	10	173671	1	4
12	2011	11	173608	1	0
12	2011	12	173761	1	5
12	2012	1	182001	1	7
12	2012	2	182549	1	15
12	2012	3	183055	1	0
12	2012	10	177037	1	0
12	2012	11	178005	1	0
12	2012	12	180573	1	5
12	2013	1	188190	1	0
12	2013	2	188765	1	2
12	2013	3	189768	1	1
12	2013	10	183865	1	0
12	2013	11	185089	1	8
12	2013	12	187243	1	12
12	2014	1	193734	1	1
12	2014	2	194628	1	0
12	2014	3	195209	1	1
12	2014	10	191351	1	1
12	2014	11	192372	1	0
12	2014	12	193238	1	0
12	2015	1	198773	1	2
12	2015	2	199337	1	0
12	2015	3	199919	1	0
12	2015	10	196784	1	0
116	1992	1	174555	1	121
116	1992	2	191782	1	105
116	1992	11	174550	0	95
116	1992	12	174554	1	107
116	1993	1	174591	1	118
116	1993	2	174593	1	102
116	1993	3	174597	1	106
116	1993	11	174585	1	91
116	1993	12	174588	1	107
116	1994	1	183429	1	83
116	1994	2	183430	1	89
116	1994	3	183431	1	78
116	1994	10	183426	1	33
116	1994	11	183427	1	76
116	1994	12	183428	1	70
116	1995	1	183442	1	64
116	1995	2	183443	1	94
116	1995	11	183440	1	64
116	1995	12	183441	1	68
116	1996	1	183450	1	6
116	1996	2	183451	1	79
116	1996	11	183448	1	0
116	1996	12	183449	1	2
116	1997	1	183462	1	0
116	1997	2	183463	1	0
116	1997	11	183460	1	0
116	1997	12	183461	1	0
116	1998	1	183474	1	76
116	1998	2	183475	1	61
116	1998	11	183472	1	72
116	1998	12	183473	1	79
116	1999	1	183486	1	68
116	1999	2	183487	1	76
116	1999	11	183484	1	65
116	1999	12	183485	1	79
116	2000	1	157619	1	61
116	2000	2	157620	1	71
116	2000	3	157621	1	69
116	2000	10	157616	1	25
116	2000	11	157617	1	56
116	2000	12	157618	1	77
116	2001	1	6550	1	60
116	2001	2	6553	1	67
116	2001	3	6556	1	67
116	2001	10	6541	1	25
116	2001	11	6544	1	49
116	2001	12	6547	1	50
116	2002	1	113018	1	57
116	2002	2	113021	1	47
116	2002	3	113024	1	64
116	2002	10	113009	1	23
116	2002	11	113012	1	49
116	2002	12	113015	1	6
116	2003	1	142102	1	59
116	2003	2	142105	1	0
116	2003	3	142108	1	64
116	2003	10	142093	1	35
116	2003	11	142096	1	29
116	2003	12	142099	1	35
116	2004	1	157556	1	0
116	2004	2	157557	1	64
116	2004	3	157558	1	58
116	2004	10	157553	1	19
116	2004	11	157554	1	37
116	2004	12	157555	1	17
116	2005	1	157562	1	23
116	2005	2	157563	1	59
116	2005	3	157564	1	49
116	2005	10	157559	1	29
116	2005	11	157560	1	36
116	2005	12	157561	1	14
116	2006	1	146492	1	38
116	2006	11	146461	1	23
116	2006	12	146477	1	31
116	2007	1	157565	1	25
116	2007	2	157629	1	34
116	2008	1	160131	1	67
116	2008	2	161096	1	51
116	2008	12	159091	1	0
116	2009	1	167076	1	69
116	2009	2	165903	1	68
116	2009	3	167082	1	0
116	2009	10	164073	1	7
116	2009	11	164085	1	52
116	2009	12	164097	1	61
116	2010	1	169435	1	41
116	2010	2	184078	1	57
116	2010	3	184081	1	62
116	2010	10	184067	1	4
116	2010	12	184072	1	0
116	2011	1	175456	1	1
116	2011	2	175058	1	0
116	2011	12	175441	1	1
116	2012	1	183239	1	44
116	2012	2	183241	1	49
116	2012	3	183243	1	65
116	2012	11	183236	1	4
116	2012	12	184214	1	14
116	2013	1	188181	1	48
116	2013	2	188893	1	74
116	2013	3	190053	1	22
116	2013	10	183917	1	9
116	2013	11	185819	1	0
116	2013	12	190147	1	1
116	2014	1	193954	1	24
116	2014	2	196255	1	25
116	2014	3	196258	1	24
116	2014	10	192436	1	14
116	2014	11	192423	1	10
116	2014	12	193196	1	0
128	1992	1	174556	1	13
128	1992	2	191781	1	0
128	1992	12	174553	1	32
128	1993	2	174595	1	6
128	1993	11	174584	1	0
128	1993	12	174587	1	25
128	1994	1	183417	1	0
128	1994	2	183418	1	6
128	1994	3	183419	1	0
128	1994	10	183414	1	4
128	1994	11	183415	1	20
128	1994	12	183416	1	6
128	1995	1	183434	1	24
128	1995	2	183435	1	25
128	1995	11	183432	1	12
128	1995	12	183433	1	28
128	1996	1	183446	1	11
128	1996	2	183447	1	17
128	1996	11	183444	1	15
128	1996	12	183445	1	18
128	1997	1	183458	1	5
128	1997	2	183459	1	7
128	1997	11	183456	1	0
128	1997	12	183457	1	8
128	1998	1	183470	1	6
128	1998	2	183471	1	0
128	1998	11	183468	1	0
128	1998	12	183469	1	0
128	1999	1	183482	1	12
128	1999	2	183483	1	5
128	1999	11	183480	1	6
128	1999	12	183481	1	6
128	2000	1	157613	1	0
128	2000	2	157614	1	4
128	2000	3	157615	1	0
128	2000	10	157610	1	2
128	2000	11	157611	1	8
128	2000	12	157612	1	0
128	2001	1	6549	1	13
128	2001	2	6552	1	0
128	2001	3	6555	1	0
128	2001	10	6540	1	0
128	2001	11	6543	1	21
128	2001	12	6546	1	20
128	2002	1	113017	1	13
128	2002	2	113020	1	0
128	2002	3	113023	1	0
128	2002	10	113008	1	0
128	2002	11	113011	1	16
128	2002	12	113014	1	15
128	2003	1	142101	1	12
128	2003	2	142104	1	12
128	2003	3	142107	1	2
128	2003	10	142092	1	1
128	2003	11	142095	1	18
128	2003	12	142098	1	11
128	2004	1	157543	1	51
128	2004	2	157544	1	4
128	2004	3	157545	1	5
128	2004	10	157540	1	1
128	2004	11	157541	1	10
128	2004	12	157542	1	33
128	2005	1	157549	1	15
128	2005	2	157550	1	7
128	2005	3	157551	1	1
128	2005	10	157546	1	9
128	2005	11	157547	1	16
128	2005	12	157548	1	10
128	2007	1	157552	1	1
128	2007	2	157628	1	0
128	2008	1	160129	1	20
128	2009	1	167075	1	20
128	2009	2	167078	1	7
128	2009	3	167081	1	4
128	2009	10	167142	1	0
128	2009	11	167145	1	13
128	2009	12	167148	1	26
128	2010	1	184074	1	0
128	2010	2	184077	1	2
128	2010	3	184080	1	1
128	2010	10	184066	1	0
128	2010	11	184069	1	9
128	2010	12	184071	1	29
128	2011	2	174446	1	0
128	2011	3	175110	1	1
128	2011	12	172849	1	8
128	2012	1	183238	1	0
128	2012	2	183240	1	0
128	2012	3	183242	1	0
128	2012	11	183235	1	8
128	2012	12	178533	1	14
128	2013	1	188180	1	13
128	2013	2	188892	1	2
128	2013	3	190052	1	0
128	2013	10	183916	1	0
128	2013	11	185818	1	11
128	2013	12	186998	1	0
128	2014	1	193953	1	17
128	2014	2	196254	1	3
128	2014	3	196257	1	7
128	2014	10	192435	1	0
128	2014	11	192422	1	16
128	2014	12	192842	1	33
138	1992	12	174566	0	0
138	1993	1	174592	1	0
138	1993	2	174594	1	0
138	1993	3	174598	1	0
138	1993	11	174586	1	0
138	1993	12	174589	1	0
138	1994	1	183423	1	0
138	1994	2	183424	1	0
138	1994	3	183425	1	0
138	1994	10	183420	1	0
138	1994	11	183421	1	0
138	1994	12	183422	1	0
138	1995	1	183438	1	0
138	1995	2	183439	1	0
138	1995	11	183436	1	0
138	1995	12	183437	1	0
138	1996	1	183454	1	92
138	1996	2	183455	1	15
138	1996	11	183452	1	38
138	1996	12	183453	1	68
138	1997	1	183466	1	89
138	1997	2	183467	1	78
138	1997	11	183464	1	69
138	1997	12	183465	1	79
138	1998	1	183478	1	0
138	1998	2	183479	1	10
138	1998	11	183476	1	0
138	1998	12	183477	1	0
138	1999	1	183490	1	0
138	1999	2	183491	1	0
138	1999	11	183488	1	0
138	1999	12	183489	1	0
138	2000	1	157625	1	0
138	2000	2	157626	1	0
138	2000	3	157627	1	0
138	2000	10	157622	1	0
138	2000	11	157623	1	0
138	2000	12	157624	1	0
138	2001	1	6551	1	0
138	2001	2	6554	1	0
138	2001	3	6557	1	0
138	2001	10	6542	1	0
138	2001	11	6545	1	0
138	2001	12	6548	1	0
138	2002	1	113019	1	0
138	2002	2	113022	1	0
138	2002	3	113025	1	0
138	2002	10	113010	0	0
138	2002	12	113016	1	8
138	2003	1	142103	1	0
138	2003	2	142106	1	3
138	2003	3	142109	1	0
138	2003	10	142094	1	0
138	2003	11	142097	1	0
138	2003	12	142100	1	0
138	2004	1	157569	1	0
138	2004	2	157570	1	0
138	2004	3	157571	1	0
138	2004	10	157566	1	0
138	2004	11	157567	1	0
138	2004	12	157568	1	0
138	2005	1	157575	1	0
138	2005	2	157576	1	0
138	2005	3	157577	1	0
138	2005	10	157572	1	0
138	2005	11	157573	1	0
138	2005	12	157574	1	0
138	2007	1	157578	1	0
138	2007	2	157630	1	0
138	2008	1	160130	1	0
138	2009	1	167077	1	0
138	2009	2	167080	1	68
138	2009	3	167083	1	61
138	2009	10	167144	1	0
138	2009	11	167147	1	0
138	2009	12	167150	1	0
138	2010	1	184076	1	0
138	2010	2	184079	1	0
138	2010	3	184082	1	0
138	2010	10	184068	1	0
138	2010	12	184073	1	0
138	2011	1	175455	1	1
138	2011	2	175059	1	0
138	2011	12	175440	1	0
138	2012	2	182904	1	0
138	2012	3	182917	1	0
138	2012	11	183237	1	1
138	2013	1	190161	1	1
138	2013	2	188894	1	1
138	2013	3	190054	1	1
138	2013	10	183918	1	0
138	2013	11	185820	1	8
138	2013	12	190146	1	0
138	2014	1	193955	1	0
138	2014	2	195829	1	1
138	2014	3	195843	1	0
138	2014	10	192437	1	0
138	2014	11	192425	1	0
138	2014	12	193195	1	0
152	1992	1	174569	1	4
152	1992	3	174578	1	0
152	1992	11	174545	1	0
152	1992	12	174558	1	4
152	1993	1	174606	1	0
152	1993	2	174607	1	0
152	1993	3	174608	1	0
152	1993	11	174604	1	0
152	1993	12	174605	1	0
152	1994	1	183965	1	2
152	1994	2	183966	1	0
152	1994	3	183967	1	2
152	1994	11	183963	1	0
152	1994	12	183964	1	0
152	1995	1	183970	1	0
152	1995	2	183971	1	0
152	1995	11	183968	1	6
152	1995	12	183969	1	2
152	1996	1	183974	1	0
152	1996	2	183975	1	0
152	1996	11	183972	1	0
152	1996	12	183973	1	0
152	1997	1	183981	1	0
152	1997	2	183982	1	1
152	1997	11	183979	1	0
152	1997	12	183980	1	0
152	1998	1	183985	1	0
152	1998	2	183986	1	0
152	1998	11	183983	1	0
152	1998	12	183984	1	0
152	1999	1	183989	1	0
152	1999	2	183990	1	0
152	1999	11	183987	1	0
152	1999	12	183988	1	0
152	2000	1	2507	1	0
152	2000	2	2549	1	0
152	2000	3	2596	1	0
152	2000	11	2419	1	0
152	2000	12	2466	1	0
152	2001	1	6512	1	0
152	2001	2	6528	1	0
152	2001	3	6538	1	0
152	2001	10	5145	1	0
152	2001	11	6491	1	0
152	2001	12	6503	1	0
152	2002	1	115047	1	0
152	2002	2	112772	1	0
152	2002	3	115049	1	0
152	2002	10	112612	1	0
152	2002	11	112650	1	0
152	2002	12	112691	1	0
152	2003	1	139467	1	0
152	2003	2	140635	1	0
152	2003	3	140636	1	0
152	2003	10	139230	1	0
152	2003	11	139242	1	0
152	2003	12	139284	1	0
152	2004	1	148705	1	0
152	2004	2	148710	1	0
152	2004	3	148717	1	0
152	2004	11	148647	1	0
152	2004	12	148670	1	0
152	2005	1	156112	1	0
152	2005	2	156116	1	0
152	2005	3	156117	1	0
152	2005	10	148773	1	0
152	2005	11	148833	1	0
152	2005	12	156108	1	0
152	2006	1	144257	1	0
152	2006	2	144903	1	0
152	2006	3	145663	1	0
152	2006	10	142642	1	0
152	2006	11	143092	1	0
152	2006	12	144372	1	0
152	2007	1	153015	1	0
152	2007	2	153687	1	0
152	2007	3	155484	1	0
152	2007	10	150910	1	0
152	2007	11	151468	1	0
152	2007	12	152058	1	0
152	2008	1	159728	1	0
152	2008	2	160454	1	0
152	2008	3	160906	1	0
152	2008	10	157807	1	0
152	2008	11	158358	1	0
152	2008	12	158951	1	0
152	2009	1	184039	1	0
152	2009	2	164910	1	0
152	2009	3	165736	1	0
152	2009	10	162191	1	0
152	2009	11	162761	1	0
152	2009	12	163457	1	0
152	2010	1	169422	1	0
152	2010	2	170008	1	0
152	2010	3	170523	1	0
152	2010	10	167295	1	0
152	2010	11	167874	1	0
152	2010	12	168458	1	0
152	2011	1	173302	1	0
152	2011	2	174041	1	0
152	2011	3	174709	1	0
152	2011	10	171798	1	0
152	2011	11	172446	1	0
152	2011	12	172736	1	0
152	2012	1	180231	1	0
152	2012	2	181879	1	0
152	2012	3	182203	1	0
152	2012	10	176719	1	0
152	2012	11	177522	1	0
152	2012	12	178889	1	0
152	2013	1	187663	1	0
152	2013	2	188531	1	0
152	2013	3	189410	1	0
152	2013	10	183623	1	0
152	2013	11	184733	1	0
152	2013	12	186565	1	0
152	2014	1	193393	1	0
152	2014	2	194351	1	0
152	2014	3	195056	1	0
152	2014	10	190898	1	0
152	2014	11	192029	1	0
152	2014	12	192903	1	0
152	2015	1	198425	1	0
152	2015	2	198988	1	0
152	2015	3	199573	1	0
152	2015	10	196566	1	0
152	2015	11	197081	1	0
152	2015	12	197817	1	0
182	1992	1	174573	1	0
182	1992	3	174579	1	6
182	1992	11	174549	1	0
182	1992	12	174563	1	19
182	1993	1	189343	1	0
182	1993	2	189344	1	0
182	1993	11	189341	1	0
182	1993	12	189342	1	0
182	1994	1	189338	1	0
182	1994	2	189339	1	0
182	1994	3	189340	1	21
182	1994	12	189337	1	0
182	1995	1	189335	1	0
182	1995	2	189336	1	20
182	1995	11	189333	1	15
182	1995	12	189334	1	7
182	1996	2	189326	1	18
182	1996	11	189323	1	11
182	1996	12	189324	1	0
182	1997	1	189329	1	23
182	1997	2	189330	1	22
182	1997	10	189325	1	6
182	1997	11	189327	1	15
182	1997	12	189328	1	8
182	1998	1	189331	1	20
182	1998	2	189332	1	11
182	1998	11	189349	1	12
182	1998	12	189350	1	8
182	1999	1	189347	1	0
182	1999	2	189348	1	1
182	1999	11	189345	1	16
182	1999	12	189346	1	14
182	2000	1	2502	1	10
182	2000	2	2562	1	11
182	2000	3	2605	1	2
182	2000	11	2435	1	12
182	2000	12	2457	1	0
182	2001	1	6516	1	2
182	2001	2	6529	1	0
182	2001	10	6488	1	1
182	2001	11	6497	1	8
182	2001	12	6507	1	0
182	2002	1	115057	1	4
182	2002	2	115058	1	10
182	2002	3	115059	1	8
182	2002	10	115054	1	0
182	2002	11	115055	1	13
182	2002	12	115056	1	11
182	2003	1	140638	1	14
182	2003	2	140639	1	11
182	2003	3	140640	1	1
182	2003	10	139226	1	0
182	2003	11	139239	1	22
182	2003	12	140637	1	5
182	2004	1	157582	1	20
182	2004	2	157583	1	19
182	2004	3	157584	1	20
182	2004	10	157579	1	0
182	2004	11	157580	1	9
182	2004	12	157581	1	26
182	2005	1	157586	1	17
182	2005	2	157587	1	18
182	2005	3	157588	1	20
182	2005	10	148761	1	7
182	2005	11	148831	1	10
182	2005	12	157585	1	5
182	2006	10	142862	1	0
182	2007	1	157589	1	0
182	2009	12	163739	1	0
182	2010	2	170299	1	0
182	2010	10	167573	1	0
182	2010	12	168909	1	0
182	2012	10	177047	1	0
