LocationID	Year	fMonth	ObservationID	Complete	Count
1	1992	1	131699	1	0
1	1992	2	132039	1	0
1	1992	3	132349	1	0
1	1992	10	130745	1	0
1	1992	11	131032	1	0
1	1992	12	131361	1	0
1	1993	1	95358	1	0
1	1993	2	95396	1	0
1	1993	3	95431	1	0
1	1993	10	95250	1	0
1	1993	11	95290	1	1
1	1993	12	95320	1	0
1	1994	1	90856	1	3
1	1994	2	90895	1	0
1	1994	3	90934	1	0
1	1994	10	90743	1	0
1	1994	11	90782	1	1
1	1994	12	90820	1	2
1	1995	1	106274	1	2
1	1995	2	106317	1	0
1	1995	3	106353	1	0
1	1995	10	106154	1	1
1	1995	11	106197	1	0
1	1995	12	106239	1	2
1	1996	1	93578	1	4
1	1996	2	93617	1	0
1	1996	3	93654	1	1
1	1996	10	93474	1	0
1	1996	11	93510	1	3
1	1996	12	93545	1	4
1	1997	1	98833	1	0
1	1997	2	98879	1	0
1	1997	3	98918	1	0
1	1997	10	98732	1	0
1	1997	11	98768	1	0
1	1997	12	98799	1	1
1	1998	1	100343	1	0
1	1998	2	100363	1	0
1	1998	3	100387	1	0
1	1998	10	100214	1	0
1	1998	11	100241	1	0
1	1998	12	100316	1	0
1	1999	1	102937	1	0
1	1999	2	102954	1	0
1	1999	3	102970	1	0
1	1999	10	102888	1	0
1	1999	11	102904	1	0
1	1999	12	102921	1	0
1	2000	1	3174	1	0
1	2000	2	3194	1	0
1	2000	3	3214	1	0
1	2000	10	3114	1	0
1	2000	11	3134	1	0
1	2000	12	3154	1	0
1	2001	1	6145	1	0
1	2001	2	6198	1	0
1	2001	3	6258	1	0
1	2001	10	5980	1	0
1	2001	11	6024	1	0
1	2001	12	6093	1	0
1	2002	1	112267	1	0
1	2002	2	112288	1	0
1	2002	3	112309	1	0
1	2002	10	112204	1	1
1	2002	11	112225	1	0
1	2002	12	112246	1	0
1	2003	1	139944	1	0
1	2003	2	140212	1	0
1	2003	3	140275	1	0
1	2003	10	140009	1	0
1	2003	11	140055	1	0
1	2003	12	140128	1	0
1	2004	1	151706	1	0
1	2004	2	151744	1	0
1	2004	3	153128	1	0
1	2004	10	150947	1	2
1	2004	11	150989	1	0
1	2004	12	151616	1	0
1	2005	1	148154	1	0
1	2005	2	148483	1	0
1	2005	3	148566	1	0
1	2005	10	148937	1	1
1	2005	11	149035	1	0
1	2005	12	148098	1	0
1	2006	1	146156	1	0
1	2006	2	146574	1	0
1	2006	3	146659	1	0
1	2006	10	142839	1	0
1	2006	11	146064	1	1
1	2006	12	146098	1	0
1	2007	1	152953	1	0
1	2007	2	153769	1	0
1	2007	3	155290	1	0
1	2007	10	150689	1	0
1	2007	11	151387	1	0
1	2007	12	152116	1	0
1	2008	1	160029	1	0
1	2008	2	161554	1	0
1	2008	3	161619	1	0
1	2008	10	157962	1	0
1	2008	11	158830	1	0
1	2008	12	159252	1	0
1	2009	1	164808	1	0
1	2009	2	165261	1	1
1	2009	3	166498	1	0
1	2009	10	163376	1	0
1	2009	11	163201	1	0
1	2009	12	163876	1	0
1	2010	1	169799	1	0
1	2010	2	170357	1	0
1	2010	3	171212	1	0
1	2010	10	167504	1	1
1	2010	11	168232	1	1
1	2010	12	168782	1	0
1	2011	1	173545	1	0
1	2011	2	174279	1	0
1	2011	3	174992	1	0
1	2011	10	172081	1	0
1	2011	11	173661	1	0
1	2011	12	173739	1	0
1	2012	1	180591	1	0
1	2012	2	182978	1	0
1	2012	3	183035	1	0
1	2012	10	177010	1	2
1	2012	11	177984	1	1
1	2012	12	179984	1	0
1	2013	1	187978	1	0
1	2013	2	188766	1	0
1	2013	3	189773	1	0
1	2013	10	183827	1	0
1	2013	11	184819	1	0
1	2013	12	187221	1	0
1	2014	1	193636	1	0
1	2014	2	194486	1	0
1	2014	3	195161	1	0
1	2014	10	191146	1	2
1	2014	11	192364	1	0
1	2014	12	193210	1	1
1	2015	1	198575	1	0
1	2015	2	199299	1	0
1	2015	3	199984	1	0
1	2015	10	196717	1	2
1	2015	11	198294	1	0
1	2015	12	198323	1	0
5	1992	1	131714	1	0
5	1992	2	132054	1	0
5	1992	3	132364	1	0
5	1992	10	130760	1	0
5	1992	11	131048	1	0
5	1992	12	131376	1	0
5	1993	1	95372	1	0
5	1993	2	95412	1	0
5	1993	3	95445	1	0
5	1993	10	95266	1	0
5	1993	11	95297	1	0
5	1993	12	95335	1	0
5	1994	1	90872	1	0
5	1994	2	90911	1	0
5	1994	3	90950	1	0
5	1994	10	90759	1	0
5	1994	11	90798	1	0
5	1994	12	90837	1	0
5	1995	1	106292	1	0
5	1995	2	106334	1	0
5	1995	3	106370	1	0
5	1995	10	106171	1	0
5	1995	11	106213	1	0
5	1995	12	106260	1	0
5	1996	1	93595	1	0
5	1996	2	93633	1	0
5	1996	3	93671	1	0
5	1996	10	93491	1	0
5	1996	11	93527	1	0
5	1996	12	93562	1	0
5	1997	1	98850	1	0
5	1997	2	98896	1	0
5	1997	3	98935	1	0
5	1997	10	98748	1	0
5	1997	11	98785	1	0
5	1997	12	98815	1	0
5	1998	1	100282	1	0
5	1998	2	100292	1	0
5	1998	10	100234	1	0
5	1998	11	100404	1	0
5	1998	12	100270	1	0
5	1999	1	104718	1	0
5	1999	2	104734	1	0
5	1999	3	104741	1	0
5	1999	10	104669	1	0
5	1999	12	104689	1	0
5	2000	1	3285	1	0
5	2000	2	3289	1	0
5	2000	3	3293	1	0
5	2000	10	3273	1	0
5	2000	11	3277	1	0
5	2000	12	3281	1	0
5	2001	1	6177	1	0
5	2001	2	6238	0	0
5	2001	3	6298	1	0
5	2001	10	5998	1	0
5	2001	11	6084	1	0
5	2001	12	6136	1	0
5	2002	1	112490	1	0
5	2002	2	112525	1	0
5	2002	3	112574	1	0
5	2002	10	112331	1	0
5	2002	11	112384	1	0
5	2002	12	112431	1	0
5	2003	1	139995	1	0
5	2003	2	140194	1	0
5	2003	3	140330	1	0
5	2003	10	140030	1	0
5	2003	11	140083	1	0
5	2003	12	140106	1	0
5	2004	1	151731	1	0
5	2004	2	151766	1	0
5	2004	3	153162	1	0
5	2004	10	150964	1	0
5	2004	11	151607	1	0
5	2004	12	151642	1	0
5	2005	1	148281	1	0
5	2005	2	148541	1	0
5	2005	3	148650	1	0
5	2005	10	148981	1	0
5	2005	11	149032	1	0
5	2005	12	148097	1	0
5	2006	1	146174	1	0
5	2006	2	146619	1	0
5	2006	3	146675	1	0
5	2006	10	142678	1	0
5	2006	11	146040	1	0
5	2006	12	146121	1	0
5	2007	1	153027	1	0
5	2007	2	154677	1	0
5	2007	3	154713	1	0
5	2007	10	150632	1	0
5	2007	11	151372	1	0
5	2007	12	152931	1	0
5	2008	1	160140	1	2
5	2008	2	161580	1	2
5	2008	3	161612	1	0
5	2008	10	157957	1	0
5	2008	11	158884	1	0
5	2008	12	159474	1	0
5	2009	1	164785	1	0
5	2009	2	165451	1	0
5	2009	3	166236	1	1
5	2009	10	163353	1	0
5	2009	11	163173	1	1
5	2009	12	163923	1	0
5	2010	1	170170	1	0
5	2010	2	170352	1	0
5	2010	3	171232	1	0
5	2010	10	167472	1	0
5	2010	11	168043	1	0
5	2010	12	168838	1	1
5	2011	1	173516	1	1
5	2011	2	174254	1	0
5	2011	3	174990	1	0
5	2011	10	172087	1	0
5	2011	11	173585	1	0
5	2011	12	173686	1	0
5	2012	1	181987	1	0
5	2012	2	182558	1	0
5	2012	3	183012	1	1
5	2012	10	177028	1	0
5	2012	11	177982	1	0
5	2012	12	179978	1	0
5	2013	1	188008	1	0
5	2013	2	188792	1	0
5	2013	3	189751	1	1
5	2013	10	183846	1	0
5	2013	11	184803	1	2
5	2013	12	187187	1	1
5	2014	1	193724	1	2
5	2014	2	194614	1	1
5	2014	3	195207	1	0
5	2014	10	191135	1	0
5	2014	11	192337	1	1
5	2014	12	193217	1	0
5	2015	1	198763	1	0
5	2015	2	199437	1	0
5	2015	3	199742	1	0
5	2015	10	196788	1	0
5	2015	11	198127	1	1
5	2015	12	198217	1	1
150	1992	1	131768	1	0
150	1992	10	130808	1	0
150	1993	1	95619	1	0
150	1993	2	95680	1	0
150	1993	3	95688	1	0
150	1993	10	95546	1	0
150	1993	11	95575	1	0
150	1993	12	95606	1	0
150	1994	1	91118	1	0
150	1994	2	91147	1	0
150	1994	3	91178	1	0
150	1994	10	91041	1	0
150	1994	11	91065	1	1
150	1994	12	91093	1	0
150	1995	1	107001	1	0
150	1995	2	107034	1	0
150	1995	3	107095	1	0
150	1995	10	106887	1	0
150	1995	12	106956	1	0
150	1996	1	94871	1	0
150	1996	2	94901	1	0
150	1996	3	94935	1	0
150	1996	10	94761	1	0
150	1996	11	94790	1	0
150	1996	12	94822	1	0
150	1997	1	98440	1	0
150	1997	2	98441	1	0
150	1997	3	98442	1	1
150	1997	10	98437	1	0
150	1997	11	98438	1	1
150	1997	12	98439	1	0
150	1998	1	100733	1	0
150	1998	2	100737	1	0
150	1998	3	100743	1	0
150	1998	10	100727	1	0
150	1998	12	100729	1	0
150	1999	1	102875	1	0
150	1999	2	102879	1	0
150	1999	3	102883	1	0
150	1999	10	102864	1	0
150	1999	11	102868	1	0
150	1999	12	102872	1	1
150	2000	1	2503	1	0
150	2000	2	2557	1	0
150	2000	3	2606	1	0
150	2000	10	2362	1	0
150	2000	11	2410	1	0
150	2000	12	2454	1	0
150	2001	1	5228	1	0
150	2001	2	5421	1	0
150	2001	3	5446	1	0
150	2001	10	5163	1	0
150	2001	11	5174	1	0
150	2001	12	5204	1	0
150	2002	1	112734	1	0
150	2002	2	112777	1	0
150	2002	3	112821	1	0
150	2002	10	112617	1	0
150	2002	11	112656	1	0
150	2002	12	112693	1	0
150	2003	1	139322	1	0
150	2003	2	139538	1	0
150	2003	3	139605	1	0
150	2003	10	139130	1	0
150	2003	11	139236	1	0
150	2003	12	139281	1	0
150	2004	1	151673	1	0
150	2004	2	151741	1	0
150	2004	3	153110	1	0
150	2004	10	150809	1	0
150	2004	11	150978	1	0
150	2004	12	151661	1	0
150	2005	1	148259	1	0
150	2005	2	148379	1	0
150	2005	3	148631	1	0
150	2005	10	148984	1	0
150	2005	11	149121	1	0
150	2005	12	148119	1	0
150	2006	1	144448	1	0
150	2006	2	144657	1	0
150	2006	3	145470	1	0
150	2006	10	142438	1	0
150	2006	11	143039	1	0
150	2006	12	143499	1	0
150	2007	1	152837	1	0
150	2007	2	153694	1	0
150	2007	3	154977	1	0
150	2007	10	150730	1	0
150	2007	11	151484	1	0
150	2007	12	152138	1	0
150	2008	1	160134	1	0
150	2008	2	160745	1	0
150	2008	3	161246	1	0
150	2008	10	157931	1	0
150	2008	11	158539	1	0
150	2008	12	159188	1	0
150	2009	1	164505	1	1
150	2009	2	165337	1	0
150	2009	3	166031	1	0
150	2009	10	162476	1	0
150	2009	11	163078	1	1
150	2009	12	163711	1	1
150	2010	1	169458	1	1
150	2010	2	170066	1	1
150	2010	3	170854	1	1
150	2010	10	167380	1	0
150	2010	11	167915	1	1
150	2010	12	168720	1	0
150	2011	1	173471	1	0
150	2011	2	174166	1	2
150	2011	3	174833	1	3
150	2011	10	171862	1	0
150	2011	11	172509	1	1
150	2011	12	172957	1	1
150	2012	1	180415	1	3
150	2012	2	181828	1	2
150	2012	3	182493	1	0
150	2012	10	176749	1	2
150	2012	11	177735	1	2
150	2012	12	179026	1	3
150	2013	1	187850	1	1
150	2013	2	188519	1	0
150	2013	3	189603	1	0
150	2013	10	183743	1	2
150	2013	11	185119	1	0
150	2013	12	187024	1	3
150	2014	1	193510	1	0
150	2014	2	194377	1	0
150	2014	3	195241	1	0
150	2014	11	192143	1	0
150	2014	12	192898	1	1
150	2015	1	198541	1	0
150	2015	2	199265	1	0
150	2015	3	199926	1	0
150	2015	10	196567	1	2
150	2015	11	197266	1	0
150	2015	12	197825	1	0
333	1992	1	131782	1	0
333	1992	2	132107	1	0
333	1992	3	183534	1	0
333	1992	10	130814	1	0
333	1992	11	131100	1	0
333	1992	12	131437	1	0
333	1993	1	95788	1	0
333	1993	2	95810	1	0
333	1993	3	95830	1	0
333	1993	10	95726	1	0
333	1993	11	95747	1	0
333	1993	12	95768	1	0
333	1994	1	91287	1	0
333	1994	2	91307	1	0
333	1994	3	91327	1	0
333	1994	10	91230	1	0
333	1994	11	91248	1	0
333	1994	12	91268	1	0
333	1995	1	106490	1	0
333	1995	2	106491	1	0
333	1995	3	106492	1	0
333	1995	10	106487	1	0
333	1995	11	106488	1	2
333	1995	12	106489	1	0
333	1996	1	94436	1	0
333	1996	2	94449	1	0
333	1996	3	94461	1	0
333	1996	10	94403	1	2
333	1996	11	94414	1	0
333	1996	12	94425	1	0
333	1997	1	98140	1	0
333	1997	2	183533	1	0
333	1997	3	98141	1	0
333	1997	10	98137	1	0
333	1997	11	98138	1	1
333	1997	12	98139	1	1
333	1998	1	102205	1	0
333	1998	2	102206	1	0
333	1998	3	102207	1	0
333	1998	10	102202	1	0
333	1998	11	102203	1	0
333	1998	12	102204	1	0
333	1999	1	104249	1	0
333	1999	2	104250	1	0
333	1999	3	104251	1	0
333	1999	10	104246	1	0
333	1999	11	104247	1	0
333	1999	12	104248	1	0
333	2000	1	183530	1	0
333	2000	2	183531	1	0
333	2000	3	183532	1	0
333	2000	11	183528	1	0
333	2000	12	183529	1	0
333	2001	1	5634	1	0
333	2001	3	5637	1	0
333	2001	10	5630	1	0
333	2001	11	5632	1	1
333	2001	12	5633	1	0
333	2002	1	115148	1	0
333	2002	2	115149	1	0
333	2002	3	115150	1	0
333	2002	10	115145	1	0
333	2002	11	115146	1	1
333	2002	12	115147	1	0
333	2003	1	139121	1	0
333	2003	2	139122	1	0
333	2003	3	139123	1	0
333	2003	10	139118	1	0
333	2003	11	139119	1	0
333	2003	12	139120	1	0
333	2004	1	155995	1	0
333	2004	2	155996	1	0
333	2004	3	155997	1	0
333	2004	10	155992	1	0
333	2004	11	155993	1	0
333	2004	12	155994	1	0
333	2005	1	146023	1	0
333	2005	2	146024	1	0
333	2005	3	146025	1	0
333	2005	10	146021	1	1
333	2005	12	146022	1	0
333	2006	1	146019	1	0
333	2006	3	146020	1	0
333	2006	10	146016	1	0
333	2006	11	146017	1	0
333	2006	12	146018	1	0
333	2007	1	156043	1	0
333	2007	3	156044	1	0
333	2007	10	156041	1	0
333	2007	11	156038	1	0
333	2007	12	156042	1	0
333	2008	1	160103	1	0
333	2008	2	161498	1	0
333	2008	3	161499	1	0
333	2008	10	158006	1	0
333	2008	11	159573	1	0
333	2008	12	159575	1	0
333	2009	1	166941	1	0
333	2009	2	166943	1	0
333	2009	3	166944	1	0
333	2009	10	166935	1	0
333	2009	11	166936	1	0
333	2009	12	166937	1	0
333	2010	1	173873	1	0
333	2010	2	173874	1	0
333	2010	3	173876	1	0
333	2010	11	173863	1	0
333	2010	12	173868	1	0
333	2011	1	175893	1	2
333	2011	2	175894	1	0
333	2011	3	175895	1	0
333	2011	10	175890	1	0
333	2011	11	175891	1	1
333	2011	12	175892	1	3
333	2012	1	183208	1	0
333	2012	2	183209	1	0
333	2012	3	183210	1	0
333	2012	10	178936	1	0
333	2012	11	178934	1	0
333	2012	12	179022	1	0
333	2013	1	190340	1	0
333	2013	2	190341	1	0
333	2013	3	190342	1	0
333	2013	10	190337	1	0
333	2013	11	190338	1	0
333	2013	12	190339	1	0
333	2014	1	196072	1	0
333	2014	2	196073	1	0
333	2014	3	196074	1	0
333	2014	10	196071	1	1
333	2014	11	196070	1	0
333	2014	12	196068	1	0
581	1992	1	131884	1	0
581	1992	10	130901	1	0
581	1992	11	131214	1	0
581	1992	12	131551	1	0
581	1993	1	96276	1	0
581	1993	10	96246	1	0
581	1993	11	96256	1	0
581	1993	12	96266	1	0
581	1994	1	92316	1	0
581	1994	2	92326	1	0
581	1994	3	92334	1	0
581	1994	10	92288	1	0
581	1994	11	92298	1	0
581	1994	12	92306	1	0
581	1995	1	105415	1	0
581	1995	2	105424	1	0
581	1995	3	105433	1	0
581	1995	10	105390	1	0
581	1995	11	105397	1	0
581	1995	12	105406	1	0
581	1996	1	94124	1	0
581	1996	2	94131	1	0
581	1996	3	94141	1	0
581	1996	10	94096	1	0
581	1996	11	94104	1	0
581	1996	12	94114	1	0
581	1997	1	98699	1	0
581	1997	2	98712	1	0
581	1997	3	98725	1	0
581	1997	10	98658	1	0
581	1997	11	98672	1	0
581	1997	12	98686	1	0
581	1998	1	101319	1	0
581	1998	2	101334	1	0
581	1998	3	101350	1	0
581	1998	10	101272	1	0
581	1998	11	101287	1	0
581	1998	12	101303	1	0
581	1999	1	102367	1	0
581	1999	2	102384	1	0
581	1999	3	102401	1	0
581	1999	10	102315	1	0
581	1999	11	102331	1	0
581	1999	12	102349	1	0
581	2000	3	1355	1	0
581	2001	1	2101	1	0
581	2001	2	2102	1	0
581	2001	10	2098	1	0
581	2001	12	2100	1	0
581	2002	1	5319	1	0
581	2002	2	5338	1	0
581	2002	3	5360	1	0
581	2002	10	5258	1	0
581	2002	11	5277	1	0
581	2002	12	5299	1	0
581	2003	1	140426	1	0
581	2003	2	140483	1	0
581	2003	3	140500	1	1
581	2003	10	140444	1	0
581	2003	11	140463	1	0
581	2003	12	140407	1	0
581	2004	1	147899	1	1
581	2004	2	147918	1	1
581	2004	3	147941	1	1
581	2004	10	147439	1	0
581	2004	11	147456	1	0
581	2004	12	147473	1	0
581	2005	1	146348	1	1
581	2005	2	146419	1	1
581	2005	3	146517	1	1
581	2005	10	146260	1	0
581	2005	11	146271	1	0
581	2005	12	146331	1	1
581	2006	1	143992	1	1
581	2006	2	150316	1	1
581	2006	3	150317	1	0
581	2006	10	142446	1	0
581	2006	11	142980	1	0
581	2006	12	143991	1	0
581	2007	2	156207	1	1
581	2007	3	156206	1	2
581	2007	10	150359	1	0
581	2007	11	151029	1	0
581	2007	12	156319	1	0
581	2008	1	160317	1	1
581	2008	2	161471	1	0
581	2008	10	158097	1	0
581	2008	11	158682	1	0
581	2008	12	158999	1	0
581	2009	1	164604	1	0
581	2009	2	165130	1	1
581	2009	10	162659	1	0
581	2009	11	162870	1	0
581	2009	12	164755	1	0
581	2010	1	169631	1	0
581	2010	2	170093	1	0
581	2010	3	170890	1	0
581	2010	10	167719	1	0
581	2010	11	167943	1	0
581	2010	12	168685	1	0
581	2011	1	173250	1	1
581	2011	2	174640	1	0
581	2011	3	175732	1	0
581	2011	10	171971	1	0
581	2011	11	172249	1	0
581	2011	12	173043	1	1
581	2012	1	181207	1	0
581	2012	2	181929	1	1
581	2012	3	182439	1	0
581	2012	10	177039	1	0
581	2012	12	178937	1	0
581	2013	1	190352	1	0
581	2013	3	190351	1	1
581	2013	10	183770	1	0
581	2014	1	194418	1	0
581	2014	2	194419	1	0
581	2014	10	192406	1	0
581	2014	11	192407	1	0
581	2014	12	194417	1	0
581	2015	10	197465	1	0
581	2015	11	197466	1	0
586	1992	1	131879	1	0
586	1992	2	132193	1	0
586	1992	10	130897	1	0
586	1992	11	131209	1	0
586	1992	12	131546	1	0
586	1993	1	96271	1	0
586	1993	2	96279	1	0
586	1993	3	96288	1	0
586	1993	10	96241	1	0
586	1993	11	96251	1	0
586	1993	12	96261	1	0
586	1994	1	92311	1	0
586	1994	2	92321	1	0
586	1994	3	92329	1	0
586	1994	11	92293	1	0
586	1994	12	92301	1	0
586	1995	1	105410	1	0
586	1995	2	105419	1	0
586	1995	3	105428	1	0
586	1995	10	105385	1	0
586	1995	11	105392	1	0
586	1995	12	105401	1	0
586	1996	1	94119	1	0
586	1996	2	94129	1	0
586	1996	3	94136	1	0
586	1996	10	94091	1	0
586	1996	11	94099	1	0
586	1996	12	94109	1	0
586	1997	1	98694	1	0
586	1997	2	98707	1	0
586	1997	3	98720	1	0
586	1997	10	98653	1	0
586	1997	11	98667	1	0
586	1997	12	98681	1	0
586	1998	1	101314	1	0
586	1998	2	101329	1	0
586	1998	3	101345	1	0
586	1998	10	101267	1	0
586	1998	11	101282	1	0
586	1998	12	101298	1	0
586	1999	1	102362	1	0
586	1999	2	102379	1	0
586	1999	3	102396	1	0
586	1999	10	102310	1	0
586	1999	11	102326	1	0
586	1999	12	102344	1	0
586	2000	1	1321	1	0
586	2000	2	1344	1	0
586	2000	3	1366	1	0
586	2000	10	1252	1	0
586	2000	11	1267	1	0
586	2000	12	1297	1	0
586	2001	2	2182	1	1
586	2001	3	2183	1	0
586	2002	1	5321	1	1
586	2002	2	5340	1	0
586	2002	3	5362	1	0
586	2002	10	5260	1	0
586	2002	11	5279	1	0
586	2002	12	5301	1	0
586	2003	1	140428	1	0
586	2003	2	140485	1	0
586	2003	3	140502	1	0
586	2003	10	140446	1	0
586	2003	11	140465	1	0
586	2003	12	140415	1	0
586	2004	1	147901	1	0
586	2004	2	147920	1	0
586	2004	3	147944	1	0
586	2004	10	147441	1	0
586	2004	11	147458	1	0
586	2004	12	147475	1	0
586	2005	1	146339	1	0
586	2005	2	146550	1	0
586	2005	3	146528	1	0
586	2005	10	146257	1	0
586	2005	11	146278	1	0
586	2005	12	146329	1	0
586	2006	1	156351	1	0
586	2006	2	156361	1	0
586	2006	3	156371	1	0
586	2006	12	156340	1	0
586	2007	1	152951	1	0
586	2007	2	153767	1	0
586	2007	3	154630	1	0
586	2007	10	150629	1	0
586	2007	11	151328	1	0
586	2007	12	152373	1	0
586	2008	1	160068	1	0
586	2008	2	161469	1	0
586	2008	3	161254	1	0
586	2008	10	157948	1	0
586	2008	11	158561	1	0
586	2008	12	159576	1	0
586	2009	1	164772	1	0
586	2009	2	167151	1	0
586	2009	3	167153	1	0
586	2009	10	164766	1	0
586	2009	11	164768	1	0
586	2009	12	164770	1	0
586	2010	1	169627	1	0
586	2010	2	170166	1	0
586	2010	3	170863	1	0
586	2010	10	167429	1	0
586	2010	11	168471	1	0
586	2010	12	168499	1	1
586	2011	1	173263	1	0
586	2011	2	174009	1	0
586	2011	3	174891	1	0
586	2011	10	171928	1	0
586	2011	11	172203	1	0
586	2011	12	172854	1	0
586	2012	1	180220	1	1
586	2012	2	181651	1	0
586	2012	3	182224	1	0
586	2012	10	176777	1	0
586	2012	11	177648	1	0
586	2012	12	178807	1	0
586	2013	1	187779	1	0
586	2013	2	188523	1	0
586	2013	3	189561	1	0
586	2013	10	183727	1	0
586	2013	11	184717	1	0
586	2013	12	187086	1	0
586	2014	1	193574	1	1
586	2014	2	194509	1	1
586	2014	3	195264	1	0
586	2014	10	190938	1	0
586	2014	11	192255	1	0
586	2014	12	192799	1	0
586	2015	1	198571	1	0
586	2015	2	198981	1	0
586	2015	3	199765	1	0
586	2015	10	196493	1	0
586	2015	11	197439	1	0
586	2015	12	197851	1	0
598	1992	1	131887	1	0
598	1992	2	132196	1	0
598	1992	3	165582	1	1
598	1992	10	130904	1	0
598	1992	11	131215	1	0
598	1992	12	131553	1	0
598	1993	1	96314	1	0
598	1993	2	96317	1	0
598	1993	3	96320	1	0
598	1993	10	96305	1	0
598	1993	11	96308	1	0
598	1993	12	96311	1	0
598	1994	1	92347	1	0
598	1994	2	92350	1	0
598	1994	3	92353	1	0
598	1994	10	92338	1	0
598	1994	11	92341	1	0
598	1994	12	92344	1	0
598	1995	1	105866	1	0
598	1995	2	105867	1	0
598	1995	3	105868	1	0
598	1995	10	105863	1	0
598	1995	11	105864	1	0
598	1995	12	105865	1	0
598	1996	1	94153	1	0
598	1996	2	94156	1	0
598	1996	3	94159	1	0
598	1996	10	94144	1	0
598	1996	11	94147	1	0
598	1996	12	94150	1	0
598	1997	1	97416	1	0
598	1997	2	97419	1	0
598	1997	3	97422	1	0
598	1997	10	97407	1	0
598	1997	11	97410	1	0
598	1997	12	97413	1	0
598	1998	1	101367	1	0
598	1998	2	101370	1	0
598	1998	3	101373	1	0
598	1998	10	101358	1	0
598	1998	11	101361	1	0
598	1998	12	101364	1	0
598	1999	1	103555	1	0
598	1999	2	103558	1	0
598	1999	3	103561	1	0
598	1999	10	103546	1	0
598	1999	11	103549	1	0
598	1999	12	103552	1	0
598	2000	1	875	1	0
598	2000	2	876	1	0
598	2000	3	877	1	0
598	2000	10	871	1	0
598	2000	11	873	1	0
598	2000	12	874	1	0
598	2001	1	2228	1	0
598	2001	2	2229	1	0
598	2001	3	2230	1	0
598	2001	10	2225	1	0
598	2001	11	2226	1	0
598	2001	12	2227	1	0
598	2002	1	5242	1	0
598	2002	2	5243	1	0
598	2002	3	5244	1	0
598	2002	10	5239	1	0
598	2002	11	5240	1	0
598	2002	12	5241	1	0
598	2003	1	138644	1	0
598	2003	2	138645	1	0
598	2003	3	138646	1	0
598	2003	10	138641	1	0
598	2003	11	138642	1	0
598	2003	12	138643	1	0
598	2004	1	149988	1	1
598	2004	2	149989	1	1
598	2004	3	149990	1	1
598	2004	10	149985	1	0
598	2004	11	149986	1	1
598	2004	12	149987	1	1
598	2005	1	147532	1	2
598	2005	2	147533	1	2
598	2005	3	147534	1	2
598	2005	10	147529	1	0
598	2005	11	147530	1	2
598	2005	12	147531	1	2
598	2006	1	146379	1	0
598	2006	2	146380	1	0
598	2006	3	146381	1	0
598	2006	10	146343	1	1
598	2006	11	146344	1	1
598	2006	12	146378	1	0
598	2007	1	153333	1	1
598	2007	2	153640	1	1
598	2007	3	154419	1	0
598	2007	10	153330	1	1
598	2007	11	153331	1	0
598	2007	12	153332	1	0
598	2008	1	159964	1	0
598	2008	2	160580	1	0
598	2008	10	157813	1	0
598	2008	11	158692	1	0
598	2008	12	159085	1	0
598	2009	1	164746	1	0
598	2009	2	165381	1	0
598	2009	3	166026	1	0
598	2009	10	164743	1	0
598	2009	11	164744	1	0
598	2009	12	164745	1	0
598	2010	1	175915	1	0
598	2010	2	175916	1	0
598	2010	3	175917	1	0
598	2010	10	168861	1	1
598	2010	11	168862	1	0
598	2010	12	168863	1	0
598	2011	1	175920	1	0
598	2011	2	175921	1	0
598	2011	10	175918	1	0
598	2011	11	175919	1	0
598	2012	1	184040	1	0
598	2013	1	188345	1	0
598	2013	2	189944	1	1
598	2013	3	189945	1	0
598	2013	10	185338	1	1
598	2013	11	185245	1	2
598	2013	12	186885	1	1
622	1992	1	131927	1	0
622	1992	2	132235	1	0
622	1992	3	165585	1	0
622	1992	10	130934	1	0
622	1992	11	131259	1	0
622	1992	12	131596	1	0
622	1993	1	96610	1	0
622	1993	2	96676	1	0
622	1993	3	96743	1	0
622	1993	10	96415	1	1
622	1993	11	96478	1	1
622	1993	12	96543	1	0
622	1994	1	91692	1	0
622	1994	2	91776	1	0
622	1994	3	91862	1	0
622	1994	10	91462	1	0
622	1994	11	91531	1	1
622	1994	12	91607	1	0
622	1995	1	104976	1	0
622	1995	2	105055	1	0
622	1995	3	105135	1	0
622	1995	10	104757	1	0
622	1995	11	104813	1	0
622	1995	12	104895	1	0
622	1996	1	93201	1	0
622	1996	2	93296	1	0
622	1996	3	93387	1	0
622	1996	10	92937	1	0
622	1996	11	93024	1	0
622	1996	12	93109	1	0
622	1997	1	97829	1	0
622	1997	2	97902	1	0
622	1997	3	97978	1	0
622	1997	10	97610	1	0
622	1997	11	97680	1	0
622	1997	12	97754	1	0
622	1998	1	101723	1	0
622	1998	2	101818	1	0
622	1998	3	101913	1	0
622	1998	10	101456	1	0
622	1998	11	101542	1	0
622	1998	12	101631	1	0
622	1999	1	103270	1	0
622	1999	2	103357	1	0
622	1999	3	103446	1	0
622	1999	10	102994	1	0
622	1999	11	103095	1	0
622	1999	12	103183	1	0
622	2000	1	426	1	0
622	2000	2	461	1	0
622	2000	3	1971	1	0
622	2000	10	23	1	0
622	2000	11	143	1	0
622	2000	12	246	1	0
622	2001	1	4471	1	0
622	2001	2	4601	1	0
622	2001	3	4680	1	0
622	2001	10	4195	1	0
622	2001	11	4244	1	0
622	2001	12	4388	1	0
622	2002	1	113441	1	0
622	2002	2	113545	1	0
622	2002	3	113612	1	0
622	2002	10	113127	1	0
622	2002	11	113236	1	0
622	2002	12	113279	1	0
622	2003	1	137935	1	0
622	2003	2	137868	1	0
622	2003	3	137785	1	0
622	2003	10	138146	1	0
622	2003	11	138041	1	0
622	2003	12	138000	1	0
622	2004	1	142333	1	0
622	2004	2	142416	1	0
622	2004	3	142815	1	0
622	2004	10	141764	1	0
622	2004	11	141889	1	0
622	2004	12	142015	1	0
622	2005	1	147145	1	0
622	2005	2	147235	1	0
622	2005	3	147295	1	0
622	2005	10	145958	1	0
622	2005	11	155765	1	0
622	2005	12	146933	1	0
622	2006	1	144160	1	0
622	2006	2	144874	1	0
622	2006	3	145467	1	0
622	2006	10	142729	1	0
622	2006	11	143122	1	0
622	2006	12	143652	1	0
622	2007	1	152629	1	0
622	2007	2	154188	1	0
622	2007	3	154996	1	0
622	2007	10	155520	1	0
622	2007	11	151219	1	0
622	2007	12	152006	1	0
622	2008	1	160090	1	0
622	2008	2	160877	1	0
622	2008	3	161072	1	0
622	2008	10	160070	1	0
622	2008	11	160079	1	0
622	2008	12	160084	1	0
622	2009	1	164378	1	0
622	2009	2	164961	1	0
622	2009	3	165790	1	0
622	2009	10	162206	1	0
622	2009	11	162791	1	0
622	2009	12	163508	1	0
622	2010	1	169325	1	0
622	2010	2	169893	1	0
622	2010	3	170603	1	0
622	2010	10	167205	1	0
622	2010	11	167785	1	0
622	2010	12	168572	1	0
622	2011	1	173231	1	0
622	2011	2	174217	1	0
622	2011	3	174697	1	0
622	2011	10	172367	1	0
622	2011	11	172392	1	0
622	2011	12	172884	1	0
622	2012	1	180381	1	0
622	2012	2	182562	1	0
622	2012	3	182503	1	0
622	2012	10	176926	1	0
622	2012	11	177602	1	0
622	2012	12	178746	1	0
622	2013	1	187909	1	1
622	2013	2	188584	1	0
622	2013	10	183619	1	1
622	2013	11	188666	1	1
622	2013	12	187074	1	0
622	2014	1	193514	1	0
622	2014	2	195689	1	0
622	2014	3	195685	1	0
622	2014	10	190968	1	0
622	2014	11	192243	1	0
622	2014	12	192952	1	0
622	2015	1	198874	1	0
622	2015	3	199726	1	0
622	2015	10	196516	1	0
622	2015	11	197783	1	0
622	2015	12	197988	1	0
633	1992	1	131955	1	0
633	1992	2	132262	1	0
633	1992	3	165616	1	0
633	1992	10	130957	1	1
633	1992	11	131284	1	1
633	1992	12	131622	1	0
633	1993	1	96643	1	0
633	1993	2	96709	1	0
633	1993	3	96775	1	0
633	1993	10	96447	1	0
633	1993	11	96512	1	0
633	1993	12	96577	1	0
633	1994	1	91709	1	1
633	1994	2	91793	1	1
633	1994	3	91879	1	1
633	1994	10	91478	1	0
633	1994	11	91548	1	0
633	1994	12	91624	1	0
633	1995	1	104991	1	0
633	1995	2	105071	1	0
633	1995	3	105152	1	0
633	1995	10	104755	1	1
633	1995	11	104830	1	0
633	1995	12	104912	1	0
633	1996	1	93218	1	0
633	1996	2	93313	1	0
633	1996	3	93401	1	0
633	1996	10	92954	1	0
633	1996	11	93041	1	0
633	1996	12	93126	1	0
633	1997	1	97844	1	0
633	1997	2	97917	1	0
633	1997	3	97992	1	0
633	1997	10	97627	1	0
633	1997	11	97694	1	0
633	1997	12	97769	1	0
633	1998	1	101741	1	0
633	1998	2	101836	1	0
633	1998	3	101932	1	0
633	1998	10	101474	1	0
633	1998	11	101560	1	0
633	1998	12	101649	1	0
633	1999	1	103288	1	0
633	1999	2	103376	1	0
633	1999	3	103464	1	1
633	1999	10	103012	1	0
633	1999	11	103113	1	1
633	1999	12	103201	1	0
633	2000	1	358	1	0
633	2000	2	491	1	0
633	2000	3	1928	1	0
633	2000	10	13	1	0
633	2000	11	126	1	0
633	2000	12	224	1	0
633	2001	1	4524	1	0
633	2001	2	4576	1	0
633	2001	3	4676	1	0
633	2001	10	4170	1	0
633	2001	11	4303	1	0
633	2001	12	4362	1	0
633	2002	1	113392	1	0
633	2002	2	113491	1	0
633	2002	3	113608	1	0
633	2002	10	113105	1	0
633	2002	11	113201	1	0
633	2002	12	113286	1	0
633	2003	1	137968	1	0
633	2003	2	137820	1	0
633	2003	3	137751	1	1
633	2003	10	138119	1	0
633	2003	11	138085	1	0
633	2003	12	137997	1	0
633	2004	1	142262	1	0
633	2004	2	142371	1	0
633	2004	3	142510	1	0
633	2004	10	141727	1	0
633	2004	11	141842	1	0
633	2004	12	141959	1	0
633	2005	1	147102	1	1
633	2005	2	147218	1	0
633	2005	3	147275	1	0
633	2005	10	153310	1	0
633	2005	11	146804	1	0
633	2005	12	146925	1	0
633	2006	1	156135	1	0
633	2006	2	156140	1	0
633	2006	3	156143	1	0
633	2006	10	156123	1	0
633	2006	11	156127	1	0
633	2006	12	156132	1	0
633	2007	1	157339	1	0
633	2007	2	157340	1	0
633	2007	3	157341	1	0
633	2007	10	157326	1	4
633	2007	11	157333	1	0
633	2007	12	157336	1	0
633	2008	1	162543	1	0
633	2008	2	162544	1	0
633	2008	3	162545	1	1
633	2008	10	162555	1	0
633	2008	11	162561	1	0
633	2008	12	162565	1	1
633	2009	1	164882	1	0
633	2009	2	166228	1	4
633	2009	3	166229	1	0
633	2009	10	164869	1	0
633	2009	11	164873	1	1
633	2009	12	164877	1	0
633	2010	1	169621	1	0
633	2010	2	169941	1	0
633	2010	3	170821	1	2
633	2010	10	168128	1	1
633	2010	11	168132	1	3
633	2010	12	168462	1	0
633	2011	1	173257	1	0
633	2011	2	174006	1	1
633	2011	3	174888	1	2
633	2011	10	171877	1	2
633	2011	11	172202	1	0
633	2011	12	172921	1	0
633	2012	1	180206	1	1
633	2012	2	181654	1	0
633	2012	3	182319	1	0
633	2012	10	176856	1	0
633	2012	11	177777	1	1
633	2012	12	178812	1	0
633	2013	1	187900	1	0
633	2013	2	188511	1	0
633	2013	3	189684	1	0
633	2013	10	183659	1	0
633	2013	11	184667	1	0
633	2013	12	186916	1	0
633	2014	1	193614	1	0
633	2014	2	194436	1	0
633	2014	3	195257	1	0
633	2014	10	191039	1	0
633	2014	11	192101	1	0
633	2014	12	192820	1	0
633	2015	1	198625	1	0
633	2015	2	199114	1	0
633	2015	3	199869	1	0
633	2015	10	196602	1	0
633	2015	11	197219	1	0
633	2015	12	197754	1	0
699	2001	2	4587	1	0
699	2001	3	4707	1	0
699	2002	1	113415	1	0
699	2002	2	113513	1	0
699	2002	3	113650	1	0
699	2002	10	113148	1	0
699	2002	11	113215	1	0
699	2002	12	113347	1	0
699	2003	1	136976	1	0
699	2003	2	136999	1	1
699	2003	3	137020	1	0
699	2003	10	127503	1	0
699	2003	11	134653	1	0
699	2003	12	136081	1	0
699	2004	1	142268	1	0
699	2004	2	142388	1	0
699	2004	3	142672	1	0
699	2004	10	141732	1	0
699	2004	11	141852	1	0
699	2004	12	141963	1	0
699	2005	1	147059	1	0
699	2005	2	147171	1	0
699	2005	3	147318	1	0
699	2005	10	145929	1	0
699	2005	11	146884	1	0
699	2005	12	146840	1	0
699	2006	1	144122	1	0
699	2006	2	144921	1	0
699	2006	3	145816	1	0
699	2006	10	142579	1	0
699	2006	11	143286	1	0
699	2006	12	143713	1	0
699	2007	1	152870	1	0
699	2007	2	154626	1	0
699	2007	3	154791	1	0
699	2007	10	150719	1	0
699	2007	11	151286	1	0
699	2007	12	152090	1	1
699	2008	1	159735	1	0
699	2008	2	160722	1	1
699	2008	3	161192	1	1
699	2008	10	158017	1	1
699	2008	11	159433	1	0
699	2008	12	159681	1	0
699	2009	1	164573	1	0
699	2009	2	165061	1	0
699	2009	3	165998	1	1
699	2009	10	162229	1	0
699	2009	11	162848	1	0
699	2009	12	163806	1	0
699	2010	1	169368	1	0
699	2010	2	169972	1	0
699	2010	3	170787	1	0
699	2010	10	167359	1	0
699	2010	11	167793	1	0
699	2010	12	168704	1	0
699	2011	1	173443	1	0
699	2011	2	174140	1	0
699	2011	3	174846	1	0
699	2011	10	172262	1	0
699	2011	11	172291	1	0
699	2011	12	172810	1	0
699	2012	1	180398	1	1
699	2012	2	181719	1	0
699	2012	3	182405	1	0
699	2012	10	176781	1	0
699	2012	11	177869	1	0
699	2012	12	178921	1	0
699	2013	1	187792	1	1
699	2013	2	188544	1	0
699	2013	3	189612	1	0
699	2013	10	183643	1	0
699	2013	11	184837	1	0
699	2013	12	186937	1	0
699	2014	1	193529	1	0
699	2014	2	194295	1	0
699	2014	3	195024	1	0
699	2014	10	190955	1	0
699	2014	11	192477	1	0
699	2014	12	192804	1	0
699	2015	1	198592	1	0
699	2015	2	199099	1	0
699	2015	3	199714	1	0
699	2015	10	196826	1	0
699	2015	11	197269	1	4
699	2015	12	197999	0	2
924	1992	1	131885	1	0
924	1992	10	130902	1	0
924	1993	2	96284	1	0
924	1993	10	96247	1	0
924	1993	11	96257	1	0
924	1993	12	96267	1	0
924	1994	1	92317	1	0
924	1994	3	92335	1	0
924	1994	10	92289	1	0
924	1994	12	92307	1	0
924	1995	1	105416	1	0
924	1995	2	105425	1	0
924	1995	11	105398	1	0
924	1995	12	105407	1	0
924	1996	1	94125	1	0
924	1996	2	94132	1	0
924	1996	11	94105	1	0
924	1996	12	94115	1	0
924	1997	1	98700	1	0
924	1997	2	98713	1	0
924	1997	3	98726	1	0
924	1997	10	98659	1	0
924	1997	11	98673	1	0
924	1997	12	98687	1	0
924	1998	1	101320	1	0
924	1998	2	101335	1	0
924	1998	3	101351	1	0
924	1998	10	101273	1	0
924	1998	11	101288	1	0
924	1998	12	101304	1	0
924	1999	1	102368	1	0
924	1999	2	102385	1	0
924	1999	3	102402	1	0
924	1999	10	102316	1	0
924	1999	11	102332	1	0
924	1999	12	102350	1	0
924	2000	1	1331	1	0
924	2000	2	1354	1	0
924	2000	3	1372	1	0
924	2000	10	1247	1	0
924	2000	11	1271	1	0
924	2000	12	1307	1	0
924	2001	1	2193	1	0
924	2001	2	2194	1	0
924	2001	3	2195	1	0
924	2001	10	2190	1	0
924	2001	11	2191	1	0
924	2001	12	2192	1	0
924	2002	1	5326	1	0
924	2002	2	5347	1	0
924	2002	3	5369	1	0
924	2002	10	5266	1	0
924	2002	11	5287	1	0
924	2002	12	5307	1	0
924	2003	1	140429	1	0
924	2003	2	140482	1	0
924	2003	3	140504	1	0
924	2003	10	140447	1	0
924	2003	11	140466	1	0
924	2003	12	140409	1	0
924	2004	1	147902	1	0
924	2004	2	147921	1	0
924	2004	3	147940	1	0
924	2004	10	147442	1	0
924	2004	11	147459	1	0
924	2004	12	147476	1	1
924	2005	1	146396	1	0
924	2005	2	146403	1	0
924	2005	3	146541	1	0
924	2005	10	146263	1	0
924	2005	11	146680	1	0
924	2005	12	146333	1	0
924	2006	1	156348	1	0
924	2006	2	156363	1	0
924	2006	3	145717	1	0
924	2006	12	156346	1	1
924	2007	1	152713	1	0
924	2007	2	153579	1	0
924	2007	3	154358	1	0
924	2007	10	150570	1	0
924	2007	11	151018	1	0
924	2007	12	152171	1	0
924	2008	1	160219	1	0
924	2008	2	160399	1	0
924	2008	3	161136	1	1
924	2008	10	157733	1	1
924	2008	11	158538	1	1
924	2008	12	159002	1	1
924	2009	1	164178	1	0
924	2009	2	164889	1	0
924	2009	3	165740	1	0
924	2009	10	162175	1	1
924	2009	11	163005	1	0
924	2009	12	163683	1	1
924	2010	1	169227	1	0
924	2010	2	169828	1	1
924	2010	3	170547	1	0
924	2010	10	167392	1	0
924	2010	11	168473	1	0
924	2010	12	168400	1	0
924	2011	1	173151	1	0
924	2011	2	173954	1	1
924	2011	3	174649	1	0
924	2011	10	171638	1	1
924	2011	11	172145	1	1
924	2011	12	172686	1	0
924	2012	1	180202	1	0
924	2012	2	181617	1	0
924	2012	3	182649	1	0
924	2012	10	176636	1	1
924	2012	11	177523	1	1
924	2012	12	179180	1	1
924	2013	1	187664	1	1
924	2013	2	188405	1	0
924	2013	3	189414	1	0
924	2013	10	183626	1	1
924	2013	11	184599	1	1
924	2013	12	186832	1	0
924	2014	1	193332	1	0
924	2014	2	194245	1	0
924	2014	3	194865	1	1
924	2014	10	190857	1	1
924	2014	11	192010	1	1
924	2014	12	192724	1	0
924	2015	1	198373	1	1
924	2015	2	198908	1	0
924	2015	3	199576	1	0
924	2015	10	196422	1	1
924	2015	11	197142	1	1
924	2015	12	197656	1	1
971	1992	1	132005	1	0
971	1992	2	132316	1	0
971	1992	11	131324	1	0
971	1992	12	131498	1	0
971	1993	1	96951	1	0
971	1993	2	96958	1	0
971	1993	3	96966	1	0
971	1993	10	96927	1	0
971	1993	11	96934	1	0
971	1993	12	96944	1	0
971	1994	1	92677	1	0
971	1994	2	92690	1	0
971	1994	3	92704	1	0
971	1994	10	92641	1	0
971	1994	11	92651	1	0
971	1994	12	92664	1	0
971	1995	1	105833	1	2
971	1995	2	105846	1	2
971	1995	3	105857	1	2
971	1995	10	105801	1	2
971	1995	11	105812	1	2
971	1995	12	105823	1	2
971	1996	1	95010	1	1
971	1996	2	95027	1	1
971	1996	3	95039	1	1
971	1996	10	94973	1	1
971	1996	11	94985	1	1
971	1996	12	94997	1	1
971	1997	1	99000	1	1
971	1997	2	99018	1	1
971	1997	3	99031	1	1
971	1997	10	98962	1	1
971	1997	11	98974	1	1
971	1997	12	98987	1	1
971	1998	1	102170	1	1
971	1998	2	102183	1	1
971	1998	3	102195	1	1
971	1998	10	102128	1	1
971	1998	11	102143	1	1
971	1998	12	102156	1	1
971	1999	1	104591	1	0
971	1999	2	104606	1	1
971	1999	3	104617	1	1
971	1999	10	104546	1	1
971	1999	11	104562	1	1
971	1999	12	104578	1	0
971	2000	1	3552	1	0
971	2000	2	3570	1	0
971	2000	3	3587	1	0
971	2000	10	3506	1	0
971	2000	11	3526	1	0
971	2000	12	3539	1	0
971	2001	1	6407	1	0
971	2001	2	6422	1	0
971	2001	3	6435	1	0
971	2001	10	6362	1	0
971	2001	11	6376	1	0
971	2001	12	6391	1	0
971	2003	1	142064	1	0
971	2003	2	142075	1	0
971	2003	3	142086	1	0
971	2003	10	142032	1	0
971	2003	11	142044	1	0
971	2003	12	142054	1	0
971	2004	1	192460	1	0
971	2004	2	192504	1	0
971	2004	3	192514	1	0
971	2004	10	192444	1	0
971	2004	11	192451	1	0
971	2008	1	160320	1	0
971	2008	2	160564	1	0
971	2008	11	158571	1	0
971	2008	12	159265	1	0
971	2009	1	164572	1	0
971	2009	2	165054	1	0
971	2009	3	166190	1	0
971	2009	11	163255	1	0
971	2009	12	163951	1	0
971	2010	11	197505	1	0
971	2013	10	183632	1	0
971	2014	1	194771	1	0
971	2014	2	195255	1	0
971	2014	10	194820	1	0
971	2014	11	194785	1	0
971	2014	12	194778	1	0
971	2015	1	198452	1	0
971	2015	2	199241	1	0
971	2015	10	196483	1	0
971	2015	11	198342	1	0
971	2015	12	198291	1	0
