ObservationID	LocationID	Date	Complete	Count
67	3153308	1999-10-16	1	0
87	3151403	1999-10-16	1	0
89	3153801	1999-10-16	1	22
97	3153142	1999-10-16	1	0
178	3153308	1999-11-13	1	0
197	3156609	1999-11-14	1	0
199	3151403	1999-11-14	1	0
200	3153801	1999-11-14	1	0
207	3153142	1999-11-14	1	0
274	3153308	1999-12-20	1	0
307	3153801	1999-12-18	1	0
308	3151403	1999-12-18	1	0
316	3153142	1999-12-18	1	0
370	3151403	2000-01-15	1	0
388	3153308	2000-01-15	1	0
391	3153801	2000-01-15	1	0
439	3153142	2000-01-16	1	0
497	3151403	2000-02-12	1	0
498	3153801	2000-02-12	1	0
1087	3153308	2000-02-12	1	0
1920	3153142	2000-03-13	1	0
2318	3153308	2000-03-18	1	1
2319	3153801	2000-03-18	1	0
2327	3153142	2000-02-11	1	0
2355	1030309	1999-10-17	1	0
2356	1030319	1999-10-17	1	0
2357	1030320	1999-10-17	1	0
2368	1030701	1999-10-17	1	0
2401	1030309	1999-11-14	1	0
2403	1030319	1999-11-14	1	0
2404	1030320	1999-11-14	1	0
2406	1030701	1999-11-14	1	0
2419	1030204	1999-11-15	1	24
2447	1030309	1999-12-19	1	0
2450	1030319	1999-12-13	1	0
2451	1030320	1999-12-13	1	0
2452	1030701	1999-12-19	1	0
2466	1030204	1999-12-13	1	24
2492	1030309	2000-01-15	1	0
2495	1030319	2000-01-24	1	0
2496	1030320	2000-01-24	1	0
2499	1030701	2000-01-16	1	0
2507	1030204	2000-01-23	1	0
2539	1030309	2000-02-13	1	0
2543	1030319	2000-02-21	1	12
2544	1030320	2000-02-21	1	0
2549	1030204	2000-02-20	1	0
2564	1030701	2000-02-13	1	0
2587	1030309	2000-03-19	1	6
2588	1030319	2000-03-20	1	2
2589	1030320	2000-03-20	1	0
2596	1030204	2000-03-19	1	0
2597	1030701	2000-03-19	1	3
2836	3156609	1999-10-12	1	0
2908	3156609	1999-12-10	1	0
3010	3156609	2000-01-21	1	0
3045	3156609	2000-02-22	1	35
3094	3156609	2000-03-22	1	6
3095	3151403	2000-03-22	1	0
3294	1010515	1999-10-18	1	34
3300	1010515	1999-11-14	1	16
3307	1010515	1999-12-12	1	14
3312	1010515	2000-01-23	1	18
3318	1010515	2000-02-20	1	14
3323	1010515	2000-03-19	1	23
4134	3151403	2000-10-15	1	0
4135	3153801	2000-10-17	1	0
4165	3153142	2000-10-14	1	0
4265	3153142	2000-11-11	1	0
4322	3153308	2000-11-11	1	0
4323	3153801	2000-11-11	1	0
4324	3151403	2000-11-11	1	0
4334	3153801	2000-12-16	1	0
4335	3153308	2000-12-16	1	0
4336	3151403	2000-12-16	1	8
4421	3153142	2000-12-15	1	0
4507	3153142	2001-01-13	1	0
4529	3151403	2001-01-14	1	0
4535	3153308	2001-01-13	1	0
4537	3153801	2001-01-13	1	0
4545	3153801	2001-02-17	1	0
4546	3153308	2001-02-17	1	0
4547	3151403	2001-02-17	1	0
4639	3153142	2001-02-17	1	0
4662	3153308	2001-03-17	1	0
4663	3153801	2001-03-17	1	0
4664	3151403	2001-03-17	1	0
4750	3153142	2001-03-17	1	0
4887	3156609	2000-10-13	1	0
4896	3156609	2000-11-14	1	0
4987	3156609	2000-12-13	1	0
5037	3156609	2001-01-11	1	0
5087	3156609	2001-02-22	1	6
5093	3156609	2001-03-23	1	0
5145	1030204	2000-10-15	1	22
5146	1030701	2000-10-15	1	0
5198	1030309	2000-12-17	1	0
5227	1030309	2001-01-14	1	0
5423	1030309	2001-03-18	1	0
5669	3151403	1998-10-19	1	0
5670	3153308	1998-10-19	1	0
5671	3153801	1998-10-17	1	0
5676	3156609	1998-10-19	1	0
5740	3153801	1998-11-14	1	0
5749	3156609	1998-11-19	1	0
5786	3151403	1998-12-18	1	0
5787	3153308	1998-12-18	1	0
5788	3153801	1998-12-26	1	0
5797	3156609	1998-12-18	1	0
5835	3151403	1999-01-19	1	0
5836	3153308	1999-01-19	1	0
5837	3153801	1999-01-17	1	0
5846	3156609	1999-01-19	1	0
5886	3151403	1999-02-17	1	0
5887	3153308	1999-02-17	1	0
5888	3153801	1999-02-14	1	0
5897	3156609	1999-02-17	1	0
5935	3151403	1999-03-17	1	0
5936	3153308	1999-03-17	1	0
5937	3153801	1999-03-14	1	0
5946	3156609	1999-03-17	1	2
6011	1010515	2000-10-15	1	23
6197	1010515	2001-01-21	1	9
6352	1030309	2000-10-15	1	0
6353	1030309	2000-11-11	1	0
6354	1030309	2001-02-18	1	0
6483	1030319	2000-10-15	1	0
6484	1030320	2000-10-15	1	0
6485	1030321	2000-10-15	1	0
6491	1030204	2000-11-12	1	16
6492	1030321	2000-11-12	1	0
6493	1030320	2000-11-12	1	9
6494	1030319	2000-11-12	1	0
6500	1030319	2000-12-11	1	0
6501	1030320	2000-12-11	1	0
6502	1030321	2000-12-11	1	0
6503	1030204	2000-12-10	1	0
6506	1030701	2000-12-17	1	0
6512	1030204	2001-01-21	1	0
6513	1030319	2001-01-21	1	0
6514	1030320	2001-01-21	1	5
6515	1030321	2001-01-21	1	0
6519	1030701	2001-01-14	1	0
6523	1030319	2001-02-18	1	0
6524	1030320	2001-02-18	1	9
6525	1030321	2001-02-18	1	0
6528	1030204	2001-02-18	1	0
6531	1030701	2001-02-18	0	0
6533	1030319	2001-03-11	1	1
6534	1030320	2001-03-11	1	2
6535	1030321	2001-03-11	1	0
6538	1030204	2001-03-11	1	0
6540	1020402	2000-10-15	1	5
6541	1020137	2000-10-15	1	0
6542	1021602	2000-10-15	1	0
6543	1020402	2000-11-12	1	8
6544	1020137	2000-11-12	1	0
6545	1021602	2000-11-12	1	0
6546	1020402	2000-12-10	1	8
6547	1020137	2000-12-10	1	0
6548	1021602	2000-12-10	1	1
6549	1020402	2001-01-21	1	7
6550	1020137	2001-01-21	1	0
6551	1021602	2001-01-21	1	0
6552	1020402	2001-02-18	1	8
6553	1020137	2001-02-18	1	0
6554	1021602	2001-02-18	1	0
6555	1020402	2001-03-11	1	6
6556	1020137	2001-03-11	1	0
6557	1021602	2001-03-11	1	1
6559	1010515	2000-11-12	1	11
6560	1010515	2000-12-24	1	6
6561	1010515	2001-02-18	1	12
6562	1010515	2001-03-18	1	12
107213	3156609	1991-11-20	1	0
107214	3151403	1991-11-20	1	0
107216	3153801	1991-11-20	1	0
107240	3156609	1991-12-23	1	0
107241	3151403	1991-12-23	1	0
107243	3153801	1991-12-23	1	0
107244	3153308	1991-12-23	1	0
107288	3156609	1992-01-21	1	0
107289	3151403	1992-01-21	1	0
107291	3153801	1992-01-21	1	0
107292	3153308	1992-01-21	1	0
107335	3156609	1992-02-19	1	0
107336	3151403	1992-02-19	1	0
107338	3153801	1992-02-19	1	0
107339	3153308	1992-02-19	1	0
107383	3156609	1992-03-16	1	0
107384	3151403	1992-03-16	1	0
107386	3153801	1992-03-16	1	0
107387	3153308	1992-03-16	1	0
107501	3153801	1992-10-13	1	0
107525	3156609	1992-10-15	1	0
107526	3151403	1992-10-15	1	0
107528	3153308	1992-10-15	1	0
107531	3153801	1992-11-10	1	0
107572	3156609	1992-11-13	1	0
107573	3151403	1992-11-13	1	0
107575	3153308	1992-11-13	1	0
107599	3156609	1992-12-11	1	2
107600	3151403	1992-12-11	1	0
107602	3153801	1992-12-11	1	0
107603	3153308	1992-12-11	1	0
107627	3153801	1993-01-19	1	0
107669	3156609	1993-01-21	1	0
107670	3151403	1993-01-21	1	0
107671	3153308	1993-01-21	1	0
107716	3156609	1993-02-19	1	0
107717	3151403	1993-02-19	1	0
107719	3153801	1993-02-19	1	0
107720	3153308	1993-02-19	1	0
107747	3156609	1993-03-12	1	0
107748	3151403	1993-03-12	1	0
107750	3153308	1993-03-12	1	0
107753	3153801	1993-03-14	1	0
107940	3153801	1993-10-16	1	0
107945	3156609	1993-10-18	1	0
107946	3151403	1993-10-18	1	0
107948	3153308	1993-10-18	1	0
107956	3156609	1993-11-16	1	1
107957	3151403	1993-11-16	1	0
107959	3153308	1993-11-16	1	0
107999	3153801	1993-11-19	1	4
108001	3153801	1993-12-12	1	0
108020	3156609	1993-12-14	1	0
108021	3151403	1993-12-14	1	0
108023	3153308	1993-12-14	1	0
108051	3156609	1994-01-11	1	0
108052	3151403	1994-01-11	1	0
108053	3153308	1994-01-11	1	0
108093	3153801	1994-01-16	1	0
108135	3156609	1994-02-15	1	1
108136	3151403	1994-02-15	1	0
108138	3153801	1994-02-15	1	0
108139	3153308	1994-02-15	1	0
108163	3156609	1994-03-11	1	0
108164	3151403	1994-03-11	1	0
108166	3153801	1994-03-11	1	26
108167	3153308	1994-03-11	1	0
108381	3153801	1994-10-15	1	0
108424	3156609	1994-10-21	1	0
108425	3151403	1994-10-21	1	1
108427	3153308	1994-10-21	1	0
108430	3153801	1994-11-12	1	0
108473	3156609	1994-11-19	1	0
108474	3151403	1994-11-19	1	0
108476	3153308	1994-11-19	1	0
108500	3156609	1994-12-16	1	0
108501	3151403	1994-12-16	1	0
108503	3153308	1994-12-16	1	0
108506	3153801	1994-12-17	1	0
108544	3153801	1995-01-14	1	0
108570	3156609	1995-01-18	1	0
108571	3151403	1995-01-18	1	0
108573	3153308	1995-01-18	1	0
108577	3153801	1995-02-11	1	0
108617	3156609	1995-02-20	1	0
108618	3151403	1995-02-20	1	0
108620	3153308	1995-02-20	1	0
108623	3153801	1995-03-12	1	2
108667	3156609	1995-03-17	1	0
108668	3151403	1995-03-17	1	0
108669	3153308	1995-03-17	1	0
108899	3156609	1995-10-10	1	0
108900	3151403	1995-10-10	1	0
108901	3153308	1995-10-10	1	0
108904	3153801	1995-10-14	1	0
108906	3153801	1995-11-18	1	0
108951	3156609	1995-11-22	1	0
108952	3151403	1995-11-22	1	0
108953	3153308	1995-11-22	1	0
108956	3153801	1995-12-16	1	0
109000	3156609	1995-12-21	1	0
109001	3151403	1995-12-21	1	0
109003	3153308	1995-12-21	1	0
109024	3153801	1996-01-22	1	0
109050	3156609	1996-01-23	1	0
109051	3151403	1996-01-23	1	0
109053	3153308	1996-01-23	1	0
109123	3153801	1996-02-17	1	0
109151	3156609	1996-02-21	1	0
109152	3151403	1996-02-21	1	0
109154	3153308	1996-02-21	1	0
109201	3156609	1996-03-22	1	0
109202	3151403	1996-03-22	1	0
109204	3153801	1996-03-22	1	0
109205	3153308	1996-03-22	1	0
109411	3156609	1996-10-11	1	0
109412	3151403	1996-10-11	1	0
109413	3153308	1996-10-11	1	0
109416	3153801	1996-10-13	1	0
109465	3156609	1996-11-14	1	0
109466	3151403	1996-11-14	1	0
109467	3153308	1996-11-14	1	0
109470	3153801	1996-11-27	1	0
109514	3156609	1996-12-13	1	0
109515	3151403	1996-12-13	1	0
109516	3153308	1996-12-13	1	0
109520	3153801	1996-12-17	1	0
109568	3153801	1997-01-16	1	0
109574	3156609	1997-01-19	1	0
109575	3151403	1997-01-19	1	0
109577	3153308	1997-01-19	1	0
109644	3156609	1997-02-11	1	0
109645	3151403	1997-02-11	1	0
109646	3153308	1997-02-11	1	0
109666	3153801	1997-02-15	1	0
109667	3153801	1997-03-15	1	0
109690	3156609	1997-03-24	1	0
109691	3151403	1997-03-24	1	0
109692	3153308	1997-03-24	1	0
109880	3156609	1997-10-17	1	0
109881	3151403	1997-10-17	1	0
109882	3153308	1997-10-17	1	0
109885	3153801	1997-10-18	1	0
109887	3153801	1997-11-15	1	0
109916	3156609	1997-11-20	1	0
109917	3151403	1997-11-20	1	0
109918	3153308	1997-11-20	1	0
109942	3156609	1997-12-12	1	0
109943	3151403	1997-12-12	1	0
109944	3153308	1997-12-12	1	0
109947	3153801	1997-12-13	1	0
110014	3156609	1998-01-16	1	0
110015	3151403	1998-01-16	1	0
110017	3153308	1998-01-16	1	0
110020	3153801	1998-01-17	1	0
110065	3156609	1998-02-13	1	2
110066	3151403	1998-02-13	1	0
110068	3153308	1998-02-13	1	0
110071	3153801	1998-02-14	1	0
110095	3156609	1998-03-13	1	15
110096	3151403	1998-03-13	1	0
110097	3153308	1998-03-13	1	0
110100	3153801	1998-03-14	1	0
111135	3156609	2001-10-16	1	0
111184	3156609	2001-11-20	1	0
111233	3156609	2001-12-17	1	0
111282	3156609	2002-01-15	1	0
111331	3156609	2002-02-13	1	0
111359	3156609	2002-03-12	1	0
111674	3156609	2002-10-08	1	0
111871	3156609	2002-11-21	1	0
112042	3156609	2002-12-19	1	0
112347	1010515	2001-10-14	1	45
112401	1010515	2001-11-18	1	24
112443	1010515	2001-12-16	1	23
112497	1010515	2002-01-13	1	24
112565	1010515	2002-02-10	1	25
112566	1010515	2002-03-10	1	17
112603	1030309	2001-10-14	1	0
112604	1030319	2001-10-14	1	0
112605	1030320	2001-10-14	1	0
112606	1030321	2001-10-14	1	0
112612	1030204	2001-10-14	1	0
112613	1030701	2001-10-14	1	0
112644	1030309	2001-11-18	1	0
112645	1030319	2001-11-18	1	6
112646	1030320	2001-11-18	1	0
112647	1030321	2001-11-18	1	0
112650	1030204	2001-11-18	1	0
112653	1030701	2001-11-18	1	0
112684	1030309	2001-12-16	1	1
112685	1030319	2001-12-16	1	0
112686	1030320	2001-12-16	1	0
112687	1030321	2001-12-16	1	0
112691	1030204	2001-12-16	1	23
112696	1030701	2001-12-17	1	0
112728	1030309	2002-01-13	1	0
112729	1030319	2002-01-13	1	0
112730	1030320	2002-01-13	1	7
112731	1030321	2002-01-13	1	0
112766	1030309	2002-02-17	1	24
112772	1030204	2002-02-17	1	0
112810	1030309	2002-03-10	1	0
112818	1030701	2002-03-16	1	0
113008	1020402	2001-10-14	1	1
113009	1020137	2001-10-14	1	0
113010	1021602	2001-10-14	0	0
113011	1020402	2001-11-18	1	5
113012	1020137	2001-11-18	1	0
113014	1020402	2001-12-16	1	6
113015	1020137	2001-12-16	1	0
113016	1021602	2001-12-16	1	1
113017	1020402	2002-01-13	1	4
113018	1020137	2002-01-13	1	0
113019	1021602	2002-01-13	1	0
113020	1020402	2002-02-10	1	4
113021	1020137	2002-02-10	1	0
113022	1021602	2002-02-10	1	0
113023	1020402	2002-03-10	1	6
113024	1020137	2002-03-10	1	0
113025	1021602	2002-03-10	1	0
113123	3153142	2001-10-13	1	0
113180	3153801	2001-10-13	1	8
113181	3151403	2001-10-13	1	0
113182	3153308	2001-10-13	1	4
113227	3153142	2001-11-18	1	0
113276	3153801	2001-11-16	1	0
113277	3153308	2001-11-17	1	0
113278	3151403	2001-11-18	1	0
113337	3153142	2001-12-16	1	0
113366	3153801	2001-12-16	1	0
113367	3151403	2001-12-16	1	0
113368	3153308	2001-12-15	1	0
113432	3153142	2002-01-13	1	0
113462	3153801	2002-01-12	1	0
113463	3151403	2002-01-13	1	0
113464	3153308	2002-01-12	1	0
113508	3153142	2002-02-17	1	0
113560	3151403	2002-02-17	1	0
113561	3153801	2002-02-14	1	0
113562	3153308	2002-02-17	1	0
113604	3153142	2002-03-17	1	0
113656	3153801	2002-03-16	1	270
113657	3151403	2002-03-16	1	0
113658	3153308	2002-03-16	1	0
114258	3156609	2003-01-20	1	0
114297	3156609	2003-02-18	1	7
115047	1030204	2002-01-13	1	2
115049	1030204	2002-03-10	1	0
115050	1030319	2002-02-10	1	0
115051	1030319	2002-03-10	1	0
115052	1030321	2002-02-10	1	3
115053	1030321	2002-03-10	1	3
115156	3156609	2003-11-13	1	0
115158	3151403	2003-11-13	1	0
127513	3153142	2002-10-13	1	0
136062	3153142	2002-11-17	1	4
136069	3153142	2002-12-15	1	0
136966	3153142	2003-01-19	1	0
136993	3153142	2003-02-16	1	0
137028	3153142	2003-03-16	1	0
137095	3156609	2003-10-14	1	0
137108	3156609	2003-12-10	1	0
137287	3156609	2004-02-19	1	0
137443	3156609	2004-01-22	1	0
137648	3156609	2004-03-22	1	0
138474	5210801	2003-02-15	1	0
138481	5210801	2003-03-15	1	0
138759	5210801	2004-03-13	1	0
138911	5210801	2003-11-15	1	0
138918	5210801	2003-12-14	1	0
138935	5210801	2004-01-17	1	0
138939	5210801	2004-02-14	1	0
139124	1030309	2002-10-13	1	0
139153	3156609	2004-10-15	1	1
139189	1030701	2002-10-13	1	0
139227	1030319	2002-10-20	1	10
139228	1030320	2002-10-20	1	0
139230	1030204	2002-10-20	1	5
139231	1030319	2002-11-17	1	14
139232	1030320	2002-11-17	1	0
139233	1030309	2002-11-17	1	0
139240	1030701	2002-11-17	1	0
139242	1030204	2002-11-17	1	0
139275	1030309	2002-12-15	1	0
139277	1030319	2002-12-14	1	0
139278	1030320	2002-12-14	1	7
139284	1030204	2002-12-15	1	1
139315	1030319	2003-01-19	1	0
139316	1030320	2003-01-19	1	0
139317	1030309	2003-01-19	1	0
139467	1030204	2003-01-19	1	0
139515	3156609	2004-11-12	1	0
139534	1030309	2003-02-16	1	0
139535	1030319	2003-02-16	1	0
139536	1030320	2003-02-16	1	0
139572	1030309	2003-03-16	1	0
139574	1030319	2003-03-16	1	23
139575	1030320	2003-03-16	1	2
139589	1030701	2003-03-16	1	66
139634	3156609	2004-12-14	1	0
139710	3156609	2005-01-13	1	0
139999	1010515	2003-01-19	1	18
140053	1010515	2002-10-20	1	28
140084	1010515	2002-11-17	1	25
140134	1010515	2002-12-15	1	27
140186	1010515	2003-02-16	1	19
140315	1010515	2003-03-16	1	22
140533	3156609	2005-02-10	1	0
140613	1030701	2002-12-15	1	0
140614	1030701	2003-01-19	1	0
140615	1030701	2003-02-16	1	0
140635	1030204	2003-02-16	1	2
140636	1030204	2003-03-16	1	0
140651	3153801	2002-10-12	1	167
140652	3151403	2002-10-12	1	0
140653	3153308	2002-10-12	1	0
140656	3153801	2002-11-16	1	0
140657	3153308	2002-11-16	1	0
140658	3151403	2002-11-17	0	0
140663	3153308	2002-12-14	1	0
140664	3153801	2002-12-14	1	0
140665	3151403	2002-12-15	1	0
140676	3151403	2003-01-19	1	0
140677	3153308	2003-01-18	1	0
140678	3153801	2003-01-19	1	0
140685	3153308	2003-02-15	1	0
140686	3151403	2003-02-16	1	1
140687	3153801	2003-02-16	1	0
140694	3153801	2003-03-16	1	0
140695	3151403	2003-03-16	1	0
140696	3153308	2003-03-15	1	0
140749	3156609	2005-03-11	1	0
141687	3153801	2005-03-13	1	0
141688	3153801	2005-02-13	1	0
141782	3153142	2003-10-19	1	0
141857	3153142	2003-11-16	1	2
141987	3153142	2003-12-14	1	0
142092	1020402	2002-10-20	1	2
142093	1020137	2002-10-20	1	0
142094	1021602	2002-10-20	1	0
142095	1020402	2002-11-17	1	5
142096	1020137	2002-11-17	1	0
142097	1021602	2002-11-17	1	0
142098	1020402	2002-12-15	1	3
142099	1020137	2002-12-15	1	2
142100	1021602	2002-12-15	1	0
142101	1020402	2003-01-19	1	3
142102	1020137	2003-01-19	1	0
142103	1021602	2003-01-19	1	0
142104	1020402	2003-02-16	1	2
142105	1020137	2003-02-16	1	0
142106	1021602	2003-02-16	1	0
142107	1020402	2003-03-16	1	0
142108	1020137	2003-03-16	1	2
142109	1021602	2003-03-16	1	0
142301	3153142	2004-01-18	1	0
142394	3153142	2004-02-15	1	0
142466	3153801	2005-10-16	1	67
142471	3151403	2005-10-15	1	0
142517	3153142	2004-03-14	1	0
142642	1030204	2005-10-16	1	8
142704	5210801	2005-10-16	1	0
142710	3156609	2005-10-18	1	0
142780	1030309	2005-10-16	1	0
142853	1030701	2005-10-16	1	0
142902	1010515	2005-10-16	1	36
142998	5210801	2005-11-13	1	0
143059	3153801	2005-11-13	1	0
143073	3151403	2005-11-12	1	0
143092	1030204	2005-11-13	1	0
143264	3156609	2005-11-19	1	0
143273	1030309	2005-11-20	1	0
143303	1030701	2005-11-13	1	0
143503	1030309	2005-12-11	1	0
143527	1030701	2005-12-10	1	0
143570	3153801	2005-12-16	1	0
143824	3156609	2005-12-19	1	0
143825	3151403	2005-12-19	1	0
143873	5210801	2005-12-17	1	0
144010	3153801	2006-01-15	1	0
144115	5210801	2006-01-15	1	0
144170	3151403	2006-01-14	1	0
144225	1030309	2006-01-15	1	0
144257	1030204	2006-01-15	1	0
144271	1030701	2006-01-15	1	0
144359	3156609	2006-01-13	1	0
144372	1030204	2005-12-19	1	0
144702	3156609	2006-02-13	1	0
144748	3153801	2006-02-18	1	0
144892	3151403	2006-02-19	1	0
144903	1030204	2006-02-19	1	0
144930	5210801	2006-02-18	1	0
145005	1030309	2006-02-19	1	3
145049	1030701	2006-02-19	1	0
145352	5210801	2006-03-18	1	0
145371	3153801	2006-03-19	1	17
145663	1030204	2006-03-19	1	39
145692	3153142	2004-10-16	1	11
145762	3151403	2006-03-18	1	0
145820	1030701	2006-03-19	1	2
145892	3156609	2006-03-15	1	0
145962	1030320	2005-10-16	1	7
145963	1030319	2005-10-16	1	0
145964	1030321	2005-10-16	1	0
145965	1030320	2005-11-20	1	0
145966	1030319	2005-11-20	1	4
145967	1030321	2005-11-20	1	0
145968	1030320	2005-12-12	1	0
145969	1030319	2005-12-12	1	0
145970	1030321	2005-12-12	1	0
145971	1030320	2006-01-15	1	7
145972	1030319	2006-01-15	1	0
145973	1030321	2006-01-15	1	0
145974	1030320	2006-02-20	1	7
145975	1030319	2006-02-20	1	0
145976	1030321	2006-02-20	1	0
145977	1030320	2006-03-19	1	4
145978	1030319	2006-03-19	1	10
145979	1030321	2006-03-19	1	2
146048	1010515	2005-11-13	1	23
146122	1010515	2005-12-18	1	21
146184	1010515	2006-01-15	1	21
146255	1030309	2006-03-19	1	7
146461	1020137	2005-11-13	1	0
146477	1020137	2005-12-18	1	0
146492	1020137	2006-01-15	1	0
146630	1010515	2006-02-19	1	24
146678	1010515	2006-03-19	1	24
146975	5210801	2004-11-13	1	0
146993	5210801	2004-12-18	1	0
147001	3153801	2004-12-18	1	0
147002	3153308	2004-12-18	1	0
147004	3153308	2004-11-13	1	0
147005	3151403	2004-11-14	1	0
147006	3153801	2004-11-14	1	0
147010	3151403	2004-12-19	1	0
147016	5210801	2004-10-16	1	0
147027	5210801	2005-01-16	1	0
147044	3151403	2005-01-16	1	0
147045	3153801	2005-01-16	1	0
147046	3153308	2005-01-15	1	0
147812	3151403	2005-02-13	1	0
147813	3153308	2005-02-13	1	0
148029	1030309	2004-10-17	1	0
148035	1030319	2004-10-17	1	0
148039	1030320	2004-10-17	1	0
148059	1030321	2004-10-17	1	0
148068	1030701	2004-10-17	1	0
148118	1010515	2004-12-12	1	21
148186	5210801	2005-02-12	1	0
148198	1030321	2004-11-14	1	0
148202	1030701	2004-11-13	1	0
148230	1030309	2004-11-14	1	0
148231	1030319	2004-11-14	1	1
148232	1030320	2004-11-14	1	0
148286	1010515	2005-01-23	1	23
148289	1030701	2004-12-18	1	0
148336	1030309	2004-12-19	1	0
148337	1030319	2004-12-13	1	9
148391	1030701	2005-01-16	1	0
148421	1030309	2005-01-16	1	0
148457	1030701	2005-02-23	1	0
148496	1030309	2005-02-13	1	0
148540	1030321	2005-03-13	1	0
148545	1030701	2005-03-13	1	0
148551	1010515	2005-02-17	1	25
148600	1030309	2005-03-13	1	0
148606	1030319	2005-03-13	1	13
148608	1030320	2005-03-13	1	0
148647	1030204	2003-11-15	1	6
148670	1030204	2003-12-14	1	5
148684	1010515	2005-03-13	1	18
148705	1030204	2004-01-18	1	5
148710	1030204	2004-02-14	1	3
148717	1030204	2004-03-15	1	21
148773	1030204	2004-10-17	1	0
148800	1030309	2003-10-19	1	0
148810	1030309	2003-11-16	1	0
148819	1030309	2003-12-14	1	0
148832	1030309	2004-01-18	1	0
148833	1030204	2004-11-14	1	0
148839	1030319	2004-01-18	1	19
148843	1030320	2004-01-18	1	0
148849	1030309	2004-02-15	1	0
148850	1030319	2004-02-15	1	13
148857	1030309	2004-03-14	1	2
149008	1010515	2004-10-17	1	29
149106	1010515	2004-11-14	1	23
149703	1030701	2003-10-19	1	0
149704	1030701	2003-11-16	1	0
149705	1030701	2003-12-14	1	0
149706	1030701	2004-01-18	1	0
149707	1030701	2004-02-15	1	0
149708	1030701	2004-03-14	1	0
150330	3153801	2006-10-14	1	0
150507	1030309	2006-10-15	1	0
150553	1030319	2006-10-15	1	2
150554	1030321	2006-10-15	1	0
150555	1030320	2006-10-15	1	0
150625	3153308	2006-10-15	1	0
150667	1030701	2006-10-15	1	0
150701	1010515	2006-10-16	1	39
150759	3156609	2006-10-20	1	0
150793	5210801	2006-10-14	1	1
150794	3151403	2006-10-14	1	0
150910	1030204	2006-10-16	1	0
150965	1010515	2003-10-12	1	20
150971	1010515	2003-11-09	1	36
151065	3153801	2006-11-19	1	0
151206	1030319	2006-11-19	1	0
151223	1030320	2006-11-19	1	6
151224	1030321	2006-11-19	1	0
151247	3151403	2006-11-18	1	0
151279	1030309	2006-11-19	1	0
151291	1030701	2006-11-19	1	0
151397	1010515	2006-11-19	1	24
151417	3153308	2006-11-19	1	0
151459	3156609	2006-11-22	1	0
151468	1030204	2006-11-19	1	2
151527	5210801	2006-11-18	1	0
151672	1010515	2003-12-07	1	18
151724	1010515	2004-01-18	1	27
151800	3153801	2006-12-16	1	0
151992	1030309	2006-12-16	1	0
152058	1030204	2006-12-17	1	9
152080	1030701	2006-12-17	1	0
152111	1030321	2006-12-17	1	0
152112	1030320	2006-12-17	1	0
152113	1030319	2006-12-17	1	0
152136	3153308	2006-12-17	1	0
152192	3156609	2006-12-21	1	0
152305	3151403	2006-12-16	1	0
152333	5210801	2006-12-16	1	0
152409	3153801	2007-01-13	1	0
152563	5210801	2007-01-13	1	0
152723	3153308	2007-01-14	1	0
152786	1030309	2007-01-14	1	0
152787	1030319	2007-01-14	1	0
152788	1030321	2007-01-14	1	0
152789	1030320	2007-01-14	1	0
152839	1030701	2007-01-14	1	0
152878	3156609	2007-01-19	1	0
152880	3151403	2007-01-19	1	0
152936	1010515	2006-12-18	1	24
153015	1030204	2007-01-14	1	8
153078	1010515	2007-01-21	1	24
153098	1010515	2004-02-22	1	24
153299	3151403	2004-10-16	1	0
153300	3153801	2004-10-16	1	0
153312	3153308	2004-10-16	1	0
153687	1030204	2007-02-18	1	0
153726	1030701	2007-02-18	1	0
153732	1030309	2007-02-18	1	0
153745	1030319	2007-02-18	1	0
153746	1030321	2007-02-18	1	0
153747	1030320	2007-02-18	1	13
153766	5210801	2007-02-17	1	0
153820	3153308	2007-02-18	1	1
154123	3156609	2007-02-19	1	0
154133	3151403	2003-10-18	1	0
154134	3153308	2003-10-18	1	0
154135	3153801	2003-10-18	1	0
154139	3153308	2003-11-15	1	0
154140	3153801	2003-11-16	1	0
154148	3153308	2003-12-13	1	0
154149	3151403	2003-12-14	1	0
154152	3153801	2003-12-13	1	0
154154	3153308	2004-01-17	1	0
154155	3153801	2004-01-18	1	0
154156	3151403	2004-01-17	1	0
154162	3153801	2004-02-14	1	5
154163	3153308	2004-02-14	1	0
154165	3151403	2004-02-14	1	0
154168	3153801	2004-03-13	1	0
154169	3153308	2004-03-13	1	0
154170	3151403	2004-03-14	1	0
154199	5210801	2005-03-12	1	0
154318	3153801	2007-03-17	1	0
154325	3151403	2007-02-17	1	0
154332	3151403	2007-03-17	1	0
154618	1030309	2007-03-18	1	1
154702	1010515	2007-02-18	1	0
154975	1030701	2007-03-17	1	1
155161	3153308	2007-03-25	1	0
155235	3156609	2007-03-20	1	0
155331	1010515	2007-03-18	1	11
155357	1030319	2007-03-18	1	0
155358	1030321	2007-03-18	1	0
155359	1030320	2007-03-18	1	3
155370	5210801	2007-03-17	1	0
155426	3153801	2007-02-17	1	0
155484	1030204	2007-03-18	1	0
155784	3153308	2005-03-12	1	0
155785	3151403	2005-03-12	1	0
156050	5210801	2003-10-18	1	0
156108	1030204	2004-12-12	1	2
156112	1030204	2005-01-23	1	0
156116	1030204	2005-02-20	1	0
156117	1030204	2005-03-13	1	0
156126	3153308	2005-10-15	1	0
156130	3153308	2005-11-13	1	0
156131	3153308	2005-12-18	1	0
156138	3153308	2006-01-14	1	0
156139	3153308	2006-02-18	1	0
156146	3153308	2006-03-18	1	0
157539	1010515	2004-03-07	1	22
157540	1020402	2003-10-12	1	0
157541	1020402	2003-11-09	1	4
157542	1020402	2003-12-07	1	3
157543	1020402	2004-01-18	1	1
157544	1020402	2004-02-15	1	0
157545	1020402	2004-03-07	1	0
157546	1020402	2004-10-15	1	1
157547	1020402	2004-11-14	1	2
157548	1020402	2004-12-12	1	2
157549	1020402	2005-01-23	1	0
157550	1020402	2005-02-20	1	0
157551	1020402	2005-03-13	1	1
157552	1020402	2007-01-21	1	0
157553	1020137	2003-10-12	1	0
157554	1020137	2003-11-09	1	0
157555	1020137	2003-12-07	1	0
157556	1020137	2004-01-18	1	0
157557	1020137	2004-02-15	1	0
157558	1020137	2004-03-07	1	0
157559	1020137	2004-10-15	1	0
157560	1020137	2004-11-14	1	0
157561	1020137	2004-12-12	1	0
157562	1020137	2005-01-23	1	0
157563	1020137	2005-02-20	1	0
157564	1020137	2005-03-13	1	0
157565	1020137	2007-01-21	1	0
157566	1021602	2003-10-12	1	0
157567	1021602	2003-11-09	1	0
157568	1021602	2003-12-07	1	0
157569	1021602	2004-01-18	1	0
157570	1021602	2004-02-15	1	0
157571	1021602	2004-03-07	1	0
157572	1021602	2004-10-15	1	0
157573	1021602	2004-11-14	1	0
157574	1021602	2004-12-12	1	0
157575	1021602	2005-01-23	1	0
157576	1021602	2005-02-20	1	0
157577	1021602	2005-03-13	1	0
157578	1021602	2007-01-21	1	0
157590	1030319	2003-10-12	1	0
157591	1030319	2003-11-09	1	11
157592	1030319	2003-12-07	1	0
157593	1030319	2004-03-07	1	5
157595	1030319	2005-01-23	1	0
157596	1030319	2005-02-20	1	0
157597	1030320	2003-10-12	1	0
157598	1030320	2003-11-09	1	0
157600	1030320	2004-02-08	1	0
157601	1030320	2004-03-07	1	1
157602	1030320	2004-12-12	1	0
157603	1030320	2005-01-23	1	0
157604	1030320	2005-02-20	1	0
157610	1020402	1999-10-10	1	0
157611	1020402	1999-11-14	1	0
157612	1020402	1999-12-12	1	6
157613	1020402	2000-01-23	1	0
157614	1020402	2000-02-20	1	2
157615	1020402	2000-03-19	1	0
157616	1020137	1999-10-10	1	0
157617	1020137	1999-11-14	1	0
157618	1020137	1999-12-12	1	0
157619	1020137	2000-01-23	1	0
157620	1020137	2000-02-20	1	0
157621	1020137	2000-03-19	1	0
157622	1021602	1999-10-10	1	0
157623	1021602	1999-11-14	1	0
157624	1021602	1999-12-12	1	0
157625	1021602	2000-01-23	1	1
157626	1021602	2000-02-20	1	0
157627	1021602	2000-03-19	1	2
157628	1020402	2007-02-18	1	0
157629	1020137	2007-02-18	1	0
157630	1021602	2007-02-18	1	0
157771	3151403	2007-10-13	1	0
157807	1030204	2007-10-14	1	12
157820	3153801	2007-10-14	1	0
157990	3153142	2007-10-13	1	0
157993	3153308	2007-10-13	1	0
158008	1030701	2007-10-14	1	0
158087	1010515	2007-10-15	1	30
158125	1030321	2007-10-14	1	0
158126	1030320	2007-10-14	1	10
158128	1030319	2007-10-14	1	0
158133	1030309	2007-10-14	1	0
158151	5210801	2007-10-13	1	0
158209	3156609	2007-10-15	1	0
158358	1030204	2007-11-17	1	5
158371	3153801	2007-11-18	1	165
158551	3151403	2007-11-17	1	0
158679	1030701	2007-11-18	1	0
158780	3156609	2007-11-12	1	0
158790	1030309	2007-11-18	1	0
158793	1030320	2007-11-25	1	0
158794	1030319	2007-11-25	1	0
158795	1030321	2007-11-25	1	0
158806	3153308	2007-11-20	1	0
158858	5210801	2007-11-17	1	0
158900	1010515	2007-11-25	1	3
158951	1030204	2007-12-14	1	10
159047	3153801	2007-12-16	1	0
159091	1020137	2007-12-16	1	0
159197	3156609	2007-12-11	1	0
159240	1030309	2007-12-16	1	0
159370	1030701	2007-12-16	1	0
159387	3153308	2007-12-15	1	0
159389	3151403	2007-12-15	1	0
159405	5210801	2007-12-15	1	0
159443	1030319	2007-12-23	1	0
159444	1030320	2007-12-23	1	3
159445	1030321	2007-12-23	1	0
159515	1010515	2007-12-24	1	28
159607	3153801	2008-01-12	1	0
159701	5210801	2008-01-12	1	0
159728	1030204	2008-01-13	1	7
159944	3156609	2008-01-10	1	0
160025	1030309	2008-01-13	1	0
160129	1020402	2008-01-13	1	0
160130	1021602	2008-01-13	1	0
160131	1020137	2008-01-13	1	0
160176	1010515	2008-01-13	1	0
160214	1030701	2008-01-13	1	0
160313	1030319	2008-01-13	1	0
160314	1030321	2008-01-13	1	0
160315	1030320	2008-01-13	1	5
160350	3153308	2008-01-13	1	0
160354	3151403	2008-01-12	1	0
160366	3153801	2008-02-16	1	0
160454	1030204	2008-02-17	1	8
160625	1030701	2008-02-17	1	0
160780	3156609	2008-02-22	1	0
160848	3153142	2008-02-16	1	0
160853	3153308	2008-02-16	1	0
160855	1030319	2008-02-17	1	0
160856	1030321	2008-02-17	1	0
160857	1030320	2008-02-17	1	9
160858	1030309	2008-02-17	1	0
160888	5210801	2008-02-16	1	0
160906	1030204	2008-03-13	1	0
160976	3151403	2008-03-16	1	0
160983	3151403	2008-02-16	1	0
161096	1020137	2008-02-17	1	0
161183	3153801	2008-03-15	1	0
161241	1030309	2008-03-16	1	0
161339	1030701	2008-03-16	1	0
161400	1030321	2008-03-16	1	0
161401	1030320	2008-03-16	1	0
161402	1030319	2008-03-16	1	0
161411	5210801	2008-03-15	1	0
161450	3153308	2008-03-15	1	0
161504	3156609	2008-03-21	1	0
161579	1010515	2008-02-17	1	25
161660	1010515	2008-03-17	1	18
162191	1030204	2008-10-18	1	10
162202	3153801	2008-10-18	1	0
162430	3156609	2008-10-13	1	0
162442	1030309	2008-10-19	1	0
162447	3151403	2008-10-18	1	6
162488	1030701	2008-10-19	1	0
162583	1030321	2008-10-19	1	0
162584	1030320	2008-10-19	1	0
162585	1030319	2008-10-19	1	0
162680	5210801	2008-10-18	1	0
162721	3153801	2008-11-15	1	0
162761	1030204	2008-11-15	1	11
162970	3151403	2008-11-15	1	0
163073	1030701	2008-11-16	1	0
163082	1030309	2008-11-16	1	0
163115	3156609	2008-11-14	1	0
163296	5210801	2008-11-15	1	0
163300	1030319	2008-11-18	1	0
163301	1030321	2008-11-18	1	0
163303	1030320	2008-11-18	1	0
163331	1010515	2008-11-16	1	14
163428	1010515	2008-10-19	1	32
163457	1030204	2008-12-13	1	9
163547	3153801	2008-12-14	1	0
163712	5210801	2008-12-13	1	0
163738	1030701	2008-12-14	1	0
163763	1030309	2008-12-14	1	0
163768	3156609	2008-12-15	1	0
163891	1010515	2008-12-14	1	30
164073	1020137	2008-10-19	1	0
164085	1020137	2008-11-16	1	0
164097	1020137	2008-12-14	1	0
164099	1030321	2008-12-14	1	0
164100	1030319	2008-12-14	1	0
164101	1030320	2008-12-14	1	0
164223	3151403	2009-01-17	1	0
164384	3151403	2008-12-13	1	0
164483	1030309	2009-01-18	1	0
164564	3153801	2009-01-17	1	0
164716	5210801	2009-01-17	1	0
164795	1030701	2009-01-18	0	0
164862	1030320	2009-01-18	1	8
164864	1030321	2009-01-18	1	0
164868	1030319	2009-01-18	1	0
164897	3153801	2009-02-14	1	0
164910	1030204	2009-02-14	1	12
165106	3151403	2009-02-15	1	0
165238	1030309	2009-02-15	1	0
165240	1030701	2009-02-15	1	0
165255	5210801	2009-02-14	1	0
165470	1010515	2009-02-15	1	28
165497	1030319	2009-02-15	1	0
165498	1030321	2009-02-15	1	0
165499	1030320	2009-02-15	1	9
165736	1030204	2009-03-13	1	4
165772	3151403	2009-03-14	1	0
165903	1020137	2009-02-15	1	0
165991	3153801	2009-03-14	1	0
166057	1030319	2009-03-15	1	0
166058	1030321	2009-03-15	1	4
166059	1030320	2009-03-15	1	0
166080	1030309	2009-03-15	1	5
166111	3153142	2008-10-18	1	0
166117	3153308	2008-10-18	1	0
166128	3156609	2009-03-13	1	0
166148	3153308	2008-11-16	1	0
166149	3153142	2008-11-16	1	0
166221	3153142	2008-12-15	1	0
166226	3153308	2008-12-15	1	0
166237	1030701	2009-03-15	1	3
166263	3153142	2009-01-17	1	0
166266	3153308	2009-01-17	1	0
166269	5210801	2009-03-14	1	0
166298	3153308	2009-02-14	1	0
166317	3153142	2009-03-14	1	6
166321	3153308	2009-03-14	1	0
166601	3156609	2009-02-11	1	0
166615	3156609	2009-01-13	1	0
166853	1010515	2009-03-15	1	30
167075	1020402	2009-01-11	1	2
167076	1020137	2009-01-11	1	1
167077	1021602	2009-01-11	1	0
167078	1020402	2009-02-15	1	0
167080	1021602	2009-02-15	1	0
167081	1020402	2009-03-15	1	0
167082	1020137	2009-03-15	1	0
167083	1021602	2009-03-15	1	0
167142	1020402	2008-10-19	1	0
167144	1021602	2008-10-19	1	0
167145	1020402	2008-11-16	1	0
167147	1021602	2008-11-16	1	0
167148	1020402	2008-12-14	1	0
167150	1021602	2008-12-14	1	0
167189	3153801	2009-10-17	1	0
167295	1030204	2009-10-18	1	35
167393	1030309	2009-10-18	1	0
167494	1010515	2009-10-18	1	68
167523	3151403	2009-10-18	1	0
167571	1030701	2009-10-18	1	0
167637	1030320	2009-10-18	1	0
167638	1030321	2009-10-18	1	0
167639	1030319	2009-10-18	1	0
167657	5210801	2009-10-17	1	0
167727	3153801	2009-11-14	1	0
167738	3153308	2009-11-14	1	0
167874	1030204	2009-11-15	1	24
168084	3151403	2009-11-14	1	0
168102	1030309	2009-11-15	1	0
168120	1030701	2009-11-15	1	0
168240	1010515	2009-11-15	1	21
168263	1030320	2009-11-15	1	0
168264	1030321	2009-11-15	1	0
168265	1030319	2009-11-15	1	0
168286	5210801	2009-11-14	1	0
168296	3156609	2009-11-20	1	0
168326	3156609	2009-10-19	1	0
168410	3153801	2009-12-12	1	0
168439	3153308	2009-12-12	1	0
168458	1030204	2009-12-12	1	14
168855	1030309	2009-12-13	1	0
168886	1010515	2009-12-13	1	22
168894	1030319	2009-12-13	1	0
168895	1030321	2009-12-13	1	0
168896	1030320	2009-12-13	1	5
168908	1030701	2009-12-13	1	0
168919	5210801	2009-12-12	1	0
168955	3156609	2009-12-18	1	0
169331	3153801	2010-01-16	1	0
169422	1030204	2010-01-17	1	11
169435	1020137	2010-01-17	1	0
169605	3151403	2009-12-12	1	0
169611	3151403	2010-01-16	1	0
169632	1030309	2010-01-17	1	0
169650	1030701	2010-01-17	1	0
169701	3156609	2010-01-20	1	0
169707	3153308	2010-01-20	1	0
169733	1030319	2010-01-17	1	0
169734	1030321	2010-01-17	1	0
169735	1030320	2010-01-17	1	6
169739	5210801	2010-01-16	1	0
169835	3151403	2010-02-13	1	0
169892	3153308	2010-02-13	1	0
170008	1030204	2010-02-14	1	12
170077	3153801	2010-02-13	1	0
170161	1030309	2010-02-14	1	0
170189	1010515	2010-01-17	1	25
170224	3156609	2010-02-17	1	0
170262	1030321	2010-02-14	1	0
170263	1030320	2010-02-14	1	2
170264	1030319	2010-02-14	1	0
170297	1030701	2010-02-14	1	0
170422	1010515	2010-02-14	1	29
170523	1030204	2010-03-12	1	11
170649	3153308	2010-03-13	1	20
170668	3153801	2010-03-14	1	0
170781	1030321	2010-03-14	1	0
170782	1030319	2010-03-14	1	0
170815	3151403	2010-03-14	1	0
170901	1030701	2010-03-14	1	0
170925	1030309	2010-03-14	1	1
171093	1010515	2010-03-14	1	36
171467	3156609	2010-03-17	1	0
171664	3153308	2010-10-16	1	0
171697	3153801	2010-10-16	1	0
171798	1030204	2010-10-17	1	8
171940	1030701	2010-10-17	1	0
171957	1030309	2010-10-17	1	0
172043	1030321	2010-10-17	1	0
172044	1030320	2010-10-17	1	0
172045	1030319	2010-10-17	1	0
172094	3151403	2010-10-17	1	1
172109	5210801	2010-02-13	1	0
172119	5210801	2010-03-13	1	0
172146	3153801	2010-11-13	1	0
172172	3151403	2010-11-13	1	0
172336	1030309	2010-11-14	1	0
172446	1030204	2010-11-16	1	1
172470	1030701	2010-11-14	1	0
172623	1030319	2010-11-14	1	0
172624	1030321	2010-11-14	1	0
172625	1030320	2010-11-14	1	0
172646	3153308	2010-11-13	1	0
172671	3156609	2010-11-09	1	0
172724	3156609	2010-12-07	1	1
172736	1030204	2010-12-17	1	4
172785	1030321	2010-12-18	1	0
172786	1030320	2010-12-18	1	0
172845	3153801	2010-12-18	1	0
172849	1020402	2010-12-19	1	5
173013	3153308	2010-12-18	1	0
173014	3151403	2010-12-23	1	0
173057	1030309	2010-12-19	1	0
173078	1030319	2010-12-18	1	0
173088	1030701	2010-12-19	0	0
173244	3153801	2011-01-15	1	0
173288	3153308	2011-01-15	1	0
173302	1030204	2011-01-16	1	8
173517	1010515	2011-01-16	1	0
173541	1030309	2011-01-16	1	0
173565	1030701	2011-01-16	1	0
173598	1030319	2011-01-17	1	0
173599	1030320	2011-01-17	1	3
173600	1030321	2011-01-17	1	0
173608	1010515	2010-11-12	1	25
173618	3151403	2011-01-15	1	0
173671	1010515	2010-10-18	1	28
173696	3156609	2011-01-21	1	0
173761	1010515	2010-12-19	1	0
173781	5210801	2010-10-16	1	0
173788	5210801	2010-11-13	1	0
173803	5210801	2011-01-15	1	0
173972	3153801	2011-02-12	1	0
174041	1030204	2011-02-13	1	1
174197	1030309	2011-02-13	1	0
174270	1030701	2011-02-13	1	0
174446	1020402	2011-02-20	1	3
174464	1010515	2011-02-20	1	1
174514	1030319	2011-02-14	1	0
174515	1030320	2011-02-14	1	3
174544	1030321	2011-02-14	1	0
174545	1030204	1991-11-08	1	7
174546	1030320	1991-11-10	1	0
174547	1030321	1991-11-10	1	0
174548	1030319	1991-11-10	1	12
174550	1020137	1991-11-09	0	0
174551	1010515	1991-11-09	1	5
174552	1010515	1991-12-08	1	19
174553	1020402	1991-12-08	1	8
174554	1020137	1991-12-08	1	0
174555	1020137	1992-01-05	1	0
174556	1020402	1992-01-05	1	1
174557	1010515	1992-01-05	1	23
174558	1030204	1991-12-08	1	3
174559	1030320	1991-12-08	1	0
174560	1030321	1991-12-08	1	0
174561	1030319	1991-12-08	1	13
174562	3151403	2011-02-12	1	0
174566	1021602	1991-12-08	0	0
174569	1030204	1992-01-05	1	3
174570	1030320	1992-01-05	1	0
174571	1030319	1992-01-05	1	14
174572	1030321	1992-01-05	1	0
174575	1030319	1992-02-02	1	0
174576	1030320	1992-02-02	1	0
174577	1030321	1992-02-02	1	0
174578	1030204	1992-03-22	1	12
174580	1030319	1992-03-22	1	1
174581	1030320	1992-03-22	1	0
174582	1030321	1992-03-22	1	0
174584	1020402	1992-11-21	1	6
174585	1020137	1992-11-21	1	3
174586	1021602	1992-11-21	1	6
174587	1020402	1992-12-26	1	1
174588	1020137	1992-12-26	1	2
174589	1021602	1992-12-26	1	1
174591	1020137	1993-01-24	1	0
174592	1021602	1993-01-24	1	0
174593	1020137	1993-02-07	1	0
174594	1021602	1993-02-07	1	0
174595	1020402	1993-02-07	1	3
174597	1020137	1993-03-06	1	0
174598	1021602	1993-03-06	1	0
174599	1010515	1992-11-22	1	18
174600	1010515	1992-12-26	1	20
174601	1010515	1993-01-24	1	3
174602	1010515	1993-02-07	1	14
174603	1010515	1993-03-06	1	25
174604	1030204	1992-11-21	1	1
174605	1030204	1992-12-26	1	3
174606	1030204	1993-01-24	1	0
174607	1030204	1993-02-07	1	2
174608	1030204	1993-03-06	1	3
174709	1030204	2011-03-12	1	1
174904	3153308	2011-03-12	1	0
174906	3153308	2011-02-12	1	0
174996	3153308	2009-10-17	1	0
175058	1020137	2011-02-20	1	0
175059	1021602	2011-02-20	1	0
175110	1020402	2011-03-20	1	0
175130	1030701	2011-03-13	0	0
175195	3156609	2011-02-24	1	0
175258	3156609	2010-10-20	1	0
175312	3156609	2011-03-18	1	0
175339	1030320	2011-03-15	1	0
175341	1030321	2011-03-15	1	0
175342	1030319	2011-03-15	1	0
175343	1030309	2011-03-13	1	0
175440	1021602	2010-12-19	1	0
175441	1020137	2010-12-19	1	0
175455	1021602	2011-01-16	1	0
175456	1020137	2011-01-16	1	0
176080	3151403	2011-03-12	1	0
176085	3153801	2011-03-12	1	0
176551	5210801	2011-02-12	1	0
176562	5210801	2011-03-12	1	0
176716	3153801	2011-10-16	1	0
176719	1030204	2011-10-16	1	34
176851	1030309	2011-10-16	1	0
177037	1010515	2011-10-16	1	18
177046	1030701	2011-10-16	1	0
177128	1030319	2011-10-17	1	0
177129	1030321	2011-10-17	1	0
177130	1030320	2011-10-17	1	0
177140	5210801	2011-10-15	1	0
177522	1030204	2011-11-10	1	7
177530	3151403	2011-10-15	1	0
177546	3153801	2011-11-12	1	0
177754	3151403	2011-11-12	1	0
177901	1030701	2011-11-13	1	0
177936	1030309	2011-11-13	1	0
178005	1010515	2011-11-13	1	22
178533	1020402	2011-12-11	1	1
178591	3156609	2011-10-14	1	0
178707	3153308	2011-10-15	1	0
178737	3153308	2011-12-17	1	0
178754	3153801	2011-12-17	1	0
178889	1030204	2011-12-18	1	6
179029	1030309	2011-12-18	1	0
179186	5210801	2011-11-12	1	0
179200	5210801	2011-12-17	1	0
179272	1030701	2011-12-18	1	0
179938	1030319	2011-11-13	1	0
179939	1030321	2011-11-13	1	0
179940	1030320	2011-11-13	1	0
179991	1030321	2011-12-18	1	0
179992	1030320	2011-12-18	1	0
180166	3153801	2012-01-14	1	0
180205	3153308	2012-01-14	1	0
180231	1030204	2012-01-14	1	8
180362	3156609	2012-01-11	1	0
180488	3156609	2011-12-14	1	0
180501	3156609	2011-11-16	1	0
180507	3153308	2011-11-16	1	0
180527	1030319	2012-01-16	1	0
180528	1030320	2012-01-16	1	0
180573	1010515	2011-12-11	1	23
180633	1030701	2012-01-15	1	0
180839	1030309	2012-01-15	1	0
181575	1030321	2012-01-16	1	0
181607	3151403	2011-12-17	1	0
181611	3151403	2012-01-14	1	0
181638	5210801	2012-01-14	1	0
181725	3153801	2012-02-19	1	0
181825	3153308	2012-02-18	1	0
181879	1030204	2012-02-20	1	0
181948	1030309	2012-02-19	1	0
182001	1010515	2012-01-15	1	4
182091	1030701	2012-02-19	1	0
182097	5210801	2012-02-18	1	0
182154	3151403	2012-02-18	1	0
182158	1030321	2012-02-20	1	0
182159	1030320	2012-02-20	1	0
182172	1030319	2012-02-20	1	0
182203	1030204	2012-03-16	1	0
182211	3153801	2012-03-17	1	0
182322	3151403	2012-03-18	1	0
182460	3153308	2012-03-17	1	0
182549	1010515	2012-02-19	1	0
182635	1030309	2012-03-18	1	0
182691	1030701	2012-03-18	1	0
182734	5210801	2012-03-17	1	1
182904	1021602	2012-02-19	1	0
182917	1021602	2012-03-18	1	0
182939	1030321	2012-03-19	1	0
182940	1030320	2012-03-19	1	0
182941	1030319	2012-03-19	1	0
182944	1030319	2011-12-17	1	0
183055	1010515	2012-03-19	1	0
183235	1020402	2011-11-13	1	1
183236	1020137	2011-11-13	1	0
183237	1021602	2011-11-13	1	0
183238	1020402	2012-01-22	1	0
183239	1020137	2012-01-22	1	0
183240	1020402	2012-02-19	1	1
183241	1020137	2012-02-19	1	0
183242	1020402	2012-03-18	1	2
183243	1020137	2012-03-18	1	0
183414	1020402	1993-10-30	1	6
183415	1020402	1993-11-27	1	0
183416	1020402	1993-12-26	1	0
183417	1020402	1994-01-30	1	0
183418	1020402	1994-02-27	1	0
183419	1020402	1994-03-27	1	0
183420	1021602	1993-10-30	1	0
183421	1021602	1993-11-27	1	0
183422	1021602	1993-12-26	1	0
183423	1021602	1994-01-30	1	0
183424	1021602	1994-02-27	1	1
183425	1021602	1994-03-27	1	0
183426	1020137	1993-10-30	1	0
183427	1020137	1993-11-27	1	0
183428	1020137	1993-12-26	1	0
183429	1020137	1994-01-30	1	0
183430	1020137	1994-02-27	1	0
183431	1020137	1994-03-27	1	1
183432	1020402	1994-11-19	1	0
183433	1020402	1994-12-17	1	1
183434	1020402	1995-01-15	1	3
183435	1020402	1995-02-12	1	2
183436	1021602	1994-11-19	1	0
183437	1021602	1994-12-17	1	0
183438	1021602	1995-01-15	1	0
183439	1021602	1995-02-12	1	1
183440	1020137	1994-11-19	1	0
183441	1020137	1994-12-17	1	0
183442	1020137	1995-01-15	1	0
183443	1020137	1995-02-12	1	0
183444	1020402	1995-11-25	1	4
183445	1020402	1995-12-23	1	6
183446	1020402	1996-01-20	1	2
183447	1020402	1996-02-17	1	0
183448	1020137	1995-11-25	1	0
183449	1020137	1995-12-23	1	0
183450	1020137	1996-01-20	1	0
183451	1020137	1996-02-17	1	6
183452	1021602	1995-11-25	1	2
183453	1021602	1995-12-23	1	0
183454	1021602	1996-01-20	1	0
183455	1021602	1996-02-17	1	0
183456	1020402	1996-11-23	1	6
183457	1020402	1996-12-21	1	6
183458	1020402	1997-01-25	1	0
183459	1020402	1997-02-22	1	0
183460	1020137	1996-11-23	1	0
183461	1020137	1996-12-21	1	0
183462	1020137	1997-01-25	1	0
183463	1020137	1997-02-22	1	0
183464	1021602	1996-11-23	1	2
183465	1021602	1996-12-21	1	4
183466	1021602	1997-01-25	1	5
183467	1021602	1997-02-22	1	4
183468	1020402	1997-11-30	1	4
183469	1020402	1997-12-28	1	4
183470	1020402	1998-01-25	1	6
183471	1020402	1998-02-15	1	3
183472	1020137	1997-11-30	1	0
183473	1020137	1997-12-28	1	0
183474	1020137	1998-01-25	1	0
183475	1020137	1998-02-15	1	0
183476	1021602	1997-11-30	1	2
183477	1021602	1997-12-28	1	0
183478	1021602	1998-01-25	1	0
183479	1021602	1998-02-15	1	0
183480	1020402	1998-11-22	1	2
183481	1020402	1998-12-20	1	6
183482	1020402	1999-01-16	1	11
183483	1020402	1999-02-14	1	10
183484	1020137	1998-11-22	1	0
183485	1020137	1998-12-20	1	0
183486	1020137	1999-01-16	1	0
183487	1020137	1999-02-14	1	0
183488	1021602	1998-11-22	1	1
183489	1021602	1998-12-20	1	0
183490	1021602	1999-01-16	1	0
183491	1021602	1999-02-14	1	0
183623	1030204	2012-10-12	1	11
183641	3153801	2012-10-14	1	0
183699	3153308	2012-10-13	1	0
183787	1030309	2012-10-13	1	0
183865	1010515	2012-10-14	1	2
183916	1020402	2012-10-14	1	1
183917	1020137	2012-10-14	1	0
183918	1021602	2012-10-14	1	0
183929	1030701	2012-10-14	1	0
183963	1030204	1993-11-27	1	2
183964	1030204	1993-12-26	1	2
183965	1030204	1994-01-30	1	3
183966	1030204	1994-02-27	1	107
183967	1030204	1994-03-27	1	0
183968	1030204	1994-11-16	1	29
183969	1030204	1994-12-17	1	0
183970	1030204	1995-01-20	1	11
183971	1030204	1995-02-18	1	0
183972	1030204	1995-11-25	1	3
183973	1030204	1995-12-23	1	10
183974	1030204	1996-01-20	1	19
183975	1030204	1996-02-18	1	3
183979	1030204	1996-11-23	1	65
183980	1030204	1996-12-22	1	5
183981	1030204	1997-01-26	1	6
183982	1030204	1997-02-23	1	2
183983	1030204	1997-11-30	1	2
183984	1030204	1997-12-29	1	6
183985	1030204	1998-01-26	1	5
183986	1030204	1998-02-16	1	4
183987	1030204	1998-11-22	1	0
183988	1030204	1998-12-20	1	0
183989	1030204	1999-01-16	1	4
183990	1030204	1999-02-16	1	0
184028	1030321	2012-10-15	1	0
184029	1030319	2012-10-15	1	0
184031	3151403	2012-10-13	1	0
184039	1030204	2009-01-11	1	5
184049	5210801	2012-10-14	1	0
184066	1020402	2009-10-18	1	0
184067	1020137	2009-10-18	1	0
184068	1021602	2009-10-18	1	0
184069	1020402	2009-11-15	1	0
184071	1020402	2009-12-13	1	0
184072	1020137	2009-12-13	1	0
184073	1021602	2009-12-13	1	0
184074	1020402	2010-01-17	1	0
184076	1021602	2010-01-17	1	0
184077	1020402	2010-02-14	1	0
184078	1020137	2010-02-14	1	0
184079	1021602	2010-02-14	1	0
184080	1020402	2010-03-14	1	0
184081	1020137	2010-03-14	1	0
184082	1021602	2010-03-14	1	0
184083	1010515	1991-10-14	1	57
184084	1010515	1992-02-08	1	16
184085	1010515	1992-03-16	1	7
184086	1010515	1992-10-17	1	26
184087	1010515	1993-10-30	1	20
184088	1010515	1993-11-28	1	13
184089	1010515	1993-12-31	1	18
184090	1010515	1994-01-30	1	14
184091	1010515	1994-02-27	1	11
184092	1010515	1994-03-27	1	0
184093	1010515	1994-10-22	1	27
184094	1010515	1994-11-19	1	18
184095	1010515	1994-12-16	1	24
184096	1010515	1995-01-14	1	27
184097	1010515	1995-02-12	1	25
184098	1010515	1995-03-11	1	9
184099	1010515	1995-10-14	1	42
184100	1010515	1995-11-25	1	19
184101	1010515	1995-12-23	1	22
184102	1010515	1996-01-20	1	21
184103	1010515	1996-02-17	1	23
184104	1010515	1996-03-16	1	16
184105	1010515	1996-10-22	1	23
184106	1010515	1996-11-23	1	18
184107	1010515	1996-12-22	1	26
184108	1010515	1997-01-25	1	1
184109	1010515	1997-02-22	1	0
184131	1010515	1997-10-18	1	14
184132	1010515	1997-11-30	1	14
184133	1010515	1997-12-28	1	0
184134	1010515	1998-01-25	1	6
184135	1010515	1998-02-15	1	7
184136	1010515	1998-03-15	1	0
184137	1010515	1998-10-18	1	24
184138	1010515	1998-11-22	1	8
184139	1010515	1998-12-20	1	4
184140	1010515	1999-01-17	1	3
184141	1010515	1999-02-14	1	12
184214	1020137	2011-12-11	1	0
184220	1030319	1992-11-21	1	14
184221	1030320	1992-11-21	1	0
184222	1030320	1992-12-26	1	0
184223	1030319	1992-12-26	1	6
184224	1030321	1992-12-26	1	0
184225	1030321	1992-11-21	1	0
184226	1030319	1993-01-24	1	19
184227	1030320	1993-01-24	1	0
184228	1030321	1993-01-24	1	0
184229	1030319	1993-02-09	1	0
184230	1030320	1993-02-09	1	0
184231	1030321	1993-02-09	1	0
184232	1030319	1993-03-07	1	31
184233	1030320	1993-03-07	1	0
184234	1030321	1993-03-07	1	0
184235	1030319	1993-10-31	1	0
184236	1030320	1993-10-31	1	0
184237	1030321	1993-10-31	1	0
184239	1030319	1993-11-27	1	12
184240	1030320	1993-11-27	1	0
184241	1030321	1993-11-27	1	0
184243	1030319	1993-12-26	1	1
184244	1030320	1993-12-26	1	0
184245	1030321	1993-12-26	1	0
184247	1030319	1994-01-30	1	10
184248	1030320	1994-01-30	1	0
184249	1030321	1994-01-30	1	0
184251	1030319	1994-02-27	1	5
184252	1030320	1994-02-27	1	0
184253	1030321	1994-02-27	1	0
184255	1030319	1994-03-27	1	7
184256	1030320	1994-03-27	1	0
184257	1030321	1994-03-27	1	0
184259	1030319	1994-11-19	1	17
184260	1030320	1994-11-19	1	0
184261	1030321	1994-11-19	1	0
184263	1030319	1994-12-17	1	17
184264	1030320	1994-12-17	1	0
184265	1030321	1994-12-17	1	0
184267	1030319	1995-01-20	1	2
184268	1030320	1995-01-20	1	0
184269	1030321	1995-01-20	1	2
184271	1030319	1995-02-18	1	0
184272	1030320	1995-02-18	1	0
184273	1030321	1995-02-18	1	0
184275	1030319	1995-11-25	1	8
184276	1030320	1995-11-25	1	0
184277	1030321	1995-11-25	1	0
184279	1030319	1995-12-23	1	2
184280	1030320	1995-12-23	1	0
184281	1030321	1995-12-23	1	1
184283	1030319	1996-01-21	1	18
184284	1030320	1996-01-21	1	0
184285	1030321	1996-01-21	1	4
184287	1030319	1996-02-18	1	0
184288	1030321	1996-02-18	1	0
184289	1030320	1996-02-18	1	0
184291	1030319	1996-11-25	1	10
184292	1030320	1996-11-25	1	0
184293	1030321	1996-11-25	1	0
184295	1030319	1996-12-21	1	1
184296	1030320	1996-12-21	1	0
184297	1030321	1996-12-21	1	0
184299	1030319	1997-01-26	1	0
184300	1030320	1997-01-26	1	0
184301	1030321	1997-01-26	1	0
184303	1030319	1997-02-24	1	14
184304	1030320	1997-02-24	1	0
184305	1030321	1997-02-24	1	0
184307	1030319	1997-11-30	1	0
184308	1030320	1997-11-30	1	0
184309	1030321	1997-11-30	1	0
184311	1030319	1997-12-28	1	0
184312	1030320	1997-12-28	1	0
184313	1030321	1997-12-28	1	0
184314	1030319	1998-01-25	1	0
184315	1030320	1998-01-25	1	0
184316	1030321	1998-01-25	1	0
184318	1030319	1998-02-15	1	0
184320	1030320	1998-02-15	1	0
184321	1030321	1998-02-15	1	0
184323	1030319	1998-11-15	1	0
184324	1030320	1998-11-15	1	0
184325	1030321	1998-11-15	1	1
184327	1030319	1998-12-20	1	0
184329	1030320	1998-12-20	1	0
184330	1030321	1998-12-20	1	0
184332	1030319	1999-01-17	1	0
184333	1030320	1999-01-17	1	0
184334	1030321	1999-01-17	1	0
184335	1030309	1999-01-17	1	0
184336	1030319	1999-02-14	1	1
184337	1030320	1999-02-14	1	0
184338	1030321	1999-02-14	1	0
184700	3153801	2012-11-18	1	0
184733	1030204	2012-11-18	1	7
185020	3153308	2012-11-17	1	0
185089	1010515	2012-11-18	1	6
185104	1030309	2012-11-18	1	0
185562	3151403	2012-11-18	1	0
185571	1030321	2012-11-19	1	0
185572	1030320	2012-11-19	1	0
185573	1030319	2012-11-19	1	0
185818	1020402	2012-11-18	1	1
185819	1020137	2012-11-18	1	0
185820	1021602	2012-11-18	1	0
185828	1030701	2012-11-18	1	0
186137	5210801	2012-11-17	1	0
186179	3156609	2012-02-21	1	0
186237	3156609	2012-03-23	1	0
186565	1030204	2012-12-13	1	9
186848	3153801	2012-12-15	1	0
186975	3153308	2012-12-15	1	0
186998	1020402	2012-12-16	1	0
187089	3153142	2012-12-17	1	0
187111	1030309	2012-12-16	1	0
187243	1010515	2012-12-16	1	0
187406	1030701	2012-12-16	1	0
187459	1030320	2012-12-16	1	0
187460	1030319	2012-12-16	1	0
187463	5210801	2012-12-15	1	0
187562	3151403	2012-12-15	1	0
187612	1030321	2012-12-16	1	0
187663	1030204	2013-01-11	1	5
187687	3153142	2013-01-12	1	0
187807	3153801	2013-01-13	1	0
187809	3153308	2013-01-12	1	0
187860	1030309	2013-01-13	1	0
188091	1030701	2013-01-13	1	0
188096	5210801	2013-01-12	1	0
188180	1020402	2013-01-13	1	2
188181	1020137	2013-01-13	1	0
188183	3151403	2013-01-12	1	0
188190	1010515	2013-01-13	1	11
188233	1030321	2013-01-13	1	0
188234	1030320	2013-01-13	1	0
188235	1030319	2013-01-13	1	0
188343	3156609	2012-10-16	1	0
188412	3153801	2013-02-16	1	0
188413	3153142	2013-02-16	1	0
188531	1030204	2013-02-17	1	6
188765	1010515	2013-02-10	1	9
188839	3156609	2013-02-11	1	0
188840	3151403	2013-02-11	1	0
188888	1030701	2013-02-17	0	0
188892	1020402	2013-02-10	1	1
188893	1020137	2013-02-10	1	0
188894	1021602	2013-02-10	1	0
188895	1010515	2011-03-21	1	17
189052	3156609	2012-11-15	1	0
189085	3156609	2012-12-13	1	0
189204	5210801	2013-02-16	1	0
189352	1030309	2013-02-17	1	0
189390	1030321	2013-02-10	1	0
189391	1030320	2013-02-10	1	6
189393	1030319	2013-02-10	1	0
189410	1030204	2013-03-15	1	15
189438	3153142	2013-03-16	1	0
189447	3153801	2013-03-16	1	0
189627	1030319	2013-03-17	1	0
189628	1030321	2013-03-17	1	0
189668	1030309	2013-03-17	1	0
189682	1030320	2013-03-17	1	11
189768	1010515	2013-03-17	1	19
189823	3151403	2013-03-16	1	0
189829	1030701	2013-03-17	1	0
189888	3156609	2013-03-14	1	0
190049	5210801	2013-03-16	1	0
190052	1020402	2013-03-17	1	0
190053	1020137	2013-03-17	1	0
190054	1021602	2013-03-17	1	0
190146	1021602	2012-12-16	1	0
190147	1020137	2012-12-16	1	0
190161	1021602	2013-01-14	1	0
190250	3156609	2013-01-15	1	0
190522	3153308	2013-02-16	1	0
190524	3153308	2013-03-16	1	0
190782	1010515	2009-01-11	1	13
190898	1030204	2013-10-12	1	30
190905	3153801	2013-10-12	1	0
191001	3153308	2013-10-12	1	5
191153	3153142	2013-10-16	1	0
191351	1010515	2013-10-20	1	23
191781	1020402	1992-02-02	1	8
191782	1020137	1992-02-02	1	0
191791	1030701	2013-10-13	0	0
191845	1030321	2013-10-12	1	0
191846	1030320	2013-10-12	1	1
191866	1030309	2013-10-13	1	0
192029	1030204	2013-11-16	1	5
192372	1010515	2013-11-17	1	0
192404	1030309	2013-11-17	1	0
192413	3156609	2013-11-19	1	0
192414	3151403	2013-11-19	1	0
192416	3153801	2013-11-19	1	0
192422	1020402	2013-11-17	1	0
192423	1020137	2013-11-17	1	0
192425	1021602	2013-11-17	1	0
192435	1020402	2013-10-20	1	3
192436	1020137	2013-10-20	1	0
192437	1021602	2013-10-20	1	0
192548	3153308	2013-11-20	1	0
192549	3153142	2013-11-21	1	0
192628	1030701	2013-11-17	1	0
192660	5210801	2013-10-12	1	1
192677	5210801	2013-11-17	1	0
192726	3153801	2013-12-14	1	0
192793	3153308	2013-12-14	1	0
192842	1020402	2013-12-15	1	0
192857	3153142	2013-12-15	1	0
192903	1030204	2013-12-15	1	96
192988	1030321	2013-11-17	1	0
192990	5210801	2013-12-14	1	0
192993	1030320	2013-11-17	1	0
192997	1030319	2013-12-15	1	0
192999	1030321	2013-12-15	1	0
193001	1030320	2013-12-15	1	0
193096	1030309	2013-12-15	1	0
193195	1021602	2013-12-15	1	0
193196	1020137	2013-12-15	1	0
193205	1030701	2013-12-17	1	0
193238	1010515	2013-12-15	1	0
193353	3153801	2014-01-18	1	0
193393	1030204	2014-01-18	1	16
193408	3153308	2014-01-18	1	0
193676	3156609	2014-01-20	1	0
193734	1010515	2014-01-19	1	0
193759	1030309	2014-01-19	1	0
193833	5210801	2014-01-18	1	0
193852	1030701	2014-01-19	1	0
193953	1020402	2014-01-19	1	0
193954	1020137	2014-01-19	1	0
193955	1021602	2014-01-19	1	0
193992	1030319	2014-01-19	1	0
193993	1030320	2014-01-19	1	0
193994	1030321	2014-01-19	1	0
194202	3156609	2013-10-21	1	0
194203	3151403	2013-10-21	1	0
194214	3156609	2013-12-17	1	0
194215	3151403	2013-12-17	1	0
194238	3151403	2014-01-18	1	0
194252	3153801	2014-02-15	1	0
194351	1030204	2014-02-16	1	12
194455	1030309	2014-02-16	1	0
194628	1010515	2014-02-19	1	0
194646	5210801	2014-02-15	1	0
194682	3153142	2014-02-26	1	0
194684	1030701	2014-02-15	1	0
194787	1030319	2014-02-16	1	0
194788	1030321	2014-02-16	1	0
194789	1030320	2014-02-16	1	0
194808	3153142	2014-01-30	1	0
194809	3153142	2014-03-09	1	0
194877	3151403	2014-02-16	1	0
194883	3151403	2014-03-15	1	0
194991	3153801	2014-03-16	1	0
195056	1030204	2014-03-16	1	7
195209	1010515	2014-03-16	1	3
195300	5210801	2014-03-15	1	0
195347	1030320	2014-03-15	1	7
195348	1030321	2014-03-15	1	0
195349	1030319	2014-03-15	1	0
195359	1030309	2014-03-16	1	20
195496	3153308	2014-02-15	1	0
195498	3153308	2014-03-15	1	0
195667	1030701	2014-03-16	1	0
195829	1021602	2014-02-16	1	0
195843	1021602	2014-03-16	1	0
195973	3156609	2014-03-19	1	0
195986	3156609	2014-02-18	1	0
196254	1020402	2014-02-16	1	0
196255	1020137	2014-02-16	1	0
196257	1020402	2014-03-16	1	0
196258	1020137	2014-03-16	1	0
196438	3153801	2014-10-18	1	0
196504	3153142	2014-10-19	1	0
196566	1030204	2014-10-19	1	5
196619	1030309	2014-10-19	1	0
196649	3153308	2014-10-18	1	0
196784	1010515	2014-10-19	1	22
196820	5210801	2014-10-11	1	3
196872	1030701	2014-10-19	1	0
196924	3156609	2014-10-24	1	0
197034	1030321	2014-10-19	1	0
197036	1030319	2014-10-19	1	0
197037	1030320	2014-10-19	1	0
197038	1030320	2014-10-19	1	0
197081	1030204	2014-11-13	1	9
197188	3153308	2014-11-15	1	0
197280	3153142	2014-11-16	1	0
197420	1030309	2014-11-16	1	0
197442	5210801	2014-11-15	1	0
197519	1030701	2014-11-16	1	0
197530	3151403	2014-10-19	1	0
197536	3151403	2014-11-16	1	0
197659	3153801	2014-12-13	1	0
197817	1030204	2014-12-14	1	10
197878	3156609	2014-11-26	1	0
197941	1030309	2014-12-14	1	0
197957	3153308	2014-12-13	1	0
198013	1030701	2014-12-14	1	0
198190	3156609	2014-12-22	1	0
198225	1030321	2014-12-14	1	0
198226	1030320	2014-12-14	1	0
198228	1030319	2014-12-14	1	0
198229	1030320	2014-12-15	1	0
198232	5210801	2014-12-13	1	0
198245	3153142	2014-12-25	1	0
198425	1030204	2015-01-17	1	0
198482	5210801	2015-01-17	1	0
198502	3153142	2015-01-18	1	0
198633	3153308	2015-01-17	1	0
198752	1030309	2015-01-18	1	0
198773	1010515	2015-01-18	1	18
198803	1030701	2015-01-18	0	0
198881	1030321	2015-01-18	1	0
198882	1030320	2015-01-08	1	0
198884	1030319	2015-01-08	1	0
198906	3153801	2015-02-13	1	0
198988	1030204	2015-02-14	1	12
199217	3153308	2015-02-14	1	0
199225	1030309	2015-02-15	1	0
199262	3153142	2015-02-17	1	0
199337	1010515	2015-02-17	1	20
199395	5210801	2015-02-14	1	0
199414	3156609	2015-02-19	1	0
199430	1030701	2015-02-15	1	0
