ObservationID	LocationID	Date	Complete	Count
1087	3153308	2000-02-12	1	0
1095	3152401	2000-02-12	1	184
1097	3153334	2000-02-12	1	0
1098	3153312	2000-02-12	1	11
1102	3153314	2000-02-12	1	0
112235	1010802	2001-11-17	1	0
112236	1011201	2001-11-17	1	0
112240	1011101	2001-11-17	1	0
112241	1012501	2001-11-17	1	0
112245	1014201	2001-11-18	1	260
112256	1010802	2001-12-14	1	0
112257	1011201	2001-12-14	1	0
112261	1011101	2001-12-14	1	0
112262	1012501	2001-12-14	1	2
112264	1014201	2001-12-14	1	0
112277	1010802	2002-01-12	1	0
112278	1011201	2002-01-12	1	0
112282	1011101	2002-01-12	1	0
112283	1012501	2002-01-12	1	0
112285	1014201	2002-01-12	1	0
112298	1010802	2002-02-15	1	0
112299	1011201	2002-02-15	1	0
112303	1011101	2002-02-15	1	33
112304	1012501	2002-02-15	1	0
112306	1014201	2002-02-15	1	0
112379	1010301	2001-11-15	1	0
112382	1011404	2001-11-15	1	0
112385	1013003	2001-11-15	1	0
112389	1014401	2001-11-15	1	0
112390	1014402	2001-11-15	1	0
112394	1010519	2001-11-18	1	0
112395	1021904	2001-11-18	1	123
112401	1010515	2001-11-18	1	0
112403	1011502	2001-11-18	1	0
112405	1010518	2001-11-18	1	0
112407	1012102	2001-11-19	1	0
112409	1011601	2001-11-19	1	0
112410	1012101	2001-11-19	1	0
112411	1014601	2001-11-19	1	1325
112412	1014501	2001-11-19	1	0
112413	1010907	2001-11-19	1	0
112420	1010903	2001-11-19	1	0
112421	1010904	2001-11-19	1	805
112422	1010906	2001-11-19	1	0
112426	1010301	2001-12-15	1	0
112429	1011404	2001-12-15	1	0
112437	1010519	2001-12-16	1	6
112443	1010515	2001-12-16	1	0
112447	1011502	2001-12-16	1	0
112449	1010518	2001-12-16	1	0
112451	1014601	2001-12-16	1	0
112452	1014501	2001-12-16	1	0
112453	1010907	2001-12-18	1	365
112461	1010903	2001-12-18	1	0
112462	1010904	2001-12-18	1	0
112464	1010906	2001-12-18	1	0
112465	1012102	2001-12-18	1	0
112467	1011601	2001-12-18	1	0
112468	1012101	2001-12-18	1	0
112469	1014401	2001-12-18	1	0
112470	1014402	2001-12-18	1	0
112485	1010301	2002-01-11	1	0
112487	1011404	2002-01-11	1	0
112493	1010519	2002-01-13	1	0
112497	1010515	2002-01-13	1	0
112500	1010518	2002-01-13	1	0
112502	1011502	2002-01-13	1	0
112507	1014401	2002-01-15	1	0
112508	1014402	2002-01-15	1	0
112509	1011601	2002-01-15	1	0
112511	1012101	2002-01-15	1	0
112512	1012102	2002-01-15	1	0
112513	1014501	2002-01-15	1	0
112514	1014601	2002-01-15	1	0
112515	1010907	2002-01-15	1	0
112529	1010519	2002-02-16	1	0
112535	1021904	2002-02-16	1	0
112538	1011502	2002-02-16	1	0
112540	1010518	2002-02-16	1	0
112544	1010301	2002-02-18	1	0
112546	1011404	2002-02-18	1	0
112548	1014401	2002-02-18	1	0
112549	1014402	2002-02-18	1	0
112550	1012102	2002-02-19	1	0
112552	1011601	2002-02-19	1	0
112553	1014501	2002-02-19	1	0
112554	1014601	2002-02-19	1	375
112555	1010907	2002-02-19	1	0
112561	1010903	2002-02-19	1	0
112562	1010904	2002-02-19	1	0
112563	1010906	2002-02-19	0	0
112565	1010515	2002-02-10	1	0
112644	1030309	2001-11-18	1	318
112650	1030204	2001-11-18	1	440
112653	1030701	2001-11-18	1	5743
112655	1020202	2001-11-18	1	0
112679	1033303	2001-11-18	1	8
112684	1030309	2001-12-16	1	0
112691	1030204	2001-12-16	1	0
112696	1030701	2001-12-17	1	441
112699	1020202	2001-12-16	1	0
112724	1033303	2001-12-16	0	7
112728	1030309	2002-01-13	1	0
112743	1020202	2002-01-12	1	0
112766	1030309	2002-02-17	1	3
112772	1030204	2002-02-17	1	350
112776	1020202	2002-02-17	1	0
112806	1033303	2002-02-17	1	0
112878	1020704	2001-11-19	1	192
112882	1020105	2001-11-18	1	0
112883	1020107	2001-11-18	1	0
112884	1020104	2001-11-17	1	260
112885	1020302	2001-11-17	1	0
112890	1020706	2001-11-19	1	0
112893	1020701	2001-12-16	1	300
112897	1020704	2001-12-16	1	0
112900	1020107	2001-12-16	1	67
112901	1020105	2001-12-16	1	4
112902	1020104	2001-12-16	1	45
112904	1020302	2001-12-16	1	0
112908	1021904	2001-12-16	1	13
112912	1020701	2002-01-13	1	480
112914	1020703	2002-01-13	1	0
112915	1020704	2002-01-12	1	0
112918	1020107	2002-01-13	1	25
112919	1020105	2002-01-13	1	0
112920	1020104	2002-01-13	1	39
112921	1020302	2002-01-12	1	0
112925	1021904	2002-01-12	1	31
112935	1020701	2002-02-16	1	4
112938	1020704	2002-02-18	1	0
112941	1020107	2002-02-17	1	65
112942	1020105	2002-02-16	1	85
112943	1020104	2002-02-16	1	30
112945	1020302	2002-02-16	1	0
112979	1021903	2001-11-17	1	0
112985	1020703	2001-12-16	0	0
112986	1021903	2001-12-16	0	0
112988	1020706	2001-12-17	1	4
112989	1021903	2002-01-12	1	0
112993	1020706	2002-01-12	1	0
112999	1033003	2002-02-17	1	3
113001	1020703	2002-02-16	1	20
113212	3152702	2001-11-17	1	0
113213	3153316	2001-11-17	1	0
113215	3152404	2001-11-18	1	1
113219	3153334	2001-11-18	1	0
113220	3153312	2001-11-18	1	0
113221	3153314	2001-11-18	1	0
113224	3152401	2001-11-18	1	0
113277	3153308	2001-11-17	1	430
113347	3152404	2001-12-15	1	0
113350	3152401	2001-12-15	1	0
113352	3153334	2001-12-15	1	0
113354	3153312	2001-12-15	1	0
113355	3153314	2001-12-15	1	0
113361	3153316	2001-12-15	1	0
113362	3152702	2001-12-15	1	0
113368	3153308	2001-12-15	1	0
113415	3152404	2002-01-12	1	0
113417	3153334	2002-01-12	1	0
113418	3153312	2002-01-12	1	0
113421	3152401	2002-01-12	1	2
113422	3153314	2002-01-12	1	0
113436	3152702	2002-01-12	1	0
113437	3153316	2002-01-12	1	0
113464	3153308	2002-01-12	1	0
113496	3152702	2002-02-17	1	13
113497	3153316	2002-02-17	1	0
113513	3152404	2002-02-16	1	2
113516	3153312	2002-02-16	1	0
113519	3152401	2002-02-16	1	0
113520	3153334	2002-02-16	1	0
113522	3153314	2002-02-16	1	0
113562	3153308	2002-02-17	1	0
115024	1031704	2001-11-18	1	0
115025	1031704	2001-12-17	1	0
115026	1031704	2002-01-13	1	0
115027	1031704	2002-02-18	1	0
115030	1031704	2000-11-13	1	0
115031	1031704	2000-12-18	1	0
115032	1031704	2001-01-15	1	0
115033	1031704	2001-02-19	1	0
115047	1030204	2002-01-13	1	0
115131	1030803	2001-11-17	0	0
115132	1030803	2001-12-15	1	0
134653	3152404	2002-11-17	1	0
134655	3152401	2002-11-17	1	1
134657	3153334	2002-11-17	1	0
136049	3153312	2002-11-17	1	0
136052	3153314	2002-11-17	1	0
136054	3153316	2002-11-16	1	0
136055	3152702	2002-11-16	1	0
136075	3152702	2002-12-14	1	0
136076	3153316	2002-12-14	1	5
136081	3152404	2002-12-14	1	0
136082	3152401	2002-12-14	1	0
136083	3153334	2002-12-14	1	0
136084	3153312	2002-12-14	1	0
136087	3153314	2002-12-14	1	0
136972	3152702	2003-01-18	1	0
136973	3153316	2003-01-18	1	0
136976	3152404	2003-01-18	1	0
136978	3152401	2003-01-18	1	0
136979	3153334	2003-01-18	1	0
136980	3153312	2003-01-18	1	0
136983	3153314	2003-01-18	1	0
136995	3152702	2003-02-15	1	0
136996	3153316	2003-02-15	1	6
136999	3152404	2003-02-16	1	0
137002	3153334	2003-02-16	1	0
137003	3153312	2003-02-16	1	0
137006	3153314	2003-02-16	1	0
137007	3152401	2003-02-16	1	0
138585	2053701	2002-11-17	1	0
138586	2053701	2002-12-14	1	0
138587	2053701	2003-01-19	1	0
138588	2053701	2003-02-16	1	0
138779	1020701	2002-11-16	1	0
138782	1020704	2002-11-16	1	32
138783	1020706	2002-11-16	1	57
138786	1020104	2002-11-17	1	0
138788	1020302	2002-11-17	1	20
138790	1020704	2002-12-15	1	0
138792	1020701	2002-12-14	1	45
138795	1020706	2002-12-14	1	0
138799	1020107	2002-12-14	1	0
138801	1020105	2002-12-15	0	3
138807	1020104	2002-12-15	1	1
138809	1020302	2002-12-15	1	0
138817	1020701	2003-01-18	1	43
138833	1020704	2003-01-18	1	0
138834	1020703	2003-01-19	1	0
138836	1020706	2003-01-19	1	0
138838	1020107	2003-01-18	1	0
138841	1020302	2003-01-19	1	0
138845	1020701	2003-02-16	1	0
138848	1020706	2003-02-15	1	0
138849	1020704	2003-02-16	1	0
138852	1020104	2003-02-16	1	7
138853	1020302	2003-02-16	1	0
138948	2053701	2003-11-17	1	0
138949	2053701	2003-12-14	1	0
138950	2053701	2004-01-18	1	0
138951	2053701	2004-02-15	1	0
139233	1030309	2002-11-17	1	460
139240	1030701	2002-11-17	1	732
139242	1030204	2002-11-17	1	239
139269	1031704	2002-11-16	1	0
139273	1033303	2002-11-17	1	0
139275	1030309	2002-12-15	1	0
139284	1030204	2002-12-15	1	0
139296	1031704	2002-12-16	1	0
139313	1033303	2002-12-15	1	0
139317	1030309	2003-01-19	1	0
139467	1030204	2003-01-19	1	0
139525	1033303	2003-01-19	1	0
139531	1031704	2003-01-18	1	0
139534	1030309	2003-02-16	1	0
139548	1031704	2003-02-16	1	0
139554	1033303	2003-02-16	0	0
139954	1010802	2003-01-15	1	0
139955	1011201	2003-01-15	1	0
139959	1011101	2003-01-15	1	0
139960	1012501	2003-01-15	1	0
139962	1014201	2003-01-15	1	0
139965	1011404	2003-01-16	1	0
139968	1010301	2003-01-16	1	0
139976	1010519	2003-01-17	1	0
139985	1011503	2003-01-17	1	0
139986	1011502	2003-01-17	1	0
139988	1010518	2003-01-17	1	45
139989	1010907	2003-01-17	1	0
139990	1014501	2003-01-17	1	0
139991	1014601	2003-01-17	1	0
139992	1011601	2003-01-17	1	0
139993	1012101	2003-01-17	1	0
139994	1012102	2003-01-17	1	0
139996	1014401	2003-01-18	1	0
139997	1014402	2003-01-18	1	0
139999	1010515	2003-01-19	1	0
140059	1010802	2002-11-15	1	0
140065	1011201	2002-11-15	1	0
140067	1011101	2002-11-15	1	11
140068	1012501	2002-11-15	1	0
140069	1014201	2002-11-15	1	6
140079	1010301	2002-11-16	1	0
140081	1011404	2002-11-16	1	0
140084	1010515	2002-11-17	1	0
140086	1021904	2002-11-17	1	55
140090	1010519	2002-11-17	1	0
140095	1011502	2002-11-17	1	0
140096	1011503	2002-11-17	1	0
140098	1014401	2002-11-18	1	0
140099	1014402	2002-11-18	1	0
140100	1011601	2002-11-19	1	0
140101	1012101	2002-11-20	1	0
140102	1012102	2002-11-20	1	0
140103	1014601	2002-11-20	1	0
140104	1014501	2002-11-20	1	0
140121	1011101	2002-12-13	1	0
140122	1012501	2002-12-13	1	0
140126	1011201	2002-12-13	1	0
140132	1010802	2002-12-14	1	0
140134	1010515	2002-12-15	1	22
140138	1021904	2002-12-15	1	15
140139	1010519	2002-12-15	1	0
140140	1014501	2002-12-15	1	0
140141	1014601	2002-12-15	1	255
140142	1011502	2002-12-15	1	0
140143	1011503	2002-12-15	1	6
140146	1010518	2002-12-15	1	0
140148	1011404	2002-12-15	1	0
140150	1010301	2002-12-15	1	0
140151	1012102	2002-12-16	1	0
140152	1012101	2002-12-16	1	0
140153	1011601	2002-12-16	1	0
140155	1013003	2002-12-16	1	0
140156	1014401	2002-12-14	1	0
140157	1014402	2002-12-14	1	0
140160	1011404	2003-02-15	1	0
140161	1010301	2003-02-15	1	0
140164	1014401	2003-02-15	1	0
140165	1014402	2003-02-15	1	0
140172	1010519	2003-02-16	1	3
140175	1021904	2003-02-16	1	0
140182	1010518	2003-02-16	1	0
140184	1011502	2003-02-16	1	0
140185	1011503	2003-02-16	1	0
140186	1010515	2003-02-16	1	0
140190	1014601	2003-02-16	1	0
140191	1014501	2003-02-16	1	0
140192	1011601	2003-02-16	1	0
140193	1012101	2003-02-16	1	0
140227	1010802	2003-02-14	1	0
140231	1011201	2003-02-14	1	0
140235	1011101	2003-02-14	1	0
140237	1012501	2003-02-15	1	0
140581	2051201	2002-11-16	1	0
140582	2051201	2002-12-16	1	0
140583	2051201	2003-01-18	1	0
140584	2051201	2003-02-15	1	0
140613	1030701	2002-12-15	1	110
140614	1030701	2003-01-19	1	220
140615	1030701	2003-02-16	1	0
140621	1030803	2002-11-15	1	0
140622	1030803	2003-02-15	1	0
140625	1020202	2002-11-16	1	60
140627	1020202	2002-12-15	1	0
140628	1020202	2003-01-18	1	0
140629	1020202	2003-02-16	1	0
140632	1020105	2002-11-16	1	0
140633	1020105	2003-01-18	1	0
140634	1020105	2003-02-15	1	0
140635	1030204	2003-02-16	1	0
140657	3153308	2002-11-16	1	0
140663	3153308	2002-12-14	1	0
140677	3153308	2003-01-18	1	0
140685	3153308	2003-02-15	1	0
141844	3152401	2003-11-16	1	0
141845	3153314	2003-11-16	1	50
141848	3153334	2003-11-16	1	0
141849	3153312	2003-11-16	1	0
141852	3152404	2003-11-16	1	1
141882	3153316	2003-11-15	1	0
141883	3152702	2003-11-15	1	0
141963	3152404	2003-12-14	1	0
141966	3153312	2003-12-14	1	0
141967	3153314	2003-12-14	1	0
141968	3153334	2003-12-14	1	0
141971	3152401	2003-12-14	1	0
141997	3152702	2003-12-13	1	0
141998	3153316	2003-12-13	1	0
142221	1020107	2004-11-14	1	2
142223	1020107	2004-12-19	0	0
142243	1010904	2004-11-14	1	0
142268	3152404	2004-01-18	1	0
142289	3152401	2004-01-18	1	0
142290	3153312	2004-01-18	1	0
142291	3153314	2004-01-18	1	0
142292	3153334	2004-01-18	1	0
142297	3152702	2004-01-17	1	0
142298	3153316	2004-01-17	1	0
142377	3153316	2004-02-14	1	0
142378	3152702	2004-02-14	1	0
142380	3153314	2004-02-15	1	0
142383	3153334	2004-02-15	1	0
142384	3152401	2004-02-15	1	0
142385	3153312	2004-02-15	1	0
142388	3152404	2004-02-15	1	2
142947	1020302	2005-11-13	1	0
142958	2053701	2005-11-13	1	0
143018	1033706	2005-11-14	1	0
143062	1035202	2005-11-15	1	39
143092	1030204	2005-11-13	1	810
143094	1030210	2005-11-13	1	0
143146	1020104	2005-11-13	1	350
143148	1030803	2005-11-19	1	0
143175	1010903	2005-11-13	1	300
143273	1030309	2005-11-20	1	60
143284	3152401	2005-11-13	1	0
143286	3152404	2005-11-13	1	17
143298	3153312	2005-11-13	1	0
143300	3153314	2005-11-13	1	0
143301	3153334	2005-11-13	1	16
143303	1030701	2005-11-13	1	20
143432	2051201	2003-11-15	1	0
143433	2051201	2003-12-12	1	0
143434	2051201	2004-01-17	1	0
143435	2051201	2004-02-14	1	0
143502	1035202	2005-12-13	1	0
143503	1030309	2005-12-11	1	450
143527	1030701	2005-12-10	1	853
143567	1020107	2005-12-17	1	0
143608	1020302	2005-12-18	1	300
143611	1020104	2005-12-18	1	150
143623	1030803	2005-12-18	1	0
143702	1033706	2005-12-19	1	0
143711	3152401	2005-12-18	1	0
143713	3152404	2005-12-18	1	0
143721	3153312	2005-12-18	1	2
143723	3153314	2005-12-18	1	0
143724	3153334	2005-12-18	1	0
143739	1033111	2005-11-13	1	0
143742	1033114	2005-11-13	1	7
143744	1033114	2005-12-11	1	22
143754	1033111	2005-12-11	1	0
143832	1031704	2005-11-15	1	155
143835	1030210	2003-12-19	1	0
143901	2051201	2005-11-12	1	0
143904	2051201	2005-12-17	1	0
143984	1020104	2006-01-14	1	0
143985	1020302	2006-01-14	1	0
143990	2051201	2006-01-14	1	0
144119	2053701	2006-01-14	1	0
144120	3152401	2006-01-14	1	0
144122	3152404	2006-01-14	1	0
144130	3153312	2006-01-14	1	0
144133	3153314	2006-01-14	1	0
144136	3153334	2006-01-14	1	0
144205	1033114	2006-01-14	0	0
144225	1030309	2006-01-15	1	784
144232	1020107	2006-01-15	1	0
144239	1033111	2006-01-15	1	0
144257	1030204	2006-01-15	1	0
144261	1035202	2006-01-11	1	0
144262	1033706	2006-01-16	1	20
144271	1030701	2006-01-15	1	484
144325	1030803	2006-01-14	1	1
144354	1031704	2006-01-14	1	0
144372	1030204	2005-12-19	1	0
144373	1030210	2005-12-19	1	0
144445	1021904	2005-11-13	1	0
144450	1021903	2005-12-18	1	126
144452	1021903	2006-01-15	1	156
144453	1021904	2006-01-15	1	130
144668	1033706	2006-02-14	1	0
144738	1010903	2006-02-18	1	820
144739	1010904	2006-02-18	1	250
144743	2051201	2006-02-18	1	0
144746	2053701	2006-02-18	1	0
144803	1030803	2006-02-18	1	0
144815	1020302	2006-02-18	1	0
144816	1020104	2006-02-18	1	0
144817	1020105	2006-02-18	1	0
144819	1020107	2006-02-18	1	0
144820	1020704	2006-02-18	1	0
144824	1020202	2006-02-18	1	0
144826	1020703	2006-02-18	1	0
144827	1033003	2006-02-18	1	2
144829	1020706	2006-02-18	1	0
144841	1031704	2006-02-11	1	0
144903	1030204	2006-02-19	1	0
144919	3152401	2006-02-18	1	0
144921	3152404	2006-02-18	1	0
144951	3153312	2006-02-18	1	0
144953	3153314	2006-02-18	1	0
144954	3153334	2006-02-18	1	0
145005	1030309	2006-02-19	1	500
145007	1035202	2006-02-22	1	0
145049	1030701	2006-02-19	1	404
145628	1033114	2006-02-19	1	0
145635	1033111	2006-02-19	1	0
145713	2053701	2004-11-14	1	0
145714	2053701	2004-12-19	1	150
145812	2053701	2005-02-13	1	0
145813	2053701	2005-01-15	1	70
146032	1011404	2005-11-11	1	0
146035	1010301	2005-11-11	1	0
146038	1014401	2005-11-11	1	0
146039	1014402	2005-11-11	1	0
146046	1013003	2005-11-12	1	0
146048	1010515	2005-11-13	1	525
146054	1010519	2005-11-13	1	2
146058	1011502	2005-11-13	1	0
146059	1011503	2005-11-13	1	110
146060	1014601	2005-11-13	1	0
146061	1014501	2005-11-13	1	0
146067	1011201	2005-11-14	1	0
146071	1011101	2005-11-14	1	0
146074	1010802	2005-11-14	1	0
146077	1011601	2005-11-15	1	15
146078	1012101	2005-11-15	1	0
146079	1012102	2005-11-15	1	0
146096	1010802	2005-12-15	1	0
146101	1011201	2005-12-15	1	1
146105	1011101	2005-12-15	1	0
146108	1012501	2005-12-15	1	0
146109	1014201	2005-12-15	1	0
146113	1014401	2005-12-17	1	0
146114	1014402	2005-12-17	1	0
146115	1011404	2005-12-17	1	0
146117	1010301	2005-12-17	1	0
146122	1010515	2005-12-18	1	10
146125	1021904	2005-12-18	1	825
146127	1010519	2005-12-18	1	0
146134	1011502	2005-12-19	1	0
146135	1011503	2005-12-19	1	0
146136	1010518	2005-12-19	1	80
146137	1014601	2005-12-19	1	205
146138	1014501	2005-12-19	1	10
146139	1012102	2005-12-19	1	0
146140	1012101	2005-12-19	1	0
146141	1011601	2005-12-19	1	55
146144	1011404	2006-01-13	1	0
146146	1010301	2006-01-13	1	0
146160	1010802	2006-01-14	1	0
146162	1011201	2006-01-14	1	0
146165	1011101	2006-01-14	1	35
146167	1012501	2006-01-14	1	0
146169	1014201	2006-01-14	1	0
146178	1010519	2006-01-15	1	0
146184	1010515	2006-01-15	1	55
146188	1011502	2006-01-15	1	134
146189	1011503	2006-01-15	1	0
146190	1010518	2006-01-15	1	210
146191	1014601	2006-01-15	1	830
146192	1014501	2006-01-15	1	0
146310	1033303	2005-11-13	1	0
146311	1033303	2005-12-18	1	0
146312	1033303	2006-01-14	1	0
146313	1033303	2006-02-19	1	0
146377	1031704	2005-12-15	1	270
146448	1020706	2005-11-12	1	0
146449	1020703	2005-11-12	1	0
146451	1020202	2005-11-12	1	450
146456	1020107	2005-11-12	1	6
146457	1020105	2005-11-12	1	240
146462	1020703	2005-12-17	1	0
146465	1020706	2005-12-17	1	70
146469	1020202	2005-12-17	1	120
146470	1020704	2005-12-17	1	0
146471	1033003	2005-12-17	1	0
146474	1020701	2005-12-18	1	0
146478	1020703	2006-01-14	1	0
146479	1020706	2006-01-14	1	0
146481	1033003	2006-01-14	1	0
146484	1020202	2006-01-14	1	800
146491	1020704	2006-01-14	1	0
146508	1020704	2005-11-12	1	0
146555	1014402	2006-01-16	1	108
146556	1014401	2006-01-16	1	35
146557	1011601	2006-01-16	1	365
146559	1012101	2006-01-16	1	0
146560	1012102	2006-01-16	1	20
146561	1013003	2006-01-16	1	0
146563	1011404	2006-02-16	1	0
146565	1010301	2006-02-16	1	0
146568	1014401	2006-02-16	1	0
146569	1014402	2006-02-16	1	0
146571	1012102	2006-02-17	1	0
146572	1012101	2006-02-17	1	0
146573	1011601	2006-02-17	1	50
146579	1011201	2006-02-18	1	2
146583	1011101	2006-02-18	1	0
146585	1010802	2006-02-18	1	0
146587	1012501	2006-02-18	1	2
146589	1014201	2006-02-18	1	0
146620	1013003	2006-02-19	1	0
146624	1010519	2006-02-19	1	0
146630	1010515	2006-02-19	1	32
146840	3152404	2004-12-18	1	0
146843	3153312	2004-12-18	1	0
146845	3153334	2004-12-18	1	0
146848	3153314	2004-12-18	1	0
146849	3152401	2004-12-18	1	0
146861	3153316	2004-12-18	1	0
146862	3152702	2004-12-18	1	4
146875	3152401	2004-11-13	1	0
146876	3153314	2004-11-13	1	0
146878	3153334	2004-11-13	1	0
146881	3153312	2004-11-13	1	0
146884	3152404	2004-11-13	1	0
146887	3153316	2004-11-13	1	0
146888	3152702	2004-11-13	1	0
147002	3153308	2004-12-18	1	0
147004	3153308	2004-11-13	1	0
147046	3153308	2005-01-15	1	0
147055	3152702	2005-01-15	1	7
147056	3153316	2005-01-15	1	0
147059	3152404	2005-01-15	1	0
147062	3153312	2005-01-15	1	0
147064	3153334	2005-01-15	1	115
147067	3153314	2005-01-15	1	0
147068	3152401	2005-01-15	1	0
147160	3153314	2005-02-12	1	0
147166	3153334	2005-02-12	1	0
147167	3153312	2005-02-12	1	0
147169	3152401	2005-02-12	1	0
147171	3152404	2005-02-12	1	5
147189	3152702	2005-02-13	1	0
147190	3153316	2005-02-13	1	82
147593	1020706	2003-11-15	1	80
147594	1020704	2003-11-16	1	0
147597	1020202	2003-11-16	1	0
147598	1020107	2003-11-16	1	0
147599	1020105	2003-11-16	1	20
147600	1020104	2003-11-16	1	0
147601	1020302	2003-11-16	1	0
147605	1021903	2003-11-15	1	217
147608	1020701	2003-12-13	1	60
147611	1020706	2003-12-13	1	27
147612	1020704	2003-12-15	1	0
147615	1020703	2003-12-14	1	85
147640	1020202	2003-12-14	1	150
147641	1020107	2003-12-14	1	0
147642	1020105	2003-12-14	1	24
147643	1020104	2003-12-13	1	0
147644	1020302	2003-12-13	1	0
147646	1021903	2003-12-13	1	21
147651	1020701	2004-01-17	1	0
147654	1020704	2004-01-18	1	0
147655	1020706	2004-01-18	1	85
147656	1020202	2004-01-17	1	205
147659	1020107	2004-01-17	1	0
147660	1020105	2004-01-17	1	10
147661	1020104	2004-01-17	1	0
147662	1020302	2004-01-17	1	0
147665	1021903	2004-01-18	1	0
147675	1020704	2004-02-15	1	0
147676	1020706	2004-02-15	1	0
147677	1020202	2004-02-14	1	0
147680	1020107	2004-02-14	1	0
147681	1020105	2004-02-14	1	0
147682	1020104	2004-02-14	1	0
147683	1020302	2004-02-14	1	0
147687	1021904	2004-02-14	1	0
147813	3153308	2005-02-13	1	0
147948	2051201	2004-11-13	1	0
147951	2051201	2004-12-18	1	0
147956	2051201	2005-01-15	1	0
147960	2051201	2005-02-11	1	6
148061	1011404	2004-12-18	1	0
148064	1010301	2004-12-18	1	0
148069	1014401	2004-12-18	1	0
148070	1014402	2004-12-18	1	0
148085	1010519	2004-12-19	1	0
148089	1021904	2004-12-19	1	60
148095	1013003	2004-12-19	1	0
148102	1010802	2004-12-20	1	0
148105	1011201	2004-12-20	1	0
148110	1011101	2004-12-20	1	8
148112	1012501	2004-12-20	1	0
148118	1010515	2004-12-12	1	1160
148124	1011601	2004-12-21	1	41
148126	1012101	2004-12-21	1	35
148127	1012102	2004-12-21	1	0
148128	1011404	2005-01-13	1	0
148131	1010301	2005-01-13	1	0
148142	1014401	2005-01-13	1	0
148143	1014402	2005-01-13	1	0
148145	1012501	2005-01-13	1	0
148147	1014201	2005-01-13	1	0
148164	1010802	2005-01-14	1	0
148166	1011201	2005-01-14	1	0
148180	1011101	2005-01-14	1	0
148202	1030701	2004-11-13	1	2275
148209	1033111	2004-11-15	1	0
148213	1033706	2004-11-11	0	36
148219	1033114	2004-11-15	1	55
148230	1030309	2004-11-14	1	0
148234	1013003	2005-01-15	1	0
148243	1030803	2004-11-13	1	0
148249	1010519	2005-01-16	1	0
148256	1011502	2005-01-17	1	0
148268	1031704	2004-11-15	1	0
148272	1011601	2005-01-17	1	1065
148274	1012101	2005-01-17	1	0
148275	1012102	2005-01-17	1	0
148277	1011503	2005-01-17	1	170
148278	1014601	2005-01-17	1	11
148279	1014501	2005-01-17	1	0
148286	1010515	2005-01-23	1	330
148289	1030701	2004-12-18	1	2590
148298	1014401	2005-02-10	1	0
148300	1014402	2005-02-10	1	0
148302	1011404	2005-02-10	1	0
148307	1010301	2005-02-10	1	0
148309	1033111	2004-12-19	1	0
148313	1033706	2004-12-20	0	194
148315	1011601	2005-02-12	1	1300
148318	1012101	2005-02-12	1	0
148319	1012102	2005-02-12	1	0
148323	1033114	2004-12-19	1	23
148332	1014501	2005-02-13	1	0
148336	1030309	2004-12-19	1	0
148343	1014601	2005-02-13	1	0
148344	1030803	2004-12-18	1	0
148345	1011502	2005-02-13	1	155
148346	1011503	2005-02-13	1	1
148351	1010518	2005-02-13	1	5
148354	1010519	2005-02-13	1	0
148375	1031704	2004-12-17	1	0
148391	1030701	2005-01-16	1	1240
148398	1033111	2005-01-16	1	270
148401	1033706	2005-01-18	0	16
148407	1033114	2005-01-16	1	11
148421	1030309	2005-01-16	1	0
148428	1030803	2005-01-15	1	10
148444	1031704	2005-01-16	1	0
148457	1030701	2005-02-23	1	470
148465	1033111	2005-02-13	1	0
148468	1033706	2005-02-17	0	45
148474	1033114	2005-02-13	1	0
148495	1011201	2005-02-16	1	0
148496	1030309	2005-02-13	1	2005
148506	1030803	2005-02-13	1	0
148508	1011101	2005-02-16	1	0
148520	1012501	2005-02-16	1	0
148521	1031704	2005-02-12	1	0
148523	1014201	2005-02-16	1	0
148525	1010802	2005-02-16	1	0
148551	1010515	2005-02-17	1	0
148647	1030204	2003-11-15	1	160
148670	1030204	2003-12-14	1	565
148704	1030210	2004-01-18	1	0
148705	1030204	2004-01-18	1	850
148710	1030204	2004-02-14	1	45
148810	1030309	2003-11-16	1	0
148816	1030803	2003-11-14	1	0
148819	1030309	2003-12-14	1	0
148832	1030309	2004-01-18	1	650
148833	1030204	2004-11-14	1	960
148836	1033303	2004-11-14	1	0
148849	1030309	2004-02-15	1	650
149021	1011404	2004-11-11	1	0
149026	1010301	2004-11-11	1	0
149048	1011201	2004-11-12	1	0
149054	1011101	2004-11-12	1	0
149055	1012501	2004-11-12	1	0
149059	1014201	2004-11-12	1	0
149068	1010802	2004-11-12	1	0
149072	1010903	2003-12-14	0	0
149091	1014401	2004-11-13	1	0
149092	1014402	2004-11-13	1	0
149097	1010519	2004-11-14	1	0
149106	1010515	2004-11-14	1	640
149112	1011502	2004-11-14	1	0
149113	1011503	2004-11-14	1	0
149114	1014601	2004-11-14	1	0
149115	1014501	2004-11-14	1	0
149116	1013003	2004-11-15	1	340
149118	1012101	2004-11-15	1	0
149119	1012102	2004-11-15	1	0
149120	1011601	2004-11-15	1	4
149704	1030701	2003-11-16	1	829
149705	1030701	2003-12-14	1	388
149706	1030701	2004-01-18	1	802
149707	1030701	2004-02-15	1	200
149713	1031704	2003-11-16	1	0
149715	1031704	2003-12-14	1	0
149717	1031704	2004-01-18	1	0
149719	1031704	2004-02-15	1	0
149723	1033706	2003-11-15	0	0
149736	1033114	2003-11-15	1	0
149743	1033111	2003-11-15	1	0
149774	1033706	2003-12-12	0	0
149787	1033114	2003-12-12	1	57
149794	1033111	2003-12-12	1	0
149800	1033706	2004-01-17	1	0
149813	1033114	2004-01-18	1	0
149822	1033111	2004-01-18	1	0
149826	1033706	2004-02-14	0	0
149839	1033114	2004-02-15	1	0
149846	1033111	2004-02-15	1	0
150971	1010515	2003-11-09	1	0
150974	1010301	2003-11-14	1	0
150977	1011404	2003-11-14	1	0
150987	1010802	2003-11-15	1	0
150992	1011101	2003-11-15	1	0
150997	1011201	2003-11-15	1	0
151047	2053701	2006-11-18	1	0
151113	1030803	2006-11-18	1	850
151181	1020105	2006-11-18	1	250
151231	1031704	2006-11-19	1	25
151235	2051201	2006-11-19	1	0
151262	1033706	2006-11-21	1	0
151268	1035202	2006-11-21	1	0
151279	1030309	2006-11-19	1	450
151284	3152401	2006-11-18	1	0
151286	3152404	2006-11-18	1	0
151288	3152406	2006-11-18	1	13
151291	1030701	2006-11-19	1	954
151299	1033111	2006-11-19	1	0
151302	1033114	2006-11-19	1	0
151316	3153312	2006-11-18	1	0
151318	3153314	2006-11-18	1	0
151326	3153334	2006-11-18	1	0
151369	1014401	2006-11-16	1	0
151370	1014402	2006-11-16	1	0
151374	1010802	2006-11-17	1	0
151378	1011101	2006-11-17	1	0
151379	1012501	2006-11-17	1	0
151381	1014201	2006-11-17	1	81
151386	1011201	2006-11-17	1	0
151397	1010515	2006-11-19	1	675
151415	3152702	2006-11-19	1	0
151416	3153316	2006-11-19	1	0
151417	3153308	2006-11-19	1	0
151418	1010519	2006-11-19	1	0
151423	1011502	2006-11-19	1	0
151424	1011503	2006-11-19	1	0
151425	1014601	2006-11-19	1	0
151426	1014501	2006-11-19	1	0
151427	1011601	2006-11-19	1	110
151428	1012101	2006-11-19	1	0
151429	1012102	2006-11-19	1	0
151468	1030204	2006-11-19	1	190
151590	1013003	2003-11-16	1	265
151592	1010519	2003-11-16	1	0
151595	1021904	2003-11-16	1	38
151602	1010518	2003-11-16	1	0
151603	1011502	2003-11-16	1	15
151604	1011503	2003-11-16	1	15
151605	1014601	2003-11-16	1	0
151606	1014501	2003-11-16	1	0
151609	1014401	2003-11-17	1	0
151610	1014402	2003-11-17	1	0
151612	1011601	2003-11-17	1	10
151614	1012101	2003-11-17	1	0
151615	1012102	2003-11-17	1	0
151622	1010802	2003-12-12	1	0
151624	1011201	2003-12-12	1	0
151628	1011101	2003-12-12	1	0
151630	1012501	2003-12-12	1	0
151635	1011404	2003-12-13	1	0
151638	1010301	2003-12-13	1	0
151641	1013003	2003-12-14	1	0
151648	1010519	2003-12-14	1	0
151650	1021904	2003-12-14	1	17
151657	1011502	2003-12-14	1	0
151658	1011503	2003-12-14	1	0
151659	1014601	2003-12-14	1	0
151660	1014501	2003-12-14	1	0
151666	1014401	2003-12-15	1	0
151667	1014402	2003-12-15	1	0
151669	1011601	2003-12-15	1	33
151670	1012101	2003-12-15	1	0
151671	1012102	2003-12-15	1	0
151672	1010515	2003-12-07	1	165
151677	1012102	2004-01-15	1	0
151678	1012101	2004-01-15	1	0
151679	1011601	2004-01-15	1	0
151681	1013003	2004-01-15	1	0
151683	1014401	2004-01-15	1	0
151684	1014402	2004-01-15	1	0
151690	1010519	2004-01-16	1	0
151694	1021904	2004-01-16	1	0
151700	1011502	2004-01-16	1	0
151701	1011503	2004-01-16	1	0
151708	1010802	2004-01-17	1	0
151712	1011201	2004-01-17	1	0
151716	1011101	2004-01-17	1	65
151719	1012501	2004-01-17	1	0
151720	1014201	2004-01-17	1	0
151724	1010515	2004-01-18	1	1386
151727	1010301	2004-01-18	1	0
151730	1011404	2004-01-18	1	0
151732	1014601	2004-01-19	1	0
151733	1014501	2004-01-19	1	0
151737	1010301	2004-02-12	1	0
151739	1011404	2004-02-12	1	0
151748	1010802	2004-02-13	1	0
151752	1011201	2004-02-13	1	0
151755	1011101	2004-02-13	1	0
151758	1012501	2004-02-15	1	0
151760	1014201	2004-02-15	1	0
151763	1014401	2004-02-15	1	0
151764	1014402	2004-02-15	1	0
151779	1033303	2006-11-19	1	0
151790	2053701	2006-12-16	1	0
151829	1020107	2006-12-17	1	0
151877	2051201	2006-12-16	1	0
151922	1020105	2006-12-16	1	0
151927	3153314	2006-12-16	1	5
151928	3152406	2006-12-16	1	0
151930	1031704	2006-12-17	1	0
151970	1030803	2006-12-16	1	0
151992	1030309	2006-12-16	1	1039
152058	1030204	2006-12-17	1	0
152065	1033111	2006-12-16	1	0
152068	1033114	2006-12-16	1	0
152072	1033706	2006-12-20	1	0
152077	1035202	2006-12-20	1	0
152080	1030701	2006-12-17	1	33
152085	3153334	2006-12-16	1	0
152086	3153312	2006-12-16	1	0
152087	3152401	2006-12-16	1	0
152090	3152404	2006-12-16	1	0
152133	3152702	2006-12-17	1	0
152136	3153308	2006-12-17	1	0
152137	3153316	2006-12-17	1	0
152186	1020104	2006-12-16	1	0
152187	1020302	2006-12-16	1	0
152231	1020105	2004-11-13	1	0
152232	1020104	2004-11-13	1	0
152233	1020302	2004-11-13	1	0
152237	1020202	2004-11-13	1	0
152240	1020703	2004-11-13	1	0
152241	1020706	2004-11-13	1	0
152242	1020704	2004-11-13	1	0
152243	1020105	2004-12-19	1	0
152244	1020104	2004-12-19	1	0
152245	1020302	2004-12-19	1	0
152251	1020202	2004-12-19	1	350
152252	1020703	2004-12-19	1	5
152253	1020706	2004-12-19	1	0
152254	1020704	2004-12-19	1	0
152255	1020105	2005-01-15	1	0
152257	1020302	2005-01-15	1	0
152258	1020104	2005-01-15	1	12
152260	1020107	2005-01-15	1	0
152264	1020202	2005-01-15	1	430
152267	1033003	2005-01-15	1	0
152268	1020703	2005-01-15	1	4
152269	1020706	2005-01-15	1	0
152270	1020704	2005-01-15	1	0
152271	1020706	2005-02-12	1	0
152272	1020703	2005-02-12	1	2
152274	1020107	2005-02-12	1	0
152275	1020105	2005-02-12	1	0
152276	1020104	2005-02-12	1	0
152278	1020302	2005-02-12	1	0
152281	1020202	2005-02-12	1	0
152283	1033003	2005-02-12	1	0
152284	1020704	2005-02-12	1	0
152338	1033303	2006-12-17	1	0
152383	1010802	2006-12-17	1	0
152405	2053701	2007-01-13	1	0
152410	1020104	2007-01-13	1	0
152411	1020302	2007-01-13	1	0
152445	1030803	2007-01-13	1	0
152533	1020105	2005-12-18	1	0
152543	1020105	2006-01-14	1	20
152567	2051201	2007-01-13	1	0
152611	1031704	2007-01-13	1	0
152612	1020105	2007-01-13	1	0
152644	1033114	2007-01-14	1	0
152653	1033111	2007-01-14	1	0
152665	1020107	2007-01-14	1	0
152677	1033706	2007-01-15	1	0
152682	1035202	2007-01-15	1	0
152723	3153308	2007-01-14	1	0
152725	3152702	2007-01-14	1	0
152726	3153316	2007-01-14	1	0
152786	1030309	2007-01-14	1	900
152826	1033303	2007-01-13	1	0
152839	1030701	2007-01-14	1	102
152870	3152404	2007-01-13	1	0
152872	3153312	2007-01-13	1	0
152873	3153334	2007-01-13	1	0
152879	3152406	2007-01-13	1	0
152891	3153314	2007-01-13	1	19
152892	3152401	2007-01-13	1	0
152906	1011201	2006-12-17	1	0
152910	1011101	2006-12-17	1	560
152911	1012501	2006-12-17	1	85
152913	1014201	2006-12-17	1	0
152916	1011601	2006-12-14	1	1150
152917	1012102	2006-12-14	1	0
152918	1012101	2006-12-14	1	0
152921	1011404	2006-12-14	1	0
152923	1010301	2006-12-14	1	0
152928	1014401	2006-12-14	1	0
152929	1014402	2006-12-14	1	0
152932	1013003	2006-12-17	1	0
152936	1010515	2006-12-18	1	205
152940	1010519	2006-12-20	1	0
152945	1011502	2006-12-20	1	0
152946	1011503	2006-12-20	1	2
152947	1010518	2006-12-20	1	15
152949	1010907	2006-12-20	0	0
152950	1014601	2006-12-20	1	270
153015	1030204	2007-01-14	1	0
153016	1011601	2007-01-12	1	30
153018	1012101	2007-01-12	1	0
153019	1012102	2007-01-12	1	0
153021	1011404	2007-01-13	1	0
153023	1010301	2007-01-13	1	0
153029	1014401	2007-01-13	1	0
153030	1014402	2007-01-13	1	0
153036	1011201	2007-01-14	1	0
153039	1011101	2007-01-14	1	0
153041	1012501	2007-01-14	1	0
153042	1014201	2007-01-14	1	0
153049	1010802	2007-01-14	1	0
153056	1010519	2007-01-15	1	0
153062	1011503	2007-01-15	1	0
153063	1011502	2007-01-15	1	5
153064	1010518	2007-01-15	1	0
153065	1014601	2007-01-15	1	415
153066	1014501	2007-01-15	1	0
153069	1013003	2007-01-15	1	0
153074	1010903	2007-01-16	1	0
153075	1010904	2007-01-16	1	15
153076	1010906	2007-01-16	1	25
153078	1010515	2007-01-21	1	0
153081	1033303	2003-11-16	1	0
153082	1033303	2003-12-14	1	0
153089	1010519	2004-02-16	1	0
153098	1010515	2004-02-22	1	0
153102	1011502	2004-02-16	1	0
153103	1011503	2004-02-16	1	0
153105	1014601	2004-02-16	1	0
153106	1014501	2004-02-16	1	0
153107	1011601	2004-02-16	1	0
153108	1012101	2004-02-16	1	0
153109	1012102	2004-02-16	1	0
153168	1033003	2003-11-16	1	0
153171	1033003	2003-12-14	1	0
153178	1033003	2004-02-15	1	0
153488	1011601	2007-02-15	1	270
153489	1012101	2007-02-15	1	0
153490	1012102	2007-02-15	1	0
153521	2051201	2007-02-17	1	7
153562	1030803	2007-02-17	1	0
153613	1020104	2007-02-17	1	20
153614	1020302	2007-02-17	1	0
153651	2053701	2007-02-17	1	0
153654	1031704	2007-02-18	1	30
153681	1020105	2007-02-17	1	0
153687	1030204	2007-02-18	1	0
153697	1033114	2007-02-18	1	0
153704	1033111	2007-02-17	1	0
153709	1033303	2007-02-17	1	0
153715	1020107	2007-02-18	1	0
153718	1033706	2007-02-19	1	16
153724	1035202	2007-02-19	1	0
153726	1030701	2007-02-18	1	65
153732	1030309	2007-02-18	1	1555
153779	1010802	2007-02-17	1	0
153780	1011201	2007-02-17	1	0
153785	1011101	2007-02-17	1	0
153786	1012501	2007-02-17	1	0
153788	1014201	2007-02-17	1	0
153819	3152702	2007-02-18	1	0
153820	3153308	2007-02-18	1	0
153822	3153316	2007-02-18	1	0
154139	3153308	2003-11-15	1	0
154148	3153308	2003-12-13	1	0
154154	3153308	2004-01-17	1	0
154163	3153308	2004-02-14	1	0
154226	1020302	2006-11-18	1	0
154227	1020104	2006-11-18	1	671
154228	1020107	2006-11-18	1	0
154229	1020706	2006-11-18	1	22
154230	1020703	2006-11-18	1	0
154235	1020202	2006-11-18	1	0
154236	1033003	2006-11-18	1	0
154238	1020704	2006-11-18	1	0
154242	1020703	2006-12-16	1	0
154243	1020706	2006-12-16	1	230
154244	1020704	2006-12-16	1	180
154249	1020202	2006-12-16	1	0
154250	1033003	2006-12-16	1	0
154256	1020703	2007-01-13	1	0
154260	1020202	2007-01-14	1	44
154261	1033003	2007-01-14	1	0
154264	1020706	2007-01-15	1	0
154265	1020704	2007-01-15	1	0
154268	1020706	2007-02-17	1	0
154269	1020703	2007-02-17	1	0
154270	1020704	2007-02-17	1	0
154276	1020202	2007-02-17	1	0
154277	1033003	2007-02-17	1	0
154284	1021904	2006-11-19	1	600
154297	1021904	2005-02-13	1	0
154303	1021902	2005-01-16	1	45
154304	1021904	2005-01-16	1	269
154483	1021902	2007-01-14	1	0
154484	1021904	2007-01-14	1	0
154512	1021902	2003-01-17	1	0
154513	1021904	2003-01-17	1	0
154626	3152404	2007-02-17	1	0
154628	3153312	2007-02-17	1	0
154629	3152401	2007-02-17	1	0
154631	3153314	2007-02-17	1	0
154635	1020701	2006-01-14	1	0
154639	3153334	2007-02-17	1	0
154642	3152406	2007-02-17	1	4
154644	1020701	2006-02-18	1	0
154665	1020701	2006-11-18	1	0
154668	1020701	2007-01-13	1	0
154673	1020701	2007-02-17	1	0
154680	1014401	2007-02-15	1	0
154681	1014402	2007-02-15	1	0
154684	1011404	2007-02-16	1	0
154686	1010301	2007-02-16	1	0
154692	1010519	2007-02-18	1	0
154700	1011502	2007-02-18	1	0
154701	1010518	2007-02-18	1	0
154702	1010515	2007-02-18	1	0
154703	1011503	2007-02-18	1	0
154704	1014601	2007-02-18	1	65
154705	1014501	2007-02-18	1	435
154710	1010903	2007-02-19	1	1195
154711	1010904	2007-02-19	1	0
154712	1010906	2007-02-19	1	5
155000	1021902	2007-02-17	1	0
155001	1021904	2007-02-17	1	0
155002	1021904	2006-12-16	1	7
155003	1021902	2006-12-16	1	0
155009	1021904	2006-02-19	1	0
155010	1021902	2006-02-19	1	0
155024	1021903	2004-11-13	1	0
155025	1021904	2004-11-13	1	450
155027	1021903	2004-12-18	1	80
155170	1020701	2006-12-14	1	0
155185	1020701	2004-11-13	1	0
155214	1020701	2004-12-18	1	0
155221	1020701	2005-02-12	1	0
155250	1020701	2005-11-12	1	0
155486	1011404	2006-11-20	1	0
155488	1010301	2006-11-20	1	0
155492	1013003	2006-11-20	1	0
155495	1014501	2006-12-20	1	0
155910	1020104	2003-01-19	1	0
155919	1021903	2002-11-16	1	5
155921	1020107	2002-11-16	1	0
155924	1021903	2002-12-14	1	0
155925	1033003	2002-12-15	1	0
155929	1021903	2003-01-18	1	0
155931	1033003	2003-01-19	1	0
155933	1021903	2003-02-15	1	0
155934	1033003	2003-02-14	1	0
155936	1020107	2003-02-15	1	0
156108	1030204	2004-12-12	1	0
156112	1030204	2005-01-23	1	0
156116	1030204	2005-02-20	1	0
156128	3153316	2005-11-13	1	0
156129	3152702	2005-11-13	1	0
156130	3153308	2005-11-13	1	0
156131	3153308	2005-12-18	1	0
156133	3153316	2005-12-18	1	0
156134	3152702	2005-12-18	1	0
156136	3153316	2006-01-14	1	0
156137	3152702	2006-01-14	1	0
156138	3153308	2006-01-14	1	0
156139	3153308	2006-02-18	1	0
156141	3152702	2006-02-18	1	0
156142	3153316	2006-02-18	1	0
156610	1013003	2005-12-18	1	0
156622	1013003	2007-02-15	1	0
156633	1014201	2004-12-20	1	0
156639	1014201	2003-12-12	1	0
156661	1033303	2004-12-19	1	0
156677	1033303	2005-01-15	1	0
156688	1033303	2005-02-12	1	0
156870	1031704	1999-11-14	1	0
156881	1033303	1999-12-19	1	0
156887	1033303	2000-01-16	1	226
156890	1030803	2000-01-15	1	0
156891	1031704	2000-01-17	1	0
156894	1033303	2000-02-13	0	0
156895	1031704	2000-02-11	1	0
156904	1030803	2000-11-11	0	0
156905	1030803	2000-12-17	0	0
156906	1030803	2001-01-13	1	0
156907	1030803	2001-02-17	0	0
158303	1020105	2007-11-17	1	0
158343	1030803	2007-11-17	1	0
158356	1030210	2007-11-17	1	0
158358	1030204	2007-11-17	1	28
158361	2053701	2007-11-17	1	0
158373	1020104	2007-11-17	1	49
158413	2051201	2007-11-17	1	0
158454	1021902	2007-11-18	1	211
158457	1021904	2007-11-18	1	0
158472	1031704	2007-11-18	1	0
158547	1033303	2007-11-18	1	0
158609	1033706	2007-11-19	1	0
158615	1035202	2007-11-19	1	87
158666	1033114	2007-11-18	0	0
158673	1033111	2007-11-18	1	8
158679	1030701	2007-11-18	1	1803
158790	1030309	2007-11-18	1	40
158806	3153308	2007-11-20	1	0
158807	3153316	2007-11-20	1	0
158808	3152702	2007-11-25	1	0
158823	1014401	2007-11-15	1	140
158824	1014402	2007-11-15	1	445
158826	1013003	2007-11-15	1	0
158827	1011601	2007-11-15	1	90
158828	1012101	2007-11-15	1	65
158829	1012102	2007-11-15	1	0
158835	1010802	2007-11-16	1	0
158837	1011201	2007-11-16	1	0
158840	1011101	2007-11-16	1	0
158842	1012501	2007-11-16	1	0
158844	1014201	2007-11-16	1	0
158868	1010519	2007-11-17	1	0
158878	1011503	2007-11-17	1	0
158879	1011502	2007-11-17	1	0
158880	1010518	2007-11-17	1	0
158881	1014601	2007-11-17	1	120
158882	1014501	2007-11-17	1	0
158896	1010903	2007-11-19	1	9
158897	1010904	2007-11-19	1	365
158899	1010906	2007-11-19	0	70
158900	1010515	2007-11-25	1	18
158902	1011404	2007-11-18	1	0
158904	1010301	2007-11-18	1	0
158950	1030210	2007-12-14	1	0
158951	1030204	2007-12-14	1	3
158973	1020105	2007-12-15	1	0
158975	1020302	2007-12-15	1	0
158976	1020104	2007-12-15	1	30
158991	2051201	2007-12-15	1	0
159000	1030803	2007-12-15	1	0
159034	2053701	2007-12-15	1	0
159089	1020701	2007-12-16	1	45
159093	1020706	2007-12-15	1	0
159095	1020703	2007-12-15	1	24
159097	1020704	2007-12-15	1	0
159100	1021902	2007-12-15	1	58
159106	1021904	2007-12-15	1	40
159108	1020202	2007-12-15	1	23
159110	1033003	2007-12-15	1	0
159116	1031704	2007-12-15	1	0
159175	1020107	2007-11-16	1	0
159176	1020107	2007-12-16	1	0
159239	1033303	2007-12-16	1	10
159240	1030309	2007-12-16	1	41
159247	1033706	2007-12-18	1	2
159255	1035202	2007-12-18	1	44
159358	1033114	2007-12-23	0	0
159365	1033111	2007-12-23	1	2
159370	1030701	2007-12-16	1	1030
159386	3152702	2007-12-16	1	0
159387	3153308	2007-12-15	1	8
159388	3153316	2007-12-15	1	2
159431	3152401	2007-11-17	1	0
159433	3152404	2007-11-17	1	0
159434	3152406	2007-11-17	1	1
159438	3153312	2007-11-17	1	0
159440	3153314	2007-11-17	1	0
159441	3153334	2007-11-17	1	1
159448	1010802	2007-12-14	1	0
159450	1011201	2007-12-14	1	0
159461	1011101	2007-12-14	1	105
159468	1014201	2007-12-14	1	0
159469	1012501	2007-12-14	1	0
159476	1013003	2007-12-13	1	65
159477	1011601	2007-12-13	1	505
159478	1012101	2007-12-13	1	25
159479	1012102	2007-12-13	1	0
159482	1011404	2007-12-15	1	0
159485	1010301	2007-12-15	1	0
159488	1014401	2007-12-15	1	1
159489	1014402	2007-12-15	1	411
159493	1010519	2007-12-16	1	0
159498	1010518	2007-12-16	1	35
159499	1011502	2007-12-16	1	0
159500	1011503	2007-12-16	1	0
159504	1014601	2007-12-16	1	45
159505	1014501	2007-12-16	0	0
159513	1010904	2007-12-17	1	15
159514	1010903	2007-12-17	1	0
159515	1010515	2007-12-24	1	0
159532	3152401	2007-12-15	1	0
159537	3152406	2007-12-15	1	150
159541	3153312	2007-12-15	1	0
159543	3153314	2007-12-15	1	0
159544	3153334	2007-12-15	1	36
159602	1020104	2008-01-12	1	0
159603	1020302	2008-01-12	1	0
159678	1030803	2008-01-12	1	0
159681	3152404	2007-12-15	1	0
159688	2053701	2008-01-12	1	0
159727	1030210	2008-01-13	1	0
159728	1030204	2008-01-13	1	0
159731	3152401	2008-01-12	1	0
159735	3152404	2008-01-12	1	0
159738	3152406	2008-01-12	1	8
159743	3153312	2008-01-12	1	0
159746	3153314	2008-01-12	1	0
159748	3153334	2008-01-12	1	0
159780	1021902	2008-01-13	1	0
159786	1021904	2008-01-13	1	0
160012	1033706	2008-01-15	1	0
160015	1035202	2008-01-15	1	0
160019	1031704	2008-01-12	1	0
160025	1030309	2008-01-13	1	2120
160028	1033303	2008-01-13	1	0
160113	1033114	2008-01-12	0	0
160120	1033111	2008-01-12	1	0
160141	1014401	2008-01-10	1	0
160142	1014402	2008-01-10	1	0
160145	1011601	2008-01-10	1	0
160147	1012101	2008-01-10	1	0
160148	1012102	2008-01-10	1	0
160150	1011404	2008-01-11	1	0
160152	1010301	2008-01-11	1	0
160157	1012501	2008-01-12	1	0
160159	1014201	2008-01-12	1	0
160163	1011101	2008-01-12	1	0
160166	1010802	2008-01-13	1	0
160168	1011201	2008-01-13	1	0
160176	1010515	2008-01-13	1	6
160214	1030701	2008-01-13	1	26
160327	1020105	2008-01-12	1	0
160347	3153316	2008-01-13	1	0
160348	3152702	2008-01-13	1	0
160350	3153308	2008-01-13	1	0
160400	1020104	2008-02-16	1	0
160402	1020302	2008-02-16	1	0
160413	1030803	2008-02-16	1	0
160419	1021902	2008-02-16	1	0
160420	1021904	2008-02-16	1	120
160421	2053701	2008-02-16	1	0
160422	1020107	2008-01-12	1	0
160423	1020107	2008-02-16	1	0
160425	1020105	2008-02-16	1	0
160452	1030210	2008-02-17	1	0
160454	1030204	2008-02-17	1	0
160538	1031704	2008-02-17	1	0
160570	1033114	2008-02-17	1	40
160579	1033111	2008-02-17	1	1
160608	1033303	2008-02-17	1	0
160611	1033706	2008-02-18	1	23
160616	1035202	2008-02-18	1	66
160625	1030701	2008-02-17	1	338
160720	3152401	2008-02-17	1	0
160722	3152404	2008-02-17	1	0
160723	3152406	2008-02-17	1	19
160728	3153312	2008-02-17	1	0
160730	3153314	2008-02-17	1	486
160731	3153334	2008-02-17	1	0
160852	3152702	2008-02-16	1	0
160853	3153308	2008-02-16	1	0
160854	3153316	2008-02-16	1	0
160858	1030309	2008-02-17	1	22
161073	1020704	2008-01-12	1	0
161074	1020706	2008-01-12	1	0
161075	1020703	2008-01-12	1	0
161079	1020202	2008-01-12	1	5
161081	1033003	2008-01-12	1	0
161087	1020706	2008-02-16	1	0
161088	1020703	2008-02-16	1	0
161089	1020704	2008-02-16	1	0
161093	1020202	2008-02-16	1	28
161095	1033003	2008-02-16	1	0
161258	1011601	2008-02-14	1	4
161260	1012101	2008-02-14	1	13
161261	1012102	2008-02-14	1	0
161263	1011404	2008-02-15	1	0
161265	1010301	2008-02-15	1	0
161546	1014401	2008-02-15	1	0
161547	1014402	2008-02-15	1	110
161552	1013003	2008-02-16	1	14
161558	1010802	2008-02-16	1	0
161569	1011201	2008-02-16	1	0
161572	1011101	2008-02-16	1	0
161575	1014201	2008-02-16	1	0
161577	1012501	2008-02-16	1	0
161579	1010515	2008-02-17	1	0
161585	1010519	2008-02-17	1	2
161591	1011502	2008-02-17	1	0
161592	1011503	2008-02-17	1	0
161593	1010518	2008-02-17	1	0
161595	1014601	2008-02-17	1	0
161596	1014501	2008-02-17	1	0
161604	1010903	2008-02-19	1	0
161605	1010904	2008-02-19	1	3
161674	1010519	2008-01-14	1	0
161679	1010518	2008-01-14	1	0
161680	1011502	2008-01-14	1	75
161681	1011503	2008-01-14	1	0
161682	1014601	2008-01-14	1	1
161683	1014501	2008-01-14	1	0
162752	1030210	2008-11-15	1	0
162757	1031704	2008-11-15	1	0
162761	1030204	2008-11-15	1	0
162789	1020104	2008-11-15	1	0
162792	1020302	2008-11-15	1	0
162804	1030803	2008-11-15	1	0
162819	2053701	2008-11-15	1	0
162846	3152401	2008-11-15	1	0
162848	3152404	2008-11-15	1	1
162850	3152406	2008-11-15	1	0
162859	3153312	2008-11-15	1	0
162861	3153314	2008-11-15	1	0
162862	3153334	2008-11-15	1	0
162939	1033114	2008-11-15	1	0
162946	1033111	2008-11-16	1	0
163007	1020105	2008-11-15	1	0
163061	1033706	2008-11-18	1	0
163066	1035202	2008-11-18	1	28
163068	1033303	2008-11-16	1	0
163073	1030701	2008-11-16	1	2590
163082	1030309	2008-11-16	1	132
163174	1011601	2008-11-13	1	505
163176	1013003	2008-11-13	1	0
163177	1012101	2008-11-13	1	0
163178	1012102	2008-11-13	1	15
163180	1011404	2008-11-13	1	3
163182	1010301	2008-11-13	1	0
163193	1011201	2008-11-14	1	0
163197	1011101	2008-11-14	1	30
163200	1010802	2008-11-14	1	0
163309	1012501	2008-11-15	1	0
163314	1014401	2008-11-15	1	0
163316	1014402	2008-11-15	1	0
163320	1010519	2008-11-16	1	0
163327	1011502	2008-11-16	1	0
163328	1011503	2008-11-16	1	0
163329	1014601	2008-11-16	1	0
163330	1014501	2008-11-16	1	0
163331	1010515	2008-11-16	1	140
163362	1021904	2008-11-15	1	0
163363	1021902	2008-11-15	1	0
163435	1020105	2008-12-13	1	0
163453	1030210	2008-12-13	1	0
163457	1030204	2008-12-13	1	0
163467	1031704	2008-12-13	1	0
163471	1020302	2008-12-13	1	0
163472	1020104	2008-12-13	1	18
163524	2053701	2008-12-13	1	0
163567	2051201	2008-12-14	1	35
163598	1030803	2008-12-13	1	1
163738	1030701	2008-12-14	1	1812
163755	1033706	2008-12-16	1	0
163760	1035202	2008-12-16	1	0
163763	1030309	2008-12-14	1	450
163806	3152404	2008-12-14	1	0
163808	3153314	2008-12-14	1	44
163809	3152406	2008-12-14	1	20
163810	3153334	2008-12-14	1	0
163812	3152401	2008-12-14	1	30
163814	3153312	2008-12-14	1	0
163823	1033114	2008-12-13	1	0
163830	1033111	2008-12-14	1	0
163842	1021904	2008-12-13	1	0
163843	1021902	2008-12-13	1	50
163883	1011201	2008-12-12	1	0
163886	1011101	2008-12-12	1	0
163891	1010515	2008-12-14	1	2
163897	1010519	2008-12-14	1	0
163901	1011502	2008-12-14	1	0
163902	1011503	2008-12-14	1	1085
163903	1014601	2008-12-14	1	0
163904	1014501	2008-12-14	1	0
163905	1012501	2008-12-15	1	0
163909	1010802	2008-12-15	1	0
163912	1011404	2008-12-15	1	0
163914	1010301	2008-12-15	1	0
163917	1011601	2008-12-17	1	2
163919	1012101	2008-12-17	1	0
163920	1012102	2008-12-17	1	0
163921	1014401	2008-12-17	1	0
163922	1014402	2008-12-17	1	0
164074	1020704	2008-11-15	1	0
164075	1020706	2008-11-15	1	0
164076	1020703	2008-11-15	1	0
164077	1020107	2008-11-15	1	0
164082	1020202	2008-11-15	1	170
164083	1033003	2008-11-15	1	0
164086	1020706	2008-12-13	1	0
164087	1020703	2008-12-13	1	0
164088	1020704	2008-12-13	1	0
164089	1020107	2008-12-13	1	0
164094	1020202	2008-12-13	1	105
164095	1033003	2008-12-13	1	0
164173	1030210	2009-01-16	1	0
164187	1020105	2009-01-17	1	0
164279	2053701	2009-01-17	1	0
164291	1031704	2009-01-17	1	0
164366	1030803	2009-01-17	1	0
164483	1030309	2009-01-18	1	0
164490	1033303	2009-01-18	1	0
164514	3152401	2009-01-18	1	0
164533	1033706	2009-01-20	1	0
164567	1020104	2009-01-17	1	0
164573	3152404	2009-01-18	1	0
164574	3152406	2009-01-18	1	0
164580	3153312	2009-01-18	1	0
164582	2051201	2009-01-17	1	0
164583	3153314	2009-01-18	1	0
164584	3153334	2009-01-18	1	0
164594	1033114	2009-01-17	1	0
164601	1033111	2009-01-17	1	0
164787	1014402	2009-01-15	1	0
164788	1014401	2009-01-15	1	0
164795	1030701	2009-01-18	0	47
164797	1010519	2009-01-18	1	0
164799	1011404	2009-01-15	1	0
164801	1010301	2009-01-15	1	0
164804	1011601	2009-01-16	1	0
164824	1011101	2009-01-17	1	0
164826	1014201	2009-01-17	1	0
164827	1012501	2009-01-17	1	0
164831	1011201	2009-01-17	1	0
164833	1010802	2009-01-17	1	0
164837	1013003	2009-01-17	1	0
164839	1021904	2009-01-18	1	5
164845	1010518	2009-01-18	1	0
164846	1011502	2009-01-18	1	0
164849	1011503	2009-01-18	1	4
164850	1014601	2009-01-18	1	0
164851	1014501	2009-01-18	1	0
164852	1012102	2009-01-18	1	0
164853	1012101	2009-01-18	1	0
164856	1010903	2009-01-19	1	0
164857	1010904	2009-01-19	1	0
164901	1031704	2009-02-14	1	0
164908	1030210	2009-02-14	1	1
164910	1030204	2009-02-14	1	0
164918	2053701	2009-02-14	1	0
164934	1020302	2009-02-14	1	0
164935	1020104	2009-02-14	1	0
165011	1030803	2009-02-14	1	0
165057	3152401	2009-02-15	1	0
165061	3152404	2009-02-15	1	0
165063	3152406	2009-02-15	1	0
165070	3153312	2009-02-15	1	0
165072	3153314	2009-02-15	1	0
165073	3153334	2009-02-15	1	0
165134	1033303	2009-02-15	1	0
165144	1033706	2009-02-16	1	0
165151	1035202	2009-02-16	1	0
165212	1021902	2009-01-18	1	0
165217	1021902	2009-02-14	1	0
165223	1021904	2009-02-14	1	0
165238	1030309	2009-02-15	1	0
165240	1030701	2009-02-15	1	36
165276	1010802	2009-02-14	1	0
165277	1011201	2009-02-14	1	0
165281	1011101	2009-02-14	1	0
165282	1012501	2009-02-14	1	0
165284	1014201	2009-02-14	1	0
165384	1033114	2009-02-13	0	0
165391	1033111	2009-02-13	1	0
165416	1020105	2009-02-15	1	0
165446	1011404	2009-02-13	1	0
165448	1010301	2009-02-13	1	0
165452	1011601	2009-02-15	1	11
165456	1012101	2009-02-15	1	0
165457	1012102	2009-02-15	1	0
165461	1010519	2009-02-15	1	0
165467	1011503	2009-02-15	1	0
165469	1011502	2009-02-15	1	0
165470	1010515	2009-02-15	1	44
165472	1014401	2009-02-16	1	0
165473	1014402	2009-02-16	1	0
165474	1014601	2009-02-16	1	0
165475	1014501	2009-02-16	1	0
165753	1020107	2009-01-17	1	0
165873	1020703	2009-01-17	1	0
165879	1033003	2009-01-17	1	0
165881	1020202	2009-01-17	1	10
165882	1020706	2009-01-17	1	0
165883	1020704	2009-01-17	1	0
165891	1020704	2009-02-14	1	0
165892	1020706	2009-02-14	1	0
165893	1020703	2009-02-14	1	0
165894	1020107	2009-02-14	1	0
165899	1020202	2009-02-14	1	0
165900	1033003	2009-02-14	1	0
166148	3153308	2008-11-16	1	0
166151	3152702	2008-11-16	1	0
166152	3153316	2008-11-16	1	375
166225	3152702	2008-12-15	1	0
166226	3153308	2008-12-15	1	0
166227	3153316	2008-12-15	1	0
166265	3152702	2009-01-17	1	0
166266	3153308	2009-01-17	1	0
166267	3153316	2009-01-17	1	1
166298	3153308	2009-02-14	1	0
166299	3152702	2009-02-14	1	0
166300	3153316	2009-02-14	1	0
166571	1020706	2007-11-17	1	0
166572	1020202	2007-11-17	1	14
167052	1020701	2007-11-17	1	0
167053	1020704	2007-11-17	1	0
167064	1020701	2008-01-12	1	0
167072	1020701	2008-02-16	1	0
167109	1020701	2008-11-15	1	0
167116	1020701	2008-12-13	1	0
167122	1020701	2009-01-17	1	0
167129	1020701	2009-02-14	1	0
167730	1020104	2009-11-14	1	80
167731	1020302	2009-11-14	1	0
167738	3153308	2009-11-14	1	0
167739	3153316	2009-11-14	1	0
167791	3152401	2009-11-14	1	0
167793	3152404	2009-11-14	1	0
167794	3152406	2009-11-14	1	0
167798	3153314	2009-11-14	1	0
167799	3153334	2009-11-14	1	0
167852	1031704	2009-11-15	1	0
167867	1030210	2009-11-15	1	0
167874	1030204	2009-11-15	1	0
167928	2053701	2009-11-14	1	0
167961	1033303	2009-11-15	1	0
168044	1011601	2009-11-13	1	0
168045	1012101	2009-11-13	1	0
168046	1012102	2009-11-13	1	105
168067	1033706	2009-11-14	1	0
168099	1030803	2009-11-20	1	0
168102	1030309	2009-11-15	1	0
168109	1035202	2009-11-14	1	0
168113	3153312	2009-11-14	1	154
168120	1030701	2009-11-15	1	12
168158	1021902	2009-11-15	1	0
168159	1021904	2009-11-15	1	0
168202	1033111	2009-11-14	1	0
168209	1014401	2009-11-13	1	0
168210	1014402	2009-11-13	1	0
168214	1010802	2009-11-13	1	0
168219	1013003	2009-11-14	1	0
168222	1011201	2009-11-14	1	0
168226	1011101	2009-11-14	1	0
168228	1012501	2009-11-14	1	0
168229	1014201	2009-11-14	1	0
168240	1010515	2009-11-15	1	76
168242	1010519	2009-11-15	1	0
168245	1011404	2009-11-17	1	0
168247	1010301	2009-11-17	1	0
168253	1011503	2009-11-17	1	0
168254	1014601	2009-11-17	1	0
168255	1014501	2009-11-17	1	0
168430	3153316	2009-12-12	1	0
168431	1020105	2009-12-12	1	30
168432	1020104	2009-12-12	1	0
168433	1020302	2009-12-12	1	0
168439	3153308	2009-12-12	1	0
168456	1030210	2009-12-12	1	0
168458	1030204	2009-12-12	1	0
168465	2053701	2009-12-12	1	0
168488	1031704	2009-12-13	1	0
168610	2051201	2009-12-12	1	0
168700	3152401	2009-12-13	1	175
168704	3152404	2009-12-13	1	3
168706	3152406	2009-12-13	1	0
168710	3153312	2009-12-13	1	0
168711	3153314	2009-12-13	1	0
168712	3153334	2009-12-13	1	0
168724	1033303	2009-12-13	1	0
168799	1010802	2009-12-11	1	0
168808	1011201	2009-12-11	1	0
168813	1011101	2009-12-11	1	0
168816	1012501	2009-12-11	1	0
168818	1014201	2009-12-11	1	0
168834	1011601	2009-12-10	1	24
168836	1012101	2009-12-10	1	0
168837	1012102	2009-12-10	1	0
168839	1014401	2009-12-10	1	0
168840	1014402	2009-12-10	1	0
168842	1011404	2009-12-12	1	0
168843	1010301	2009-12-12	1	4
168848	1010519	2009-12-13	1	0
168855	1030309	2009-12-13	1	652
168857	1030803	2009-12-12	1	0
168869	1011502	2009-12-14	1	0
168870	1011503	2009-12-14	1	205
168871	1014601	2009-12-14	1	0
168872	1014501	2009-12-14	1	81
168886	1010515	2009-12-13	1	48
168893	1033706	2009-12-12	1	0
168898	1033114	2009-12-13	1	0
168904	1033111	2009-12-13	1	0
168908	1030701	2009-12-13	1	724
168915	1035202	2009-12-12	1	0
169200	1020706	2009-11-14	1	38
169201	1020703	2009-11-14	1	0
169202	1020107	2009-11-14	1	8
169207	1020202	2009-11-14	1	170
169208	1033003	2009-11-14	1	0
169209	1020704	2009-11-14	1	0
169211	1020706	2009-12-12	1	0
169212	1020703	2009-12-12	1	0
169213	1020704	2009-12-12	1	0
169218	1020202	2009-12-12	1	460
169219	1033003	2009-12-12	1	0
169239	1020105	2010-01-16	1	0
169280	1031704	2010-01-16	1	0
169333	1020104	2010-01-16	1	0
169334	1020302	2010-01-16	1	0
169366	3152401	2010-01-16	1	0
169368	3152404	2010-01-16	1	0
169369	3152406	2010-01-16	1	0
169373	3153312	2010-01-16	1	0
169374	3153314	2010-01-16	1	0
169376	3153334	2010-01-16	1	0
169420	1030210	2010-01-17	1	0
169422	1030204	2010-01-17	1	0
169423	1020704	2010-01-16	1	0
169424	1020706	2010-01-16	1	0
169425	1020703	2010-01-16	1	0
169432	1020202	2010-01-16	1	0
169433	1033003	2010-01-16	1	0
169593	2053701	2010-01-20	1	0
169595	1033706	2010-01-20	1	0
169602	1035202	2010-01-20	1	0
169615	1030803	2010-01-16	1	0
169632	1030309	2010-01-17	1	0
169644	1033303	2010-01-17	1	0
169650	1030701	2010-01-17	1	0
169660	1033114	2010-01-16	1	0
169666	1033111	2010-01-17	1	0
169707	3153308	2010-01-20	1	0
169812	1010802	2010-01-20	1	0
169813	1011201	2010-01-20	1	0
169817	1011101	2010-01-20	1	0
169843	1020105	2010-02-13	1	0
169851	1020104	2010-02-13	1	0
169852	1020302	2010-02-13	1	0
169892	3153308	2010-02-13	1	0
169895	3153316	2010-02-13	1	0
169939	1031704	2010-02-14	1	0
169952	1033114	2010-02-13	1	0
169969	3152401	2010-02-13	1	0
169972	3152404	2010-02-13	1	0
169976	3152406	2010-02-13	1	0
169980	3153312	2010-02-13	1	0
169981	3153314	2010-02-13	1	0
169983	3153334	2010-02-13	1	0
170005	1030210	2010-02-14	1	0
170008	1030204	2010-02-14	1	0
170055	1030803	2010-02-13	1	0
170153	1033706	2010-02-16	1	0
170161	1030309	2010-02-14	1	0
170172	1011404	2010-01-16	1	0
170174	1010301	2010-01-16	1	0
170177	1011601	2010-01-17	1	0
170179	1012101	2010-01-17	1	0
170180	1012102	2010-01-17	1	0
170184	1010519	2010-01-17	1	0
170189	1010515	2010-01-17	1	0
170192	1011502	2010-01-17	1	0
170194	1011503	2010-01-17	1	0
170195	1014601	2010-01-17	1	0
170196	1014501	2010-01-17	1	0
170197	1014401	2010-01-17	1	0
170198	1014402	2010-01-17	1	0
170199	1012501	2010-01-17	1	0
170201	1014201	2010-01-17	1	0
170242	1035202	2010-02-18	1	0
170297	1030701	2010-02-14	1	0
170341	1013003	2009-12-13	1	0
170343	1013003	2010-01-14	1	0
170344	1010903	2010-01-18	1	0
170345	1010904	2010-01-18	1	0
170347	1010906	2010-01-18	1	0
170348	1011601	2010-02-11	1	0
170349	1012101	2010-02-11	1	0
170350	1012102	2010-02-11	1	0
170364	1011201	2010-02-13	1	0
170368	1011101	2010-02-13	1	0
170370	1012501	2010-02-13	1	0
170377	1033303	2010-02-14	1	0
170422	1010515	2010-02-14	1	0
170428	1011502	2010-02-14	1	0
170429	1011503	2010-02-14	1	0
170431	1014601	2010-02-14	1	0
170432	1014501	2010-02-14	1	0
170433	1014401	2010-02-15	1	0
170434	1014402	2010-02-15	1	0
170435	1011404	2010-02-15	1	0
170437	1010301	2010-02-15	1	0
170441	1010802	2010-02-13	1	0
170443	1013003	2010-02-12	1	0
171046	1020107	2009-12-14	1	0
171047	1020107	2010-02-13	1	0
171048	1020107	2010-01-16	1	0
171129	1021902	2009-12-12	1	0
171131	1021904	2009-12-12	1	0
171138	1020704	2010-02-12	1	0
171143	1020202	2010-02-12	1	0
171144	1033003	2010-02-12	1	0
171145	1020703	2010-02-12	1	0
171146	1020706	2010-02-12	1	0
171160	1021902	2010-01-17	1	0
171161	1021904	2010-01-17	1	0
171171	1021902	2010-02-14	1	0
171172	1021904	2010-02-14	1	0
172151	1020302	2010-11-13	1	0
172152	1020104	2010-11-13	1	0
172170	1031704	2010-11-13	1	0
172209	1020107	2010-11-13	1	0
172225	1033706	2010-11-13	1	0
172236	1030803	2010-11-13	1	0
172289	3152401	2010-11-13	1	7
172291	3152404	2010-11-13	1	0
172292	3152406	2010-11-13	1	1
172334	1033303	2010-11-14	1	0
172336	1030309	2010-11-14	1	137
172411	3153312	2010-11-13	1	0
172412	3153334	2010-11-13	1	0
172413	3153314	2010-11-13	1	0
172444	1030210	2010-11-16	1	21
172446	1030204	2010-11-16	1	0
172451	1033114	2010-11-13	1	0
172460	1033111	2010-11-13	1	0
172470	1030701	2010-11-14	1	1582
172513	1011201	2010-11-15	1	0
172517	1011101	2010-11-15	1	0
172521	1012501	2010-11-15	1	0
172524	1014201	2010-11-15	1	0
172525	1014402	2010-11-17	1	278
172526	1014401	2010-11-17	1	150
172530	1011502	2010-11-17	1	0
172532	1014601	2010-11-17	1	0
172533	1011503	2010-11-17	1	0
172534	1014501	2010-11-17	1	0
172646	3153308	2010-11-13	1	0
172647	3153316	2010-11-13	1	0
172735	1030210	2010-12-17	1	0
172736	1030204	2010-12-17	1	0
172762	1031704	2010-12-18	1	0
172763	1020104	2010-12-08	1	0
172764	1020302	2010-12-18	1	0
172803	1020105	2010-12-18	1	0
172808	3152401	2010-12-18	1	0
172810	3152404	2010-12-18	1	0
172811	3152406	2010-12-18	1	0
172817	3153312	2010-12-18	1	0
172818	3153314	2010-12-18	1	0
172819	3153334	2010-12-18	1	0
172962	1030803	2010-12-18	1	0
172963	1033114	2010-12-18	0	0
172970	1033111	2010-12-18	1	0
172998	2053701	2010-12-16	1	0
173012	3153316	2010-12-18	1	0
173013	3153308	2010-12-18	1	0
173056	1033303	2010-12-18	1	0
173057	1030309	2010-12-19	1	0
173086	1033706	2010-12-22	1	0
173088	1030701	2010-12-19	0	0
173153	1031704	2011-01-15	1	0
173177	1020104	2011-01-15	1	0
173178	1020302	2011-01-15	1	0
173238	1033706	2011-01-15	1	0
173288	3153308	2011-01-15	1	0
173289	3153316	2011-01-15	1	18
173301	1030210	2011-01-16	1	47
173302	1030204	2011-01-16	1	0
173304	1033303	2011-01-16	1	0
173392	1033114	2011-01-16	1	0
173399	1033111	2011-01-16	1	0
173441	3152401	2011-01-15	1	0
173443	3152404	2011-01-15	1	0
173444	3152406	2011-01-15	1	0
173453	3153312	2011-01-15	1	0
173455	3153314	2011-01-15	1	0
173456	3153334	2011-01-15	1	0
173461	1030803	2011-01-15	1	0
173517	1010515	2011-01-16	1	0
173524	1010519	2011-01-16	1	0
173527	1013003	2011-01-16	1	30
173530	1011404	2011-01-16	1	0
173534	1010301	2011-01-16	1	83
173541	1030309	2011-01-16	1	0
173555	1010802	2011-01-18	1	0
173556	1011201	2011-01-18	1	1
173560	1011101	2011-01-18	1	0
173565	1030701	2011-01-16	1	175
173567	1014201	2011-01-18	1	0
173569	1012501	2011-01-18	1	0
173571	1014402	2011-01-18	1	0
173572	1014401	2011-01-18	1	0
173573	1011601	2011-01-18	1	0
173575	1012101	2011-01-19	1	0
173576	1012102	2011-01-19	1	0
173579	1011502	2011-01-19	1	0
173582	1014601	2011-01-19	1	122
173583	1011503	2011-01-19	1	0
173584	1014501	2011-01-19	1	0
173587	1011404	2010-11-12	1	0
173589	1010301	2010-11-12	1	0
173603	1010519	2010-11-12	1	0
173608	1010515	2010-11-12	1	0
173609	1013003	2010-11-14	1	0
173610	1011601	2010-11-14	1	2
173612	1012102	2010-11-14	1	0
173613	1012101	2010-11-14	1	0
173662	1010802	2010-11-15	1	0
173741	1011201	2010-12-20	1	0
173749	1011101	2010-12-20	1	0
173750	1010802	2010-12-20	1	0
173757	1014401	2010-12-21	1	0
173758	1014402	2010-12-21	1	0
173760	1013003	2010-12-18	1	0
173761	1010515	2010-12-19	1	0
173765	1010519	2010-12-19	1	0
173768	1010301	2010-12-18	1	0
173982	1020104	2011-02-12	1	27
173983	1020302	2011-02-12	1	0
174019	1031704	2011-02-13	1	0
174041	1030204	2011-02-13	1	0
174042	1030210	2011-02-13	1	0
174106	2053701	2011-02-12	1	0
174140	3152404	2011-02-12	1	0
174141	3153312	2011-02-12	1	0
174143	3153334	2011-02-12	1	0
174144	3152406	2011-02-12	1	0
174145	3153314	2011-02-12	1	34
174148	3152401	2011-02-13	1	12
174168	1033706	2011-02-14	1	0
174193	3153316	2011-02-12	1	54
174197	1030309	2011-02-13	1	53
174253	1030803	2011-02-12	1	1
174260	1010519	2011-02-11	1	0
174270	1030701	2011-02-13	1	90
174285	1010802	2011-02-13	1	0
174289	1033303	2011-02-13	1	0
174291	1011201	2011-02-13	1	0
174344	1021902	2010-11-13	1	0
174345	1021904	2010-11-13	1	0
174348	1014402	2011-02-15	1	50
174349	1014401	2011-02-15	1	0
174350	1011601	2011-02-15	1	33
174352	1012101	2011-02-15	1	0
174353	1012102	2011-02-15	1	0
174356	1011503	2011-02-16	1	0
174359	1011502	2011-02-16	1	0
174361	1014601	2011-02-16	1	0
174362	1014501	2011-02-16	1	221
174363	1010907	2011-02-16	1	90
174371	1033114	2011-02-12	1	0
174378	1033111	2011-02-12	1	0
174406	1021904	2010-12-17	0	0
174407	1021902	2010-12-17	1	0
174419	1021904	2011-01-16	1	0
174420	1021902	2011-01-15	1	0
174430	1021904	2011-02-13	1	55
174431	1021902	2011-02-12	1	0
174452	1011101	2011-02-13	1	0
174456	1012501	2011-02-13	1	0
174458	1010301	2011-02-14	1	0
174460	1011404	2011-02-14	1	0
174464	1010515	2011-02-20	1	0
174610	1020105	2011-02-12	1	0
174906	3153308	2011-02-12	1	1
175411	1020704	2010-11-13	1	0
175416	1020202	2010-11-13	1	68
175418	1033003	2010-11-13	1	220
175422	1020706	2010-11-13	1	0
175423	1020703	2010-11-13	1	0
175424	1020107	2010-12-18	1	0
175427	1020703	2010-12-18	1	0
175428	1020706	2010-12-18	1	0
175429	1020701	2010-12-18	1	0
175430	1020704	2010-12-18	1	0
175438	1020202	2010-12-18	1	0
175439	1033003	2010-12-18	1	0
175446	1020703	2011-01-15	1	0
175447	1020704	2011-01-15	1	0
175448	1020706	2011-01-15	1	0
175454	1020202	2011-01-15	1	0
175458	1020701	2011-01-16	1	0
175462	1020107	2011-02-12	1	0
175463	1020706	2011-02-12	1	0
175464	1020704	2011-02-12	1	0
175470	1020202	2011-02-12	1	0
175471	1033003	2011-02-12	1	46
175472	1020703	2011-02-12	1	0
175489	1020107	2011-01-14	1	0
175898	2051201	2011-02-12	1	0
175905	1010802	2010-12-20	1	0
176115	1020105	2011-01-15	1	0
177521	1030210	2011-11-10	1	0
177522	1030204	2011-11-10	1	0
177565	1031704	2011-11-12	1	0
177598	1020104	2011-11-12	1	0
177601	1020302	2011-11-12	1	0
177609	1035202	2011-11-12	1	0
177662	1030803	2011-11-11	1	0
177763	1033706	2011-11-13	1	0
177769	1033303	2011-11-13	1	0
177867	3152401	2011-11-12	1	550
177869	3152404	2011-11-12	1	0
177870	3152406	2011-11-12	1	57
177876	3153312	2011-11-12	1	0
177877	3153314	2011-11-12	1	0
177878	3153334	2011-11-12	1	0
177887	1033114	2011-11-12	1	0
177893	1033111	2011-11-12	1	0
177901	1030701	2011-11-13	1	107
177936	1030309	2011-11-13	1	0
177980	1020105	2011-11-12	1	0
177983	1013003	2011-11-11	1	0
177988	1010802	2011-11-12	1	0
177990	1011201	2011-11-12	1	0
177994	1011101	2011-11-12	1	0
178	3153308	1999-11-13	1	0
178002	1011601	2011-11-13	1	0
178003	1012102	2011-11-13	1	180
178004	1012101	2011-11-13	1	0
178005	1010515	2011-11-13	1	45
178012	1010519	2011-11-13	1	94
178016	1011503	2011-11-15	1	162
178017	1011502	2011-11-15	1	0
178018	1014601	2011-11-15	1	0
178019	1014501	2011-11-15	0	0
178020	1010907	2011-11-15	0	105
178021	1014401	2011-11-15	1	0
178022	1014402	2011-11-15	1	0
178024	1012501	2011-11-15	1	0
178027	1011404	2011-11-18	1	0
178029	1010301	2011-11-18	1	0
178704	3153316	2011-11-12	1	0
178709	1031704	2011-12-17	1	0
178736	3153316	2011-12-17	1	7
178737	3153308	2011-12-17	1	0
178822	1020104	2011-12-17	1	0
178824	1020105	2011-12-17	1	0
178839	3152401	2011-12-17	1	194
178845	3153312	2011-12-17	1	0
178846	3153314	2011-12-17	1	0
178847	3153334	2011-12-17	1	0
178882	1020302	2011-12-17	1	0
178889	1030204	2011-12-18	1	0
178891	1030210	2011-12-18	1	0
178902	1030803	2011-12-17	1	0
178921	3152404	2011-12-17	1	0
178924	3152406	2011-12-17	1	0
178933	2053701	2011-12-17	1	0
179	3153316	1999-11-13	1	0
179013	1035202	2011-12-19	1	0
179029	1030309	2011-12-18	1	155
179076	1014201	2011-12-19	1	0
179078	1012501	2011-12-19	1	1
179080	1014402	2011-12-19	1	0
179081	1014401	2011-12-19	1	0
179082	1011601	2011-12-19	1	60
179084	1012101	2011-12-20	1	0
179085	1012102	2011-12-20	1	240
179089	1011502	2011-12-20	1	0
179091	1010907	2011-12-20	1	0
179092	1014601	2011-12-20	1	0
179093	1011503	2011-12-20	1	100
179094	1014501	2011-12-20	1	0
179227	1020704	2011-11-12	1	2
179228	1020703	2011-11-12	1	4
179229	1020706	2011-11-12	1	5
179235	1020202	2011-11-12	1	0
179236	1033003	2011-11-12	1	0
179239	1020706	2011-12-17	1	0
179240	1020703	2011-12-17	1	0
179248	1020202	2011-12-17	1	0
179250	1033003	2011-12-17	1	0
179254	1020701	2011-12-18	1	0
179255	1033114	2011-12-17	1	0
179262	1033111	2011-12-17	1	0
179272	1030701	2011-12-18	1	6
179795	1033706	2011-12-18	0	0
179852	1033303	2011-12-18	1	0
179953	1011404	2011-12-20	1	4
179958	1010301	2011-12-20	1	0
179972	1010903	2011-12-20	1	0
179973	1010904	2011-12-20	1	0
179974	1010906	2011-12-20	1	0
179977	1013003	2011-12-17	1	0
179985	1010802	2011-12-18	1	0
180	3152702	1999-11-13	1	0
180199	1035202	2012-01-14	1	0
180204	3153316	2012-01-14	1	0
180205	3153308	2012-01-14	1	0
180230	1030210	2012-01-14	1	2
180231	1030204	2012-01-14	1	0
180237	1020302	2012-01-15	1	0
180238	1020104	2012-01-15	1	0
180260	1031704	2012-01-15	1	35
180293	1030803	2012-01-14	1	0
180304	1020107	2011-12-17	1	0
180305	1020107	2012-01-13	1	0
180327	2053701	2012-01-14	1	0
180329	1020105	2012-01-14	1	0
180396	3152401	2012-01-14	1	75
180398	3152404	2012-01-14	1	0
180399	3152406	2012-01-14	1	8
180405	3153312	2012-01-14	1	0
180406	3153314	2012-01-14	1	0
180407	3153334	2012-01-14	1	0
180433	1033303	2012-01-15	1	0
180507	3153308	2011-11-16	1	7
180516	1011201	2011-12-18	1	0
180522	1011101	2011-12-18	1	0
180526	1010519	2011-12-19	1	0
180530	1033706	2012-01-16	1	0
180540	1014201	2012-01-16	1	0
180543	1014402	2012-01-16	1	31
180544	1014401	2012-01-16	1	0
180545	1011601	2012-01-16	1	0
180547	1012101	2012-01-16	1	0
180548	1012102	2012-01-17	1	0
180552	1011502	2012-01-17	1	0
180554	1010907	2012-01-17	1	75
180555	1014601	2012-01-17	1	4
180556	1011503	2012-01-17	1	30
180557	1014501	2012-01-17	1	0
180573	1010515	2011-12-11	1	0
180633	1030701	2012-01-15	1	20
180839	1030309	2012-01-15	1	0
180877	1033114	2012-01-15	1	0
180884	1033111	2012-01-15	1	0
180923	1012501	2012-01-16	1	0
181601	1033706	2012-02-17	1	0
181631	1020302	2012-02-18	1	0
181632	1020104	2012-02-18	1	0
181633	1020105	2012-02-18	1	0
181649	1031704	2012-02-18	1	0
181691	1035202	2012-02-18	1	0
181717	3152401	2012-02-18	1	0
181719	3152404	2012-02-18	1	14
181720	3152406	2012-02-18	1	0
181727	3153312	2012-02-18	1	0
181728	3153314	2012-02-18	1	0
181729	3153334	2012-02-18	1	0
181782	3153316	2012-02-18	1	0
181825	3153308	2012-02-18	1	0
181831	2053701	2012-02-18	1	0
181878	1030210	2012-02-20	1	0
181879	1030204	2012-02-20	1	0
181912	2051201	2012-02-18	1	0
181948	1030309	2012-02-19	1	0
181952	1033303	2012-02-19	1	0
181958	1014201	2012-02-20	1	0
181960	1012501	2012-02-20	1	0
181963	1014402	2012-02-20	1	0
181964	1014401	2012-02-20	1	0
181965	1011601	2012-02-20	1	0
181967	1012102	2012-02-21	1	0
181968	1012101	2012-02-21	1	0
181972	1011502	2012-02-21	1	67
181975	1010907	2012-02-21	1	0
181977	1014601	2012-02-21	1	0
181978	1011503	2012-02-21	1	0
181979	1014501	2012-02-21	1	0
181988	1013003	2012-01-15	1	0
181991	1011404	2012-01-15	1	155
181993	1010301	2012-01-15	1	0
182000	1010519	2012-01-15	1	0
182001	1010515	2012-01-15	1	0
182009	1010903	2012-01-16	1	0
182010	1010904	2012-01-16	1	60
182017	1010903	2012-02-16	1	0
182018	1010904	2012-02-16	1	0
182033	1033114	2012-02-18	1	0
182040	1033111	2012-02-18	1	0
182091	1030701	2012-02-19	1	3
182116	1010802	2012-01-14	1	0
182117	1011201	2012-01-14	1	0
182122	1011101	2012-01-14	1	0
182146	1030803	2012-02-19	1	0
182393	1021904	2011-11-12	1	0
182549	1010515	2012-02-19	1	0
182553	1011404	2012-02-19	1	0
182554	1010301	2012-02-19	1	0
182660	1021902	2011-11-12	1	75
182666	1021904	2011-12-18	1	278
182667	1021902	2011-12-17	1	35
182839	1021902	2012-01-14	1	0
182845	1021904	2012-01-15	1	132
182850	1021902	2012-02-18	1	15
182856	1021904	2012-02-19	1	0
182884	1020704	2012-01-14	1	0
182885	1020706	2012-01-14	1	0
182886	1020703	2012-01-14	1	0
182891	1020202	2012-01-14	1	15
182893	1033003	2012-01-14	1	0
182894	1020107	2012-02-18	1	0
182895	1020703	2012-02-18	1	0
182896	1020706	2012-02-18	1	0
182902	1020202	2012-02-18	1	0
182903	1033003	2012-02-18	1	0
182918	1020704	2012-02-18	1	0
182919	1020704	2011-12-18	1	0
182985	1011201	2012-02-18	1	0
182988	1011101	2012-02-18	1	0
182989	1010802	2012-02-18	1	0
183059	1014201	2011-11-12	1	0
183191	2051201	2011-11-12	1	0
184039	1030204	2009-01-11	1	0
184623	1031704	2012-11-17	1	1
184647	1030803	2012-11-17	1	0
184650	1020302	2012-11-17	1	0
184651	1020104	2012-11-17	1	0
184663	1035202	2012-11-17	1	0
184730	1030210	2012-11-18	1	0
184733	1030204	2012-11-18	1	0
184787	1011502	2012-11-14	1	0
184788	1011503	2012-11-14	1	0
184789	1010907	2012-11-14	1	18
184791	1014601	2012-11-14	1	0
184795	1014501	2012-11-14	1	0
184797	1012102	2012-11-14	1	310
184798	1014201	2012-11-16	1	0
184800	1012501	2012-11-16	1	0
184802	1014402	2012-11-16	1	0
184804	1013003	2012-11-15	1	0
184806	1014401	2012-11-16	1	0
184809	1011404	2012-11-14	1	0
184811	1010301	2012-11-14	1	0
184812	1011601	2012-11-16	1	0
184815	1012101	2012-11-16	1	0
184818	1010802	2012-11-16	1	85
184832	3152401	2012-11-18	1	92
184837	3152404	2012-11-18	1	0
184839	3152406	2012-11-18	1	0
184849	3153312	2012-11-18	1	0
184850	3153314	2012-11-18	1	0
184851	3153334	2012-11-18	1	0
184996	1033706	2012-11-19	1	0
185019	3153316	2012-11-17	1	1
185020	3153308	2012-11-17	1	0
185067	1011201	2012-11-16	1	0
185073	1011101	2012-11-16	1	0
185082	1010519	2012-11-18	1	0
185089	1010515	2012-11-18	1	75
185099	1010903	2012-11-19	1	0
185100	1010904	2012-11-19	1	0
185102	1010906	2012-11-19	1	0
185104	1030309	2012-11-18	1	0
185739	1021904	2012-11-18	1	10
185744	1021902	2012-11-17	1	0
185745	1033114	2012-11-17	1	0
185753	1033111	2012-11-17	1	1
185756	2053701	2012-11-18	1	0
185822	1033303	2012-11-17	1	0
185828	1030701	2012-11-18	1	145
186564	1030210	2012-12-13	1	0
186565	1030204	2012-12-13	1	0
186852	1020302	2012-12-15	1	0
186853	1020104	2012-12-15	1	0
186882	1031704	2012-12-15	1	0
186932	3152401	2012-12-15	1	3
186937	3152404	2012-12-15	1	0
186938	3152406	2012-12-15	1	0
186943	3153312	2012-12-15	1	0
186944	3153314	2012-12-15	1	0
186945	3153334	2012-12-15	1	0
186956	1033706	2012-12-14	1	0
186974	3153316	2012-12-15	1	163
186975	3153308	2012-12-15	1	0
186988	1030803	2012-12-15	1	0
187	3152401	1999-11-14	1	0
187035	1033114	2012-12-15	1	0
187049	1033111	2012-12-15	1	0
187057	2053701	2012-12-15	1	0
187111	1030309	2012-12-16	1	0
187162	1014201	2012-12-17	1	0
187164	1012501	2012-12-17	1	1
187166	1014402	2012-12-17	1	0
187167	1014401	2012-12-17	1	48
187168	1011601	2012-12-17	1	0
187170	1012101	2012-12-17	1	0
187171	1012102	2012-12-18	1	0
187177	1011502	2012-12-18	1	0
187179	1010907	2012-12-18	1	0
187180	1014601	2012-12-18	1	271
187181	1011503	2012-12-18	1	0
187191	1010519	2012-12-13	1	149
187193	1011404	2012-12-13	1	0
187195	1010301	2012-12-13	1	0
187229	1011201	2012-12-15	1	0
187233	1011101	2012-12-15	1	0
187237	1010802	2012-12-15	1	0
187243	1010515	2012-12-16	1	0
187250	1010518	2012-12-16	1	0
187262	1010904	2012-12-17	1	0
187263	1010903	2012-12-17	1	0
187265	1010906	2012-12-17	1	0
187346	1014501	2012-12-18	1	0
187389	1033303	2012-12-16	1	0
187406	1030701	2012-12-16	1	3025
187431	1021904	2012-12-16	1	0
187432	1021902	2012-12-16	1	67
187662	1030210	2013-01-11	1	0
187663	1030204	2013-01-11	1	0
187671	1031704	2013-01-12	1	0
187743	1020104	2013-01-12	1	0
187744	1020302	2013-01-12	1	0
187745	1035202	2013-01-12	1	0
187776	1020107	2012-12-15	1	0
187778	1020107	2013-01-13	1	0
187787	1020105	2013-01-12	1	18
187788	3152401	2013-01-12	1	0
187792	3152404	2013-01-12	1	0
187793	3152406	2013-01-12	1	39
187798	3153312	2013-01-12	1	0
187799	3153314	2013-01-12	1	0
187800	3153334	2013-01-12	1	2
187808	3153316	2013-01-12	1	23
187809	3153308	2013-01-12	1	0
187819	1030803	2013-01-12	1	0
187860	1030309	2013-01-13	1	0
187873	2053701	2013-01-13	1	0
187884	1020105	2012-12-15	1	0
187924	1033706	2013-01-11	1	0
187952	1014201	2013-01-14	1	0
187955	1011404	2013-01-10	1	2
187959	1010301	2013-01-10	1	35
187962	1012501	2013-01-14	1	0
187964	1014402	2013-01-14	1	0
187965	1014401	2013-01-14	1	0
187969	1011502	2013-01-14	1	0
187972	1014601	2013-01-14	1	0
187974	1011503	2013-01-14	1	0
187975	1012102	2013-01-14	1	0
187977	1012101	2013-01-14	1	0
187994	1010802	2013-01-11	1	1770
188	3153334	1999-11-14	1	0
188001	1011201	2013-01-11	1	0
188009	1013003	2013-01-12	1	0
188091	1030701	2013-01-13	1	185
188099	1033114	2013-01-12	1	0
188107	1033111	2013-01-12	1	0
188120	1033303	2013-01-13	1	1
188153	1021902	2013-01-11	1	0
188159	1021904	2013-01-12	0	0
188190	1010515	2013-01-13	1	0
188194	1010519	2013-01-13	1	0
188206	1010903	2013-01-14	1	0
188207	1010904	2013-01-14	1	0
188209	1011601	2013-01-15	1	0
188408	1031704	2013-02-16	1	0
188419	1020105	2013-02-16	1	0
188461	1035202	2013-02-16	1	0
188507	1033706	2013-02-16	1	0
188531	1030204	2013-02-17	1	0
188532	1030210	2013-02-17	1	0
188538	3152401	2013-02-16	1	0
188544	3152404	2013-02-16	1	0
188546	3152406	2013-02-16	1	4
188556	3153312	2013-02-16	1	0
188557	3153314	2013-02-16	1	0
188558	3153334	2013-02-16	1	0
188574	1030803	2013-02-16	1	0
188662	2053701	2013-02-18	1	0
188667	1014402	2013-02-18	1	0
188668	1014401	2013-02-18	1	152
188669	1011601	2013-02-18	1	0
188671	1012101	2013-02-18	1	0
188672	1012102	2013-02-18	1	0
188675	1011502	2013-02-18	1	0
188679	1010907	2013-02-18	1	0
188680	1014601	2013-02-18	1	0
188681	1011503	2013-02-18	1	0
188696	1020104	2013-02-16	1	0
188700	1020302	2013-02-16	1	0
188765	1010515	2013-02-10	1	0
188771	1010802	2013-02-16	1	255
188774	1011201	2013-02-16	1	0
188783	1011101	2013-02-16	1	0
188785	1012501	2013-02-16	1	0
188796	1013003	2013-02-17	1	0
188799	1010519	2013-02-17	1	0
188806	1011404	2013-02-19	1	0
188808	1010301	2013-02-19	1	0
188818	1010903	2013-02-19	1	0
188819	1010904	2013-02-19	1	15
188820	1014501	2013-02-19	1	0
188821	1011101	2013-01-11	1	0
188888	1030701	2013-02-17	0	16
188966	1033303	2013-02-16	1	0
189	3153312	1999-11-14	1	0
189352	1030309	2013-02-17	1	0
189365	1033114	2013-02-16	1	0
189373	1033111	2013-02-16	1	0
189813	1021904	2013-02-18	1	0
189842	1021902	2013-02-17	1	0
190125	1020202	2012-11-17	1	0
190128	1033003	2012-11-17	1	30
190133	1020701	2012-12-15	1	0
190134	1020703	2012-12-15	1	0
190135	1020706	2012-12-15	1	0
190140	1020202	2012-12-15	1	6
190142	1033003	2012-12-15	1	0
190143	1020704	2012-12-15	1	0
190149	1020701	2013-01-12	1	0
190150	1020704	2013-01-12	1	0
190152	1020703	2013-01-12	1	0
190153	1020706	2013-01-12	1	1
190158	1020202	2013-01-12	1	31
190160	1033003	2013-01-12	1	0
190163	1020107	2013-02-16	1	0
190164	1020703	2013-02-16	1	0
190165	1020706	2013-02-16	1	0
190166	1020704	2013-02-16	1	0
190171	1020202	2013-02-16	1	0
190173	1033003	2013-02-16	1	0
190186	1020107	2012-11-18	0	0
190188	1020704	2012-11-17	1	0
190227	1020701	2012-11-17	1	0
190233	1020701	2013-02-17	1	0
190282	2051201	2013-02-16	1	0
190287	2051201	2013-01-12	1	0
190290	2051201	2012-12-15	1	0
190318	2051201	2012-11-17	1	0
190521	3153316	2013-02-16	1	18
190522	3153308	2013-02-16	1	0
190782	1010515	2009-01-11	1	0
190787	1013003	2012-12-15	1	0
190800	1013003	2011-02-12	1	0
190810	1013003	2008-01-14	1	0
190814	1013003	2008-12-17	1	0
190817	1013003	2009-02-13	1	0
191991	1010904	2013-11-13	1	0
191992	1010906	2013-11-13	1	0
191993	1010903	2013-11-13	1	0
191996	1031704	2013-11-15	1	0
192029	1030204	2013-11-16	1	0
192034	1030210	2013-11-16	1	0
192058	1035202	2013-11-16	1	0
192068	1020107	2013-02-16	1	0
192070	1020107	2013-11-16	1	7
192077	1030803	2013-11-16	1	0
192183	1033706	2013-11-14	1	0
192308	1020104	2013-11-17	1	6
192309	1020302	2013-11-17	1	0
192323	1033114	2013-11-16	1	0
192328	1011201	2013-11-16	1	3
192331	1011101	2013-11-16	1	0
192333	1013003	2013-11-15	1	0
192335	1014201	2013-11-18	1	0
192338	1012501	2013-11-18	1	5
192340	1014402	2013-11-18	1	0
192341	1012101	2013-11-18	1	0
192342	1014401	2013-11-18	1	0
192343	1011601	2013-11-18	1	0
192345	1012102	2013-11-19	1	0
192348	1011502	2013-11-19	1	0
192350	1010907	2013-11-19	1	457
192352	1014601	2013-11-19	1	72
192354	1011503	2013-11-19	1	0
192355	1014501	2013-11-19	1	0
192360	1010519	2013-11-19	1	0
192361	1010802	2013-11-16	1	0
192363	1010518	2013-11-19	1	0
192372	1010515	2013-11-17	1	0
192374	1011404	2013-11-17	1	0
192377	1010301	2013-11-17	1	0
192404	1030309	2013-11-17	1	0
192477	3152404	2013-11-19	1	0
192479	3152401	2013-11-19	1	6
192480	3152406	2013-11-20	1	0
192481	3153334	2013-11-20	1	0
192482	3153312	2013-11-20	1	0
192488	3153316	2013-11-20	1	495
192492	3153314	2013-11-20	1	0
192548	3153308	2013-11-20	1	0
192628	1030701	2013-11-17	1	705
192737	1020104	2013-12-14	1	0
192738	1020302	2013-12-14	1	0
192767	1031704	2013-12-14	1	0
192792	3153316	2013-12-14	1	187
192793	3153308	2013-12-14	1	0
192802	3152401	2013-12-14	1	68
192804	3152404	2013-12-14	1	0
192805	3152406	2013-12-14	1	30
192812	3153312	2013-12-14	1	0
192813	3153314	2013-12-14	1	0
192814	3153334	2013-12-14	1	0
192836	1020105	2013-12-14	1	0
192838	1020105	2013-11-16	1	0
192861	1035202	2013-12-15	1	0
192864	1030803	2013-12-13	1	0
192902	1030210	2013-12-15	1	0
192903	1030204	2013-12-15	1	0
193	3153314	1999-11-14	1	0
193045	1011201	2013-12-14	1	2
193048	1010802	2013-12-14	1	0
193051	1011502	2013-12-13	1	0
193053	1010907	2013-12-13	1	5
193054	1014601	2013-12-13	1	0
193055	1011503	2013-12-13	1	90
193056	1014501	2013-12-13	1	0
193057	1010518	2013-12-13	1	0
193062	1010519	2013-12-13	1	135
193064	1012102	2013-12-13	1	11
193071	1011101	2013-12-14	1	35
193073	1012501	2013-12-14	1	0
193076	1014201	2013-12-14	1	0
193082	1010903	2013-12-16	1	0
193083	1010906	2013-12-16	1	0
193084	1010904	2013-12-16	1	91
193086	1014402	2013-12-16	1	0
193087	1014401	2013-12-16	1	0
193088	1011601	2013-12-16	1	0
193090	1012101	2013-12-16	1	0
193096	1030309	2013-12-15	1	831
193170	1020704	2013-11-16	1	0
193171	1020706	2013-11-16	1	0
193172	1020703	2013-11-16	1	0
193179	1020202	2013-11-16	1	16
193180	1033003	2013-11-16	1	0
193181	1020701	2013-12-14	1	0
193182	1020704	2013-12-14	1	0
193183	1020107	2013-12-14	1	0
193184	1020706	2013-12-14	1	0
193185	1020703	2013-12-14	1	0
193192	1020202	2013-12-14	1	0
193193	1033003	2013-12-14	1	0
193205	1030701	2013-12-17	1	266
193215	1013003	2013-12-13	1	70
193220	1011404	2013-12-18	1	90
193234	1010301	2013-12-18	1	0
193238	1010515	2013-12-15	1	0
193291	1033706	2013-12-14	1	0
193300	1033111	2013-12-15	1	0
193302	1033114	2013-12-15	1	0
193307	1033303	2013-12-13	1	0
193390	1020104	2014-01-18	1	0
193391	1020302	2014-01-18	1	0
193392	1030210	2014-01-18	1	0
193393	1030204	2014-01-18	1	0
193405	1035202	2014-01-18	1	0
193407	3153316	2014-01-18	1	89
193408	3153308	2014-01-18	1	0
193417	1020105	2014-01-18	1	0
193436	1033706	2014-01-19	1	0
193527	3152401	2014-01-19	1	2
193529	3152404	2014-01-19	1	0
193530	3152406	2014-01-19	1	1
193537	3153314	2014-01-19	1	0
193539	3153334	2014-01-19	1	0
193546	3153312	2014-01-19	1	0
193551	2053701	2014-01-17	1	0
193647	1010802	2014-01-18	1	175
193655	1011201	2014-01-18	1	0
193666	1011101	2014-01-18	1	0
193667	1012501	2014-01-18	1	0
193699	1031704	2014-01-18	1	0
193710	1010301	2014-01-16	1	0
193713	1011404	2014-01-16	1	1950
193714	1011601	2014-01-16	1	0
193716	1012101	2014-01-16	1	0
193717	1012102	2014-01-16	1	0
193718	1013003	2014-01-16	1	0
193720	1014401	2014-01-17	1	0
193721	1014402	2014-01-17	1	0
193729	1010519	2014-01-19	1	0
193734	1010515	2014-01-19	1	0
193738	1011502	2014-01-20	1	0
193739	1010518	2014-01-20	1	0
193740	1011503	2014-01-20	1	0
193742	1014601	2014-01-20	1	10
193743	1010907	2014-01-20	1	0
193744	1014501	2014-01-20	1	0
193753	1010903	2014-01-20	1	0
193754	1010904	2014-01-20	1	0
193757	1010906	2014-01-20	1	0
193759	1030309	2014-01-19	1	24
193831	1030803	2014-01-17	1	0
193852	1030701	2014-01-19	1	54
193983	1033114	2014-01-18	1	0
194000	1033111	2014-01-18	1	0
194095	1033303	2014-01-18	1	0
194257	1030803	2014-02-15	1	0
194273	2053701	2014-02-15	1	0
194293	3152401	2014-02-15	1	10
194295	3152404	2014-02-15	1	0
194296	3152406	2014-02-15	1	0
194302	3153312	2014-02-15	1	0
194303	3153314	2014-02-15	1	0
194304	3153334	2014-02-15	1	6
194334	1033706	2014-02-16	1	0
194339	1020302	2014-02-16	1	8
194340	1020104	2014-02-16	1	0
194349	1030210	2014-02-16	1	0
194351	1030204	2014-02-16	1	0
194362	1035202	2014-02-16	1	0
194416	1031704	2014-02-16	1	0
194455	1030309	2014-02-16	1	542
194531	1014201	2014-02-17	1	0
194533	1012501	2014-02-17	1	0
194536	1011101	2014-02-17	1	950
194539	1011201	2014-02-17	1	3180
194549	1010903	2014-02-18	1	90
194550	1010904	2014-02-18	1	0
194553	1010906	2014-02-18	1	0
194554	1014402	2014-02-18	1	0
194555	1014401	2014-02-18	1	0
194556	1011601	2014-02-18	1	30
194558	1012101	2014-02-18	1	54
194559	1012102	2014-02-18	1	120
194562	1011502	2014-02-14	1	0
194564	1010907	2014-02-14	1	0
194565	1014601	2014-02-14	1	50
194566	1011503	2014-02-14	1	0
194567	1014501	2014-02-14	1	0
194572	1010519	2014-02-14	1	0
194574	1010518	2014-02-14	1	0
194579	1010802	2014-02-17	1	0
194615	1013003	2014-02-13	1	13
194620	1011404	2014-02-14	1	320
194622	1010301	2014-02-14	1	0
194628	1010515	2014-02-19	1	0
194671	1033114	2014-02-16	1	0
194678	1033111	2014-02-16	1	0
194684	1030701	2014-02-15	1	193
194801	1033303	2014-02-16	1	0
195438	1021904	2013-11-16	1	0
195474	1021902	2013-11-16	1	0
195480	1021904	2013-12-14	1	130
195485	1021902	2013-12-14	1	0
195494	3153316	2014-02-15	1	103
195496	3153308	2014-02-15	1	0
195505	1021904	2014-01-18	1	0
195506	1021902	2014-01-18	1	0
195583	2051201	2013-11-16	1	0
195586	2051201	2013-12-14	1	0
195589	2051201	2014-01-18	1	0
195592	2051201	2014-02-16	1	0
195806	1020704	2014-01-18	1	0
195807	1020703	2014-01-18	1	0
195808	1020107	2014-01-18	1	0
195809	1020706	2014-01-18	1	0
195814	1020202	2014-01-18	1	0
195816	1033003	2014-01-18	1	0
195817	1020107	2014-02-15	1	0
195818	1020703	2014-02-15	1	0
195819	1020706	2014-02-15	1	0
195824	1020704	2014-02-15	1	0
195826	1033003	2014-02-16	1	17
195828	1020202	2014-02-16	1	0
195892	1020701	2014-01-18	1	0
195895	1020701	2014-02-15	1	0
195898	1020701	2013-11-16	1	0
197080	1030210	2014-11-13	1	0
197081	1030204	2014-11-13	1	0
197170	1033303	2014-11-15	1	0
197174	1031704	2014-11-15	1	0
197187	3153316	2014-11-15	1	360
197188	3153308	2014-11-15	1	0
197201	1035202	2014-11-15	1	0
197263	3152401	2014-11-15	1	0
197269	3152404	2014-11-15	1	0
197271	3152406	2014-11-15	1	7
197278	3153312	2014-11-15	1	0
197279	3153314	2014-11-15	1	1
197282	3153334	2014-11-15	1	0
197289	1030803	2014-11-15	1	0
197292	1020104	2014-11-16	1	0
197293	1020302	2014-11-16	1	0
197358	2053701	2014-11-16	1	0
197420	1030309	2014-11-16	1	450
197427	1033706	2014-11-17	1	0
197483	1010903	2014-11-17	1	0
197484	1010904	2014-11-17	1	0
197519	1030701	2014-11-16	1	18
197582	1033114	2014-11-16	1	0
197589	1033111	2014-11-16	1	0
197685	2053701	2014-12-13	1	0
197765	1020105	2014-12-14	1	0
197787	1014201	2014-12-14	1	0
197790	1031704	2014-12-14	1	0
197791	1012501	2014-12-14	1	0
197793	1011101	2014-12-14	1	0
197798	1011201	2014-12-14	1	0
197803	1030803	2014-12-13	1	0
197814	1035202	2014-12-14	1	0
197816	1030210	2014-12-14	1	16
197817	1030204	2014-12-14	1	0
197904	1021904	2014-02-16	1	0
197909	1021902	2014-02-16	1	0
197941	1030309	2014-12-14	1	172
197953	1033303	2014-12-13	1	0
197956	3153316	2014-12-13	1	147
197957	3153308	2014-12-13	1	0
197979	1033706	2014-12-15	1	0
197996	3152401	2014-12-14	1	0
197999	3152404	2014-12-14	0	0
198000	3152406	2014-12-14	1	1
198006	3153312	2014-12-14	1	0
198007	3153314	2014-12-14	1	0
198008	3153334	2014-12-14	1	0
198013	1030701	2014-12-14	1	36
198067	1010903	2014-12-15	1	1490
198068	1010904	2014-12-15	1	10
198069	1010906	2014-12-15	1	0
198070	1014402	2014-12-15	1	60
198071	1014401	2014-12-15	1	0
198072	1011601	2014-12-15	1	0
198073	1012101	2014-12-16	1	0
198075	1012102	2014-12-16	1	0
198078	1011502	2014-12-16	1	0
198082	1010519	2014-12-16	1	0
198086	1010518	2014-12-16	1	0
198088	1010907	2014-12-16	1	0
198089	1014601	2014-12-16	1	0
198090	1011503	2014-12-16	1	0
198091	1014501	2014-12-16	1	0
198140	1013003	2014-11-15	1	0
198142	1011601	2014-11-15	1	0
198144	1012101	2014-11-15	1	0
198145	1012102	2014-11-15	1	0
198151	1011404	2014-11-16	1	0
198153	1010301	2014-11-16	1	0
198199	1014401	2014-11-22	1	0
198200	1014402	2014-11-22	1	0
198201	1010519	2014-11-23	1	0
198220	1011404	2014-12-15	1	350
198222	1010301	2014-12-15	1	1
198258	1033114	2014-12-13	1	0
198265	1033111	2014-12-13	1	0
198304	1010802	2014-11-15	1	14
198305	1011201	2014-11-15	1	0
198309	1011101	2014-11-15	1	0
198310	1012501	2014-11-15	1	0
198312	1014201	2014-11-15	1	0
198322	1010802	2014-12-14	1	0
198326	1013003	2014-12-14	1	0
198371	1035202	2015-01-16	1	0
198374	1030803	2015-01-16	1	0
198382	1020105	2015-01-17	1	0
198386	1031704	2015-01-17	1	0
198422	1030210	2015-01-17	1	0
198425	1030204	2015-01-17	1	0
198440	1020302	2015-01-17	1	0
198442	1020104	2015-01-17	1	0
198462	2053701	2015-01-17	1	0
198589	3152401	2015-01-18	1	0
198592	3152404	2015-01-18	1	0
198593	3152406	2015-01-18	1	0
198599	3153312	2015-01-18	1	0
198600	3153314	2015-01-18	1	0
198601	3153334	2015-01-18	1	0
198632	3153316	2015-01-17	1	81
198633	3153308	2015-01-17	1	0
198665	1033706	2015-01-20	1	0
198671	1014201	2015-01-17	1	0
198674	1012501	2015-01-17	1	0
198677	1011101	2015-01-17	1	1170
198681	1011201	2015-01-17	1	0
198693	1010903	2015-01-19	1	120
198694	1010904	2015-01-19	1	0
198695	1010906	2015-01-19	1	0
198697	1014402	2015-01-19	1	0
198698	1014401	2015-01-19	1	0
198699	1011601	2015-01-19	1	1
198701	1012101	2015-01-20	1	0
198702	1012102	2015-01-20	1	0
198705	1011502	2015-01-20	1	0
198710	1010519	2015-01-20	1	0
198712	1010518	2015-01-20	1	0
198714	1010907	2015-01-20	1	17
198715	1014601	2015-01-20	1	90
198716	1011503	2015-01-20	1	0
198717	1014501	2015-01-20	1	0
198731	1033303	2015-01-17	1	0
198752	1030309	2015-01-18	1	0
198765	1011404	2015-01-16	1	1025
198768	1010301	2015-01-16	1	820
198773	1010515	2015-01-18	1	0
198796	1010802	2015-01-17	1	539
198803	1030701	2015-01-18	0	444
198841	1033114	2015-01-17	1	0
198848	1033111	2015-01-17	1	0
198942	1033003	2015-02-14	1	0
198987	1030210	2015-02-14	1	0
198988	1030204	2015-02-14	1	0
198991	1031704	2015-02-14	1	0
199010	3153312	2015-02-14	1	25
199012	3153314	2015-02-14	1	0
199013	3153334	2015-02-14	1	0
199062	1020104	2015-02-15	1	0
199063	1020302	2015-02-15	1	0
199081	1030803	2015-02-14	1	0
199099	3152404	2015-02-14	1	0
199100	3152406	2015-02-14	1	0
199101	3152401	2015-02-14	1	2
199102	1035202	2015-02-15	1	0
199118	1020105	2015-02-14	1	0
199120	2053701	2015-02-14	1	0
199132	1033706	2015-02-15	1	0
199204	1033303	2015-02-14	1	0
199213	1020107	2014-11-15	1	0
199214	1020107	2014-12-13	1	0
199215	1020107	2015-01-17	1	0
199216	1020107	2015-02-14	1	0
199217	3153308	2015-02-14	1	0
199219	3153316	2015-02-15	1	11
199225	1030309	2015-02-15	1	248
199305	1010802	2015-02-14	1	2482
199324	1011404	2015-02-16	1	11
199327	1010301	2015-02-16	1	0
199330	1012102	2015-02-16	1	0
199335	1011502	2015-02-17	1	0
199337	1010515	2015-02-17	1	0
199341	1010519	2015-02-17	1	0
199343	1010518	2015-02-17	1	0
199345	1010907	2015-02-17	1	0
199346	1014601	2015-02-17	1	0
199347	1011503	2015-02-17	1	0
199348	1014501	2015-02-17	1	0
199358	1010903	2015-02-13	1	0
199359	1010904	2015-02-13	1	2
199360	1010906	2015-02-13	1	0
199361	1014402	2015-02-13	1	0
199362	1014401	2015-02-13	1	0
199365	1012101	2015-02-13	1	0
199366	1014201	2015-02-14	1	0
199368	1012501	2015-02-14	1	0
199370	1011101	2015-02-14	1	0
199374	1011201	2015-02-14	1	3
199430	1030701	2015-02-15	1	47
199438	1013003	2015-02-14	1	0
199441	1013003	2015-01-17	1	0
199447	1033114	2015-02-14	1	0
199454	1033111	2015-02-14	1	0
2401	1030309	1999-11-14	1	0
2406	1030701	1999-11-14	1	1800
2419	1030204	1999-11-15	1	0
2447	1030309	1999-12-19	1	394
2452	1030701	1999-12-19	1	2613
2466	1030204	1999-12-13	1	300
2492	1030309	2000-01-15	1	200
2499	1030701	2000-01-16	1	980
2507	1030204	2000-01-23	1	95
2539	1030309	2000-02-13	1	4100
2549	1030204	2000-02-20	1	0
2564	1030701	2000-02-13	1	0
2672	2053701	1999-11-14	1	80
2675	2053701	2000-02-13	1	100
272	3153316	1999-12-19	1	56
273	3152702	1999-12-19	1	0
274	3153308	1999-12-20	1	0
280	3152401	1999-12-18	1	0
282	3153334	1999-12-18	1	0
283	3153312	1999-12-18	1	0
286	3153314	1999-12-18	1	0
3142	1010802	1999-11-12	1	0
3145	1011201	1999-11-12	1	0
3149	1011101	1999-11-12	1	24
3150	1012501	1999-11-12	1	0
3164	1010802	1999-12-19	1	0
3165	1011201	1999-12-19	1	0
3169	1011101	1999-12-19	1	95
3170	1012501	1999-12-19	1	520
3184	1010802	2000-01-14	1	150
3185	1011201	2000-01-14	1	0
3189	1011101	2000-01-14	1	0
3190	1012501	2000-01-14	1	0
3204	1010802	2000-02-11	1	0
3205	1011201	2000-02-11	1	0
3209	1011101	2000-02-11	1	0
3210	1012501	2000-02-11	1	0
3240	1011404	1999-11-13	1	0
3243	1010301	1999-11-13	1	0
3246	1011404	1999-12-18	1	0
3249	1010301	1999-12-18	1	0
3252	1011404	2000-01-15	1	0
3255	1010301	2000-01-15	1	0
3258	1011404	2000-02-13	1	0
3261	1010301	2000-02-13	1	0
3300	1010515	1999-11-14	1	0
3307	1010515	1999-12-12	1	0
3312	1010515	2000-01-23	1	0
3318	1010515	2000-02-20	1	0
3336	1011503	1999-11-14	1	542
3337	1011502	1999-11-14	1	0
3340	1010519	1999-11-14	1	0
3341	1021904	1999-11-14	1	0
3342	1010518	1999-12-19	1	21
3343	1011503	1999-12-19	1	206
3344	1011502	1999-12-19	1	124
3346	1010519	1999-12-19	1	213
3347	1021904	1999-12-19	1	1442
3348	1011503	2000-01-16	1	0
3349	1011502	2000-01-16	1	0
3352	1010519	2000-01-16	1	0
3353	1021904	2000-01-16	1	717
3354	1011503	2000-02-13	1	107
3355	1011502	2000-02-13	1	0
3357	1021904	2000-02-13	1	13
3372	1013003	1999-11-13	1	60
3373	1011601	1999-11-14	1	0
3375	1012101	1999-11-14	1	0
3376	1012102	1999-11-14	1	0
3378	1013003	1999-12-20	1	0
3379	1011601	1999-12-20	1	25
3381	1012101	1999-12-20	1	0
3382	1012102	1999-12-20	1	26
3385	1013003	2000-01-17	1	0
3386	1011601	2000-01-17	1	0
3388	1012101	2000-01-17	1	0
3389	1012102	2000-01-17	1	0
3391	1011601	2000-02-14	1	0
3393	1012101	2000-02-14	1	0
3394	1012102	2000-02-14	1	0
3422	1010903	1999-12-19	1	24
3423	1010904	1999-12-19	1	90
3429	1010904	2000-01-15	1	0
3434	1010903	2000-02-12	1	0
3435	1010904	2000-02-12	1	0
3456	1014401	1999-11-15	1	30
3457	1014402	1999-11-15	1	180
3458	1014501	1999-11-15	1	110
3459	1014601	1999-11-15	1	0
3460	1010907	1999-11-15	0	0
3462	1014501	1999-12-21	1	0
3463	1014601	1999-12-21	1	28
3464	1010907	1999-12-21	1	720
3465	1014401	1999-12-20	1	0
3466	1014402	1999-12-20	1	0
3469	1014501	2000-01-17	1	0
3470	1014601	2000-01-17	1	0
3471	1014401	2000-01-16	1	6
3472	1014402	2000-01-16	1	22
3475	1014401	2000-02-13	1	0
3476	1014402	2000-02-13	1	0
3596	2051201	1999-11-14	1	16
3601	2051201	2000-01-15	1	0
3603	2051201	2000-02-12	1	85
3608	2051201	2000-11-18	1	0
3611	2051201	2000-12-16	1	4
3613	2051201	2001-01-13	1	30
3615	2051201	2001-02-17	1	0
378	3152401	2000-01-16	1	0
380	3153334	2000-01-16	1	0
381	3153312	2000-01-16	1	0
385	3153314	2000-01-16	1	0
386	3153316	2000-01-15	1	0
387	3152702	2000-01-15	1	0
388	3153308	2000-01-15	1	0
4231	3152702	2000-11-11	1	0
4232	3153316	2000-11-11	1	0
4271	3153314	2000-11-11	1	0
4274	3153312	2000-11-11	1	1
4275	3153334	2000-11-11	1	0
4277	3152401	2000-11-11	1	0
4322	3153308	2000-11-11	1	0
4335	3153308	2000-12-16	1	0
4373	3153316	2000-12-16	1	0
4374	3152702	2000-12-16	1	0
4432	3152401	2000-12-16	1	1
4433	3153334	2000-12-16	1	0
4434	3153312	2000-12-16	1	1
4438	3153314	2000-12-16	1	0
4439	3153314	2001-01-13	1	61
4443	3153312	2001-01-13	1	0
4444	3153334	2001-01-13	1	0
4445	3152401	2001-01-13	1	5
4491	3152702	2001-01-13	1	7
4492	3153316	2001-01-13	1	46
4535	3153308	2001-01-13	1	0
4546	3153308	2001-02-17	1	0
4586	3152401	2001-02-17	1	0
4587	3152404	2001-02-17	1	0
4588	3153334	2001-02-17	1	0
4590	3153312	2001-02-17	1	0
4591	3153314	2001-02-17	1	0
4647	3153316	2001-02-17	1	0
4648	3152702	2001-02-17	1	0
4773	1020701	2000-11-11	1	0
4776	1020706	2000-11-13	1	0
4777	1020107	2000-11-12	1	0
4778	1020202	2000-11-12	1	0
4779	1020104	2000-11-11	1	280
4780	1020302	2000-11-11	1	100
4784	1020701	2000-12-17	0	600
4788	1020706	2000-12-17	1	125
4789	1020202	2000-12-17	1	2
4790	1020107	2000-12-15	1	0
4791	1020104	2000-12-15	1	360
4792	1020302	2000-12-16	1	80
4797	1020701	2001-01-13	1	150
4801	1020105	2000-12-15	1	0
4803	1020706	2001-01-13	1	50
4805	1020107	2001-01-14	1	250
4806	1020105	2001-01-14	1	123
4807	1020302	2001-01-13	1	0
4817	1020706	2001-02-17	1	4
4818	1020701	2001-02-18	1	250
4820	1020202	2001-02-18	1	1420
4821	1020107	2001-02-18	1	0
4823	1020105	2001-02-17	1	18
4824	1020104	2001-02-17	1	25
4825	1020302	2001-02-18	1	105
5198	1030309	2000-12-17	1	476
5227	1030309	2001-01-14	1	72
5483	1010903	2000-11-15	1	0
5484	1010904	2000-11-15	1	0
5486	1010906	2000-11-15	1	670
5546	2053701	2001-11-18	1	0
5547	2053701	2001-12-16	1	0
5548	2053701	2002-01-13	1	0
5549	2053701	2002-02-17	1	0
5558	2051201	2001-11-17	1	0
5559	2051201	2001-12-15	1	0
5560	2051201	2002-01-12	1	0
5561	2051201	2002-02-16	1	0
602	3153316	2000-02-12	1	0
603	3152702	2000-02-12	1	0
6049	1010802	2000-11-11	1	0
6050	1011201	2000-11-11	1	0
6054	1011101	2000-11-11	1	0
6055	1012501	2000-11-11	1	85
6060	1010301	2000-11-11	1	0
6063	1011404	2000-11-11	1	0
6073	1010519	2000-11-14	1	110
6074	1021904	2000-11-14	1	250
6077	1010518	2000-11-14	1	0
6078	1011502	2000-11-14	1	0
6079	1011503	2000-11-14	1	0
6080	1014601	2000-11-14	1	10
6081	1014501	2000-11-14	1	0
6086	1012102	2000-11-14	1	27
6088	1011601	2000-11-14	1	0
6089	1012101	2000-11-14	1	0
6091	1014402	2000-11-14	1	0
6092	1014401	2000-11-14	1	0
6116	1011201	2000-12-15	1	0
6119	1011101	2000-12-15	1	25
6120	1012501	2000-12-15	1	280
6122	1014201	2000-12-15	1	245
6126	1010301	2000-12-17	1	0
6129	1011404	2000-12-17	1	0
6131	1014401	2000-12-17	1	0
6132	1014402	2000-12-17	1	0
6138	1011601	2000-12-19	1	0
6139	1012101	2000-12-19	1	0
6140	1012102	2000-12-19	1	0
6141	1011502	2000-12-19	1	0
6142	1011503	2000-12-19	0	30
6143	1014501	2000-12-19	1	0
6144	1014601	2000-12-19	1	0
6168	1010802	2001-01-13	1	0
6170	1011101	2001-01-13	1	0
6171	1012501	2001-01-13	1	0
6172	1014201	2001-01-13	1	0
6173	1012102	2001-01-14	1	45
6175	1011601	2001-01-14	1	23
6176	1012101	2001-01-14	1	0
6178	1013003	2001-01-14	0	2
6181	1014401	2001-01-14	1	0
6182	1014402	2001-01-14	1	0
6184	1010907	2001-01-15	1	330
6185	1014501	2001-01-15	1	0
6186	1014601	2001-01-15	1	0
6188	1011404	2001-01-15	1	0
6190	1010301	2001-01-15	1	0
6197	1010515	2001-01-21	1	0
6222	1010802	2001-02-18	1	0
6223	1011201	2001-02-18	1	0
6226	1011101	2001-02-18	1	124
6227	1012501	2001-02-18	1	0
6228	1011404	2001-02-17	1	0
6231	1010301	2001-02-17	1	0
6234	1014401	2001-02-17	1	0
6235	1014402	2001-02-17	1	0
6249	1011601	2001-02-18	1	0
6250	1012101	2001-02-18	1	0
6251	1012102	2001-02-18	1	0
6255	1014601	2001-02-18	1	1
6256	1014501	2001-02-18	1	21
6257	1010907	2001-02-18	0	0
6353	1030309	2000-11-11	1	0
6354	1030309	2001-02-18	1	465
640	1020701	1999-11-13	1	120
644	1020107	1999-11-14	1	0
647	1020202	1999-11-14	1	80
648	1020706	1999-11-15	1	0
649	1020105	1999-11-15	1	0
6491	1030204	2000-11-12	1	42
650	1020104	1999-11-15	1	0
6503	1030204	2000-12-10	1	26
6506	1030701	2000-12-17	1	65
651	1020704	1999-11-13	1	0
6512	1030204	2001-01-21	1	0
6519	1030701	2001-01-14	1	818
6528	1030204	2001-02-18	1	0
6531	1030701	2001-02-18	0	0
655	1020107	1999-12-18	1	0
6559	1010515	2000-11-12	1	0
6560	1010515	2000-12-24	1	0
6561	1010515	2001-02-18	1	0
657	1020202	1999-12-18	1	250
658	1020706	1999-12-19	1	0
659	1020104	1999-12-18	1	0
660	1020704	1999-12-19	1	0
6602	2053701	2000-11-19	1	0
6603	2053701	2000-12-17	1	0
6604	2053701	2001-01-14	1	45
6605	2053701	2001-02-18	1	8
663	1020105	1999-12-18	1	48
667	1020701	2000-01-15	1	490
670	1020704	2000-01-15	1	4
673	1020105	2000-01-15	1	256
674	1020104	2000-01-15	1	56
6751	1021904	2000-12-17	1	656
6757	1011502	2001-01-13	1	78
676	1020202	2000-01-15	1	244
6765	1010519	2001-02-18	1	0
6767	1021904	2001-02-18	1	1121
6768	1011502	2001-02-18	1	0
6769	1011503	2001-02-18	1	0
677	1020706	2000-01-16	1	0
678	1020706	2000-02-11	1	0
679	1020701	2000-02-14	1	150
682	1020704	2000-02-12	1	0
686	1020105	2000-02-12	1	0
688	1020104	2000-02-12	1	0
689	1020107	2000-02-11	1	4
691	1020202	2000-02-12	1	240
892	1020302	2000-01-15	1	171
893	1020302	1999-12-18	1	0
894	1020302	1999-11-15	1	6
896	1020302	2000-02-12	1	0
