ObservationID	LocationID	Date	Complete	Count
632	1020701	1999-10-16	1	0
634	1020101	1999-10-16	1	0
640	1020701	1999-11-13	1	0
641	1020101	1999-11-13	1	0
664	1020101	1999-12-18	1	0
667	1020701	2000-01-15	1	0
668	1020101	2000-01-15	1	0
679	1020701	2000-02-14	1	0
684	1020101	2000-02-14	1	0
701	1020101	2000-03-17	1	0
2355	1030309	1999-10-17	1	71
2356	1030319	1999-10-17	1	0
2357	1030320	1999-10-17	1	2
2358	1032001	1999-10-17	1	0
2368	1030701	1999-10-17	1	0
2401	1030309	1999-11-14	1	36
2403	1030319	1999-11-14	1	0
2404	1030320	1999-11-14	1	6
2405	1032001	1999-11-15	1	1
2406	1030701	1999-11-14	1	0
2419	1030204	1999-11-15	1	9
2435	1030602	1999-11-13	1	238
2447	1030309	1999-12-19	1	26
2450	1030319	1999-12-13	1	1
2451	1030320	1999-12-13	1	14
2452	1030701	1999-12-19	1	0
2457	1030602	1999-12-16	1	245
2466	1030204	1999-12-13	1	2
2492	1030309	2000-01-15	1	20
2495	1030319	2000-01-24	1	20
2496	1030320	2000-01-24	1	5
2498	1032001	2000-01-16	1	0
2499	1030701	2000-01-16	1	0
2502	1030602	2000-01-23	1	172
2507	1030204	2000-01-23	1	4
2539	1030309	2000-02-13	1	17
2540	1032001	2000-02-14	1	0
2543	1030319	2000-02-21	1	26
2544	1030320	2000-02-21	1	20
2549	1030204	2000-02-20	1	2
2562	1030602	2000-02-20	1	195
2564	1030701	2000-02-13	1	0
2587	1030309	2000-03-19	1	45
2588	1030319	2000-03-20	1	0
2589	1030320	2000-03-20	1	0
2590	1032001	2000-03-19	1	0
2596	1030204	2000-03-19	1	12
2597	1030701	2000-03-19	1	0
2605	1030602	2000-03-19	1	155
3294	1010515	1999-10-18	1	500
3300	1010515	1999-11-14	1	398
3307	1010515	1999-12-12	1	415
3312	1010515	2000-01-23	1	365
3318	1010515	2000-02-20	1	285
3323	1010515	2000-03-19	1	202
4761	1020101	2000-10-14	1	0
4762	1020701	2000-10-14	0	0
4771	1020101	2000-11-11	1	4
4773	1020701	2000-11-11	1	0
4783	1020101	2000-12-17	1	0
4784	1020701	2000-12-17	0	0
4796	1020101	2001-01-13	1	0
4797	1020701	2001-01-13	1	0
4811	1020101	2001-02-18	1	0
4818	1020701	2001-02-18	1	0
4828	1020101	2001-03-17	1	0
4829	1020701	2001-03-17	1	0
5145	1030204	2000-10-15	1	38
5146	1030701	2000-10-15	1	0
5198	1030309	2000-12-17	1	0
5227	1030309	2001-01-14	1	4
5423	1030309	2001-03-18	1	38
6011	1010515	2000-10-15	1	415
6197	1010515	2001-01-21	1	99
6352	1030309	2000-10-15	1	3
6353	1030309	2000-11-11	1	38
6354	1030309	2001-02-18	1	42
6482	1032001	2000-10-17	1	0
6483	1030319	2000-10-15	1	0
6484	1030320	2000-10-15	1	6
6485	1030321	2000-10-15	1	2
6488	1030602	2000-10-13	1	312
6490	1032001	2000-11-20	1	1
6491	1030204	2000-11-12	1	61
6492	1030321	2000-11-12	1	130
6493	1030320	2000-11-12	1	0
6494	1030319	2000-11-12	1	0
6497	1030602	2000-11-12	1	316
6499	1032001	2000-12-16	1	4
6500	1030319	2000-12-11	1	0
6501	1030320	2000-12-11	1	2
6502	1030321	2000-12-11	1	0
6503	1030204	2000-12-10	1	31
6506	1030701	2000-12-17	1	0
6507	1030602	2000-12-10	1	255
6508	1032001	2001-01-13	1	1
6512	1030204	2001-01-21	1	26
6513	1030319	2001-01-21	1	0
6514	1030320	2001-01-21	1	4
6515	1030321	2001-01-21	1	2
6516	1030602	2001-01-21	1	57
6519	1030701	2001-01-14	1	0
6522	1032001	2001-02-17	1	0
6523	1030319	2001-02-18	1	0
6524	1030320	2001-02-18	1	0
6525	1030321	2001-02-18	1	1
6528	1030204	2001-02-18	1	18
6529	1030602	2001-02-05	1	57
6531	1030701	2001-02-18	0	0
6532	1032001	2001-03-25	1	0
6533	1030319	2001-03-11	1	31
6534	1030320	2001-03-11	1	2
6535	1030321	2001-03-11	1	0
6538	1030204	2001-03-11	1	9
6540	1020402	2000-10-15	1	108
6541	1020137	2000-10-15	1	424
6542	1021602	2000-10-15	1	0
6543	1020402	2000-11-12	1	232
6544	1020137	2000-11-12	1	352
6545	1021602	2000-11-12	1	60
6546	1020402	2000-12-10	1	103
6547	1020137	2000-12-10	1	366
6548	1021602	2000-12-10	1	46
6549	1020402	2001-01-21	1	95
6550	1020137	2001-01-21	1	413
6551	1021602	2001-01-21	1	0
6552	1020402	2001-02-18	1	259
6553	1020137	2001-02-18	1	241
6554	1021602	2001-02-18	1	0
6555	1020402	2001-03-11	1	150
6556	1020137	2001-03-11	1	488
6557	1021602	2001-03-11	1	0
6559	1010515	2000-11-12	1	420
6560	1010515	2000-12-24	1	400
6561	1010515	2001-02-18	1	350
6562	1010515	2001-03-18	1	537
112347	1010515	2001-10-14	1	393
112401	1010515	2001-11-18	1	515
112443	1010515	2001-12-16	1	261
112497	1010515	2002-01-13	1	204
112565	1010515	2002-02-10	1	412
112566	1010515	2002-03-10	1	331
112603	1030309	2001-10-14	1	36
112604	1030319	2001-10-14	1	0
112605	1030320	2001-10-14	1	0
112606	1030321	2001-10-14	1	0
112608	1032001	2001-10-14	1	0
112612	1030204	2001-10-14	1	0
112613	1030701	2001-10-14	1	0
112644	1030309	2001-11-18	1	15
112645	1030319	2001-11-18	1	13
112646	1030320	2001-11-18	1	0
112647	1030321	2001-11-18	1	28
112649	1032001	2001-11-16	1	3
112650	1030204	2001-11-18	1	23
112653	1030701	2001-11-18	1	0
112684	1030309	2001-12-16	1	25
112685	1030319	2001-12-16	1	22
112686	1030320	2001-12-16	1	0
112687	1030321	2001-12-16	1	3
112689	1032001	2001-12-17	1	1
112691	1030204	2001-12-16	1	30
112696	1030701	2001-12-17	1	0
112728	1030309	2002-01-13	1	6
112729	1030319	2002-01-13	1	2
112730	1030320	2002-01-13	1	2
112731	1030321	2002-01-13	1	2
112733	1032001	2002-01-13	1	3
112766	1030309	2002-02-17	1	46
112771	1032001	2002-02-16	1	4
112772	1030204	2002-02-17	1	24
112810	1030309	2002-03-10	1	57
112815	1032001	2002-03-16	1	0
112818	1030701	2002-03-16	1	0
112857	1020101	2001-10-13	1	0
112874	1020101	2001-11-18	1	0
112892	1020101	2001-12-16	1	15
112893	1020701	2001-12-16	1	0
112910	1020101	2002-01-13	1	0
112912	1020701	2002-01-13	1	27
112933	1020101	2002-02-16	1	11
112935	1020701	2002-02-16	1	50
112949	1020101	2002-03-16	1	0
112950	1020701	2002-03-16	1	0
113008	1020402	2001-10-14	1	205
113009	1020137	2001-10-14	1	409
113010	1021602	2001-10-14	0	0
113011	1020402	2001-11-18	1	377
113012	1020137	2001-11-18	1	299
113014	1020402	2001-12-16	1	232
113015	1020137	2001-12-16	1	77
113016	1021602	2001-12-16	1	52
113017	1020402	2002-01-13	1	366
113018	1020137	2002-01-13	1	104
113019	1021602	2002-01-13	1	0
113020	1020402	2002-02-10	1	337
113021	1020137	2002-02-10	1	258
113022	1021602	2002-02-10	1	20
113023	1020402	2002-03-10	1	30
113024	1020137	2002-03-10	1	506
113025	1021602	2002-03-10	1	6
115047	1030204	2002-01-13	1	15
115049	1030204	2002-03-10	1	16
115050	1030319	2002-02-10	1	2
115051	1030319	2002-03-10	1	0
115052	1030321	2002-02-10	1	7
115053	1030321	2002-03-10	1	4
115054	1030602	2001-10-14	1	262
115055	1030602	2001-11-18	1	225
115056	1030602	2001-12-16	1	112
115057	1030602	2002-01-13	1	138
115058	1030602	2002-02-10	1	235
115059	1030602	2002-03-10	1	180
138764	1020101	2002-10-12	1	0
138769	1020701	2002-10-12	1	0
138777	1020101	2002-11-16	1	0
138779	1020701	2002-11-16	1	0
138789	1020101	2002-12-14	1	0
138792	1020701	2002-12-14	1	0
138814	1020101	2003-01-18	1	0
138817	1020701	2003-01-18	1	0
138843	1020101	2003-02-16	1	0
138845	1020701	2003-02-16	1	0
138855	1020101	2003-03-15	1	0
139124	1030309	2002-10-13	1	34
139126	1032001	2002-10-13	1	0
139189	1030701	2002-10-13	1	0
139226	1030602	2002-10-20	1	325
139227	1030319	2002-10-20	1	26
139228	1030320	2002-10-20	1	2
139230	1030204	2002-10-20	1	10
139231	1030319	2002-11-17	1	35
139232	1030320	2002-11-17	1	79
139233	1030309	2002-11-17	1	55
139235	1032001	2002-11-17	1	6
139239	1030602	2002-11-17	1	300
139240	1030701	2002-11-17	1	0
139242	1030204	2002-11-17	1	8
139275	1030309	2002-12-15	1	90
139277	1030319	2002-12-14	1	5
139278	1030320	2002-12-14	1	15
139284	1030204	2002-12-15	1	14
139285	1032001	2002-12-15	1	0
139315	1030319	2003-01-19	1	3
139316	1030320	2003-01-19	1	9
139317	1030309	2003-01-19	1	9
139323	1032001	2003-01-19	1	1
139467	1030204	2003-01-19	1	2
139534	1030309	2003-02-16	1	48
139535	1030319	2003-02-16	1	17
139536	1030320	2003-02-16	1	0
139537	1032001	2003-02-16	1	4
139572	1030309	2003-03-16	1	29
139574	1030319	2003-03-16	1	0
139575	1030320	2003-03-16	1	4
139576	1032001	2003-03-16	1	0
139589	1030701	2003-03-16	1	0
139999	1010515	2003-01-19	1	44
140053	1010515	2002-10-20	1	483
140084	1010515	2002-11-17	1	71
140134	1010515	2002-12-15	1	56
140186	1010515	2003-02-16	1	215
140315	1010515	2003-03-16	1	444
140613	1030701	2002-12-15	1	0
140614	1030701	2003-01-19	1	0
140615	1030701	2003-02-16	1	0
140635	1030204	2003-02-16	1	14
140636	1030204	2003-03-16	1	3
140637	1030602	2002-12-15	1	333
140638	1030602	2003-01-19	1	302
140639	1030602	2003-02-16	1	100
140640	1030602	2003-03-16	1	252
142092	1020402	2002-10-20	1	491
142093	1020137	2002-10-20	1	215
142094	1021602	2002-10-20	1	20
142095	1020402	2002-11-17	1	491
142096	1020137	2002-11-17	1	68
142097	1021602	2002-11-17	1	16
142098	1020402	2002-12-15	1	341
142099	1020137	2002-12-15	1	82
142100	1021602	2002-12-15	1	0
142101	1020402	2003-01-19	1	347
142102	1020137	2003-01-19	1	67
142103	1021602	2003-01-19	1	9
142104	1020402	2003-02-16	1	343
142105	1020137	2003-02-16	1	328
142106	1021602	2003-02-16	1	0
142107	1020402	2003-03-16	1	301
142108	1020137	2003-03-16	1	421
142109	1021602	2003-03-16	1	60
142587	1032001	2005-10-18	1	0
142642	1030204	2005-10-16	1	52
142643	1030210	2005-10-16	1	0
142780	1030309	2005-10-16	1	36
142853	1030701	2005-10-16	1	0
142862	1030602	2005-10-16	1	220
142902	1010515	2005-10-16	1	745
143092	1030204	2005-11-13	1	52
143094	1030210	2005-11-13	1	0
143273	1030309	2005-11-20	1	3
143303	1030701	2005-11-13	1	0
143476	1032001	2005-11-12	1	0
143479	1032001	2005-12-11	1	0
143503	1030309	2005-12-11	1	15
143527	1030701	2005-12-10	1	0
143835	1030210	2003-12-19	1	0
144225	1030309	2006-01-15	1	5
144257	1030204	2006-01-15	1	0
144271	1030701	2006-01-15	1	0
144321	1032001	2006-01-15	1	0
144372	1030204	2005-12-19	1	11
144373	1030210	2005-12-19	1	0
144903	1030204	2006-02-19	1	0
144972	1032001	2006-02-23	1	0
145005	1030309	2006-02-19	1	23
145049	1030701	2006-02-19	1	57
145380	1032001	2006-03-19	1	0
145663	1030204	2006-03-19	1	0
145820	1030701	2006-03-19	1	1
145962	1030320	2005-10-16	1	0
145963	1030319	2005-10-16	1	0
145964	1030321	2005-10-16	1	0
145965	1030320	2005-11-20	1	5
145966	1030319	2005-11-20	1	0
145967	1030321	2005-11-20	1	0
145968	1030320	2005-12-12	1	0
145969	1030319	2005-12-12	1	0
145970	1030321	2005-12-12	1	0
145971	1030320	2006-01-15	1	1
145972	1030319	2006-01-15	1	0
145973	1030321	2006-01-15	1	0
145974	1030320	2006-02-20	1	1
145975	1030319	2006-02-20	1	0
145976	1030321	2006-02-20	1	12
145977	1030320	2006-03-19	1	1
145978	1030319	2006-03-19	1	0
145979	1030321	2006-03-19	1	0
146048	1010515	2005-11-13	1	375
146122	1010515	2005-12-18	1	695
146184	1010515	2006-01-15	1	369
146255	1030309	2006-03-19	1	8
146461	1020137	2005-11-13	1	110
146473	1020101	2005-12-18	1	0
146474	1020701	2005-12-18	1	0
146477	1020137	2005-12-18	1	112
146492	1020137	2006-01-15	1	110
146630	1010515	2006-02-19	1	415
146678	1010515	2006-03-19	1	755
147608	1020701	2003-12-13	1	0
147651	1020701	2004-01-17	1	14
148029	1030309	2004-10-17	1	10
148035	1030319	2004-10-17	1	31
148039	1030320	2004-10-17	1	2
148044	1032001	2004-10-17	1	0
148059	1030321	2004-10-17	1	22
148068	1030701	2004-10-17	1	0
148118	1010515	2004-12-12	1	259
148198	1030321	2004-11-14	1	2
148202	1030701	2004-11-13	1	0
148230	1030309	2004-11-14	1	34
148231	1030319	2004-11-14	1	0
148232	1030320	2004-11-14	1	1
148233	1032001	2004-11-14	1	0
148286	1010515	2005-01-23	1	432
148289	1030701	2004-12-18	1	37
148336	1030309	2004-12-19	1	32
148337	1030319	2004-12-13	1	35
148340	1032001	2004-12-19	1	8
148391	1030701	2005-01-16	1	37
148421	1030309	2005-01-16	1	14
148425	1032001	2005-01-16	1	0
148457	1030701	2005-02-23	1	0
148496	1030309	2005-02-13	1	32
148501	1032001	2005-02-13	1	0
148540	1030321	2005-03-13	1	0
148545	1030701	2005-03-13	1	3
148551	1010515	2005-02-17	1	783
148600	1030309	2005-03-13	1	6
148606	1030319	2005-03-13	1	34
148608	1030320	2005-03-13	1	4
148647	1030204	2003-11-15	1	16
148670	1030204	2003-12-14	1	0
148684	1010515	2005-03-13	1	755
148704	1030210	2004-01-18	1	0
148705	1030204	2004-01-18	1	25
148710	1030204	2004-02-14	1	0
148717	1030204	2004-03-15	1	8
148761	1030602	2004-10-17	1	164
148773	1030204	2004-10-17	1	4
148800	1030309	2003-10-19	1	33
148804	1032001	2003-10-12	1	2
148810	1030309	2003-11-16	1	19
148813	1032001	2003-11-16	1	5
148819	1030309	2003-12-14	1	7
148823	1032001	2003-12-14	1	10
148831	1030602	2004-11-14	1	121
148832	1030309	2004-01-18	1	41
148833	1030204	2004-11-14	1	3
148839	1030319	2004-01-18	1	5
148843	1030320	2004-01-18	1	16
148849	1030309	2004-02-15	1	37
148850	1030319	2004-02-15	1	0
148852	1032001	2004-02-14	1	1
148857	1030309	2004-03-14	1	34
148858	1032001	2004-03-21	1	0
149008	1010515	2004-10-17	1	535
149106	1010515	2004-11-14	1	447
149703	1030701	2003-10-19	1	0
149704	1030701	2003-11-16	1	0
149705	1030701	2003-12-14	1	161
149706	1030701	2004-01-18	1	80
149707	1030701	2004-02-15	1	0
149708	1030701	2004-03-14	1	0
150507	1030309	2006-10-15	1	7
150540	1032001	2006-10-14	1	0
150553	1030319	2006-10-15	1	0
150554	1030321	2006-10-15	1	0
150555	1030320	2006-10-15	1	0
150667	1030701	2006-10-15	1	0
150701	1010515	2006-10-16	1	557
150910	1030204	2006-10-16	1	6
150965	1010515	2003-10-12	1	428
150971	1010515	2003-11-09	1	377
151046	1032001	2006-11-18	1	0
151206	1030319	2006-11-19	1	1
151223	1030320	2006-11-19	1	0
151224	1030321	2006-11-19	1	1
151279	1030309	2006-11-19	1	0
151291	1030701	2006-11-19	1	0
151397	1010515	2006-11-19	1	490
151468	1030204	2006-11-19	1	25
151672	1010515	2003-12-07	1	272
151724	1010515	2004-01-18	1	362
151992	1030309	2006-12-16	1	8
152058	1030204	2006-12-17	1	72
152080	1030701	2006-12-17	1	7
152111	1030321	2006-12-17	1	7
152112	1030320	2006-12-17	1	0
152113	1030319	2006-12-17	1	12
152139	1032001	2006-12-17	1	77
152535	1020101	2005-01-16	1	0
152700	1032001	2007-01-12	1	6
152786	1030309	2007-01-14	1	8
152787	1030319	2007-01-14	1	0
152788	1030321	2007-01-14	1	0
152789	1030320	2007-01-14	1	0
152839	1030701	2007-01-14	1	0
152936	1010515	2006-12-18	1	200
152980	1032001	2004-01-17	1	0
153015	1030204	2007-01-14	1	0
153078	1010515	2007-01-21	1	635
153098	1010515	2004-02-22	1	490
153644	1032001	2007-02-18	1	0
153687	1030204	2007-02-18	1	0
153726	1030701	2007-02-18	1	15
153732	1030309	2007-02-18	1	0
153745	1030319	2007-02-18	1	0
153746	1030321	2007-02-18	1	0
153747	1030320	2007-02-18	1	0
154322	1032001	2007-03-17	1	0
154618	1030309	2007-03-18	1	11
154634	1020101	2006-01-14	1	0
154635	1020701	2006-01-14	1	0
154641	1020101	2006-02-18	1	0
154644	1020701	2006-02-18	1	0
154648	1020101	2006-03-18	1	0
154649	1020701	2006-03-18	1	0
154653	1020101	2006-10-14	1	0
154654	1020701	2006-10-14	1	0
154663	1020101	2006-11-18	1	0
154665	1020701	2006-11-18	1	0
154666	1020101	2007-01-13	1	0
154668	1020701	2007-01-13	1	0
154672	1020101	2007-02-17	1	0
154673	1020701	2007-02-17	1	0
154702	1010515	2007-02-18	1	281
154975	1030701	2007-03-17	1	2
155169	1020101	2006-12-14	1	0
155170	1020701	2006-12-14	1	0
155179	1020101	2004-10-15	1	0
155181	1020701	2004-10-15	1	0
155183	1020101	2004-11-13	1	0
155185	1020701	2004-11-13	1	0
155213	1020101	2004-12-18	1	0
155214	1020701	2004-12-18	1	0
155221	1020701	2005-02-12	1	0
155223	1020101	2005-02-12	1	0
155225	1020101	2005-03-12	1	0
155227	1020701	2005-03-12	1	0
155244	1020101	2005-10-15	1	0
155245	1020701	2005-10-15	1	0
155249	1020101	2005-11-12	1	0
155250	1020701	2005-11-12	1	0
155254	1020101	2007-03-17	1	0
155255	1020701	2007-03-17	1	0
155331	1010515	2007-03-18	1	245
155357	1030319	2007-03-18	1	0
155358	1030321	2007-03-18	1	9
155359	1030320	2007-03-18	1	2
155484	1030204	2007-03-18	1	0
156108	1030204	2004-12-12	1	4
156112	1030204	2005-01-23	1	7
156116	1030204	2005-02-20	1	26
156117	1030204	2005-03-13	1	14
156699	1032001	2005-03-13	1	1
157539	1010515	2004-03-07	1	352
157540	1020402	2003-10-12	1	403
157541	1020402	2003-11-09	1	567
157542	1020402	2003-12-07	1	476
157543	1020402	2004-01-18	1	323
157544	1020402	2004-02-15	1	416
157545	1020402	2004-03-07	1	290
157546	1020402	2004-10-15	1	453
157547	1020402	2004-11-14	1	526
157548	1020402	2004-12-12	1	559
157549	1020402	2005-01-23	1	406
157550	1020402	2005-02-20	1	248
157551	1020402	2005-03-13	1	327
157552	1020402	2007-01-21	1	136
157553	1020137	2003-10-12	1	111
157554	1020137	2003-11-09	1	54
157555	1020137	2003-12-07	1	12
157556	1020137	2004-01-18	1	61
157557	1020137	2004-02-15	1	36
157558	1020137	2004-03-07	1	145
157559	1020137	2004-10-15	1	209
157560	1020137	2004-11-14	1	39
157561	1020137	2004-12-12	1	42
157562	1020137	2005-01-23	1	109
157563	1020137	2005-02-20	1	243
157564	1020137	2005-03-13	1	102
157565	1020137	2007-01-21	1	153
157566	1021602	2003-10-12	1	58
157567	1021602	2003-11-09	1	29
157568	1021602	2003-12-07	1	33
157569	1021602	2004-01-18	1	23
157570	1021602	2004-02-15	1	6
157571	1021602	2004-03-07	1	28
157572	1021602	2004-10-15	1	3
157573	1021602	2004-11-14	1	16
157574	1021602	2004-12-12	1	24
157575	1021602	2005-01-23	1	18
157576	1021602	2005-02-20	1	7
157577	1021602	2005-03-13	1	11
157578	1021602	2007-01-21	1	33
157579	1030602	2003-10-12	1	310
157580	1030602	2003-11-09	1	274
157581	1030602	2003-12-07	1	154
157582	1030602	2004-01-18	1	234
157583	1030602	2004-02-08	1	251
157584	1030602	2004-03-07	1	150
157585	1030602	2004-12-12	1	154
157586	1030602	2005-01-23	1	94
157587	1030602	2005-02-20	1	146
157588	1030602	2005-03-13	1	75
157589	1030602	2007-01-21	1	79
157590	1030319	2003-10-12	1	0
157591	1030319	2003-11-09	1	24
157592	1030319	2003-12-07	1	24
157593	1030319	2004-03-07	1	28
157595	1030319	2005-01-23	1	0
157596	1030319	2005-02-20	1	21
157597	1030320	2003-10-12	1	1
157598	1030320	2003-11-09	1	36
157600	1030320	2004-02-08	1	2
157601	1030320	2004-03-07	1	0
157602	1030320	2004-12-12	1	3
157603	1030320	2005-01-23	1	4
157604	1030320	2005-02-20	1	0
157610	1020402	1999-10-10	1	54
157611	1020402	1999-11-14	1	43
157612	1020402	1999-12-12	1	85
157613	1020402	2000-01-23	1	0
157614	1020402	2000-02-20	1	78
157615	1020402	2000-03-19	1	62
157616	1020137	1999-10-10	1	431
157617	1020137	1999-11-14	1	354
157618	1020137	1999-12-12	1	355
157619	1020137	2000-01-23	1	362
157620	1020137	2000-02-20	1	195
157621	1020137	2000-03-19	1	430
157622	1021602	1999-10-10	1	21
157623	1021602	1999-11-14	1	1
157624	1021602	1999-12-12	1	19
157625	1021602	2000-01-23	1	122
157626	1021602	2000-02-20	1	213
157627	1021602	2000-03-19	1	140
157628	1020402	2007-02-18	1	292
157629	1020137	2007-02-18	1	144
157630	1021602	2007-02-18	1	13
157804	1030210	2007-10-14	1	0
157807	1030204	2007-10-14	1	4
158008	1030701	2007-10-14	1	0
158087	1010515	2007-10-15	1	775
158125	1030321	2007-10-14	1	1
158126	1030320	2007-10-14	1	0
158128	1030319	2007-10-14	1	0
158133	1030309	2007-10-14	1	1
158164	1032001	2007-10-19	1	0
158312	1032001	2007-11-17	1	0
158356	1030210	2007-11-17	1	0
158358	1030204	2007-11-17	1	1
158679	1030701	2007-11-18	1	0
158790	1030309	2007-11-18	1	1
158793	1030320	2007-11-25	1	0
158794	1030319	2007-11-25	1	0
158795	1030321	2007-11-25	1	56
158900	1010515	2007-11-25	1	610
158950	1030210	2007-12-14	1	0
158951	1030204	2007-12-14	1	0
159087	1020101	2007-12-16	1	0
159089	1020701	2007-12-16	1	2
159091	1020137	2007-12-16	1	0
159240	1030309	2007-12-16	1	8
159370	1030701	2007-12-16	1	0
159420	1032001	2007-12-15	1	3
159443	1030319	2007-12-23	1	0
159444	1030320	2007-12-23	1	9
159445	1030321	2007-12-23	1	0
159515	1010515	2007-12-24	1	306
159727	1030210	2008-01-13	1	0
159728	1030204	2008-01-13	1	13
159730	1032001	2008-01-13	1	0
160025	1030309	2008-01-13	1	2
160129	1020402	2008-01-13	1	353
160130	1021602	2008-01-13	1	17
160131	1020137	2008-01-13	1	198
160176	1010515	2008-01-13	1	145
160214	1030701	2008-01-13	1	0
160313	1030319	2008-01-13	1	0
160314	1030321	2008-01-13	1	0
160315	1030320	2008-01-13	1	20
160452	1030210	2008-02-17	1	0
160454	1030204	2008-02-17	1	11
160625	1030701	2008-02-17	1	0
160701	1032001	2008-02-21	1	0
160855	1030319	2008-02-17	1	0
160856	1030321	2008-02-17	1	0
160857	1030320	2008-02-17	1	0
160858	1030309	2008-02-17	1	4
160904	1030210	2008-03-13	1	0
160906	1030204	2008-03-13	1	3
161096	1020137	2008-02-17	1	169
161241	1030309	2008-03-16	1	5
161295	1032001	2008-03-22	1	0
161339	1030701	2008-03-16	1	0
161400	1030321	2008-03-16	1	16
161401	1030320	2008-03-16	1	0
161402	1030319	2008-03-16	1	0
161579	1010515	2008-02-17	1	35
161660	1010515	2008-03-17	1	1065
162188	1030210	2008-10-18	1	0
162191	1030204	2008-10-18	1	5
162442	1030309	2008-10-19	1	2
162488	1030701	2008-10-19	1	2
162583	1030321	2008-10-19	1	7
162584	1030320	2008-10-19	1	0
162585	1030319	2008-10-19	1	0
162617	1032001	2008-10-23	1	0
162752	1030210	2008-11-15	1	0
162761	1030204	2008-11-15	1	94
163073	1030701	2008-11-16	1	4
163082	1030309	2008-11-16	1	1
163162	1032001	2008-11-16	1	0
163300	1030319	2008-11-18	1	11
163301	1030321	2008-11-18	1	1
163303	1030320	2008-11-18	1	0
163331	1010515	2008-11-16	1	544
163428	1010515	2008-10-19	1	693
163453	1030210	2008-12-13	1	0
163457	1030204	2008-12-13	1	40
163578	1032001	2008-12-13	1	2
163738	1030701	2008-12-14	1	3
163739	1030602	2008-12-13	1	0
163763	1030309	2008-12-14	1	2
163891	1010515	2008-12-14	1	305
164073	1020137	2008-10-19	1	233
164085	1020137	2008-11-16	1	105
164097	1020137	2008-12-14	1	315
164099	1030321	2008-12-14	1	0
164100	1030319	2008-12-14	1	1
164101	1030320	2008-12-14	1	5
164173	1030210	2009-01-16	1	0
164483	1030309	2009-01-18	1	11
164761	1032001	2009-01-16	1	0
164795	1030701	2009-01-18	0	3
164862	1030320	2009-01-18	1	0
164864	1030321	2009-01-18	1	12
164868	1030319	2009-01-18	1	0
164908	1030210	2009-02-14	1	0
164910	1030204	2009-02-14	1	6
165034	1032001	2009-02-15	1	0
165238	1030309	2009-02-15	1	0
165240	1030701	2009-02-15	1	0
165470	1010515	2009-02-15	1	87
165497	1030319	2009-02-15	1	0
165498	1030321	2009-02-15	1	1
165499	1030320	2009-02-15	1	0
165734	1030210	2009-03-13	1	0
165736	1030204	2009-03-13	1	2
165825	1032001	2009-03-14	1	0
165903	1020137	2009-02-15	1	128
166057	1030319	2009-03-15	1	0
166058	1030321	2009-03-15	1	1
166059	1030320	2009-03-15	1	0
166080	1030309	2009-03-15	1	5
166230	1032001	1999-12-19	1	2
166237	1030701	2009-03-15	1	0
166853	1010515	2009-03-15	1	505
167044	1020101	2007-10-13	1	0
167046	1020701	2007-10-13	1	0
167050	1020101	2007-11-17	1	0
167052	1020701	2007-11-17	1	0
167062	1020101	2008-01-12	1	0
167064	1020701	2008-01-12	1	0
167070	1020101	2008-02-16	1	0
167072	1020701	2008-02-16	1	0
167075	1020402	2009-01-11	1	321
167076	1020137	2009-01-11	1	127
167077	1021602	2009-01-11	1	0
167078	1020402	2009-02-15	1	235
167080	1021602	2009-02-15	1	128
167081	1020402	2009-03-15	1	299
167082	1020137	2009-03-15	1	33
167083	1021602	2009-03-15	1	137
167086	1020101	2008-03-15	1	0
167088	1020701	2008-03-15	1	0
167103	1020101	2008-10-18	1	0
167105	1020701	2008-10-18	1	0
167108	1020101	2008-11-15	1	0
167109	1020701	2008-11-15	1	0
167115	1020101	2008-12-13	1	0
167116	1020701	2008-12-13	1	0
167120	1020101	2009-01-17	1	0
167122	1020701	2009-01-17	1	0
167128	1020101	2009-02-14	1	0
167129	1020701	2009-02-14	1	0
167135	1020101	2009-03-14	1	0
167136	1020701	2009-03-14	1	0
167142	1020402	2008-10-19	1	288
167144	1021602	2008-10-19	1	0
167145	1020402	2008-11-16	1	329
167147	1021602	2008-11-16	1	23
167148	1020402	2008-12-14	1	470
167150	1021602	2008-12-14	1	97
167293	1030210	2009-10-18	1	0
167295	1030204	2009-10-18	1	39
167318	1032001	2009-10-17	1	0
167393	1030309	2009-10-18	1	1
167494	1010515	2009-10-18	1	795
167571	1030701	2009-10-18	1	0
167573	1030602	2009-10-18	1	0
167637	1030320	2009-10-18	1	0
167638	1030321	2009-10-18	1	0
167639	1030319	2009-10-18	1	0
167867	1030210	2009-11-15	1	0
167874	1030204	2009-11-15	1	74
168102	1030309	2009-11-15	1	12
168120	1030701	2009-11-15	1	0
168124	1032001	2009-11-14	1	2
168240	1010515	2009-11-15	1	362
168263	1030320	2009-11-15	1	7
168264	1030321	2009-11-15	1	11
168265	1030319	2009-11-15	1	0
168456	1030210	2009-12-12	1	0
168458	1030204	2009-12-12	1	7
168713	1032001	2009-12-13	1	6
168855	1030309	2009-12-13	1	1
168886	1010515	2009-12-13	1	265
168894	1030319	2009-12-13	1	0
168895	1030321	2009-12-13	1	0
168896	1030320	2009-12-13	1	1
168908	1030701	2009-12-13	1	0
168909	1030602	2009-12-13	1	150
169420	1030210	2010-01-17	1	0
169422	1030204	2010-01-17	1	85
169435	1020137	2010-01-17	1	103
169618	1032001	2010-01-17	1	4
169632	1030309	2010-01-17	1	1
169650	1030701	2010-01-17	1	0
169733	1030319	2010-01-17	1	0
169734	1030321	2010-01-17	1	8
169735	1030320	2010-01-17	1	0
170005	1030210	2010-02-14	1	0
170007	1032001	2010-02-14	1	4
170008	1030204	2010-02-14	1	0
170161	1030309	2010-02-14	1	1
170189	1010515	2010-01-17	1	570
170262	1030321	2010-02-14	1	16
170263	1030320	2010-02-14	1	0
170264	1030319	2010-02-14	1	0
170297	1030701	2010-02-14	1	0
170299	1030602	2010-02-14	1	0
170422	1010515	2010-02-14	1	367
170515	1030210	2010-03-12	1	0
170523	1030204	2010-03-12	1	15
170776	1032001	2010-03-14	1	0
170781	1030321	2010-03-14	1	1
170782	1030319	2010-03-14	1	0
170901	1030701	2010-03-14	1	0
170925	1030309	2010-03-14	1	2
171093	1010515	2010-03-14	1	495
171796	1030210	2010-10-17	1	0
171798	1030204	2010-10-17	1	0
171940	1030701	2010-10-17	1	0
171952	1032001	2010-10-15	1	0
171957	1030309	2010-10-17	1	0
172043	1030321	2010-10-17	1	1
172044	1030320	2010-10-17	1	1
172045	1030319	2010-10-17	1	0
172302	1032001	2010-11-14	1	0
172336	1030309	2010-11-14	1	1
172444	1030210	2010-11-16	1	0
172446	1030204	2010-11-16	1	2
172470	1030701	2010-11-14	1	0
172623	1030319	2010-11-14	1	0
172624	1030321	2010-11-14	1	0
172625	1030320	2010-11-14	1	1
172735	1030210	2010-12-17	1	0
172736	1030204	2010-12-17	1	3
172785	1030321	2010-12-18	1	0
172786	1030320	2010-12-18	1	17
172849	1020402	2010-12-19	1	135
172865	1032001	2010-12-19	1	7
173057	1030309	2010-12-19	1	10
173078	1030319	2010-12-18	1	0
173088	1030701	2010-12-19	0	0
173301	1030210	2011-01-16	1	0
173302	1030204	2011-01-16	1	18
173316	1032001	2011-01-16	1	8
173517	1010515	2011-01-16	1	230
173541	1030309	2011-01-16	1	3
173565	1030701	2011-01-16	1	11
173598	1030319	2011-01-17	1	0
173599	1030320	2011-01-17	1	8
173600	1030321	2011-01-17	1	0
173608	1010515	2010-11-12	1	300
173671	1010515	2010-10-18	1	550
173761	1010515	2010-12-19	1	150
174041	1030204	2011-02-13	1	14
174042	1030210	2011-02-13	1	0
174164	1032001	2011-02-13	1	0
174197	1030309	2011-02-13	1	15
174270	1030701	2011-02-13	1	1
174446	1020402	2011-02-20	1	166
174464	1010515	2011-02-20	1	150
174514	1030319	2011-02-14	1	0
174515	1030320	2011-02-14	1	1
174544	1030321	2011-02-14	1	0
174545	1030204	1991-11-08	1	68
174546	1030320	1991-11-10	1	67
174547	1030321	1991-11-10	1	80
174548	1030319	1991-11-10	1	1
174549	1030602	1991-11-09	1	451
174550	1020137	1991-11-09	0	9
174551	1010515	1991-11-09	1	286
174552	1010515	1991-12-08	1	176
174553	1020402	1991-12-08	1	219
174554	1020137	1991-12-08	1	174
174555	1020137	1992-01-05	1	123
174556	1020402	1992-01-05	1	306
174557	1010515	1992-01-05	1	165
174558	1030204	1991-12-08	1	148
174559	1030320	1991-12-08	1	5
174560	1030321	1991-12-08	1	93
174561	1030319	1991-12-08	1	9
174563	1030602	1991-12-08	1	121
174566	1021602	1991-12-08	0	61
174569	1030204	1992-01-05	1	129
174570	1030320	1992-01-05	1	106
174571	1030319	1992-01-05	1	20
174572	1030321	1992-01-05	1	0
174573	1030602	1992-01-05	1	105
174575	1030319	1992-02-02	1	5
174576	1030320	1992-02-02	1	2
174577	1030321	1992-02-02	1	21
174578	1030204	1992-03-22	1	0
174579	1030602	1992-03-22	1	44
174580	1030319	1992-03-22	1	30
174581	1030320	1992-03-22	1	19
174582	1030321	1992-03-22	1	11
174584	1020402	1992-11-21	1	270
174585	1020137	1992-11-21	1	297
174586	1021602	1992-11-21	1	48
174587	1020402	1992-12-26	1	259
174588	1020137	1992-12-26	1	247
174589	1021602	1992-12-26	1	198
174591	1020137	1993-01-24	1	488
174592	1021602	1993-01-24	1	0
174593	1020137	1993-02-07	1	302
174594	1021602	1993-02-07	1	147
174595	1020402	1993-02-07	1	112
174597	1020137	1993-03-06	1	421
174598	1021602	1993-03-06	1	0
174599	1010515	1992-11-22	1	140
174600	1010515	1992-12-26	1	112
174601	1010515	1993-01-24	1	145
174602	1010515	1993-02-07	1	177
174603	1010515	1993-03-06	1	231
174604	1030204	1992-11-21	1	36
174605	1030204	1992-12-26	1	47
174606	1030204	1993-01-24	1	35
174607	1030204	1993-02-07	1	61
174608	1030204	1993-03-06	1	75
174707	1030210	2011-03-12	1	0
174709	1030204	2011-03-12	1	10
174838	1032001	2011-03-13	1	0
175058	1020137	2011-02-20	1	39
175059	1021602	2011-02-20	1	22
175110	1020402	2011-03-20	1	180
175130	1030701	2011-03-13	0	0
175339	1030320	2011-03-15	1	0
175341	1030321	2011-03-15	1	0
175342	1030319	2011-03-15	1	0
175343	1030309	2011-03-13	1	4
175429	1020701	2010-12-18	1	0
175440	1021602	2010-12-19	1	96
175441	1020137	2010-12-19	1	33
175443	1020101	2010-12-19	1	5
175455	1021602	2011-01-16	1	48
175456	1020137	2011-01-16	1	13
175458	1020701	2011-01-16	1	0
175941	1020101	2010-10-17	1	0
175942	1020101	2010-11-14	1	0
175943	1020101	2011-01-16	1	0
175944	1020101	2011-02-12	1	0
175945	1020101	2011-03-14	1	0
176282	1020101	2009-10-18	1	0
176283	1020101	2009-11-14	1	0
176284	1020101	2009-12-13	1	0
176285	1020101	2010-01-16	1	0
176286	1020101	2010-02-13	1	0
176717	1030210	2011-10-16	1	0
176719	1030204	2011-10-16	1	0
176825	1032001	2011-10-14	1	0
176851	1030309	2011-10-16	1	3
177037	1010515	2011-10-16	1	345
177046	1030701	2011-10-16	1	0
177047	1030602	2011-10-16	1	220
177128	1030319	2011-10-17	1	0
177129	1030321	2011-10-17	1	1
177130	1030320	2011-10-17	1	0
177521	1030210	2011-11-10	1	0
177522	1030204	2011-11-10	1	2
177767	1032001	2011-11-13	1	2
177901	1030701	2011-11-13	1	0
177936	1030309	2011-11-13	1	0
178005	1010515	2011-11-13	1	120
178533	1020402	2011-12-11	1	270
178889	1030204	2011-12-18	1	30
178891	1030210	2011-12-18	1	0
179029	1030309	2011-12-18	1	4
179032	1032001	2011-12-18	1	0
179252	1020101	2011-12-18	1	4
179254	1020701	2011-12-18	1	0
179272	1030701	2011-12-18	1	0
179938	1030319	2011-11-13	1	0
179939	1030321	2011-11-13	1	3
179940	1030320	2011-11-13	1	0
179991	1030321	2011-12-18	1	0
179992	1030320	2011-12-18	1	1
180230	1030210	2012-01-14	1	0
180231	1030204	2012-01-14	1	0
180527	1030319	2012-01-16	1	0
180528	1030320	2012-01-16	1	0
180531	1032001	2012-01-16	1	2
180573	1010515	2011-12-11	1	265
180633	1030701	2012-01-15	1	0
180839	1030309	2012-01-15	1	0
181575	1030321	2012-01-16	1	8
181606	1032001	2012-02-17	1	0
181878	1030210	2012-02-20	1	0
181879	1030204	2012-02-20	1	3
181948	1030309	2012-02-19	1	5
182001	1010515	2012-01-15	1	200
182091	1030701	2012-02-19	1	0
182158	1030321	2012-02-20	1	21
182159	1030320	2012-02-20	1	0
182172	1030319	2012-02-20	1	0
182203	1030204	2012-03-16	1	2
182205	1030210	2012-03-16	1	0
182434	1032001	2012-03-18	1	0
182549	1010515	2012-02-19	1	235
182635	1030309	2012-03-18	1	0
182691	1030701	2012-03-18	1	0
182904	1021602	2012-02-19	1	1
182917	1021602	2012-03-18	1	54
182939	1030321	2012-03-19	1	0
182940	1030320	2012-03-19	1	2
182941	1030319	2012-03-19	1	0
182944	1030319	2011-12-17	1	0
183055	1010515	2012-03-19	1	165
183235	1020402	2011-11-13	1	341
183236	1020137	2011-11-13	1	67
183237	1021602	2011-11-13	1	51
183238	1020402	2012-01-22	1	88
183239	1020137	2012-01-22	1	387
183240	1020402	2012-02-19	1	13
183241	1020137	2012-02-19	1	182
183242	1020402	2012-03-18	1	304
183243	1020137	2012-03-18	1	463
183414	1020402	1993-10-30	1	335
183415	1020402	1993-11-27	1	234
183416	1020402	1993-12-26	1	56
183417	1020402	1994-01-30	1	39
183418	1020402	1994-02-27	1	341
183419	1020402	1994-03-27	1	109
183420	1021602	1993-10-30	1	37
183421	1021602	1993-11-27	1	72
183422	1021602	1993-12-26	1	9
183423	1021602	1994-01-30	1	41
183424	1021602	1994-02-27	1	31
183425	1021602	1994-03-27	1	7
183426	1020137	1993-10-30	1	89
183427	1020137	1993-11-27	1	128
183428	1020137	1993-12-26	1	350
183429	1020137	1994-01-30	1	224
183430	1020137	1994-02-27	1	58
183431	1020137	1994-03-27	1	190
183432	1020402	1994-11-19	1	256
183433	1020402	1994-12-17	1	303
183434	1020402	1995-01-15	1	269
183435	1020402	1995-02-12	1	284
183436	1021602	1994-11-19	1	19
183437	1021602	1994-12-17	1	29
183438	1021602	1995-01-15	1	0
183439	1021602	1995-02-12	1	0
183440	1020137	1994-11-19	1	454
183441	1020137	1994-12-17	1	408
183442	1020137	1995-01-15	1	397
183443	1020137	1995-02-12	1	487
183444	1020402	1995-11-25	1	122
183445	1020402	1995-12-23	1	140
183446	1020402	1996-01-20	1	173
183447	1020402	1996-02-17	1	227
183448	1020137	1995-11-25	1	276
183449	1020137	1995-12-23	1	258
183450	1020137	1996-01-20	1	444
183451	1020137	1996-02-17	1	450
183452	1021602	1995-11-25	1	47
183453	1021602	1995-12-23	1	95
183454	1021602	1996-01-20	1	34
183455	1021602	1996-02-17	1	8
183456	1020402	1996-11-23	1	295
183457	1020402	1996-12-21	1	114
183458	1020402	1997-01-25	1	258
183459	1020402	1997-02-22	1	238
183460	1020137	1996-11-23	1	37
183461	1020137	1996-12-21	1	247
183462	1020137	1997-01-25	1	231
183463	1020137	1997-02-22	1	306
183464	1021602	1996-11-23	1	62
183465	1021602	1996-12-21	1	125
183466	1021602	1997-01-25	1	102
183467	1021602	1997-02-22	1	148
183468	1020402	1997-11-30	1	69
183469	1020402	1997-12-28	1	44
183470	1020402	1998-01-25	1	165
183471	1020402	1998-02-15	1	306
183472	1020137	1997-11-30	1	395
183473	1020137	1997-12-28	1	412
183474	1020137	1998-01-25	1	314
183475	1020137	1998-02-15	1	393
183476	1021602	1997-11-30	1	88
183477	1021602	1997-12-28	1	21
183478	1021602	1998-01-25	1	91
183479	1021602	1998-02-15	1	46
183480	1020402	1998-11-22	1	73
183481	1020402	1998-12-20	1	41
183482	1020402	1999-01-16	1	145
183483	1020402	1999-02-14	1	36
183484	1020137	1998-11-22	1	320
183485	1020137	1998-12-20	1	477
183486	1020137	1999-01-16	1	270
183487	1020137	1999-02-14	1	511
183488	1021602	1998-11-22	1	7
183489	1021602	1998-12-20	1	0
183490	1021602	1999-01-16	1	20
183491	1021602	1999-02-14	1	14
183622	1030210	2012-10-12	1	0
183623	1030204	2012-10-12	1	12
183772	1032001	2012-10-13	1	0
183787	1030309	2012-10-13	1	1
183865	1010515	2012-10-14	1	227
183916	1020402	2012-10-14	1	254
183917	1020137	2012-10-14	1	206
183918	1021602	2012-10-14	1	58
183929	1030701	2012-10-14	1	0
183963	1030204	1993-11-27	1	69
183964	1030204	1993-12-26	1	87
183965	1030204	1994-01-30	1	78
183966	1030204	1994-02-27	1	65
183967	1030204	1994-03-27	1	45
183968	1030204	1994-11-16	1	72
183969	1030204	1994-12-17	1	53
183970	1030204	1995-01-20	1	35
183971	1030204	1995-02-18	1	83
183972	1030204	1995-11-25	1	35
183973	1030204	1995-12-23	1	83
183974	1030204	1996-01-20	1	131
183975	1030204	1996-02-18	1	110
183979	1030204	1996-11-23	1	85
183980	1030204	1996-12-22	1	30
183981	1030204	1997-01-26	1	185
183982	1030204	1997-02-23	1	81
183983	1030204	1997-11-30	1	46
183984	1030204	1997-12-29	1	104
183985	1030204	1998-01-26	1	53
183986	1030204	1998-02-16	1	0
183987	1030204	1998-11-22	1	6
183988	1030204	1998-12-20	1	9
183989	1030204	1999-01-16	1	16
183990	1030204	1999-02-16	1	0
184028	1030321	2012-10-15	1	0
184029	1030319	2012-10-15	1	0
184039	1030204	2009-01-11	1	41
184066	1020402	2009-10-18	1	362
184067	1020137	2009-10-18	1	57
184068	1021602	2009-10-18	1	41
184069	1020402	2009-11-15	1	306
184071	1020402	2009-12-13	1	238
184072	1020137	2009-12-13	1	23
184073	1021602	2009-12-13	1	137
184074	1020402	2010-01-17	1	245
184076	1021602	2010-01-17	1	0
184077	1020402	2010-02-14	1	200
184078	1020137	2010-02-14	1	23
184079	1021602	2010-02-14	1	1
184080	1020402	2010-03-14	1	188
184081	1020137	2010-03-14	1	2
184082	1021602	2010-03-14	1	0
184083	1010515	1991-10-14	1	215
184084	1010515	1992-02-08	1	75
184085	1010515	1992-03-16	1	245
184086	1010515	1992-10-17	1	318
184087	1010515	1993-10-30	1	272
184088	1010515	1993-11-28	1	105
184089	1010515	1993-12-31	1	140
184090	1010515	1994-01-30	1	135
184091	1010515	1994-02-27	1	165
184092	1010515	1994-03-27	1	24
184093	1010515	1994-10-22	1	93
184094	1010515	1994-11-19	1	198
184095	1010515	1994-12-16	1	182
184096	1010515	1995-01-14	1	94
184097	1010515	1995-02-12	1	130
184098	1010515	1995-03-11	1	127
184099	1010515	1995-10-14	1	281
184100	1010515	1995-11-25	1	118
184101	1010515	1995-12-23	1	148
184102	1010515	1996-01-20	1	115
184103	1010515	1996-02-17	1	312
184104	1010515	1996-03-16	1	17
184105	1010515	1996-10-22	1	78
184106	1010515	1996-11-23	1	142
184107	1010515	1996-12-22	1	0
184108	1010515	1997-01-25	1	199
184109	1010515	1997-02-22	1	282
184131	1010515	1997-10-18	1	290
184132	1010515	1997-11-30	1	100
184133	1010515	1997-12-28	1	175
184134	1010515	1998-01-25	1	307
184135	1010515	1998-02-15	1	309
184136	1010515	1998-03-15	1	0
184137	1010515	1998-10-18	1	535
184138	1010515	1998-11-22	1	421
184139	1010515	1998-12-20	1	560
184140	1010515	1999-01-17	1	100
184141	1010515	1999-02-14	1	310
184214	1020137	2011-12-11	1	66
184220	1030319	1992-11-21	1	62
184221	1030320	1992-11-21	1	0
184222	1030320	1992-12-26	1	0
184223	1030319	1992-12-26	1	49
184224	1030321	1992-12-26	1	0
184225	1030321	1992-11-21	1	0
184226	1030319	1993-01-24	1	60
184227	1030320	1993-01-24	1	0
184228	1030321	1993-01-24	1	0
184229	1030319	1993-02-09	1	24
184230	1030320	1993-02-09	1	0
184231	1030321	1993-02-09	1	0
184232	1030319	1993-03-07	1	14
184233	1030320	1993-03-07	1	0
184234	1030321	1993-03-07	1	0
184235	1030319	1993-10-31	1	8
184236	1030320	1993-10-31	1	0
184237	1030321	1993-10-31	1	0
184239	1030319	1993-11-27	1	13
184240	1030320	1993-11-27	1	15
184241	1030321	1993-11-27	1	0
184243	1030319	1993-12-26	1	21
184244	1030320	1993-12-26	1	37
184245	1030321	1993-12-26	1	0
184247	1030319	1994-01-30	1	22
184248	1030320	1994-01-30	1	74
184249	1030321	1994-01-30	1	0
184251	1030319	1994-02-27	1	22
184252	1030320	1994-02-27	1	68
184253	1030321	1994-02-27	1	0
184255	1030319	1994-03-27	1	2
184256	1030320	1994-03-27	1	1
184257	1030321	1994-03-27	1	0
184259	1030319	1994-11-19	1	35
184260	1030320	1994-11-19	1	1
184261	1030321	1994-11-19	1	57
184263	1030319	1994-12-17	1	49
184264	1030320	1994-12-17	1	0
184265	1030321	1994-12-17	1	0
184267	1030319	1995-01-20	1	3
184268	1030320	1995-01-20	1	0
184269	1030321	1995-01-20	1	0
184271	1030319	1995-02-18	1	17
184272	1030320	1995-02-18	1	0
184273	1030321	1995-02-18	1	0
184275	1030319	1995-11-25	1	19
184276	1030320	1995-11-25	1	0
184277	1030321	1995-11-25	1	0
184279	1030319	1995-12-23	1	58
184280	1030320	1995-12-23	1	1
184281	1030321	1995-12-23	1	105
184283	1030319	1996-01-21	1	45
184284	1030320	1996-01-21	1	1
184285	1030321	1996-01-21	1	38
184287	1030319	1996-02-18	1	42
184288	1030321	1996-02-18	1	0
184289	1030320	1996-02-18	1	0
184291	1030319	1996-11-25	1	12
184292	1030320	1996-11-25	1	0
184293	1030321	1996-11-25	1	24
184295	1030319	1996-12-21	1	6
184296	1030320	1996-12-21	1	8
184297	1030321	1996-12-21	1	0
184299	1030319	1997-01-26	1	4
184300	1030320	1997-01-26	1	1
184301	1030321	1997-01-26	1	1
184303	1030319	1997-02-24	1	3
184304	1030320	1997-02-24	1	0
184305	1030321	1997-02-24	1	0
184307	1030319	1997-11-30	1	14
184308	1030320	1997-11-30	1	3
184309	1030321	1997-11-30	1	69
184311	1030319	1997-12-28	1	1
184312	1030320	1997-12-28	1	1
184313	1030321	1997-12-28	1	0
184314	1030319	1998-01-25	1	0
184315	1030320	1998-01-25	1	2
184316	1030321	1998-01-25	1	0
184318	1030319	1998-02-15	1	5
184320	1030320	1998-02-15	1	4
184321	1030321	1998-02-15	1	0
184323	1030319	1998-11-15	1	36
184324	1030320	1998-11-15	1	0
184325	1030321	1998-11-15	1	102
184327	1030319	1998-12-20	1	42
184329	1030320	1998-12-20	1	0
184330	1030321	1998-12-20	1	32
184332	1030319	1999-01-17	1	36
184333	1030320	1999-01-17	1	0
184334	1030321	1999-01-17	1	11
184335	1030309	1999-01-17	1	19
184336	1030319	1999-02-14	1	1
184337	1030320	1999-02-14	1	0
184338	1030321	1999-02-14	1	3
184730	1030210	2012-11-18	1	0
184733	1030204	2012-11-18	1	12
185089	1010515	2012-11-18	1	265
185104	1030309	2012-11-18	1	0
185571	1030321	2012-11-19	1	1
185572	1030320	2012-11-19	1	0
185573	1030319	2012-11-19	1	0
185818	1020402	2012-11-18	1	250
185819	1020137	2012-11-18	1	49
185820	1021602	2012-11-18	1	127
185828	1030701	2012-11-18	1	1
186564	1030210	2012-12-13	1	2
186565	1030204	2012-12-13	1	0
186998	1020402	2012-12-16	1	14
187111	1030309	2012-12-16	1	0
187243	1010515	2012-12-16	1	224
187406	1030701	2012-12-16	1	10
187444	1032001	2012-12-16	1	7
187459	1030320	2012-12-16	1	0
187460	1030319	2012-12-16	1	0
187612	1030321	2012-12-16	1	0
187662	1030210	2013-01-11	1	2
187663	1030204	2013-01-11	1	89
187860	1030309	2013-01-13	1	4
188091	1030701	2013-01-13	1	12
188133	1032001	2013-01-13	1	5
188180	1020402	2013-01-13	1	164
188181	1020137	2013-01-13	1	183
188190	1010515	2013-01-13	1	201
188233	1030321	2013-01-13	1	0
188234	1030320	2013-01-13	1	0
188235	1030319	2013-01-13	1	0
188506	1032001	2013-02-16	1	0
188531	1030204	2013-02-17	1	2
188532	1030210	2013-02-17	1	2
188765	1010515	2013-02-10	1	195
188888	1030701	2013-02-17	0	3
188892	1020402	2013-02-10	1	129
188893	1020137	2013-02-10	1	258
188894	1021602	2013-02-10	1	16
188895	1010515	2011-03-21	1	335
189323	1030602	1995-11-25	1	226
189324	1030602	1995-12-23	1	160
189325	1030602	1996-10-20	1	128
189326	1030602	1996-02-17	1	240
189327	1030602	1996-11-22	1	322
189328	1030602	1996-12-21	1	325
189329	1030602	1997-01-25	1	310
189330	1030602	1997-02-22	1	308
189331	1030602	1998-01-26	1	180
189332	1030602	1998-02-15	1	230
189333	1030602	1994-11-27	1	150
189334	1030602	1994-12-16	1	134
189335	1030602	1995-01-20	1	140
189336	1030602	1995-02-18	1	228
189337	1030602	1993-12-26	1	85
189338	1030602	1994-01-30	1	220
189339	1030602	1994-02-27	1	185
189340	1030602	1994-03-27	1	230
189341	1030602	1992-11-21	1	6
189342	1030602	1992-12-26	1	23
189343	1030602	1993-01-24	1	45
189344	1030602	1993-02-07	1	38
189345	1030602	1998-11-22	1	314
189346	1030602	1998-12-20	1	293
189347	1030602	1999-01-16	1	285
189348	1030602	1999-02-14	1	215
189349	1030602	1997-11-30	1	339
189350	1030602	1997-12-28	1	220
189352	1030309	2013-02-17	1	2
189390	1030321	2013-02-10	1	1
189391	1030320	2013-02-10	1	0
189393	1030319	2013-02-10	1	0
189410	1030204	2013-03-15	1	70
189412	1030210	2013-03-15	1	0
189431	1032001	2013-03-15	1	2
189627	1030319	2013-03-17	1	0
189628	1030321	2013-03-17	1	0
189668	1030309	2013-03-17	1	0
189682	1030320	2013-03-17	1	23
189768	1010515	2013-03-17	1	259
189829	1030701	2013-03-17	1	4
190052	1020402	2013-03-17	1	35
190053	1020137	2013-03-17	1	171
190054	1021602	2013-03-17	1	25
190133	1020701	2012-12-15	1	0
190146	1021602	2012-12-16	1	17
190147	1020137	2012-12-16	1	166
190148	1020101	2012-12-16	1	0
190149	1020701	2013-01-12	1	0
190161	1021602	2013-01-14	1	29
190218	1020101	2012-10-14	1	0
190221	1020701	2012-10-14	1	0
190223	1020101	2012-11-17	1	0
190227	1020701	2012-11-17	1	0
190228	1020101	2013-01-12	1	0
190231	1020101	2013-02-17	1	0
190233	1020701	2013-02-17	1	0
190235	1020101	2013-03-17	1	0
190238	1020701	2013-03-17	1	0
190782	1010515	2009-01-11	1	256
190894	1030210	2013-10-12	1	0
190898	1030204	2013-10-12	1	1
190913	1032001	2013-10-12	1	0
191351	1010515	2013-10-20	1	12
191781	1020402	1992-02-02	1	496
191782	1020137	1992-02-02	1	96
191791	1030701	2013-10-13	0	0
191845	1030321	2013-10-12	1	0
191846	1030320	2013-10-12	1	53
191866	1030309	2013-10-13	1	0
192029	1030204	2013-11-16	1	9
192034	1030210	2013-11-16	1	0
192185	1032001	2013-11-14	1	0
192372	1010515	2013-11-17	1	295
192404	1030309	2013-11-17	1	0
192422	1020402	2013-11-17	1	213
192423	1020137	2013-11-17	1	102
192425	1021602	2013-11-17	1	233
192435	1020402	2013-10-20	1	24
192436	1020137	2013-10-20	1	502
192437	1021602	2013-10-20	1	49
192628	1030701	2013-11-17	1	0
192842	1020402	2013-12-15	1	186
192902	1030210	2013-12-15	1	0
192903	1030204	2013-12-15	1	1
192988	1030321	2013-11-17	1	2
192993	1030320	2013-11-17	1	0
192997	1030319	2013-12-15	1	0
192999	1030321	2013-12-15	1	0
193001	1030320	2013-12-15	1	49
193096	1030309	2013-12-15	1	0
193181	1020701	2013-12-14	1	0
193194	1020101	2013-12-15	1	14
193195	1021602	2013-12-15	1	28
193196	1020137	2013-12-15	1	21
193205	1030701	2013-12-17	1	5
193238	1010515	2013-12-15	1	305
193295	1032001	2013-12-14	1	2
193392	1030210	2014-01-18	1	0
193393	1030204	2014-01-18	1	26
193440	1032001	2014-01-19	1	4
193734	1010515	2014-01-19	1	235
193759	1030309	2014-01-19	1	0
193852	1030701	2014-01-19	1	0
193953	1020402	2014-01-19	1	139
193954	1020137	2014-01-19	1	278
193955	1021602	2014-01-19	1	21
193992	1030319	2014-01-19	1	0
193993	1030320	2014-01-19	1	64
193994	1030321	2014-01-19	1	0
194342	1032001	2014-02-16	1	1
194349	1030210	2014-02-16	1	9
194351	1030204	2014-02-16	1	58
194455	1030309	2014-02-16	1	0
194628	1010515	2014-02-19	1	98
194684	1030701	2014-02-15	1	13
194787	1030319	2014-02-16	1	0
194788	1030321	2014-02-16	1	2
194789	1030320	2014-02-16	1	0
195052	1030210	2014-03-16	1	0
195056	1030204	2014-03-16	1	39
195101	1032001	2014-03-16	1	0
195209	1010515	2014-03-16	1	185
195347	1030320	2014-03-15	1	27
195348	1030321	2014-03-15	1	0
195349	1030319	2014-03-15	1	0
195359	1030309	2014-03-16	1	0
195667	1030701	2014-03-16	1	0
195829	1021602	2014-02-16	1	16
195843	1021602	2014-03-16	1	4
195888	1020101	2013-10-12	1	0
195889	1020701	2013-10-12	1	0
195891	1020101	2014-01-18	1	0
195892	1020701	2014-01-18	1	0
195894	1020101	2014-02-15	1	0
195895	1020701	2014-02-15	1	0
195897	1020101	2013-11-16	1	0
195898	1020701	2013-11-16	1	0
195900	1020101	2014-03-15	1	0
195901	1020701	2014-03-15	1	0
196254	1020402	2014-02-16	1	179
196255	1020137	2014-02-16	1	116
196257	1020402	2014-03-16	1	105
196258	1020137	2014-03-16	1	72
196565	1030210	2014-10-19	1	0
196566	1030204	2014-10-19	1	0
196619	1030309	2014-10-19	1	0
196784	1010515	2014-10-19	1	225
196872	1030701	2014-10-19	1	0
196882	1032001	2014-10-19	1	0
197034	1030321	2014-10-19	1	0
197036	1030319	2014-10-19	1	0
197037	1030320	2014-10-19	1	0
197038	1030320	2014-10-19	1	0
197080	1030210	2014-11-13	1	0
197081	1030204	2014-11-13	1	0
197420	1030309	2014-11-16	1	0
197519	1030701	2014-11-16	1	0
197606	1032001	2014-11-17	1	0
197816	1030210	2014-12-14	1	0
197817	1030204	2014-12-14	1	17
197941	1030309	2014-12-14	1	0
197980	1032001	2014-12-15	0	0
198013	1030701	2014-12-14	1	0
198225	1030321	2014-12-14	1	0
198226	1030320	2014-12-14	1	0
198228	1030319	2014-12-14	1	0
198229	1030320	2014-12-15	1	0
198422	1030210	2015-01-17	1	10
198425	1030204	2015-01-17	1	48
198675	1032001	2015-01-20	1	1
198752	1030309	2015-01-18	1	28
198773	1010515	2015-01-18	1	175
198803	1030701	2015-01-18	0	5
198881	1030321	2015-01-18	1	0
198882	1030320	2015-01-08	1	0
198884	1030319	2015-01-08	1	0
198987	1030210	2015-02-14	1	0
198988	1030204	2015-02-14	1	0
199136	1032001	2015-02-15	1	0
199225	1030309	2015-02-15	1	0
199337	1010515	2015-02-17	1	316
199430	1030701	2015-02-15	1	15
