LocationID	Year	fMonth	ObservationID	Complete	Count
044bed91fb9002fb66602d4851e90991e24e16d9	1992	1	174569	1	129
044bed91fb9002fb66602d4851e90991e24e16d9	1992	3	174578	1	0
044bed91fb9002fb66602d4851e90991e24e16d9	1992	11	174545	1	68
044bed91fb9002fb66602d4851e90991e24e16d9	1992	12	174558	1	148
044bed91fb9002fb66602d4851e90991e24e16d9	1993	1	174606	1	35
044bed91fb9002fb66602d4851e90991e24e16d9	1993	2	174607	1	61
044bed91fb9002fb66602d4851e90991e24e16d9	1993	3	174608	1	75
044bed91fb9002fb66602d4851e90991e24e16d9	1993	11	174604	1	36
044bed91fb9002fb66602d4851e90991e24e16d9	1993	12	174605	1	47
044bed91fb9002fb66602d4851e90991e24e16d9	1994	1	183965	1	78
044bed91fb9002fb66602d4851e90991e24e16d9	1994	2	183966	1	65
044bed91fb9002fb66602d4851e90991e24e16d9	1994	3	183967	1	45
044bed91fb9002fb66602d4851e90991e24e16d9	1994	11	183963	1	69
044bed91fb9002fb66602d4851e90991e24e16d9	1994	12	183964	1	87
044bed91fb9002fb66602d4851e90991e24e16d9	1995	1	183970	1	35
044bed91fb9002fb66602d4851e90991e24e16d9	1995	2	183971	1	83
044bed91fb9002fb66602d4851e90991e24e16d9	1995	11	183968	1	72
044bed91fb9002fb66602d4851e90991e24e16d9	1995	12	183969	1	53
044bed91fb9002fb66602d4851e90991e24e16d9	1996	1	183974	1	131
044bed91fb9002fb66602d4851e90991e24e16d9	1996	2	183975	1	110
044bed91fb9002fb66602d4851e90991e24e16d9	1996	11	183972	1	35
044bed91fb9002fb66602d4851e90991e24e16d9	1996	12	183973	1	83
044bed91fb9002fb66602d4851e90991e24e16d9	1997	1	183981	1	185
044bed91fb9002fb66602d4851e90991e24e16d9	1997	2	183982	1	81
044bed91fb9002fb66602d4851e90991e24e16d9	1997	11	183979	1	85
044bed91fb9002fb66602d4851e90991e24e16d9	1997	12	183980	1	30
044bed91fb9002fb66602d4851e90991e24e16d9	1998	1	183985	1	53
044bed91fb9002fb66602d4851e90991e24e16d9	1998	2	183986	1	0
044bed91fb9002fb66602d4851e90991e24e16d9	1998	11	183983	1	46
044bed91fb9002fb66602d4851e90991e24e16d9	1998	12	183984	1	104
044bed91fb9002fb66602d4851e90991e24e16d9	1999	1	183989	1	16
044bed91fb9002fb66602d4851e90991e24e16d9	1999	2	183990	1	0
044bed91fb9002fb66602d4851e90991e24e16d9	1999	11	183987	1	6
044bed91fb9002fb66602d4851e90991e24e16d9	1999	12	183988	1	9
044bed91fb9002fb66602d4851e90991e24e16d9	2000	1	2507	1	4
044bed91fb9002fb66602d4851e90991e24e16d9	2000	2	2549	1	2
044bed91fb9002fb66602d4851e90991e24e16d9	2000	3	2596	1	12
044bed91fb9002fb66602d4851e90991e24e16d9	2000	11	2419	1	9
044bed91fb9002fb66602d4851e90991e24e16d9	2000	12	2466	1	2
044bed91fb9002fb66602d4851e90991e24e16d9	2001	1	6512	1	26
044bed91fb9002fb66602d4851e90991e24e16d9	2001	2	6528	1	18
044bed91fb9002fb66602d4851e90991e24e16d9	2001	3	6538	1	9
044bed91fb9002fb66602d4851e90991e24e16d9	2001	10	5145	1	38
044bed91fb9002fb66602d4851e90991e24e16d9	2001	11	6491	1	61
044bed91fb9002fb66602d4851e90991e24e16d9	2001	12	6503	1	31
044bed91fb9002fb66602d4851e90991e24e16d9	2002	1	115047	1	15
044bed91fb9002fb66602d4851e90991e24e16d9	2002	2	112772	1	24
044bed91fb9002fb66602d4851e90991e24e16d9	2002	3	115049	1	16
044bed91fb9002fb66602d4851e90991e24e16d9	2002	10	112612	1	0
044bed91fb9002fb66602d4851e90991e24e16d9	2002	11	112650	1	23
044bed91fb9002fb66602d4851e90991e24e16d9	2002	12	112691	1	30
044bed91fb9002fb66602d4851e90991e24e16d9	2003	1	139467	1	2
044bed91fb9002fb66602d4851e90991e24e16d9	2003	2	140635	1	14
044bed91fb9002fb66602d4851e90991e24e16d9	2003	3	140636	1	3
044bed91fb9002fb66602d4851e90991e24e16d9	2003	10	139230	1	10
044bed91fb9002fb66602d4851e90991e24e16d9	2003	11	139242	1	8
044bed91fb9002fb66602d4851e90991e24e16d9	2003	12	139284	1	14
044bed91fb9002fb66602d4851e90991e24e16d9	2004	1	148705	1	25
044bed91fb9002fb66602d4851e90991e24e16d9	2004	2	148710	1	0
044bed91fb9002fb66602d4851e90991e24e16d9	2004	3	148717	1	8
044bed91fb9002fb66602d4851e90991e24e16d9	2004	11	148647	1	16
044bed91fb9002fb66602d4851e90991e24e16d9	2004	12	148670	1	0
044bed91fb9002fb66602d4851e90991e24e16d9	2005	1	156112	1	7
044bed91fb9002fb66602d4851e90991e24e16d9	2005	2	156116	1	26
044bed91fb9002fb66602d4851e90991e24e16d9	2005	3	156117	1	14
044bed91fb9002fb66602d4851e90991e24e16d9	2005	10	148773	1	4
044bed91fb9002fb66602d4851e90991e24e16d9	2005	11	148833	1	3
044bed91fb9002fb66602d4851e90991e24e16d9	2005	12	156108	1	4
044bed91fb9002fb66602d4851e90991e24e16d9	2006	1	144257	1	0
044bed91fb9002fb66602d4851e90991e24e16d9	2006	2	144903	1	0
044bed91fb9002fb66602d4851e90991e24e16d9	2006	3	145663	1	0
044bed91fb9002fb66602d4851e90991e24e16d9	2006	10	142642	1	52
044bed91fb9002fb66602d4851e90991e24e16d9	2006	11	143092	1	52
044bed91fb9002fb66602d4851e90991e24e16d9	2006	12	144372	1	11
044bed91fb9002fb66602d4851e90991e24e16d9	2007	1	153015	1	0
044bed91fb9002fb66602d4851e90991e24e16d9	2007	2	153687	1	0
044bed91fb9002fb66602d4851e90991e24e16d9	2007	3	155484	1	0
044bed91fb9002fb66602d4851e90991e24e16d9	2007	10	150910	1	6
044bed91fb9002fb66602d4851e90991e24e16d9	2007	11	151468	1	25
044bed91fb9002fb66602d4851e90991e24e16d9	2007	12	152058	1	72
044bed91fb9002fb66602d4851e90991e24e16d9	2008	1	159728	1	13
044bed91fb9002fb66602d4851e90991e24e16d9	2008	2	160454	1	11
044bed91fb9002fb66602d4851e90991e24e16d9	2008	3	160906	1	3
044bed91fb9002fb66602d4851e90991e24e16d9	2008	10	157807	1	4
044bed91fb9002fb66602d4851e90991e24e16d9	2008	11	158358	1	1
044bed91fb9002fb66602d4851e90991e24e16d9	2008	12	158951	1	0
044bed91fb9002fb66602d4851e90991e24e16d9	2009	1	184039	1	41
044bed91fb9002fb66602d4851e90991e24e16d9	2009	2	164910	1	6
044bed91fb9002fb66602d4851e90991e24e16d9	2009	3	165736	1	2
044bed91fb9002fb66602d4851e90991e24e16d9	2009	10	162191	1	5
044bed91fb9002fb66602d4851e90991e24e16d9	2009	11	162761	1	94
044bed91fb9002fb66602d4851e90991e24e16d9	2009	12	163457	1	40
044bed91fb9002fb66602d4851e90991e24e16d9	2010	1	169422	1	85
044bed91fb9002fb66602d4851e90991e24e16d9	2010	2	170008	1	0
044bed91fb9002fb66602d4851e90991e24e16d9	2010	3	170523	1	15
044bed91fb9002fb66602d4851e90991e24e16d9	2010	10	167295	1	39
044bed91fb9002fb66602d4851e90991e24e16d9	2010	11	167874	1	74
044bed91fb9002fb66602d4851e90991e24e16d9	2010	12	168458	1	7
044bed91fb9002fb66602d4851e90991e24e16d9	2011	1	173302	1	18
044bed91fb9002fb66602d4851e90991e24e16d9	2011	2	174041	1	14
044bed91fb9002fb66602d4851e90991e24e16d9	2011	3	174709	1	10
044bed91fb9002fb66602d4851e90991e24e16d9	2011	10	171798	1	0
044bed91fb9002fb66602d4851e90991e24e16d9	2011	11	172446	1	2
044bed91fb9002fb66602d4851e90991e24e16d9	2011	12	172736	1	3
044bed91fb9002fb66602d4851e90991e24e16d9	2012	1	180231	1	0
044bed91fb9002fb66602d4851e90991e24e16d9	2012	2	181879	1	3
044bed91fb9002fb66602d4851e90991e24e16d9	2012	3	182203	1	2
044bed91fb9002fb66602d4851e90991e24e16d9	2012	10	176719	1	0
044bed91fb9002fb66602d4851e90991e24e16d9	2012	11	177522	1	2
044bed91fb9002fb66602d4851e90991e24e16d9	2012	12	178889	1	30
044bed91fb9002fb66602d4851e90991e24e16d9	2013	1	187663	1	89
044bed91fb9002fb66602d4851e90991e24e16d9	2013	2	188531	1	2
044bed91fb9002fb66602d4851e90991e24e16d9	2013	3	189410	1	70
044bed91fb9002fb66602d4851e90991e24e16d9	2013	10	183623	1	12
044bed91fb9002fb66602d4851e90991e24e16d9	2013	11	184733	1	12
044bed91fb9002fb66602d4851e90991e24e16d9	2013	12	186565	1	0
044bed91fb9002fb66602d4851e90991e24e16d9	2014	1	193393	1	26
044bed91fb9002fb66602d4851e90991e24e16d9	2014	2	194351	1	58
044bed91fb9002fb66602d4851e90991e24e16d9	2014	3	195056	1	39
044bed91fb9002fb66602d4851e90991e24e16d9	2014	10	190898	1	1
044bed91fb9002fb66602d4851e90991e24e16d9	2014	11	192029	1	9
044bed91fb9002fb66602d4851e90991e24e16d9	2014	12	192903	1	1
044bed91fb9002fb66602d4851e90991e24e16d9	2015	1	198425	1	48
044bed91fb9002fb66602d4851e90991e24e16d9	2015	2	198988	1	0
044bed91fb9002fb66602d4851e90991e24e16d9	2015	3	199573	1	1
044bed91fb9002fb66602d4851e90991e24e16d9	2015	10	196566	1	0
044bed91fb9002fb66602d4851e90991e24e16d9	2015	11	197081	1	0
044bed91fb9002fb66602d4851e90991e24e16d9	2015	12	197817	1	17
044bed91fb9002fb66602d4851e90991e24e16d9	2016	1	203121	1	0
044bed91fb9002fb66602d4851e90991e24e16d9	2016	2	203718	1	59
044bed91fb9002fb66602d4851e90991e24e16d9	2016	3	204425	1	2
044bed91fb9002fb66602d4851e90991e24e16d9	2016	10	201595	1	0
044bed91fb9002fb66602d4851e90991e24e16d9	2016	11	202170	1	0
044bed91fb9002fb66602d4851e90991e24e16d9	2016	12	202661	1	6
2e69d4160934d8dbf5e465e40ae7e992d245cb02	1992	1	174572	1	0
2e69d4160934d8dbf5e465e40ae7e992d245cb02	1992	2	174577	1	21
2e69d4160934d8dbf5e465e40ae7e992d245cb02	1992	3	174582	1	11
2e69d4160934d8dbf5e465e40ae7e992d245cb02	1992	11	174547	1	80
2e69d4160934d8dbf5e465e40ae7e992d245cb02	1992	12	174560	1	93
2e69d4160934d8dbf5e465e40ae7e992d245cb02	1993	1	184228	1	0
2e69d4160934d8dbf5e465e40ae7e992d245cb02	1993	2	184231	1	0
2e69d4160934d8dbf5e465e40ae7e992d245cb02	1993	3	184234	1	0
2e69d4160934d8dbf5e465e40ae7e992d245cb02	1993	11	184225	1	0
2e69d4160934d8dbf5e465e40ae7e992d245cb02	1993	12	184224	1	0
2e69d4160934d8dbf5e465e40ae7e992d245cb02	1994	1	184249	1	0
2e69d4160934d8dbf5e465e40ae7e992d245cb02	1994	2	184253	1	0
2e69d4160934d8dbf5e465e40ae7e992d245cb02	1994	3	184257	1	0
2e69d4160934d8dbf5e465e40ae7e992d245cb02	1994	10	184237	1	0
2e69d4160934d8dbf5e465e40ae7e992d245cb02	1994	11	184241	1	0
2e69d4160934d8dbf5e465e40ae7e992d245cb02	1994	12	184245	1	0
2e69d4160934d8dbf5e465e40ae7e992d245cb02	1995	1	184269	1	0
2e69d4160934d8dbf5e465e40ae7e992d245cb02	1995	2	184273	1	0
2e69d4160934d8dbf5e465e40ae7e992d245cb02	1995	11	184261	1	57
2e69d4160934d8dbf5e465e40ae7e992d245cb02	1995	12	184265	1	0
2e69d4160934d8dbf5e465e40ae7e992d245cb02	1996	1	184285	1	38
2e69d4160934d8dbf5e465e40ae7e992d245cb02	1996	2	184288	1	0
2e69d4160934d8dbf5e465e40ae7e992d245cb02	1996	11	184277	1	0
2e69d4160934d8dbf5e465e40ae7e992d245cb02	1996	12	184281	1	105
2e69d4160934d8dbf5e465e40ae7e992d245cb02	1997	1	184301	1	1
2e69d4160934d8dbf5e465e40ae7e992d245cb02	1997	2	184305	1	0
2e69d4160934d8dbf5e465e40ae7e992d245cb02	1997	11	184293	1	24
2e69d4160934d8dbf5e465e40ae7e992d245cb02	1997	12	184297	1	0
2e69d4160934d8dbf5e465e40ae7e992d245cb02	1998	1	184316	1	0
2e69d4160934d8dbf5e465e40ae7e992d245cb02	1998	2	184321	1	0
2e69d4160934d8dbf5e465e40ae7e992d245cb02	1998	11	184309	1	69
2e69d4160934d8dbf5e465e40ae7e992d245cb02	1998	12	184313	1	0
2e69d4160934d8dbf5e465e40ae7e992d245cb02	1999	1	184334	1	11
2e69d4160934d8dbf5e465e40ae7e992d245cb02	1999	2	184338	1	3
2e69d4160934d8dbf5e465e40ae7e992d245cb02	1999	11	184325	1	102
2e69d4160934d8dbf5e465e40ae7e992d245cb02	1999	12	184330	1	32
2e69d4160934d8dbf5e465e40ae7e992d245cb02	2001	1	6515	1	2
2e69d4160934d8dbf5e465e40ae7e992d245cb02	2001	2	6525	1	1
2e69d4160934d8dbf5e465e40ae7e992d245cb02	2001	3	6535	1	0
2e69d4160934d8dbf5e465e40ae7e992d245cb02	2001	10	6485	1	2
2e69d4160934d8dbf5e465e40ae7e992d245cb02	2001	11	6492	1	130
2e69d4160934d8dbf5e465e40ae7e992d245cb02	2001	12	6502	1	0
2e69d4160934d8dbf5e465e40ae7e992d245cb02	2002	1	112731	1	2
2e69d4160934d8dbf5e465e40ae7e992d245cb02	2002	2	115052	1	7
2e69d4160934d8dbf5e465e40ae7e992d245cb02	2002	3	115053	1	4
2e69d4160934d8dbf5e465e40ae7e992d245cb02	2002	10	112606	1	0
2e69d4160934d8dbf5e465e40ae7e992d245cb02	2002	11	112647	1	28
2e69d4160934d8dbf5e465e40ae7e992d245cb02	2002	12	112687	1	3
2e69d4160934d8dbf5e465e40ae7e992d245cb02	2005	3	148540	1	0
2e69d4160934d8dbf5e465e40ae7e992d245cb02	2005	10	148059	1	22
2e69d4160934d8dbf5e465e40ae7e992d245cb02	2005	11	148198	1	2
2e69d4160934d8dbf5e465e40ae7e992d245cb02	2006	1	145973	1	0
2e69d4160934d8dbf5e465e40ae7e992d245cb02	2006	2	145976	1	12
2e69d4160934d8dbf5e465e40ae7e992d245cb02	2006	3	145979	1	0
2e69d4160934d8dbf5e465e40ae7e992d245cb02	2006	10	145964	1	0
2e69d4160934d8dbf5e465e40ae7e992d245cb02	2006	11	145967	1	0
2e69d4160934d8dbf5e465e40ae7e992d245cb02	2006	12	145970	1	0
2e69d4160934d8dbf5e465e40ae7e992d245cb02	2007	1	152788	1	0
2e69d4160934d8dbf5e465e40ae7e992d245cb02	2007	2	153746	1	0
2e69d4160934d8dbf5e465e40ae7e992d245cb02	2007	3	155358	1	9
2e69d4160934d8dbf5e465e40ae7e992d245cb02	2007	10	150554	1	0
2e69d4160934d8dbf5e465e40ae7e992d245cb02	2007	11	151224	1	1
2e69d4160934d8dbf5e465e40ae7e992d245cb02	2007	12	152111	1	7
2e69d4160934d8dbf5e465e40ae7e992d245cb02	2008	1	160314	1	0
2e69d4160934d8dbf5e465e40ae7e992d245cb02	2008	2	160856	1	0
2e69d4160934d8dbf5e465e40ae7e992d245cb02	2008	3	161400	1	16
2e69d4160934d8dbf5e465e40ae7e992d245cb02	2008	10	158125	1	1
2e69d4160934d8dbf5e465e40ae7e992d245cb02	2008	11	158795	1	56
2e69d4160934d8dbf5e465e40ae7e992d245cb02	2008	12	159445	1	0
2e69d4160934d8dbf5e465e40ae7e992d245cb02	2009	1	164864	1	12
2e69d4160934d8dbf5e465e40ae7e992d245cb02	2009	2	165498	1	1
2e69d4160934d8dbf5e465e40ae7e992d245cb02	2009	3	166058	1	1
2e69d4160934d8dbf5e465e40ae7e992d245cb02	2009	10	162583	1	7
2e69d4160934d8dbf5e465e40ae7e992d245cb02	2009	11	163301	1	1
2e69d4160934d8dbf5e465e40ae7e992d245cb02	2009	12	164099	1	0
2e69d4160934d8dbf5e465e40ae7e992d245cb02	2010	1	169734	1	8
2e69d4160934d8dbf5e465e40ae7e992d245cb02	2010	2	170262	1	16
2e69d4160934d8dbf5e465e40ae7e992d245cb02	2010	3	170781	1	1
2e69d4160934d8dbf5e465e40ae7e992d245cb02	2010	10	167638	1	0
2e69d4160934d8dbf5e465e40ae7e992d245cb02	2010	11	168264	1	11
2e69d4160934d8dbf5e465e40ae7e992d245cb02	2010	12	168895	1	0
2e69d4160934d8dbf5e465e40ae7e992d245cb02	2011	1	173600	1	0
2e69d4160934d8dbf5e465e40ae7e992d245cb02	2011	2	174544	1	0
2e69d4160934d8dbf5e465e40ae7e992d245cb02	2011	3	175341	1	0
2e69d4160934d8dbf5e465e40ae7e992d245cb02	2011	10	172043	1	1
2e69d4160934d8dbf5e465e40ae7e992d245cb02	2011	11	172624	1	0
2e69d4160934d8dbf5e465e40ae7e992d245cb02	2011	12	172785	1	0
2e69d4160934d8dbf5e465e40ae7e992d245cb02	2012	1	181575	1	8
2e69d4160934d8dbf5e465e40ae7e992d245cb02	2012	2	182158	1	21
2e69d4160934d8dbf5e465e40ae7e992d245cb02	2012	3	182939	1	0
2e69d4160934d8dbf5e465e40ae7e992d245cb02	2012	10	177129	1	1
2e69d4160934d8dbf5e465e40ae7e992d245cb02	2012	11	179939	1	3
2e69d4160934d8dbf5e465e40ae7e992d245cb02	2012	12	179991	1	0
2e69d4160934d8dbf5e465e40ae7e992d245cb02	2013	1	188233	1	0
2e69d4160934d8dbf5e465e40ae7e992d245cb02	2013	2	189390	1	1
2e69d4160934d8dbf5e465e40ae7e992d245cb02	2013	3	189628	1	0
2e69d4160934d8dbf5e465e40ae7e992d245cb02	2013	10	184028	1	0
2e69d4160934d8dbf5e465e40ae7e992d245cb02	2013	11	185571	1	1
2e69d4160934d8dbf5e465e40ae7e992d245cb02	2013	12	187612	1	0
2e69d4160934d8dbf5e465e40ae7e992d245cb02	2014	1	193994	1	0
2e69d4160934d8dbf5e465e40ae7e992d245cb02	2014	2	194788	1	2
2e69d4160934d8dbf5e465e40ae7e992d245cb02	2014	3	195348	1	0
2e69d4160934d8dbf5e465e40ae7e992d245cb02	2014	10	191845	1	0
2e69d4160934d8dbf5e465e40ae7e992d245cb02	2014	11	192988	1	2
2e69d4160934d8dbf5e465e40ae7e992d245cb02	2014	12	192999	1	0
2e69d4160934d8dbf5e465e40ae7e992d245cb02	2015	1	198881	1	0
2e69d4160934d8dbf5e465e40ae7e992d245cb02	2015	2	199526	1	0
2e69d4160934d8dbf5e465e40ae7e992d245cb02	2015	3	199992	1	0
2e69d4160934d8dbf5e465e40ae7e992d245cb02	2015	10	197034	1	0
2e69d4160934d8dbf5e465e40ae7e992d245cb02	2015	12	198225	1	0
2e69d4160934d8dbf5e465e40ae7e992d245cb02	2016	1	203647	1	0
2e69d4160934d8dbf5e465e40ae7e992d245cb02	2016	2	204048	1	2
2e69d4160934d8dbf5e465e40ae7e992d245cb02	2016	3	205087	1	0
2e69d4160934d8dbf5e465e40ae7e992d245cb02	2016	10	201787	1	6
2e69d4160934d8dbf5e465e40ae7e992d245cb02	2016	11	202823	1	0
2e69d4160934d8dbf5e465e40ae7e992d245cb02	2016	12	202826	1	0
4e2e8d92c4fff2f2acedd2e4a82e0eef1448951e	1992	1	174571	1	20
4e2e8d92c4fff2f2acedd2e4a82e0eef1448951e	1992	2	174575	1	5
4e2e8d92c4fff2f2acedd2e4a82e0eef1448951e	1992	3	174580	1	30
4e2e8d92c4fff2f2acedd2e4a82e0eef1448951e	1992	11	174548	1	1
4e2e8d92c4fff2f2acedd2e4a82e0eef1448951e	1992	12	174561	1	9
4e2e8d92c4fff2f2acedd2e4a82e0eef1448951e	1993	1	184226	1	60
4e2e8d92c4fff2f2acedd2e4a82e0eef1448951e	1993	2	184229	1	24
4e2e8d92c4fff2f2acedd2e4a82e0eef1448951e	1993	3	184232	1	14
4e2e8d92c4fff2f2acedd2e4a82e0eef1448951e	1993	11	184220	1	62
4e2e8d92c4fff2f2acedd2e4a82e0eef1448951e	1993	12	184223	1	49
4e2e8d92c4fff2f2acedd2e4a82e0eef1448951e	1994	1	184247	1	22
4e2e8d92c4fff2f2acedd2e4a82e0eef1448951e	1994	2	184251	1	22
4e2e8d92c4fff2f2acedd2e4a82e0eef1448951e	1994	3	184255	1	2
4e2e8d92c4fff2f2acedd2e4a82e0eef1448951e	1994	10	184235	1	8
4e2e8d92c4fff2f2acedd2e4a82e0eef1448951e	1994	11	184239	1	13
4e2e8d92c4fff2f2acedd2e4a82e0eef1448951e	1994	12	184243	1	21
4e2e8d92c4fff2f2acedd2e4a82e0eef1448951e	1995	1	184267	1	3
4e2e8d92c4fff2f2acedd2e4a82e0eef1448951e	1995	2	184271	1	17
4e2e8d92c4fff2f2acedd2e4a82e0eef1448951e	1995	11	184259	1	35
4e2e8d92c4fff2f2acedd2e4a82e0eef1448951e	1995	12	184263	1	49
4e2e8d92c4fff2f2acedd2e4a82e0eef1448951e	1996	1	184283	1	45
4e2e8d92c4fff2f2acedd2e4a82e0eef1448951e	1996	2	184287	1	42
4e2e8d92c4fff2f2acedd2e4a82e0eef1448951e	1996	11	184275	1	19
4e2e8d92c4fff2f2acedd2e4a82e0eef1448951e	1996	12	184279	1	58
4e2e8d92c4fff2f2acedd2e4a82e0eef1448951e	1997	1	184299	1	4
4e2e8d92c4fff2f2acedd2e4a82e0eef1448951e	1997	2	184303	1	3
4e2e8d92c4fff2f2acedd2e4a82e0eef1448951e	1997	11	184291	1	12
4e2e8d92c4fff2f2acedd2e4a82e0eef1448951e	1997	12	184295	1	6
4e2e8d92c4fff2f2acedd2e4a82e0eef1448951e	1998	1	184314	1	0
4e2e8d92c4fff2f2acedd2e4a82e0eef1448951e	1998	2	184318	1	5
4e2e8d92c4fff2f2acedd2e4a82e0eef1448951e	1998	11	184307	1	14
4e2e8d92c4fff2f2acedd2e4a82e0eef1448951e	1998	12	184311	1	1
4e2e8d92c4fff2f2acedd2e4a82e0eef1448951e	1999	1	184332	1	36
4e2e8d92c4fff2f2acedd2e4a82e0eef1448951e	1999	2	184336	1	1
4e2e8d92c4fff2f2acedd2e4a82e0eef1448951e	1999	11	184323	1	36
4e2e8d92c4fff2f2acedd2e4a82e0eef1448951e	1999	12	184327	1	42
4e2e8d92c4fff2f2acedd2e4a82e0eef1448951e	2000	1	2495	1	20
4e2e8d92c4fff2f2acedd2e4a82e0eef1448951e	2000	2	2543	1	26
4e2e8d92c4fff2f2acedd2e4a82e0eef1448951e	2000	3	2588	1	0
4e2e8d92c4fff2f2acedd2e4a82e0eef1448951e	2000	10	2356	1	0
4e2e8d92c4fff2f2acedd2e4a82e0eef1448951e	2000	11	2403	1	0
4e2e8d92c4fff2f2acedd2e4a82e0eef1448951e	2000	12	2450	1	1
4e2e8d92c4fff2f2acedd2e4a82e0eef1448951e	2001	1	6513	1	0
4e2e8d92c4fff2f2acedd2e4a82e0eef1448951e	2001	2	6523	1	0
4e2e8d92c4fff2f2acedd2e4a82e0eef1448951e	2001	3	6533	1	31
4e2e8d92c4fff2f2acedd2e4a82e0eef1448951e	2001	10	6483	1	0
4e2e8d92c4fff2f2acedd2e4a82e0eef1448951e	2001	11	6494	1	0
4e2e8d92c4fff2f2acedd2e4a82e0eef1448951e	2001	12	6500	1	0
4e2e8d92c4fff2f2acedd2e4a82e0eef1448951e	2002	1	112729	1	2
4e2e8d92c4fff2f2acedd2e4a82e0eef1448951e	2002	2	115050	1	2
4e2e8d92c4fff2f2acedd2e4a82e0eef1448951e	2002	3	115051	1	0
4e2e8d92c4fff2f2acedd2e4a82e0eef1448951e	2002	10	112604	1	0
4e2e8d92c4fff2f2acedd2e4a82e0eef1448951e	2002	11	112645	1	13
4e2e8d92c4fff2f2acedd2e4a82e0eef1448951e	2002	12	112685	1	22
4e2e8d92c4fff2f2acedd2e4a82e0eef1448951e	2003	1	139315	1	3
4e2e8d92c4fff2f2acedd2e4a82e0eef1448951e	2003	2	139535	1	17
4e2e8d92c4fff2f2acedd2e4a82e0eef1448951e	2003	3	139574	1	0
4e2e8d92c4fff2f2acedd2e4a82e0eef1448951e	2003	10	139227	1	26
4e2e8d92c4fff2f2acedd2e4a82e0eef1448951e	2003	11	139231	1	35
4e2e8d92c4fff2f2acedd2e4a82e0eef1448951e	2003	12	139277	1	5
4e2e8d92c4fff2f2acedd2e4a82e0eef1448951e	2004	1	148839	1	5
4e2e8d92c4fff2f2acedd2e4a82e0eef1448951e	2004	2	148850	1	0
4e2e8d92c4fff2f2acedd2e4a82e0eef1448951e	2004	3	157593	1	28
4e2e8d92c4fff2f2acedd2e4a82e0eef1448951e	2004	10	157590	1	0
4e2e8d92c4fff2f2acedd2e4a82e0eef1448951e	2004	11	157591	1	24
4e2e8d92c4fff2f2acedd2e4a82e0eef1448951e	2004	12	157592	1	24
4e2e8d92c4fff2f2acedd2e4a82e0eef1448951e	2005	1	157595	1	0
4e2e8d92c4fff2f2acedd2e4a82e0eef1448951e	2005	2	157596	1	21
4e2e8d92c4fff2f2acedd2e4a82e0eef1448951e	2005	3	148606	1	34
4e2e8d92c4fff2f2acedd2e4a82e0eef1448951e	2005	10	148035	1	31
4e2e8d92c4fff2f2acedd2e4a82e0eef1448951e	2005	11	148231	1	0
4e2e8d92c4fff2f2acedd2e4a82e0eef1448951e	2005	12	148337	1	35
4e2e8d92c4fff2f2acedd2e4a82e0eef1448951e	2006	1	145972	1	0
4e2e8d92c4fff2f2acedd2e4a82e0eef1448951e	2006	2	145975	1	0
4e2e8d92c4fff2f2acedd2e4a82e0eef1448951e	2006	3	145978	1	0
4e2e8d92c4fff2f2acedd2e4a82e0eef1448951e	2006	10	145963	1	0
4e2e8d92c4fff2f2acedd2e4a82e0eef1448951e	2006	11	145966	1	0
4e2e8d92c4fff2f2acedd2e4a82e0eef1448951e	2006	12	145969	1	0
4e2e8d92c4fff2f2acedd2e4a82e0eef1448951e	2007	1	152787	1	0
4e2e8d92c4fff2f2acedd2e4a82e0eef1448951e	2007	2	153745	1	0
4e2e8d92c4fff2f2acedd2e4a82e0eef1448951e	2007	3	155357	1	0
4e2e8d92c4fff2f2acedd2e4a82e0eef1448951e	2007	10	150553	1	0
4e2e8d92c4fff2f2acedd2e4a82e0eef1448951e	2007	11	151206	1	1
4e2e8d92c4fff2f2acedd2e4a82e0eef1448951e	2007	12	152113	1	12
4e2e8d92c4fff2f2acedd2e4a82e0eef1448951e	2008	1	160313	1	0
4e2e8d92c4fff2f2acedd2e4a82e0eef1448951e	2008	2	160855	1	0
4e2e8d92c4fff2f2acedd2e4a82e0eef1448951e	2008	3	161402	1	0
4e2e8d92c4fff2f2acedd2e4a82e0eef1448951e	2008	10	158128	1	0
4e2e8d92c4fff2f2acedd2e4a82e0eef1448951e	2008	11	158794	1	0
4e2e8d92c4fff2f2acedd2e4a82e0eef1448951e	2008	12	159443	1	0
4e2e8d92c4fff2f2acedd2e4a82e0eef1448951e	2009	1	164868	1	0
4e2e8d92c4fff2f2acedd2e4a82e0eef1448951e	2009	2	165497	1	0
4e2e8d92c4fff2f2acedd2e4a82e0eef1448951e	2009	3	166057	1	0
4e2e8d92c4fff2f2acedd2e4a82e0eef1448951e	2009	10	162585	1	0
4e2e8d92c4fff2f2acedd2e4a82e0eef1448951e	2009	11	163300	1	11
4e2e8d92c4fff2f2acedd2e4a82e0eef1448951e	2009	12	164100	1	1
4e2e8d92c4fff2f2acedd2e4a82e0eef1448951e	2010	1	169733	1	0
4e2e8d92c4fff2f2acedd2e4a82e0eef1448951e	2010	2	170264	1	0
4e2e8d92c4fff2f2acedd2e4a82e0eef1448951e	2010	3	170782	1	0
4e2e8d92c4fff2f2acedd2e4a82e0eef1448951e	2010	10	167639	1	0
4e2e8d92c4fff2f2acedd2e4a82e0eef1448951e	2010	11	168265	1	0
4e2e8d92c4fff2f2acedd2e4a82e0eef1448951e	2010	12	168894	1	0
4e2e8d92c4fff2f2acedd2e4a82e0eef1448951e	2011	1	173598	1	0
4e2e8d92c4fff2f2acedd2e4a82e0eef1448951e	2011	2	174514	1	0
4e2e8d92c4fff2f2acedd2e4a82e0eef1448951e	2011	3	175342	1	0
4e2e8d92c4fff2f2acedd2e4a82e0eef1448951e	2011	10	172045	1	0
4e2e8d92c4fff2f2acedd2e4a82e0eef1448951e	2011	11	172623	1	0
4e2e8d92c4fff2f2acedd2e4a82e0eef1448951e	2011	12	173078	1	0
4e2e8d92c4fff2f2acedd2e4a82e0eef1448951e	2012	1	180527	1	0
4e2e8d92c4fff2f2acedd2e4a82e0eef1448951e	2012	2	182172	1	0
4e2e8d92c4fff2f2acedd2e4a82e0eef1448951e	2012	3	182941	1	0
4e2e8d92c4fff2f2acedd2e4a82e0eef1448951e	2012	10	177128	1	0
4e2e8d92c4fff2f2acedd2e4a82e0eef1448951e	2012	11	179938	1	0
4e2e8d92c4fff2f2acedd2e4a82e0eef1448951e	2012	12	182944	1	0
4e2e8d92c4fff2f2acedd2e4a82e0eef1448951e	2013	1	188235	1	0
4e2e8d92c4fff2f2acedd2e4a82e0eef1448951e	2013	2	189393	1	0
4e2e8d92c4fff2f2acedd2e4a82e0eef1448951e	2013	3	189627	1	0
4e2e8d92c4fff2f2acedd2e4a82e0eef1448951e	2013	10	184029	1	0
4e2e8d92c4fff2f2acedd2e4a82e0eef1448951e	2013	11	185573	1	0
4e2e8d92c4fff2f2acedd2e4a82e0eef1448951e	2013	12	187460	1	0
4e2e8d92c4fff2f2acedd2e4a82e0eef1448951e	2014	1	193992	1	0
4e2e8d92c4fff2f2acedd2e4a82e0eef1448951e	2014	2	194787	1	0
4e2e8d92c4fff2f2acedd2e4a82e0eef1448951e	2014	3	195349	1	0
4e2e8d92c4fff2f2acedd2e4a82e0eef1448951e	2014	12	192997	1	0
4e2e8d92c4fff2f2acedd2e4a82e0eef1448951e	2015	1	198884	1	0
4e2e8d92c4fff2f2acedd2e4a82e0eef1448951e	2015	2	199523	1	0
4e2e8d92c4fff2f2acedd2e4a82e0eef1448951e	2015	3	199995	1	0
4e2e8d92c4fff2f2acedd2e4a82e0eef1448951e	2015	10	197036	1	0
4e2e8d92c4fff2f2acedd2e4a82e0eef1448951e	2015	12	198228	1	0
4e2e8d92c4fff2f2acedd2e4a82e0eef1448951e	2016	1	203650	1	0
4e2e8d92c4fff2f2acedd2e4a82e0eef1448951e	2016	2	204363	1	0
4e2e8d92c4fff2f2acedd2e4a82e0eef1448951e	2016	3	205090	1	0
4e2e8d92c4fff2f2acedd2e4a82e0eef1448951e	2016	10	201786	1	0
4e2e8d92c4fff2f2acedd2e4a82e0eef1448951e	2016	12	202825	1	0
743060ee0efc66a3f761520f4e8be38398ec098f	1992	1	174570	1	106
743060ee0efc66a3f761520f4e8be38398ec098f	1992	2	174576	1	2
743060ee0efc66a3f761520f4e8be38398ec098f	1992	3	174581	1	19
743060ee0efc66a3f761520f4e8be38398ec098f	1992	11	174546	1	67
743060ee0efc66a3f761520f4e8be38398ec098f	1992	12	174559	1	5
743060ee0efc66a3f761520f4e8be38398ec098f	1993	1	184227	1	0
743060ee0efc66a3f761520f4e8be38398ec098f	1993	2	184230	1	0
743060ee0efc66a3f761520f4e8be38398ec098f	1993	3	184233	1	0
743060ee0efc66a3f761520f4e8be38398ec098f	1993	11	184221	1	0
743060ee0efc66a3f761520f4e8be38398ec098f	1993	12	184222	1	0
743060ee0efc66a3f761520f4e8be38398ec098f	1994	1	184248	1	74
743060ee0efc66a3f761520f4e8be38398ec098f	1994	2	184252	1	68
743060ee0efc66a3f761520f4e8be38398ec098f	1994	3	184256	1	1
743060ee0efc66a3f761520f4e8be38398ec098f	1994	10	184236	1	0
743060ee0efc66a3f761520f4e8be38398ec098f	1994	11	184240	1	15
743060ee0efc66a3f761520f4e8be38398ec098f	1994	12	184244	1	37
743060ee0efc66a3f761520f4e8be38398ec098f	1995	1	184268	1	0
743060ee0efc66a3f761520f4e8be38398ec098f	1995	2	184272	1	0
743060ee0efc66a3f761520f4e8be38398ec098f	1995	11	184260	1	1
743060ee0efc66a3f761520f4e8be38398ec098f	1995	12	184264	1	0
743060ee0efc66a3f761520f4e8be38398ec098f	1996	1	184284	1	1
743060ee0efc66a3f761520f4e8be38398ec098f	1996	2	184289	1	0
743060ee0efc66a3f761520f4e8be38398ec098f	1996	11	184276	1	0
743060ee0efc66a3f761520f4e8be38398ec098f	1996	12	184280	1	1
743060ee0efc66a3f761520f4e8be38398ec098f	1997	1	184300	1	1
743060ee0efc66a3f761520f4e8be38398ec098f	1997	2	184304	1	0
743060ee0efc66a3f761520f4e8be38398ec098f	1997	11	184292	1	0
743060ee0efc66a3f761520f4e8be38398ec098f	1997	12	184296	1	8
743060ee0efc66a3f761520f4e8be38398ec098f	1998	1	184315	1	2
743060ee0efc66a3f761520f4e8be38398ec098f	1998	2	184320	1	4
743060ee0efc66a3f761520f4e8be38398ec098f	1998	11	184308	1	3
743060ee0efc66a3f761520f4e8be38398ec098f	1998	12	184312	1	1
743060ee0efc66a3f761520f4e8be38398ec098f	1999	1	184333	1	0
743060ee0efc66a3f761520f4e8be38398ec098f	1999	2	184337	1	0
743060ee0efc66a3f761520f4e8be38398ec098f	1999	11	184324	1	0
743060ee0efc66a3f761520f4e8be38398ec098f	1999	12	184329	1	0
743060ee0efc66a3f761520f4e8be38398ec098f	2000	1	2496	1	5
743060ee0efc66a3f761520f4e8be38398ec098f	2000	2	2544	1	20
743060ee0efc66a3f761520f4e8be38398ec098f	2000	3	2589	1	0
743060ee0efc66a3f761520f4e8be38398ec098f	2000	10	2357	1	2
743060ee0efc66a3f761520f4e8be38398ec098f	2000	11	2404	1	6
743060ee0efc66a3f761520f4e8be38398ec098f	2000	12	2451	1	14
743060ee0efc66a3f761520f4e8be38398ec098f	2001	1	6514	1	4
743060ee0efc66a3f761520f4e8be38398ec098f	2001	2	6524	1	0
743060ee0efc66a3f761520f4e8be38398ec098f	2001	3	6534	1	2
743060ee0efc66a3f761520f4e8be38398ec098f	2001	10	6484	1	6
743060ee0efc66a3f761520f4e8be38398ec098f	2001	11	6493	1	0
743060ee0efc66a3f761520f4e8be38398ec098f	2001	12	6501	1	2
743060ee0efc66a3f761520f4e8be38398ec098f	2002	1	112730	1	2
743060ee0efc66a3f761520f4e8be38398ec098f	2002	10	112605	1	0
743060ee0efc66a3f761520f4e8be38398ec098f	2002	11	112646	1	0
743060ee0efc66a3f761520f4e8be38398ec098f	2002	12	112686	1	0
743060ee0efc66a3f761520f4e8be38398ec098f	2003	1	139316	1	9
743060ee0efc66a3f761520f4e8be38398ec098f	2003	2	139536	1	0
743060ee0efc66a3f761520f4e8be38398ec098f	2003	3	139575	1	4
743060ee0efc66a3f761520f4e8be38398ec098f	2003	10	139228	1	2
743060ee0efc66a3f761520f4e8be38398ec098f	2003	11	139232	1	79
743060ee0efc66a3f761520f4e8be38398ec098f	2003	12	139278	1	15
743060ee0efc66a3f761520f4e8be38398ec098f	2004	1	148843	1	16
743060ee0efc66a3f761520f4e8be38398ec098f	2004	2	157600	1	2
743060ee0efc66a3f761520f4e8be38398ec098f	2004	3	157601	1	0
743060ee0efc66a3f761520f4e8be38398ec098f	2004	10	157597	1	1
743060ee0efc66a3f761520f4e8be38398ec098f	2004	11	157598	1	36
743060ee0efc66a3f761520f4e8be38398ec098f	2005	1	157603	1	4
743060ee0efc66a3f761520f4e8be38398ec098f	2005	2	157604	1	0
743060ee0efc66a3f761520f4e8be38398ec098f	2005	3	148608	1	4
743060ee0efc66a3f761520f4e8be38398ec098f	2005	10	148039	1	2
743060ee0efc66a3f761520f4e8be38398ec098f	2005	11	148232	1	1
743060ee0efc66a3f761520f4e8be38398ec098f	2005	12	157602	1	3
743060ee0efc66a3f761520f4e8be38398ec098f	2006	1	145971	1	1
743060ee0efc66a3f761520f4e8be38398ec098f	2006	2	145974	1	1
743060ee0efc66a3f761520f4e8be38398ec098f	2006	3	145977	1	1
743060ee0efc66a3f761520f4e8be38398ec098f	2006	10	145962	1	0
743060ee0efc66a3f761520f4e8be38398ec098f	2006	11	145965	1	5
743060ee0efc66a3f761520f4e8be38398ec098f	2006	12	145968	1	0
743060ee0efc66a3f761520f4e8be38398ec098f	2007	1	152789	1	0
743060ee0efc66a3f761520f4e8be38398ec098f	2007	2	153747	1	0
743060ee0efc66a3f761520f4e8be38398ec098f	2007	3	155359	1	2
743060ee0efc66a3f761520f4e8be38398ec098f	2007	10	150555	1	0
743060ee0efc66a3f761520f4e8be38398ec098f	2007	11	151223	1	0
743060ee0efc66a3f761520f4e8be38398ec098f	2007	12	152112	1	0
743060ee0efc66a3f761520f4e8be38398ec098f	2008	1	160315	1	20
743060ee0efc66a3f761520f4e8be38398ec098f	2008	2	160857	1	0
743060ee0efc66a3f761520f4e8be38398ec098f	2008	3	161401	1	0
743060ee0efc66a3f761520f4e8be38398ec098f	2008	10	158126	1	0
743060ee0efc66a3f761520f4e8be38398ec098f	2008	11	158793	1	0
743060ee0efc66a3f761520f4e8be38398ec098f	2008	12	159444	1	9
743060ee0efc66a3f761520f4e8be38398ec098f	2009	1	164862	1	0
743060ee0efc66a3f761520f4e8be38398ec098f	2009	2	165499	1	0
743060ee0efc66a3f761520f4e8be38398ec098f	2009	3	166059	1	0
743060ee0efc66a3f761520f4e8be38398ec098f	2009	10	162584	1	0
743060ee0efc66a3f761520f4e8be38398ec098f	2009	11	163303	1	0
743060ee0efc66a3f761520f4e8be38398ec098f	2009	12	164101	1	5
743060ee0efc66a3f761520f4e8be38398ec098f	2010	1	169735	1	0
743060ee0efc66a3f761520f4e8be38398ec098f	2010	2	170263	1	0
743060ee0efc66a3f761520f4e8be38398ec098f	2010	10	167637	1	0
743060ee0efc66a3f761520f4e8be38398ec098f	2010	11	168263	1	7
743060ee0efc66a3f761520f4e8be38398ec098f	2010	12	168896	1	1
743060ee0efc66a3f761520f4e8be38398ec098f	2011	1	173599	1	8
743060ee0efc66a3f761520f4e8be38398ec098f	2011	2	174515	1	1
743060ee0efc66a3f761520f4e8be38398ec098f	2011	3	175339	1	0
743060ee0efc66a3f761520f4e8be38398ec098f	2011	10	172044	1	1
743060ee0efc66a3f761520f4e8be38398ec098f	2011	11	172625	1	1
743060ee0efc66a3f761520f4e8be38398ec098f	2011	12	172786	1	17
743060ee0efc66a3f761520f4e8be38398ec098f	2012	1	180528	1	0
743060ee0efc66a3f761520f4e8be38398ec098f	2012	2	182159	1	0
743060ee0efc66a3f761520f4e8be38398ec098f	2012	3	182940	1	2
743060ee0efc66a3f761520f4e8be38398ec098f	2012	10	177130	1	0
743060ee0efc66a3f761520f4e8be38398ec098f	2012	11	179940	1	0
743060ee0efc66a3f761520f4e8be38398ec098f	2012	12	179992	1	1
743060ee0efc66a3f761520f4e8be38398ec098f	2013	1	188234	1	0
743060ee0efc66a3f761520f4e8be38398ec098f	2013	2	189391	1	0
743060ee0efc66a3f761520f4e8be38398ec098f	2013	3	189682	1	23
743060ee0efc66a3f761520f4e8be38398ec098f	2013	11	185572	1	0
743060ee0efc66a3f761520f4e8be38398ec098f	2013	12	187459	1	0
743060ee0efc66a3f761520f4e8be38398ec098f	2014	1	193993	1	64
743060ee0efc66a3f761520f4e8be38398ec098f	2014	2	194789	1	0
743060ee0efc66a3f761520f4e8be38398ec098f	2014	3	195347	1	27
743060ee0efc66a3f761520f4e8be38398ec098f	2014	10	191846	1	53
743060ee0efc66a3f761520f4e8be38398ec098f	2014	11	192993	1	0
743060ee0efc66a3f761520f4e8be38398ec098f	2014	12	193001	1	49
743060ee0efc66a3f761520f4e8be38398ec098f	2015	1	198882	1	0
743060ee0efc66a3f761520f4e8be38398ec098f	2015	2	199525	1	0
743060ee0efc66a3f761520f4e8be38398ec098f	2015	3	199993	1	0
743060ee0efc66a3f761520f4e8be38398ec098f	2015	10	197038	1	0
743060ee0efc66a3f761520f4e8be38398ec098f	2015	12	198226	1	0
743060ee0efc66a3f761520f4e8be38398ec098f	2016	1	203648	1	0
743060ee0efc66a3f761520f4e8be38398ec098f	2016	2	204050	1	0
743060ee0efc66a3f761520f4e8be38398ec098f	2016	3	205088	1	0
743060ee0efc66a3f761520f4e8be38398ec098f	2016	10	201785	1	22
743060ee0efc66a3f761520f4e8be38398ec098f	2016	11	202824	1	0
743060ee0efc66a3f761520f4e8be38398ec098f	2016	12	202827	1	0
919fba74edeecd49fc0c163c5f7613807ac87603	2000	1	668	1	0
919fba74edeecd49fc0c163c5f7613807ac87603	2000	2	684	1	0
919fba74edeecd49fc0c163c5f7613807ac87603	2000	3	701	1	0
919fba74edeecd49fc0c163c5f7613807ac87603	2000	10	634	1	0
919fba74edeecd49fc0c163c5f7613807ac87603	2000	11	641	1	0
919fba74edeecd49fc0c163c5f7613807ac87603	2000	12	664	1	0
919fba74edeecd49fc0c163c5f7613807ac87603	2001	1	4796	1	0
919fba74edeecd49fc0c163c5f7613807ac87603	2001	2	4811	1	0
919fba74edeecd49fc0c163c5f7613807ac87603	2001	3	4828	1	0
919fba74edeecd49fc0c163c5f7613807ac87603	2001	10	4761	1	0
919fba74edeecd49fc0c163c5f7613807ac87603	2001	11	4771	1	4
919fba74edeecd49fc0c163c5f7613807ac87603	2001	12	4783	1	0
919fba74edeecd49fc0c163c5f7613807ac87603	2002	1	112910	1	0
919fba74edeecd49fc0c163c5f7613807ac87603	2002	2	112933	1	11
919fba74edeecd49fc0c163c5f7613807ac87603	2002	3	112949	1	0
919fba74edeecd49fc0c163c5f7613807ac87603	2002	10	112857	1	0
919fba74edeecd49fc0c163c5f7613807ac87603	2002	11	112874	1	0
919fba74edeecd49fc0c163c5f7613807ac87603	2002	12	112892	1	15
919fba74edeecd49fc0c163c5f7613807ac87603	2003	1	138814	1	0
919fba74edeecd49fc0c163c5f7613807ac87603	2003	2	138843	1	0
919fba74edeecd49fc0c163c5f7613807ac87603	2003	3	138855	1	0
919fba74edeecd49fc0c163c5f7613807ac87603	2003	10	138764	1	0
919fba74edeecd49fc0c163c5f7613807ac87603	2003	11	138777	1	0
919fba74edeecd49fc0c163c5f7613807ac87603	2003	12	138789	1	0
919fba74edeecd49fc0c163c5f7613807ac87603	2005	1	152535	1	0
919fba74edeecd49fc0c163c5f7613807ac87603	2005	2	155223	1	0
919fba74edeecd49fc0c163c5f7613807ac87603	2005	3	155225	1	0
919fba74edeecd49fc0c163c5f7613807ac87603	2005	10	155179	1	0
919fba74edeecd49fc0c163c5f7613807ac87603	2005	11	155183	1	0
919fba74edeecd49fc0c163c5f7613807ac87603	2005	12	155213	1	0
919fba74edeecd49fc0c163c5f7613807ac87603	2006	1	154634	1	0
919fba74edeecd49fc0c163c5f7613807ac87603	2006	2	154641	1	0
919fba74edeecd49fc0c163c5f7613807ac87603	2006	3	154648	1	0
919fba74edeecd49fc0c163c5f7613807ac87603	2006	10	155244	1	0
919fba74edeecd49fc0c163c5f7613807ac87603	2006	11	155249	1	0
919fba74edeecd49fc0c163c5f7613807ac87603	2006	12	146473	1	0
919fba74edeecd49fc0c163c5f7613807ac87603	2007	1	154666	1	0
919fba74edeecd49fc0c163c5f7613807ac87603	2007	2	154672	1	0
919fba74edeecd49fc0c163c5f7613807ac87603	2007	3	155254	1	0
919fba74edeecd49fc0c163c5f7613807ac87603	2007	10	154653	1	0
919fba74edeecd49fc0c163c5f7613807ac87603	2007	11	154663	1	0
919fba74edeecd49fc0c163c5f7613807ac87603	2007	12	155169	1	0
919fba74edeecd49fc0c163c5f7613807ac87603	2008	1	167062	1	0
919fba74edeecd49fc0c163c5f7613807ac87603	2008	2	167070	1	0
919fba74edeecd49fc0c163c5f7613807ac87603	2008	3	167086	1	0
919fba74edeecd49fc0c163c5f7613807ac87603	2008	10	167044	1	0
919fba74edeecd49fc0c163c5f7613807ac87603	2008	11	167050	1	0
919fba74edeecd49fc0c163c5f7613807ac87603	2008	12	159087	1	0
919fba74edeecd49fc0c163c5f7613807ac87603	2009	1	167120	1	0
919fba74edeecd49fc0c163c5f7613807ac87603	2009	2	167128	1	0
919fba74edeecd49fc0c163c5f7613807ac87603	2009	3	167135	1	0
919fba74edeecd49fc0c163c5f7613807ac87603	2009	10	167103	1	0
919fba74edeecd49fc0c163c5f7613807ac87603	2009	11	167108	1	0
919fba74edeecd49fc0c163c5f7613807ac87603	2009	12	167115	1	0
919fba74edeecd49fc0c163c5f7613807ac87603	2010	1	176285	1	0
919fba74edeecd49fc0c163c5f7613807ac87603	2010	2	176286	1	0
919fba74edeecd49fc0c163c5f7613807ac87603	2010	10	176282	1	0
919fba74edeecd49fc0c163c5f7613807ac87603	2010	11	176283	1	0
919fba74edeecd49fc0c163c5f7613807ac87603	2010	12	176284	1	0
919fba74edeecd49fc0c163c5f7613807ac87603	2011	1	175943	1	0
919fba74edeecd49fc0c163c5f7613807ac87603	2011	2	175944	1	0
919fba74edeecd49fc0c163c5f7613807ac87603	2011	3	175945	1	0
919fba74edeecd49fc0c163c5f7613807ac87603	2011	10	175941	1	0
919fba74edeecd49fc0c163c5f7613807ac87603	2011	11	175942	1	0
919fba74edeecd49fc0c163c5f7613807ac87603	2011	12	175443	1	5
919fba74edeecd49fc0c163c5f7613807ac87603	2012	12	179252	1	4
919fba74edeecd49fc0c163c5f7613807ac87603	2013	1	190228	1	0
919fba74edeecd49fc0c163c5f7613807ac87603	2013	2	190231	1	0
919fba74edeecd49fc0c163c5f7613807ac87603	2013	3	190235	1	0
919fba74edeecd49fc0c163c5f7613807ac87603	2013	10	190218	1	0
919fba74edeecd49fc0c163c5f7613807ac87603	2013	11	190223	1	0
919fba74edeecd49fc0c163c5f7613807ac87603	2013	12	190148	1	0
919fba74edeecd49fc0c163c5f7613807ac87603	2014	1	195891	1	0
919fba74edeecd49fc0c163c5f7613807ac87603	2014	2	195894	1	0
919fba74edeecd49fc0c163c5f7613807ac87603	2014	3	195900	1	0
919fba74edeecd49fc0c163c5f7613807ac87603	2014	10	195888	1	0
919fba74edeecd49fc0c163c5f7613807ac87603	2014	11	195897	1	0
919fba74edeecd49fc0c163c5f7613807ac87603	2014	12	193194	1	14
919fba74edeecd49fc0c163c5f7613807ac87603	2015	1	200959	1	0
919fba74edeecd49fc0c163c5f7613807ac87603	2015	2	200965	1	0
919fba74edeecd49fc0c163c5f7613807ac87603	2015	3	200969	1	0
919fba74edeecd49fc0c163c5f7613807ac87603	2015	10	200984	1	0
919fba74edeecd49fc0c163c5f7613807ac87603	2015	11	201015	1	0
919fba74edeecd49fc0c163c5f7613807ac87603	2015	12	200694	1	0
919fba74edeecd49fc0c163c5f7613807ac87603	2016	1	206562	1	0
919fba74edeecd49fc0c163c5f7613807ac87603	2016	2	206566	1	0
919fba74edeecd49fc0c163c5f7613807ac87603	2016	3	206571	1	0
919fba74edeecd49fc0c163c5f7613807ac87603	2016	10	206549	1	0
919fba74edeecd49fc0c163c5f7613807ac87603	2016	11	206555	1	0
919fba74edeecd49fc0c163c5f7613807ac87603	2016	12	206559	1	0
92bd6c2ddc7dade290f3eb36ee2ad42435cba17d	2000	1	667	1	0
92bd6c2ddc7dade290f3eb36ee2ad42435cba17d	2000	2	679	1	0
92bd6c2ddc7dade290f3eb36ee2ad42435cba17d	2000	10	632	1	0
92bd6c2ddc7dade290f3eb36ee2ad42435cba17d	2000	11	640	1	0
92bd6c2ddc7dade290f3eb36ee2ad42435cba17d	2001	1	4797	1	0
92bd6c2ddc7dade290f3eb36ee2ad42435cba17d	2001	2	4818	1	0
92bd6c2ddc7dade290f3eb36ee2ad42435cba17d	2001	3	4829	1	0
92bd6c2ddc7dade290f3eb36ee2ad42435cba17d	2001	10	4762	0	0
92bd6c2ddc7dade290f3eb36ee2ad42435cba17d	2001	11	4773	1	0
92bd6c2ddc7dade290f3eb36ee2ad42435cba17d	2001	12	4784	0	0
92bd6c2ddc7dade290f3eb36ee2ad42435cba17d	2002	1	112912	1	27
92bd6c2ddc7dade290f3eb36ee2ad42435cba17d	2002	2	112935	1	50
92bd6c2ddc7dade290f3eb36ee2ad42435cba17d	2002	3	112950	1	0
92bd6c2ddc7dade290f3eb36ee2ad42435cba17d	2002	12	112893	1	0
92bd6c2ddc7dade290f3eb36ee2ad42435cba17d	2003	1	138817	1	0
92bd6c2ddc7dade290f3eb36ee2ad42435cba17d	2003	2	138845	1	0
92bd6c2ddc7dade290f3eb36ee2ad42435cba17d	2003	10	138769	1	0
92bd6c2ddc7dade290f3eb36ee2ad42435cba17d	2003	11	138779	1	0
92bd6c2ddc7dade290f3eb36ee2ad42435cba17d	2003	12	138792	1	0
92bd6c2ddc7dade290f3eb36ee2ad42435cba17d	2004	1	147651	1	14
92bd6c2ddc7dade290f3eb36ee2ad42435cba17d	2004	12	147608	1	0
92bd6c2ddc7dade290f3eb36ee2ad42435cba17d	2005	2	155221	1	0
92bd6c2ddc7dade290f3eb36ee2ad42435cba17d	2005	3	155227	1	0
92bd6c2ddc7dade290f3eb36ee2ad42435cba17d	2005	10	155181	1	0
92bd6c2ddc7dade290f3eb36ee2ad42435cba17d	2005	11	155185	1	0
92bd6c2ddc7dade290f3eb36ee2ad42435cba17d	2005	12	155214	1	0
92bd6c2ddc7dade290f3eb36ee2ad42435cba17d	2006	1	154635	1	0
92bd6c2ddc7dade290f3eb36ee2ad42435cba17d	2006	2	154644	1	0
92bd6c2ddc7dade290f3eb36ee2ad42435cba17d	2006	3	154649	1	0
92bd6c2ddc7dade290f3eb36ee2ad42435cba17d	2006	10	155245	1	0
92bd6c2ddc7dade290f3eb36ee2ad42435cba17d	2006	11	155250	1	0
92bd6c2ddc7dade290f3eb36ee2ad42435cba17d	2006	12	146474	1	0
92bd6c2ddc7dade290f3eb36ee2ad42435cba17d	2007	1	154668	1	0
92bd6c2ddc7dade290f3eb36ee2ad42435cba17d	2007	2	154673	1	0
92bd6c2ddc7dade290f3eb36ee2ad42435cba17d	2007	3	155255	1	0
92bd6c2ddc7dade290f3eb36ee2ad42435cba17d	2007	10	154654	1	0
92bd6c2ddc7dade290f3eb36ee2ad42435cba17d	2007	11	154665	1	0
92bd6c2ddc7dade290f3eb36ee2ad42435cba17d	2007	12	155170	1	0
92bd6c2ddc7dade290f3eb36ee2ad42435cba17d	2008	1	167064	1	0
92bd6c2ddc7dade290f3eb36ee2ad42435cba17d	2008	2	167072	1	0
92bd6c2ddc7dade290f3eb36ee2ad42435cba17d	2008	3	167088	1	0
92bd6c2ddc7dade290f3eb36ee2ad42435cba17d	2008	10	167046	1	0
92bd6c2ddc7dade290f3eb36ee2ad42435cba17d	2008	11	167052	1	0
92bd6c2ddc7dade290f3eb36ee2ad42435cba17d	2008	12	159089	1	2
92bd6c2ddc7dade290f3eb36ee2ad42435cba17d	2009	1	167122	1	0
92bd6c2ddc7dade290f3eb36ee2ad42435cba17d	2009	2	167129	1	0
92bd6c2ddc7dade290f3eb36ee2ad42435cba17d	2009	3	167136	1	0
92bd6c2ddc7dade290f3eb36ee2ad42435cba17d	2009	10	167105	1	0
92bd6c2ddc7dade290f3eb36ee2ad42435cba17d	2009	11	167109	1	0
92bd6c2ddc7dade290f3eb36ee2ad42435cba17d	2009	12	167116	1	0
92bd6c2ddc7dade290f3eb36ee2ad42435cba17d	2011	1	175458	1	0
92bd6c2ddc7dade290f3eb36ee2ad42435cba17d	2011	12	175429	1	0
92bd6c2ddc7dade290f3eb36ee2ad42435cba17d	2012	12	179254	1	0
92bd6c2ddc7dade290f3eb36ee2ad42435cba17d	2013	1	190149	1	0
92bd6c2ddc7dade290f3eb36ee2ad42435cba17d	2013	2	190233	1	0
92bd6c2ddc7dade290f3eb36ee2ad42435cba17d	2013	3	190238	1	0
92bd6c2ddc7dade290f3eb36ee2ad42435cba17d	2013	10	190221	1	0
92bd6c2ddc7dade290f3eb36ee2ad42435cba17d	2013	11	190227	1	0
92bd6c2ddc7dade290f3eb36ee2ad42435cba17d	2013	12	190133	1	0
92bd6c2ddc7dade290f3eb36ee2ad42435cba17d	2014	1	195892	1	0
92bd6c2ddc7dade290f3eb36ee2ad42435cba17d	2014	2	195895	1	0
92bd6c2ddc7dade290f3eb36ee2ad42435cba17d	2014	3	195901	1	0
92bd6c2ddc7dade290f3eb36ee2ad42435cba17d	2014	10	195889	1	0
92bd6c2ddc7dade290f3eb36ee2ad42435cba17d	2014	11	195898	1	0
92bd6c2ddc7dade290f3eb36ee2ad42435cba17d	2014	12	193181	1	0
92bd6c2ddc7dade290f3eb36ee2ad42435cba17d	2015	1	200679	1	0
92bd6c2ddc7dade290f3eb36ee2ad42435cba17d	2015	2	200961	1	0
92bd6c2ddc7dade290f3eb36ee2ad42435cba17d	2015	3	200966	1	0
92bd6c2ddc7dade290f3eb36ee2ad42435cba17d	2015	10	200985	1	0
92bd6c2ddc7dade290f3eb36ee2ad42435cba17d	2015	11	201012	1	0
92bd6c2ddc7dade290f3eb36ee2ad42435cba17d	2015	12	200663	1	0
92bd6c2ddc7dade290f3eb36ee2ad42435cba17d	2016	2	206567	1	0
92bd6c2ddc7dade290f3eb36ee2ad42435cba17d	2016	3	206572	1	0
92bd6c2ddc7dade290f3eb36ee2ad42435cba17d	2016	10	206550	1	0
92bd6c2ddc7dade290f3eb36ee2ad42435cba17d	2016	11	206552	1	0
92bd6c2ddc7dade290f3eb36ee2ad42435cba17d	2016	12	206560	1	0
9835c61771a9416a55cfa5ce58bb9ccbc86e1212	1992	1	174557	1	165
9835c61771a9416a55cfa5ce58bb9ccbc86e1212	1992	2	184084	1	75
9835c61771a9416a55cfa5ce58bb9ccbc86e1212	1992	3	184085	1	245
9835c61771a9416a55cfa5ce58bb9ccbc86e1212	1992	10	184083	1	215
9835c61771a9416a55cfa5ce58bb9ccbc86e1212	1992	11	174551	1	286
9835c61771a9416a55cfa5ce58bb9ccbc86e1212	1992	12	174552	1	176
9835c61771a9416a55cfa5ce58bb9ccbc86e1212	1993	1	174601	1	145
9835c61771a9416a55cfa5ce58bb9ccbc86e1212	1993	2	174602	1	177
9835c61771a9416a55cfa5ce58bb9ccbc86e1212	1993	3	174603	1	231
9835c61771a9416a55cfa5ce58bb9ccbc86e1212	1993	10	184086	1	318
9835c61771a9416a55cfa5ce58bb9ccbc86e1212	1993	11	174599	1	140
9835c61771a9416a55cfa5ce58bb9ccbc86e1212	1993	12	174600	1	112
9835c61771a9416a55cfa5ce58bb9ccbc86e1212	1994	1	184090	1	135
9835c61771a9416a55cfa5ce58bb9ccbc86e1212	1994	2	184091	1	165
9835c61771a9416a55cfa5ce58bb9ccbc86e1212	1994	3	184092	1	24
9835c61771a9416a55cfa5ce58bb9ccbc86e1212	1994	10	184087	1	272
9835c61771a9416a55cfa5ce58bb9ccbc86e1212	1994	11	184088	1	105
9835c61771a9416a55cfa5ce58bb9ccbc86e1212	1994	12	184089	1	140
9835c61771a9416a55cfa5ce58bb9ccbc86e1212	1995	1	184096	1	94
9835c61771a9416a55cfa5ce58bb9ccbc86e1212	1995	2	184097	1	130
9835c61771a9416a55cfa5ce58bb9ccbc86e1212	1995	3	184098	1	127
9835c61771a9416a55cfa5ce58bb9ccbc86e1212	1995	10	184093	1	93
9835c61771a9416a55cfa5ce58bb9ccbc86e1212	1995	11	184094	1	198
9835c61771a9416a55cfa5ce58bb9ccbc86e1212	1995	12	184095	1	182
9835c61771a9416a55cfa5ce58bb9ccbc86e1212	1996	1	184102	1	115
9835c61771a9416a55cfa5ce58bb9ccbc86e1212	1996	2	184103	1	312
9835c61771a9416a55cfa5ce58bb9ccbc86e1212	1996	3	184104	1	17
9835c61771a9416a55cfa5ce58bb9ccbc86e1212	1996	10	184099	1	281
9835c61771a9416a55cfa5ce58bb9ccbc86e1212	1996	11	184100	1	118
9835c61771a9416a55cfa5ce58bb9ccbc86e1212	1996	12	184101	1	148
9835c61771a9416a55cfa5ce58bb9ccbc86e1212	1997	1	184108	1	199
9835c61771a9416a55cfa5ce58bb9ccbc86e1212	1997	2	184109	1	282
9835c61771a9416a55cfa5ce58bb9ccbc86e1212	1997	10	184105	1	78
9835c61771a9416a55cfa5ce58bb9ccbc86e1212	1997	11	184106	1	142
9835c61771a9416a55cfa5ce58bb9ccbc86e1212	1997	12	184107	1	0
9835c61771a9416a55cfa5ce58bb9ccbc86e1212	1998	1	184134	1	307
9835c61771a9416a55cfa5ce58bb9ccbc86e1212	1998	2	184135	1	309
9835c61771a9416a55cfa5ce58bb9ccbc86e1212	1998	3	184136	1	0
9835c61771a9416a55cfa5ce58bb9ccbc86e1212	1998	10	184131	1	290
9835c61771a9416a55cfa5ce58bb9ccbc86e1212	1998	11	184132	1	100
9835c61771a9416a55cfa5ce58bb9ccbc86e1212	1998	12	184133	1	175
9835c61771a9416a55cfa5ce58bb9ccbc86e1212	1999	1	184140	1	100
9835c61771a9416a55cfa5ce58bb9ccbc86e1212	1999	2	184141	1	310
9835c61771a9416a55cfa5ce58bb9ccbc86e1212	1999	10	184137	1	535
9835c61771a9416a55cfa5ce58bb9ccbc86e1212	1999	11	184138	1	421
9835c61771a9416a55cfa5ce58bb9ccbc86e1212	1999	12	184139	1	560
9835c61771a9416a55cfa5ce58bb9ccbc86e1212	2000	1	3312	1	365
9835c61771a9416a55cfa5ce58bb9ccbc86e1212	2000	2	3318	1	285
9835c61771a9416a55cfa5ce58bb9ccbc86e1212	2000	3	3323	1	202
9835c61771a9416a55cfa5ce58bb9ccbc86e1212	2000	10	3294	1	500
9835c61771a9416a55cfa5ce58bb9ccbc86e1212	2000	11	3300	1	398
9835c61771a9416a55cfa5ce58bb9ccbc86e1212	2000	12	3307	1	415
9835c61771a9416a55cfa5ce58bb9ccbc86e1212	2001	1	6197	1	99
9835c61771a9416a55cfa5ce58bb9ccbc86e1212	2001	2	6561	1	350
9835c61771a9416a55cfa5ce58bb9ccbc86e1212	2001	3	6562	1	537
9835c61771a9416a55cfa5ce58bb9ccbc86e1212	2001	10	6011	1	415
9835c61771a9416a55cfa5ce58bb9ccbc86e1212	2001	11	6559	1	420
9835c61771a9416a55cfa5ce58bb9ccbc86e1212	2001	12	6560	1	400
9835c61771a9416a55cfa5ce58bb9ccbc86e1212	2002	1	112497	1	204
9835c61771a9416a55cfa5ce58bb9ccbc86e1212	2002	2	112565	1	412
9835c61771a9416a55cfa5ce58bb9ccbc86e1212	2002	3	112566	1	331
9835c61771a9416a55cfa5ce58bb9ccbc86e1212	2002	10	112347	1	393
9835c61771a9416a55cfa5ce58bb9ccbc86e1212	2002	11	112401	1	515
9835c61771a9416a55cfa5ce58bb9ccbc86e1212	2002	12	112443	1	261
9835c61771a9416a55cfa5ce58bb9ccbc86e1212	2003	1	139999	1	44
9835c61771a9416a55cfa5ce58bb9ccbc86e1212	2003	2	140186	1	215
9835c61771a9416a55cfa5ce58bb9ccbc86e1212	2003	3	140315	1	444
9835c61771a9416a55cfa5ce58bb9ccbc86e1212	2003	10	140053	1	483
9835c61771a9416a55cfa5ce58bb9ccbc86e1212	2003	11	140084	1	71
9835c61771a9416a55cfa5ce58bb9ccbc86e1212	2003	12	140134	1	56
9835c61771a9416a55cfa5ce58bb9ccbc86e1212	2004	1	151724	1	362
9835c61771a9416a55cfa5ce58bb9ccbc86e1212	2004	2	153098	1	490
9835c61771a9416a55cfa5ce58bb9ccbc86e1212	2004	3	157539	1	352
9835c61771a9416a55cfa5ce58bb9ccbc86e1212	2004	10	150965	1	428
9835c61771a9416a55cfa5ce58bb9ccbc86e1212	2004	11	150971	1	377
9835c61771a9416a55cfa5ce58bb9ccbc86e1212	2004	12	151672	1	272
9835c61771a9416a55cfa5ce58bb9ccbc86e1212	2005	1	148286	1	432
9835c61771a9416a55cfa5ce58bb9ccbc86e1212	2005	2	148551	1	783
9835c61771a9416a55cfa5ce58bb9ccbc86e1212	2005	3	148684	1	755
9835c61771a9416a55cfa5ce58bb9ccbc86e1212	2005	10	149008	1	535
9835c61771a9416a55cfa5ce58bb9ccbc86e1212	2005	11	149106	1	447
9835c61771a9416a55cfa5ce58bb9ccbc86e1212	2005	12	148118	1	259
9835c61771a9416a55cfa5ce58bb9ccbc86e1212	2006	1	146184	1	369
9835c61771a9416a55cfa5ce58bb9ccbc86e1212	2006	2	146630	1	415
9835c61771a9416a55cfa5ce58bb9ccbc86e1212	2006	3	146678	1	755
9835c61771a9416a55cfa5ce58bb9ccbc86e1212	2006	10	142902	1	745
9835c61771a9416a55cfa5ce58bb9ccbc86e1212	2006	11	146048	1	375
9835c61771a9416a55cfa5ce58bb9ccbc86e1212	2006	12	146122	1	695
9835c61771a9416a55cfa5ce58bb9ccbc86e1212	2007	1	153078	1	635
9835c61771a9416a55cfa5ce58bb9ccbc86e1212	2007	2	154702	1	281
9835c61771a9416a55cfa5ce58bb9ccbc86e1212	2007	3	155331	1	245
9835c61771a9416a55cfa5ce58bb9ccbc86e1212	2007	10	150701	1	557
9835c61771a9416a55cfa5ce58bb9ccbc86e1212	2007	11	151397	1	490
9835c61771a9416a55cfa5ce58bb9ccbc86e1212	2007	12	152936	1	200
9835c61771a9416a55cfa5ce58bb9ccbc86e1212	2008	1	160176	1	145
9835c61771a9416a55cfa5ce58bb9ccbc86e1212	2008	2	161579	1	35
9835c61771a9416a55cfa5ce58bb9ccbc86e1212	2008	3	161660	1	1065
9835c61771a9416a55cfa5ce58bb9ccbc86e1212	2008	10	158087	1	775
9835c61771a9416a55cfa5ce58bb9ccbc86e1212	2008	11	158900	1	610
9835c61771a9416a55cfa5ce58bb9ccbc86e1212	2008	12	159515	1	306
9835c61771a9416a55cfa5ce58bb9ccbc86e1212	2009	1	190782	1	256
9835c61771a9416a55cfa5ce58bb9ccbc86e1212	2009	2	165470	1	87
9835c61771a9416a55cfa5ce58bb9ccbc86e1212	2009	3	166853	1	505
9835c61771a9416a55cfa5ce58bb9ccbc86e1212	2009	10	163428	1	693
9835c61771a9416a55cfa5ce58bb9ccbc86e1212	2009	11	163331	1	544
9835c61771a9416a55cfa5ce58bb9ccbc86e1212	2009	12	163891	1	305
9835c61771a9416a55cfa5ce58bb9ccbc86e1212	2010	1	170189	1	570
9835c61771a9416a55cfa5ce58bb9ccbc86e1212	2010	2	170422	1	367
9835c61771a9416a55cfa5ce58bb9ccbc86e1212	2010	3	171093	1	495
9835c61771a9416a55cfa5ce58bb9ccbc86e1212	2010	10	167494	1	795
9835c61771a9416a55cfa5ce58bb9ccbc86e1212	2010	11	168240	1	362
9835c61771a9416a55cfa5ce58bb9ccbc86e1212	2010	12	168886	1	265
9835c61771a9416a55cfa5ce58bb9ccbc86e1212	2011	1	173517	1	230
9835c61771a9416a55cfa5ce58bb9ccbc86e1212	2011	2	174464	1	150
9835c61771a9416a55cfa5ce58bb9ccbc86e1212	2011	3	188895	1	335
9835c61771a9416a55cfa5ce58bb9ccbc86e1212	2011	10	173671	1	550
9835c61771a9416a55cfa5ce58bb9ccbc86e1212	2011	11	173608	1	300
9835c61771a9416a55cfa5ce58bb9ccbc86e1212	2011	12	173761	1	150
9835c61771a9416a55cfa5ce58bb9ccbc86e1212	2012	1	182001	1	200
9835c61771a9416a55cfa5ce58bb9ccbc86e1212	2012	2	182549	1	235
9835c61771a9416a55cfa5ce58bb9ccbc86e1212	2012	3	183055	1	165
9835c61771a9416a55cfa5ce58bb9ccbc86e1212	2012	10	177037	1	345
9835c61771a9416a55cfa5ce58bb9ccbc86e1212	2012	11	178005	1	120
9835c61771a9416a55cfa5ce58bb9ccbc86e1212	2012	12	180573	1	265
9835c61771a9416a55cfa5ce58bb9ccbc86e1212	2013	1	188190	1	201
9835c61771a9416a55cfa5ce58bb9ccbc86e1212	2013	2	188765	1	195
9835c61771a9416a55cfa5ce58bb9ccbc86e1212	2013	3	189768	1	259
9835c61771a9416a55cfa5ce58bb9ccbc86e1212	2013	10	183865	1	227
9835c61771a9416a55cfa5ce58bb9ccbc86e1212	2013	11	185089	1	265
9835c61771a9416a55cfa5ce58bb9ccbc86e1212	2013	12	187243	1	224
9835c61771a9416a55cfa5ce58bb9ccbc86e1212	2014	1	193734	1	235
9835c61771a9416a55cfa5ce58bb9ccbc86e1212	2014	2	194628	1	98
9835c61771a9416a55cfa5ce58bb9ccbc86e1212	2014	3	195209	1	185
9835c61771a9416a55cfa5ce58bb9ccbc86e1212	2014	10	191351	1	12
9835c61771a9416a55cfa5ce58bb9ccbc86e1212	2014	11	192372	1	295
9835c61771a9416a55cfa5ce58bb9ccbc86e1212	2014	12	193238	1	305
9835c61771a9416a55cfa5ce58bb9ccbc86e1212	2015	1	198773	1	175
9835c61771a9416a55cfa5ce58bb9ccbc86e1212	2015	2	199337	1	316
9835c61771a9416a55cfa5ce58bb9ccbc86e1212	2015	3	200796	1	225
9835c61771a9416a55cfa5ce58bb9ccbc86e1212	2015	10	196784	1	225
9835c61771a9416a55cfa5ce58bb9ccbc86e1212	2015	11	200795	1	179
9835c61771a9416a55cfa5ce58bb9ccbc86e1212	2015	12	201261	1	180
9835c61771a9416a55cfa5ce58bb9ccbc86e1212	2016	1	203518	1	345
9835c61771a9416a55cfa5ce58bb9ccbc86e1212	2016	2	204780	1	95
9835c61771a9416a55cfa5ce58bb9ccbc86e1212	2016	3	204673	1	165
9835c61771a9416a55cfa5ce58bb9ccbc86e1212	2016	10	201629	1	248
9835c61771a9416a55cfa5ce58bb9ccbc86e1212	2016	11	202132	1	260
9835c61771a9416a55cfa5ce58bb9ccbc86e1212	2016	12	202720	1	335
ace6f0e1a2129054133a322e62fb79f982982e31	1992	1	174555	1	123
ace6f0e1a2129054133a322e62fb79f982982e31	1992	2	191782	1	96
ace6f0e1a2129054133a322e62fb79f982982e31	1992	11	174550	0	9
ace6f0e1a2129054133a322e62fb79f982982e31	1992	12	174554	1	174
ace6f0e1a2129054133a322e62fb79f982982e31	1993	1	174591	1	488
ace6f0e1a2129054133a322e62fb79f982982e31	1993	2	174593	1	302
ace6f0e1a2129054133a322e62fb79f982982e31	1993	3	174597	1	421
ace6f0e1a2129054133a322e62fb79f982982e31	1993	11	174585	1	297
ace6f0e1a2129054133a322e62fb79f982982e31	1993	12	174588	1	247
ace6f0e1a2129054133a322e62fb79f982982e31	1994	1	183429	1	224
ace6f0e1a2129054133a322e62fb79f982982e31	1994	2	183430	1	58
ace6f0e1a2129054133a322e62fb79f982982e31	1994	3	183431	1	190
ace6f0e1a2129054133a322e62fb79f982982e31	1994	10	183426	1	89
ace6f0e1a2129054133a322e62fb79f982982e31	1994	11	183427	1	128
ace6f0e1a2129054133a322e62fb79f982982e31	1994	12	183428	1	350
ace6f0e1a2129054133a322e62fb79f982982e31	1995	1	183442	1	397
ace6f0e1a2129054133a322e62fb79f982982e31	1995	2	183443	1	487
ace6f0e1a2129054133a322e62fb79f982982e31	1995	11	183440	1	454
ace6f0e1a2129054133a322e62fb79f982982e31	1995	12	183441	1	408
ace6f0e1a2129054133a322e62fb79f982982e31	1996	1	183450	1	444
ace6f0e1a2129054133a322e62fb79f982982e31	1996	2	183451	1	450
ace6f0e1a2129054133a322e62fb79f982982e31	1996	11	183448	1	276
ace6f0e1a2129054133a322e62fb79f982982e31	1996	12	183449	1	258
ace6f0e1a2129054133a322e62fb79f982982e31	1997	1	183462	1	231
ace6f0e1a2129054133a322e62fb79f982982e31	1997	2	183463	1	306
ace6f0e1a2129054133a322e62fb79f982982e31	1997	11	183460	1	37
ace6f0e1a2129054133a322e62fb79f982982e31	1997	12	183461	1	247
ace6f0e1a2129054133a322e62fb79f982982e31	1998	1	183474	1	314
ace6f0e1a2129054133a322e62fb79f982982e31	1998	2	183475	1	393
ace6f0e1a2129054133a322e62fb79f982982e31	1998	11	183472	1	395
ace6f0e1a2129054133a322e62fb79f982982e31	1998	12	183473	1	412
ace6f0e1a2129054133a322e62fb79f982982e31	1999	1	183486	1	270
ace6f0e1a2129054133a322e62fb79f982982e31	1999	2	183487	1	511
ace6f0e1a2129054133a322e62fb79f982982e31	1999	11	183484	1	320
ace6f0e1a2129054133a322e62fb79f982982e31	1999	12	183485	1	477
ace6f0e1a2129054133a322e62fb79f982982e31	2000	1	157619	1	362
ace6f0e1a2129054133a322e62fb79f982982e31	2000	2	157620	1	195
ace6f0e1a2129054133a322e62fb79f982982e31	2000	3	157621	1	430
ace6f0e1a2129054133a322e62fb79f982982e31	2000	10	157616	1	431
ace6f0e1a2129054133a322e62fb79f982982e31	2000	11	157617	1	354
ace6f0e1a2129054133a322e62fb79f982982e31	2000	12	157618	1	355
ace6f0e1a2129054133a322e62fb79f982982e31	2001	1	6550	1	413
ace6f0e1a2129054133a322e62fb79f982982e31	2001	2	6553	1	241
ace6f0e1a2129054133a322e62fb79f982982e31	2001	3	6556	1	488
ace6f0e1a2129054133a322e62fb79f982982e31	2001	10	6541	1	424
ace6f0e1a2129054133a322e62fb79f982982e31	2001	11	6544	1	352
ace6f0e1a2129054133a322e62fb79f982982e31	2001	12	6547	1	366
ace6f0e1a2129054133a322e62fb79f982982e31	2002	1	113018	1	104
ace6f0e1a2129054133a322e62fb79f982982e31	2002	2	113021	1	258
ace6f0e1a2129054133a322e62fb79f982982e31	2002	3	113024	1	506
ace6f0e1a2129054133a322e62fb79f982982e31	2002	10	113009	1	409
ace6f0e1a2129054133a322e62fb79f982982e31	2002	11	113012	1	299
ace6f0e1a2129054133a322e62fb79f982982e31	2002	12	113015	1	77
ace6f0e1a2129054133a322e62fb79f982982e31	2003	1	142102	1	67
ace6f0e1a2129054133a322e62fb79f982982e31	2003	2	142105	1	328
ace6f0e1a2129054133a322e62fb79f982982e31	2003	3	142108	1	421
ace6f0e1a2129054133a322e62fb79f982982e31	2003	10	142093	1	215
ace6f0e1a2129054133a322e62fb79f982982e31	2003	11	142096	1	68
ace6f0e1a2129054133a322e62fb79f982982e31	2003	12	142099	1	82
ace6f0e1a2129054133a322e62fb79f982982e31	2004	1	157556	1	61
ace6f0e1a2129054133a322e62fb79f982982e31	2004	2	157557	1	36
ace6f0e1a2129054133a322e62fb79f982982e31	2004	3	157558	1	145
ace6f0e1a2129054133a322e62fb79f982982e31	2004	10	157553	1	111
ace6f0e1a2129054133a322e62fb79f982982e31	2004	11	157554	1	54
ace6f0e1a2129054133a322e62fb79f982982e31	2004	12	157555	1	12
ace6f0e1a2129054133a322e62fb79f982982e31	2005	1	157562	1	109
ace6f0e1a2129054133a322e62fb79f982982e31	2005	2	157563	1	243
ace6f0e1a2129054133a322e62fb79f982982e31	2005	3	157564	1	102
ace6f0e1a2129054133a322e62fb79f982982e31	2005	10	157559	1	209
ace6f0e1a2129054133a322e62fb79f982982e31	2005	11	157560	1	39
ace6f0e1a2129054133a322e62fb79f982982e31	2005	12	157561	1	42
ace6f0e1a2129054133a322e62fb79f982982e31	2006	1	146492	1	110
ace6f0e1a2129054133a322e62fb79f982982e31	2006	11	146461	1	110
ace6f0e1a2129054133a322e62fb79f982982e31	2006	12	146477	1	112
ace6f0e1a2129054133a322e62fb79f982982e31	2007	1	157565	1	153
ace6f0e1a2129054133a322e62fb79f982982e31	2007	2	157629	1	144
ace6f0e1a2129054133a322e62fb79f982982e31	2008	1	160131	1	198
ace6f0e1a2129054133a322e62fb79f982982e31	2008	2	161096	1	169
ace6f0e1a2129054133a322e62fb79f982982e31	2008	12	159091	1	0
ace6f0e1a2129054133a322e62fb79f982982e31	2009	1	167076	1	127
ace6f0e1a2129054133a322e62fb79f982982e31	2009	2	165903	1	128
ace6f0e1a2129054133a322e62fb79f982982e31	2009	3	167082	1	33
ace6f0e1a2129054133a322e62fb79f982982e31	2009	10	164073	1	233
ace6f0e1a2129054133a322e62fb79f982982e31	2009	11	164085	1	105
ace6f0e1a2129054133a322e62fb79f982982e31	2009	12	164097	1	315
ace6f0e1a2129054133a322e62fb79f982982e31	2010	1	169435	1	103
ace6f0e1a2129054133a322e62fb79f982982e31	2010	2	184078	1	23
ace6f0e1a2129054133a322e62fb79f982982e31	2010	3	184081	1	2
ace6f0e1a2129054133a322e62fb79f982982e31	2010	10	184067	1	57
ace6f0e1a2129054133a322e62fb79f982982e31	2010	12	184072	1	23
ace6f0e1a2129054133a322e62fb79f982982e31	2011	1	175456	1	13
ace6f0e1a2129054133a322e62fb79f982982e31	2011	2	175058	1	39
ace6f0e1a2129054133a322e62fb79f982982e31	2011	12	175441	1	33
ace6f0e1a2129054133a322e62fb79f982982e31	2012	1	183239	1	387
ace6f0e1a2129054133a322e62fb79f982982e31	2012	2	183241	1	182
ace6f0e1a2129054133a322e62fb79f982982e31	2012	3	183243	1	463
ace6f0e1a2129054133a322e62fb79f982982e31	2012	11	183236	1	67
ace6f0e1a2129054133a322e62fb79f982982e31	2012	12	184214	1	66
ace6f0e1a2129054133a322e62fb79f982982e31	2013	1	188181	1	183
ace6f0e1a2129054133a322e62fb79f982982e31	2013	2	188893	1	258
ace6f0e1a2129054133a322e62fb79f982982e31	2013	3	190053	1	171
ace6f0e1a2129054133a322e62fb79f982982e31	2013	10	183917	1	206
ace6f0e1a2129054133a322e62fb79f982982e31	2013	11	185819	1	49
ace6f0e1a2129054133a322e62fb79f982982e31	2013	12	190147	1	166
ace6f0e1a2129054133a322e62fb79f982982e31	2014	1	193954	1	278
ace6f0e1a2129054133a322e62fb79f982982e31	2014	2	196255	1	116
ace6f0e1a2129054133a322e62fb79f982982e31	2014	3	196258	1	72
ace6f0e1a2129054133a322e62fb79f982982e31	2014	10	192436	1	502
ace6f0e1a2129054133a322e62fb79f982982e31	2014	11	192423	1	102
ace6f0e1a2129054133a322e62fb79f982982e31	2014	12	193196	1	21
ace6f0e1a2129054133a322e62fb79f982982e31	2015	1	201255	1	71
ace6f0e1a2129054133a322e62fb79f982982e31	2015	2	201258	1	291
ace6f0e1a2129054133a322e62fb79f982982e31	2015	3	201268	1	145
ace6f0e1a2129054133a322e62fb79f982982e31	2015	10	200509	1	280
ace6f0e1a2129054133a322e62fb79f982982e31	2015	11	200512	1	304
ace6f0e1a2129054133a322e62fb79f982982e31	2015	12	200529	1	76
ace6f0e1a2129054133a322e62fb79f982982e31	2016	1	203520	1	151
ace6f0e1a2129054133a322e62fb79f982982e31	2016	2	206586	0	9
ace6f0e1a2129054133a322e62fb79f982982e31	2016	3	206589	0	21
ace6f0e1a2129054133a322e62fb79f982982e31	2016	10	206577	1	511
ace6f0e1a2129054133a322e62fb79f982982e31	2016	11	206580	0	37
ace6f0e1a2129054133a322e62fb79f982982e31	2016	12	206583	1	44
b4b79da8fc7c4817b9ad293e30cee9df02594849	1992	1	174556	1	306
b4b79da8fc7c4817b9ad293e30cee9df02594849	1992	2	191781	1	496
b4b79da8fc7c4817b9ad293e30cee9df02594849	1992	12	174553	1	219
b4b79da8fc7c4817b9ad293e30cee9df02594849	1993	2	174595	1	112
b4b79da8fc7c4817b9ad293e30cee9df02594849	1993	11	174584	1	270
b4b79da8fc7c4817b9ad293e30cee9df02594849	1993	12	174587	1	259
b4b79da8fc7c4817b9ad293e30cee9df02594849	1994	1	183417	1	39
b4b79da8fc7c4817b9ad293e30cee9df02594849	1994	2	183418	1	341
b4b79da8fc7c4817b9ad293e30cee9df02594849	1994	3	183419	1	109
b4b79da8fc7c4817b9ad293e30cee9df02594849	1994	10	183414	1	335
b4b79da8fc7c4817b9ad293e30cee9df02594849	1994	11	183415	1	234
b4b79da8fc7c4817b9ad293e30cee9df02594849	1994	12	183416	1	56
b4b79da8fc7c4817b9ad293e30cee9df02594849	1995	1	183434	1	269
b4b79da8fc7c4817b9ad293e30cee9df02594849	1995	2	183435	1	284
b4b79da8fc7c4817b9ad293e30cee9df02594849	1995	11	183432	1	256
b4b79da8fc7c4817b9ad293e30cee9df02594849	1995	12	183433	1	303
b4b79da8fc7c4817b9ad293e30cee9df02594849	1996	1	183446	1	173
b4b79da8fc7c4817b9ad293e30cee9df02594849	1996	2	183447	1	227
b4b79da8fc7c4817b9ad293e30cee9df02594849	1996	11	183444	1	122
b4b79da8fc7c4817b9ad293e30cee9df02594849	1996	12	183445	1	140
b4b79da8fc7c4817b9ad293e30cee9df02594849	1997	1	183458	1	258
b4b79da8fc7c4817b9ad293e30cee9df02594849	1997	2	183459	1	238
b4b79da8fc7c4817b9ad293e30cee9df02594849	1997	11	183456	1	295
b4b79da8fc7c4817b9ad293e30cee9df02594849	1997	12	183457	1	114
b4b79da8fc7c4817b9ad293e30cee9df02594849	1998	1	183470	1	165
b4b79da8fc7c4817b9ad293e30cee9df02594849	1998	2	183471	1	306
b4b79da8fc7c4817b9ad293e30cee9df02594849	1998	11	183468	1	69
b4b79da8fc7c4817b9ad293e30cee9df02594849	1998	12	183469	1	44
b4b79da8fc7c4817b9ad293e30cee9df02594849	1999	1	183482	1	145
b4b79da8fc7c4817b9ad293e30cee9df02594849	1999	2	183483	1	36
b4b79da8fc7c4817b9ad293e30cee9df02594849	1999	11	183480	1	73
b4b79da8fc7c4817b9ad293e30cee9df02594849	1999	12	183481	1	41
b4b79da8fc7c4817b9ad293e30cee9df02594849	2000	1	157613	1	0
b4b79da8fc7c4817b9ad293e30cee9df02594849	2000	2	157614	1	78
b4b79da8fc7c4817b9ad293e30cee9df02594849	2000	3	157615	1	62
b4b79da8fc7c4817b9ad293e30cee9df02594849	2000	10	157610	1	54
b4b79da8fc7c4817b9ad293e30cee9df02594849	2000	11	157611	1	43
b4b79da8fc7c4817b9ad293e30cee9df02594849	2000	12	157612	1	85
b4b79da8fc7c4817b9ad293e30cee9df02594849	2001	1	6549	1	95
b4b79da8fc7c4817b9ad293e30cee9df02594849	2001	2	6552	1	259
b4b79da8fc7c4817b9ad293e30cee9df02594849	2001	3	6555	1	150
b4b79da8fc7c4817b9ad293e30cee9df02594849	2001	10	6540	1	108
b4b79da8fc7c4817b9ad293e30cee9df02594849	2001	11	6543	1	232
b4b79da8fc7c4817b9ad293e30cee9df02594849	2001	12	6546	1	103
b4b79da8fc7c4817b9ad293e30cee9df02594849	2002	1	113017	1	366
b4b79da8fc7c4817b9ad293e30cee9df02594849	2002	2	113020	1	337
b4b79da8fc7c4817b9ad293e30cee9df02594849	2002	3	113023	1	30
b4b79da8fc7c4817b9ad293e30cee9df02594849	2002	10	113008	1	205
b4b79da8fc7c4817b9ad293e30cee9df02594849	2002	11	113011	1	377
b4b79da8fc7c4817b9ad293e30cee9df02594849	2002	12	113014	1	232
b4b79da8fc7c4817b9ad293e30cee9df02594849	2003	1	142101	1	347
b4b79da8fc7c4817b9ad293e30cee9df02594849	2003	2	142104	1	343
b4b79da8fc7c4817b9ad293e30cee9df02594849	2003	3	142107	1	301
b4b79da8fc7c4817b9ad293e30cee9df02594849	2003	10	142092	1	491
b4b79da8fc7c4817b9ad293e30cee9df02594849	2003	11	142095	1	491
b4b79da8fc7c4817b9ad293e30cee9df02594849	2003	12	142098	1	341
b4b79da8fc7c4817b9ad293e30cee9df02594849	2004	1	157543	1	323
b4b79da8fc7c4817b9ad293e30cee9df02594849	2004	2	157544	1	416
b4b79da8fc7c4817b9ad293e30cee9df02594849	2004	3	157545	1	290
b4b79da8fc7c4817b9ad293e30cee9df02594849	2004	10	157540	1	403
b4b79da8fc7c4817b9ad293e30cee9df02594849	2004	11	157541	1	567
b4b79da8fc7c4817b9ad293e30cee9df02594849	2004	12	157542	1	476
b4b79da8fc7c4817b9ad293e30cee9df02594849	2005	1	157549	1	406
b4b79da8fc7c4817b9ad293e30cee9df02594849	2005	2	157550	1	248
b4b79da8fc7c4817b9ad293e30cee9df02594849	2005	3	157551	1	327
b4b79da8fc7c4817b9ad293e30cee9df02594849	2005	10	157546	1	453
b4b79da8fc7c4817b9ad293e30cee9df02594849	2005	11	157547	1	526
b4b79da8fc7c4817b9ad293e30cee9df02594849	2005	12	157548	1	559
b4b79da8fc7c4817b9ad293e30cee9df02594849	2007	1	157552	1	136
b4b79da8fc7c4817b9ad293e30cee9df02594849	2007	2	157628	1	292
b4b79da8fc7c4817b9ad293e30cee9df02594849	2008	1	160129	1	353
b4b79da8fc7c4817b9ad293e30cee9df02594849	2009	1	167075	1	321
b4b79da8fc7c4817b9ad293e30cee9df02594849	2009	2	167078	1	235
b4b79da8fc7c4817b9ad293e30cee9df02594849	2009	3	167081	1	299
b4b79da8fc7c4817b9ad293e30cee9df02594849	2009	10	167142	1	288
b4b79da8fc7c4817b9ad293e30cee9df02594849	2009	11	167145	1	329
b4b79da8fc7c4817b9ad293e30cee9df02594849	2009	12	167148	1	470
b4b79da8fc7c4817b9ad293e30cee9df02594849	2010	1	184074	1	245
b4b79da8fc7c4817b9ad293e30cee9df02594849	2010	2	184077	1	200
b4b79da8fc7c4817b9ad293e30cee9df02594849	2010	3	184080	1	188
b4b79da8fc7c4817b9ad293e30cee9df02594849	2010	10	184066	1	362
b4b79da8fc7c4817b9ad293e30cee9df02594849	2010	11	184069	1	306
b4b79da8fc7c4817b9ad293e30cee9df02594849	2010	12	184071	1	238
b4b79da8fc7c4817b9ad293e30cee9df02594849	2011	2	174446	1	166
b4b79da8fc7c4817b9ad293e30cee9df02594849	2011	3	175110	1	180
b4b79da8fc7c4817b9ad293e30cee9df02594849	2011	12	172849	1	135
b4b79da8fc7c4817b9ad293e30cee9df02594849	2012	1	183238	1	88
b4b79da8fc7c4817b9ad293e30cee9df02594849	2012	2	183240	1	13
b4b79da8fc7c4817b9ad293e30cee9df02594849	2012	3	183242	1	304
b4b79da8fc7c4817b9ad293e30cee9df02594849	2012	11	183235	1	341
b4b79da8fc7c4817b9ad293e30cee9df02594849	2012	12	178533	1	270
b4b79da8fc7c4817b9ad293e30cee9df02594849	2013	1	188180	1	164
b4b79da8fc7c4817b9ad293e30cee9df02594849	2013	2	188892	1	129
b4b79da8fc7c4817b9ad293e30cee9df02594849	2013	3	190052	1	35
b4b79da8fc7c4817b9ad293e30cee9df02594849	2013	10	183916	1	254
b4b79da8fc7c4817b9ad293e30cee9df02594849	2013	11	185818	1	250
b4b79da8fc7c4817b9ad293e30cee9df02594849	2013	12	186998	1	14
b4b79da8fc7c4817b9ad293e30cee9df02594849	2014	1	193953	1	139
b4b79da8fc7c4817b9ad293e30cee9df02594849	2014	2	196254	1	179
b4b79da8fc7c4817b9ad293e30cee9df02594849	2014	3	196257	1	105
b4b79da8fc7c4817b9ad293e30cee9df02594849	2014	10	192435	1	24
b4b79da8fc7c4817b9ad293e30cee9df02594849	2014	11	192422	1	213
b4b79da8fc7c4817b9ad293e30cee9df02594849	2014	12	192842	1	186
b4b79da8fc7c4817b9ad293e30cee9df02594849	2015	1	201254	1	236
b4b79da8fc7c4817b9ad293e30cee9df02594849	2015	2	201257	1	118
b4b79da8fc7c4817b9ad293e30cee9df02594849	2015	3	201266	1	64
b4b79da8fc7c4817b9ad293e30cee9df02594849	2015	10	200508	1	229
b4b79da8fc7c4817b9ad293e30cee9df02594849	2015	11	200511	1	255
b4b79da8fc7c4817b9ad293e30cee9df02594849	2015	12	198106	0	11
b4b79da8fc7c4817b9ad293e30cee9df02594849	2016	1	203519	1	254
b4b79da8fc7c4817b9ad293e30cee9df02594849	2016	2	206585	0	11
b4b79da8fc7c4817b9ad293e30cee9df02594849	2016	3	206588	0	0
b4b79da8fc7c4817b9ad293e30cee9df02594849	2016	10	206576	1	65
b4b79da8fc7c4817b9ad293e30cee9df02594849	2016	11	206579	1	4
b4b79da8fc7c4817b9ad293e30cee9df02594849	2016	12	206582	1	391
bfeac6082798cc70975982356c483b008cd4b759	2000	1	2498	1	0
bfeac6082798cc70975982356c483b008cd4b759	2000	2	2540	1	0
bfeac6082798cc70975982356c483b008cd4b759	2000	3	2590	1	0
bfeac6082798cc70975982356c483b008cd4b759	2000	10	2358	1	0
bfeac6082798cc70975982356c483b008cd4b759	2000	11	2405	1	1
bfeac6082798cc70975982356c483b008cd4b759	2000	12	166230	1	2
bfeac6082798cc70975982356c483b008cd4b759	2001	1	6508	1	1
bfeac6082798cc70975982356c483b008cd4b759	2001	2	6522	1	0
bfeac6082798cc70975982356c483b008cd4b759	2001	3	6532	1	0
bfeac6082798cc70975982356c483b008cd4b759	2001	10	6482	1	0
bfeac6082798cc70975982356c483b008cd4b759	2001	11	6490	1	1
bfeac6082798cc70975982356c483b008cd4b759	2001	12	6499	1	4
bfeac6082798cc70975982356c483b008cd4b759	2002	1	112733	1	3
bfeac6082798cc70975982356c483b008cd4b759	2002	2	112771	1	4
bfeac6082798cc70975982356c483b008cd4b759	2002	3	112815	1	0
bfeac6082798cc70975982356c483b008cd4b759	2002	10	112608	1	0
bfeac6082798cc70975982356c483b008cd4b759	2002	11	112649	1	3
bfeac6082798cc70975982356c483b008cd4b759	2002	12	112689	1	1
bfeac6082798cc70975982356c483b008cd4b759	2003	1	139323	1	1
bfeac6082798cc70975982356c483b008cd4b759	2003	2	139537	1	4
bfeac6082798cc70975982356c483b008cd4b759	2003	3	139576	1	0
bfeac6082798cc70975982356c483b008cd4b759	2003	10	139126	1	0
bfeac6082798cc70975982356c483b008cd4b759	2003	11	139235	1	6
bfeac6082798cc70975982356c483b008cd4b759	2003	12	139285	1	0
bfeac6082798cc70975982356c483b008cd4b759	2004	1	152980	1	0
bfeac6082798cc70975982356c483b008cd4b759	2004	2	148852	1	1
bfeac6082798cc70975982356c483b008cd4b759	2004	3	148858	1	0
bfeac6082798cc70975982356c483b008cd4b759	2004	10	148804	1	2
bfeac6082798cc70975982356c483b008cd4b759	2004	11	148813	1	5
bfeac6082798cc70975982356c483b008cd4b759	2004	12	148823	1	10
bfeac6082798cc70975982356c483b008cd4b759	2005	1	148425	1	0
bfeac6082798cc70975982356c483b008cd4b759	2005	2	148501	1	0
bfeac6082798cc70975982356c483b008cd4b759	2005	3	156699	1	1
bfeac6082798cc70975982356c483b008cd4b759	2005	10	148044	1	0
bfeac6082798cc70975982356c483b008cd4b759	2005	11	148233	1	0
bfeac6082798cc70975982356c483b008cd4b759	2005	12	148340	1	8
bfeac6082798cc70975982356c483b008cd4b759	2006	1	144321	1	0
bfeac6082798cc70975982356c483b008cd4b759	2006	2	144972	1	0
bfeac6082798cc70975982356c483b008cd4b759	2006	3	145380	1	0
bfeac6082798cc70975982356c483b008cd4b759	2006	10	142587	1	0
bfeac6082798cc70975982356c483b008cd4b759	2006	11	143476	1	0
bfeac6082798cc70975982356c483b008cd4b759	2006	12	143479	1	0
bfeac6082798cc70975982356c483b008cd4b759	2007	1	152700	1	6
bfeac6082798cc70975982356c483b008cd4b759	2007	2	153644	1	0
bfeac6082798cc70975982356c483b008cd4b759	2007	3	154322	1	0
bfeac6082798cc70975982356c483b008cd4b759	2007	10	150540	1	0
bfeac6082798cc70975982356c483b008cd4b759	2007	11	151046	1	0
bfeac6082798cc70975982356c483b008cd4b759	2007	12	152139	1	77
bfeac6082798cc70975982356c483b008cd4b759	2008	1	159730	1	0
bfeac6082798cc70975982356c483b008cd4b759	2008	2	160701	1	0
bfeac6082798cc70975982356c483b008cd4b759	2008	3	161295	1	0
bfeac6082798cc70975982356c483b008cd4b759	2008	10	158164	1	0
bfeac6082798cc70975982356c483b008cd4b759	2008	11	158312	1	0
bfeac6082798cc70975982356c483b008cd4b759	2008	12	159420	1	3
bfeac6082798cc70975982356c483b008cd4b759	2009	1	164761	1	0
bfeac6082798cc70975982356c483b008cd4b759	2009	2	165034	1	0
bfeac6082798cc70975982356c483b008cd4b759	2009	3	165825	1	0
bfeac6082798cc70975982356c483b008cd4b759	2009	10	162617	1	0
bfeac6082798cc70975982356c483b008cd4b759	2009	11	163162	1	0
bfeac6082798cc70975982356c483b008cd4b759	2009	12	163578	1	2
bfeac6082798cc70975982356c483b008cd4b759	2010	1	169618	1	4
bfeac6082798cc70975982356c483b008cd4b759	2010	2	170007	1	4
bfeac6082798cc70975982356c483b008cd4b759	2010	3	170776	1	0
bfeac6082798cc70975982356c483b008cd4b759	2010	10	167318	1	0
bfeac6082798cc70975982356c483b008cd4b759	2010	11	168124	1	2
bfeac6082798cc70975982356c483b008cd4b759	2010	12	168713	1	6
bfeac6082798cc70975982356c483b008cd4b759	2011	1	173316	1	8
bfeac6082798cc70975982356c483b008cd4b759	2011	2	174164	1	0
bfeac6082798cc70975982356c483b008cd4b759	2011	3	174838	1	0
bfeac6082798cc70975982356c483b008cd4b759	2011	10	171952	1	0
bfeac6082798cc70975982356c483b008cd4b759	2011	11	172302	1	0
bfeac6082798cc70975982356c483b008cd4b759	2011	12	172865	1	7
bfeac6082798cc70975982356c483b008cd4b759	2012	1	180531	1	2
bfeac6082798cc70975982356c483b008cd4b759	2012	2	181606	1	0
bfeac6082798cc70975982356c483b008cd4b759	2012	3	182434	1	0
bfeac6082798cc70975982356c483b008cd4b759	2012	10	176825	1	0
bfeac6082798cc70975982356c483b008cd4b759	2012	11	177767	1	2
bfeac6082798cc70975982356c483b008cd4b759	2012	12	179032	1	0
bfeac6082798cc70975982356c483b008cd4b759	2013	1	188133	1	5
bfeac6082798cc70975982356c483b008cd4b759	2013	2	188506	1	0
bfeac6082798cc70975982356c483b008cd4b759	2013	3	189431	1	2
bfeac6082798cc70975982356c483b008cd4b759	2013	10	183772	1	0
bfeac6082798cc70975982356c483b008cd4b759	2013	12	187444	1	7
bfeac6082798cc70975982356c483b008cd4b759	2014	1	193440	1	4
bfeac6082798cc70975982356c483b008cd4b759	2014	2	194342	1	1
bfeac6082798cc70975982356c483b008cd4b759	2014	3	195101	1	0
bfeac6082798cc70975982356c483b008cd4b759	2014	10	190913	1	0
bfeac6082798cc70975982356c483b008cd4b759	2014	11	192185	1	0
bfeac6082798cc70975982356c483b008cd4b759	2014	12	193295	1	2
bfeac6082798cc70975982356c483b008cd4b759	2015	1	198675	1	1
bfeac6082798cc70975982356c483b008cd4b759	2015	2	199136	1	0
bfeac6082798cc70975982356c483b008cd4b759	2015	3	199883	1	0
bfeac6082798cc70975982356c483b008cd4b759	2015	10	196882	1	0
bfeac6082798cc70975982356c483b008cd4b759	2015	11	197606	1	0
bfeac6082798cc70975982356c483b008cd4b759	2015	12	197980	0	0
bfeac6082798cc70975982356c483b008cd4b759	2016	1	203366	1	0
bfeac6082798cc70975982356c483b008cd4b759	2016	2	203908	1	0
bfeac6082798cc70975982356c483b008cd4b759	2016	3	204721	1	0
bfeac6082798cc70975982356c483b008cd4b759	2016	10	201571	1	0
bfeac6082798cc70975982356c483b008cd4b759	2016	11	202024	1	5
bfeac6082798cc70975982356c483b008cd4b759	2016	12	202866	1	0
c1a1fd7feee4fe6f2d260325954f5549f6097b82	2004	1	148704	1	0
c1a1fd7feee4fe6f2d260325954f5549f6097b82	2004	12	143835	1	0
c1a1fd7feee4fe6f2d260325954f5549f6097b82	2006	10	142643	1	0
c1a1fd7feee4fe6f2d260325954f5549f6097b82	2006	11	143094	1	0
c1a1fd7feee4fe6f2d260325954f5549f6097b82	2006	12	144373	1	0
c1a1fd7feee4fe6f2d260325954f5549f6097b82	2008	1	159727	1	0
c1a1fd7feee4fe6f2d260325954f5549f6097b82	2008	2	160452	1	0
c1a1fd7feee4fe6f2d260325954f5549f6097b82	2008	3	160904	1	0
c1a1fd7feee4fe6f2d260325954f5549f6097b82	2008	10	157804	1	0
c1a1fd7feee4fe6f2d260325954f5549f6097b82	2008	11	158356	1	0
c1a1fd7feee4fe6f2d260325954f5549f6097b82	2008	12	158950	1	0
c1a1fd7feee4fe6f2d260325954f5549f6097b82	2009	1	164173	1	0
c1a1fd7feee4fe6f2d260325954f5549f6097b82	2009	2	164908	1	0
c1a1fd7feee4fe6f2d260325954f5549f6097b82	2009	3	165734	1	0
c1a1fd7feee4fe6f2d260325954f5549f6097b82	2009	10	162188	1	0
c1a1fd7feee4fe6f2d260325954f5549f6097b82	2009	11	162752	1	0
c1a1fd7feee4fe6f2d260325954f5549f6097b82	2009	12	163453	1	0
c1a1fd7feee4fe6f2d260325954f5549f6097b82	2010	1	169420	1	0
c1a1fd7feee4fe6f2d260325954f5549f6097b82	2010	2	170005	1	0
c1a1fd7feee4fe6f2d260325954f5549f6097b82	2010	3	170515	1	0
c1a1fd7feee4fe6f2d260325954f5549f6097b82	2010	10	167293	1	0
c1a1fd7feee4fe6f2d260325954f5549f6097b82	2010	11	167867	1	0
c1a1fd7feee4fe6f2d260325954f5549f6097b82	2010	12	168456	1	0
c1a1fd7feee4fe6f2d260325954f5549f6097b82	2011	1	173301	1	0
c1a1fd7feee4fe6f2d260325954f5549f6097b82	2011	2	174042	1	0
c1a1fd7feee4fe6f2d260325954f5549f6097b82	2011	3	174707	1	0
c1a1fd7feee4fe6f2d260325954f5549f6097b82	2011	10	171796	1	0
c1a1fd7feee4fe6f2d260325954f5549f6097b82	2011	11	172444	1	0
c1a1fd7feee4fe6f2d260325954f5549f6097b82	2011	12	172735	1	0
c1a1fd7feee4fe6f2d260325954f5549f6097b82	2012	1	180230	1	0
c1a1fd7feee4fe6f2d260325954f5549f6097b82	2012	2	181878	1	0
c1a1fd7feee4fe6f2d260325954f5549f6097b82	2012	3	182205	1	0
c1a1fd7feee4fe6f2d260325954f5549f6097b82	2012	10	176717	1	0
c1a1fd7feee4fe6f2d260325954f5549f6097b82	2012	11	177521	1	0
c1a1fd7feee4fe6f2d260325954f5549f6097b82	2012	12	178891	1	0
c1a1fd7feee4fe6f2d260325954f5549f6097b82	2013	1	187662	1	2
c1a1fd7feee4fe6f2d260325954f5549f6097b82	2013	2	188532	1	2
c1a1fd7feee4fe6f2d260325954f5549f6097b82	2013	3	189412	1	0
c1a1fd7feee4fe6f2d260325954f5549f6097b82	2013	10	183622	1	0
c1a1fd7feee4fe6f2d260325954f5549f6097b82	2013	11	184730	1	0
c1a1fd7feee4fe6f2d260325954f5549f6097b82	2013	12	186564	1	2
c1a1fd7feee4fe6f2d260325954f5549f6097b82	2014	1	193392	1	0
c1a1fd7feee4fe6f2d260325954f5549f6097b82	2014	2	194349	1	9
c1a1fd7feee4fe6f2d260325954f5549f6097b82	2014	3	195052	1	0
c1a1fd7feee4fe6f2d260325954f5549f6097b82	2014	10	190894	1	0
c1a1fd7feee4fe6f2d260325954f5549f6097b82	2014	11	192034	1	0
c1a1fd7feee4fe6f2d260325954f5549f6097b82	2014	12	192902	1	0
c1a1fd7feee4fe6f2d260325954f5549f6097b82	2015	1	198422	1	10
c1a1fd7feee4fe6f2d260325954f5549f6097b82	2015	2	198987	1	0
c1a1fd7feee4fe6f2d260325954f5549f6097b82	2015	3	199571	1	0
c1a1fd7feee4fe6f2d260325954f5549f6097b82	2015	10	196565	1	0
c1a1fd7feee4fe6f2d260325954f5549f6097b82	2015	11	197080	1	0
c1a1fd7feee4fe6f2d260325954f5549f6097b82	2015	12	197816	1	0
c1a1fd7feee4fe6f2d260325954f5549f6097b82	2016	1	203120	1	0
c1a1fd7feee4fe6f2d260325954f5549f6097b82	2016	2	203717	1	0
c1a1fd7feee4fe6f2d260325954f5549f6097b82	2016	3	204422	1	0
c1a1fd7feee4fe6f2d260325954f5549f6097b82	2016	10	201593	1	0
c1a1fd7feee4fe6f2d260325954f5549f6097b82	2016	11	202169	1	0
c1a1fd7feee4fe6f2d260325954f5549f6097b82	2016	12	202659	1	0
ca546b49319a92cc9138d9489cd485543192fc4d	1992	1	174573	1	105
ca546b49319a92cc9138d9489cd485543192fc4d	1992	3	174579	1	44
ca546b49319a92cc9138d9489cd485543192fc4d	1992	11	174549	1	451
ca546b49319a92cc9138d9489cd485543192fc4d	1992	12	174563	1	121
ca546b49319a92cc9138d9489cd485543192fc4d	1993	1	189343	1	45
ca546b49319a92cc9138d9489cd485543192fc4d	1993	2	189344	1	38
ca546b49319a92cc9138d9489cd485543192fc4d	1993	11	189341	1	6
ca546b49319a92cc9138d9489cd485543192fc4d	1993	12	189342	1	23
ca546b49319a92cc9138d9489cd485543192fc4d	1994	1	189338	1	220
ca546b49319a92cc9138d9489cd485543192fc4d	1994	2	189339	1	185
ca546b49319a92cc9138d9489cd485543192fc4d	1994	3	189340	1	230
ca546b49319a92cc9138d9489cd485543192fc4d	1994	12	189337	1	85
ca546b49319a92cc9138d9489cd485543192fc4d	1995	1	189335	1	140
ca546b49319a92cc9138d9489cd485543192fc4d	1995	2	189336	1	228
ca546b49319a92cc9138d9489cd485543192fc4d	1995	11	189333	1	150
ca546b49319a92cc9138d9489cd485543192fc4d	1995	12	189334	1	134
ca546b49319a92cc9138d9489cd485543192fc4d	1996	2	189326	1	240
ca546b49319a92cc9138d9489cd485543192fc4d	1996	11	189323	1	226
ca546b49319a92cc9138d9489cd485543192fc4d	1996	12	189324	1	160
ca546b49319a92cc9138d9489cd485543192fc4d	1997	1	189329	1	310
ca546b49319a92cc9138d9489cd485543192fc4d	1997	2	189330	1	308
ca546b49319a92cc9138d9489cd485543192fc4d	1997	10	189325	1	128
ca546b49319a92cc9138d9489cd485543192fc4d	1997	11	189327	1	322
ca546b49319a92cc9138d9489cd485543192fc4d	1997	12	189328	1	325
ca546b49319a92cc9138d9489cd485543192fc4d	1998	1	189331	1	180
ca546b49319a92cc9138d9489cd485543192fc4d	1998	2	189332	1	230
ca546b49319a92cc9138d9489cd485543192fc4d	1998	11	189349	1	339
ca546b49319a92cc9138d9489cd485543192fc4d	1998	12	189350	1	220
ca546b49319a92cc9138d9489cd485543192fc4d	1999	1	189347	1	285
ca546b49319a92cc9138d9489cd485543192fc4d	1999	2	189348	1	215
ca546b49319a92cc9138d9489cd485543192fc4d	1999	11	189345	1	314
ca546b49319a92cc9138d9489cd485543192fc4d	1999	12	189346	1	293
ca546b49319a92cc9138d9489cd485543192fc4d	2000	1	2502	1	172
ca546b49319a92cc9138d9489cd485543192fc4d	2000	2	2562	1	195
ca546b49319a92cc9138d9489cd485543192fc4d	2000	3	2605	1	155
ca546b49319a92cc9138d9489cd485543192fc4d	2000	11	2435	1	238
ca546b49319a92cc9138d9489cd485543192fc4d	2000	12	2457	1	245
ca546b49319a92cc9138d9489cd485543192fc4d	2001	1	6516	1	57
ca546b49319a92cc9138d9489cd485543192fc4d	2001	2	6529	1	57
ca546b49319a92cc9138d9489cd485543192fc4d	2001	10	6488	1	312
ca546b49319a92cc9138d9489cd485543192fc4d	2001	11	6497	1	316
ca546b49319a92cc9138d9489cd485543192fc4d	2001	12	6507	1	255
ca546b49319a92cc9138d9489cd485543192fc4d	2002	1	115057	1	138
ca546b49319a92cc9138d9489cd485543192fc4d	2002	2	115058	1	235
ca546b49319a92cc9138d9489cd485543192fc4d	2002	3	115059	1	180
ca546b49319a92cc9138d9489cd485543192fc4d	2002	10	115054	1	262
ca546b49319a92cc9138d9489cd485543192fc4d	2002	11	115055	1	225
ca546b49319a92cc9138d9489cd485543192fc4d	2002	12	115056	1	112
ca546b49319a92cc9138d9489cd485543192fc4d	2003	1	140638	1	302
ca546b49319a92cc9138d9489cd485543192fc4d	2003	2	140639	1	100
ca546b49319a92cc9138d9489cd485543192fc4d	2003	3	140640	1	252
ca546b49319a92cc9138d9489cd485543192fc4d	2003	10	139226	1	325
ca546b49319a92cc9138d9489cd485543192fc4d	2003	11	139239	1	300
ca546b49319a92cc9138d9489cd485543192fc4d	2003	12	140637	1	333
ca546b49319a92cc9138d9489cd485543192fc4d	2004	1	157582	1	234
ca546b49319a92cc9138d9489cd485543192fc4d	2004	2	157583	1	251
ca546b49319a92cc9138d9489cd485543192fc4d	2004	3	157584	1	150
ca546b49319a92cc9138d9489cd485543192fc4d	2004	10	157579	1	310
ca546b49319a92cc9138d9489cd485543192fc4d	2004	11	157580	1	274
ca546b49319a92cc9138d9489cd485543192fc4d	2004	12	157581	1	154
ca546b49319a92cc9138d9489cd485543192fc4d	2005	1	157586	1	94
ca546b49319a92cc9138d9489cd485543192fc4d	2005	2	157587	1	146
ca546b49319a92cc9138d9489cd485543192fc4d	2005	3	157588	1	75
ca546b49319a92cc9138d9489cd485543192fc4d	2005	10	148761	1	164
ca546b49319a92cc9138d9489cd485543192fc4d	2005	11	148831	1	121
ca546b49319a92cc9138d9489cd485543192fc4d	2005	12	157585	1	154
ca546b49319a92cc9138d9489cd485543192fc4d	2006	10	142862	1	220
ca546b49319a92cc9138d9489cd485543192fc4d	2007	1	157589	1	79
ca546b49319a92cc9138d9489cd485543192fc4d	2009	12	163739	1	0
ca546b49319a92cc9138d9489cd485543192fc4d	2010	2	170299	1	0
ca546b49319a92cc9138d9489cd485543192fc4d	2010	10	167573	1	0
ca546b49319a92cc9138d9489cd485543192fc4d	2010	12	168909	1	150
ca546b49319a92cc9138d9489cd485543192fc4d	2012	10	177047	1	220
d46e3262810973c1ff00dbb46aee1f374775d256	1992	12	174566	0	61
d46e3262810973c1ff00dbb46aee1f374775d256	1993	1	174592	1	0
d46e3262810973c1ff00dbb46aee1f374775d256	1993	2	174594	1	147
d46e3262810973c1ff00dbb46aee1f374775d256	1993	3	174598	1	0
d46e3262810973c1ff00dbb46aee1f374775d256	1993	11	174586	1	48
d46e3262810973c1ff00dbb46aee1f374775d256	1993	12	174589	1	198
d46e3262810973c1ff00dbb46aee1f374775d256	1994	1	183423	1	41
d46e3262810973c1ff00dbb46aee1f374775d256	1994	2	183424	1	31
d46e3262810973c1ff00dbb46aee1f374775d256	1994	3	183425	1	7
d46e3262810973c1ff00dbb46aee1f374775d256	1994	10	183420	1	37
d46e3262810973c1ff00dbb46aee1f374775d256	1994	11	183421	1	72
d46e3262810973c1ff00dbb46aee1f374775d256	1994	12	183422	1	9
d46e3262810973c1ff00dbb46aee1f374775d256	1995	1	183438	1	0
d46e3262810973c1ff00dbb46aee1f374775d256	1995	2	183439	1	0
d46e3262810973c1ff00dbb46aee1f374775d256	1995	11	183436	1	19
d46e3262810973c1ff00dbb46aee1f374775d256	1995	12	183437	1	29
d46e3262810973c1ff00dbb46aee1f374775d256	1996	1	183454	1	34
d46e3262810973c1ff00dbb46aee1f374775d256	1996	2	183455	1	8
d46e3262810973c1ff00dbb46aee1f374775d256	1996	11	183452	1	47
d46e3262810973c1ff00dbb46aee1f374775d256	1996	12	183453	1	95
d46e3262810973c1ff00dbb46aee1f374775d256	1997	1	183466	1	102
d46e3262810973c1ff00dbb46aee1f374775d256	1997	2	183467	1	148
d46e3262810973c1ff00dbb46aee1f374775d256	1997	11	183464	1	62
d46e3262810973c1ff00dbb46aee1f374775d256	1997	12	183465	1	125
d46e3262810973c1ff00dbb46aee1f374775d256	1998	1	183478	1	91
d46e3262810973c1ff00dbb46aee1f374775d256	1998	2	183479	1	46
d46e3262810973c1ff00dbb46aee1f374775d256	1998	11	183476	1	88
d46e3262810973c1ff00dbb46aee1f374775d256	1998	12	183477	1	21
d46e3262810973c1ff00dbb46aee1f374775d256	1999	1	183490	1	20
d46e3262810973c1ff00dbb46aee1f374775d256	1999	2	183491	1	14
d46e3262810973c1ff00dbb46aee1f374775d256	1999	11	183488	1	7
d46e3262810973c1ff00dbb46aee1f374775d256	1999	12	183489	1	0
d46e3262810973c1ff00dbb46aee1f374775d256	2000	1	157625	1	122
d46e3262810973c1ff00dbb46aee1f374775d256	2000	2	157626	1	213
d46e3262810973c1ff00dbb46aee1f374775d256	2000	3	157627	1	140
d46e3262810973c1ff00dbb46aee1f374775d256	2000	10	157622	1	21
d46e3262810973c1ff00dbb46aee1f374775d256	2000	11	157623	1	1
d46e3262810973c1ff00dbb46aee1f374775d256	2000	12	157624	1	19
d46e3262810973c1ff00dbb46aee1f374775d256	2001	1	6551	1	0
d46e3262810973c1ff00dbb46aee1f374775d256	2001	2	6554	1	0
d46e3262810973c1ff00dbb46aee1f374775d256	2001	3	6557	1	0
d46e3262810973c1ff00dbb46aee1f374775d256	2001	10	6542	1	0
d46e3262810973c1ff00dbb46aee1f374775d256	2001	11	6545	1	60
d46e3262810973c1ff00dbb46aee1f374775d256	2001	12	6548	1	46
d46e3262810973c1ff00dbb46aee1f374775d256	2002	1	113019	1	0
d46e3262810973c1ff00dbb46aee1f374775d256	2002	2	113022	1	20
d46e3262810973c1ff00dbb46aee1f374775d256	2002	3	113025	1	6
d46e3262810973c1ff00dbb46aee1f374775d256	2002	10	113010	0	0
d46e3262810973c1ff00dbb46aee1f374775d256	2002	12	113016	1	52
d46e3262810973c1ff00dbb46aee1f374775d256	2003	1	142103	1	9
d46e3262810973c1ff00dbb46aee1f374775d256	2003	2	142106	1	0
d46e3262810973c1ff00dbb46aee1f374775d256	2003	3	142109	1	60
d46e3262810973c1ff00dbb46aee1f374775d256	2003	10	142094	1	20
d46e3262810973c1ff00dbb46aee1f374775d256	2003	11	142097	1	16
d46e3262810973c1ff00dbb46aee1f374775d256	2003	12	142100	1	0
d46e3262810973c1ff00dbb46aee1f374775d256	2004	1	157569	1	23
d46e3262810973c1ff00dbb46aee1f374775d256	2004	2	157570	1	6
d46e3262810973c1ff00dbb46aee1f374775d256	2004	3	157571	1	28
d46e3262810973c1ff00dbb46aee1f374775d256	2004	10	157566	1	58
d46e3262810973c1ff00dbb46aee1f374775d256	2004	11	157567	1	29
d46e3262810973c1ff00dbb46aee1f374775d256	2004	12	157568	1	33
d46e3262810973c1ff00dbb46aee1f374775d256	2005	1	157575	1	18
d46e3262810973c1ff00dbb46aee1f374775d256	2005	2	157576	1	7
d46e3262810973c1ff00dbb46aee1f374775d256	2005	3	157577	1	11
d46e3262810973c1ff00dbb46aee1f374775d256	2005	10	157572	1	3
d46e3262810973c1ff00dbb46aee1f374775d256	2005	11	157573	1	16
d46e3262810973c1ff00dbb46aee1f374775d256	2005	12	157574	1	24
d46e3262810973c1ff00dbb46aee1f374775d256	2007	1	157578	1	33
d46e3262810973c1ff00dbb46aee1f374775d256	2007	2	157630	1	13
d46e3262810973c1ff00dbb46aee1f374775d256	2008	1	160130	1	17
d46e3262810973c1ff00dbb46aee1f374775d256	2009	1	167077	1	0
d46e3262810973c1ff00dbb46aee1f374775d256	2009	2	167080	1	128
d46e3262810973c1ff00dbb46aee1f374775d256	2009	3	167083	1	137
d46e3262810973c1ff00dbb46aee1f374775d256	2009	10	167144	1	0
d46e3262810973c1ff00dbb46aee1f374775d256	2009	11	167147	1	23
d46e3262810973c1ff00dbb46aee1f374775d256	2009	12	167150	1	97
d46e3262810973c1ff00dbb46aee1f374775d256	2010	1	184076	1	0
d46e3262810973c1ff00dbb46aee1f374775d256	2010	2	184079	1	1
d46e3262810973c1ff00dbb46aee1f374775d256	2010	3	184082	1	0
d46e3262810973c1ff00dbb46aee1f374775d256	2010	10	184068	1	41
d46e3262810973c1ff00dbb46aee1f374775d256	2010	12	184073	1	137
d46e3262810973c1ff00dbb46aee1f374775d256	2011	1	175455	1	48
d46e3262810973c1ff00dbb46aee1f374775d256	2011	2	175059	1	22
d46e3262810973c1ff00dbb46aee1f374775d256	2011	12	175440	1	96
d46e3262810973c1ff00dbb46aee1f374775d256	2012	2	182904	1	1
d46e3262810973c1ff00dbb46aee1f374775d256	2012	3	182917	1	54
d46e3262810973c1ff00dbb46aee1f374775d256	2012	11	183237	1	51
d46e3262810973c1ff00dbb46aee1f374775d256	2013	1	190161	1	29
d46e3262810973c1ff00dbb46aee1f374775d256	2013	2	188894	1	16
d46e3262810973c1ff00dbb46aee1f374775d256	2013	3	190054	1	25
d46e3262810973c1ff00dbb46aee1f374775d256	2013	10	183918	1	58
d46e3262810973c1ff00dbb46aee1f374775d256	2013	11	185820	1	127
d46e3262810973c1ff00dbb46aee1f374775d256	2013	12	190146	1	17
d46e3262810973c1ff00dbb46aee1f374775d256	2014	1	193955	1	21
d46e3262810973c1ff00dbb46aee1f374775d256	2014	2	195829	1	16
d46e3262810973c1ff00dbb46aee1f374775d256	2014	3	195843	1	4
d46e3262810973c1ff00dbb46aee1f374775d256	2014	10	192437	1	49
d46e3262810973c1ff00dbb46aee1f374775d256	2014	11	192425	1	233
d46e3262810973c1ff00dbb46aee1f374775d256	2014	12	193195	1	28
d46e3262810973c1ff00dbb46aee1f374775d256	2015	1	201256	1	10
d46e3262810973c1ff00dbb46aee1f374775d256	2015	2	201259	1	11
d46e3262810973c1ff00dbb46aee1f374775d256	2015	3	201267	1	29
d46e3262810973c1ff00dbb46aee1f374775d256	2015	10	200510	1	53
d46e3262810973c1ff00dbb46aee1f374775d256	2015	11	200513	1	24
d46e3262810973c1ff00dbb46aee1f374775d256	2015	12	200528	1	52
d46e3262810973c1ff00dbb46aee1f374775d256	2016	1	203521	1	0
d46e3262810973c1ff00dbb46aee1f374775d256	2016	2	206587	1	0
d46e3262810973c1ff00dbb46aee1f374775d256	2016	3	206590	1	0
d46e3262810973c1ff00dbb46aee1f374775d256	2016	10	206578	1	0
d46e3262810973c1ff00dbb46aee1f374775d256	2016	11	206581	1	0
d46e3262810973c1ff00dbb46aee1f374775d256	2016	12	206584	1	8
d63e9fa7558bc655f701a4b923e6d5e5481de045	2000	1	2499	1	0
d63e9fa7558bc655f701a4b923e6d5e5481de045	2000	2	2564	1	0
d63e9fa7558bc655f701a4b923e6d5e5481de045	2000	3	2597	1	0
d63e9fa7558bc655f701a4b923e6d5e5481de045	2000	10	2368	1	0
d63e9fa7558bc655f701a4b923e6d5e5481de045	2000	11	2406	1	0
d63e9fa7558bc655f701a4b923e6d5e5481de045	2000	12	2452	1	0
d63e9fa7558bc655f701a4b923e6d5e5481de045	2001	1	6519	1	0
d63e9fa7558bc655f701a4b923e6d5e5481de045	2001	2	6531	0	0
d63e9fa7558bc655f701a4b923e6d5e5481de045	2001	10	5146	1	0
d63e9fa7558bc655f701a4b923e6d5e5481de045	2001	12	6506	1	0
d63e9fa7558bc655f701a4b923e6d5e5481de045	2002	3	112818	1	0
d63e9fa7558bc655f701a4b923e6d5e5481de045	2002	10	112613	1	0
d63e9fa7558bc655f701a4b923e6d5e5481de045	2002	11	112653	1	0
d63e9fa7558bc655f701a4b923e6d5e5481de045	2002	12	112696	1	0
d63e9fa7558bc655f701a4b923e6d5e5481de045	2003	1	140614	1	0
d63e9fa7558bc655f701a4b923e6d5e5481de045	2003	2	140615	1	0
d63e9fa7558bc655f701a4b923e6d5e5481de045	2003	3	139589	1	0
d63e9fa7558bc655f701a4b923e6d5e5481de045	2003	10	139189	1	0
d63e9fa7558bc655f701a4b923e6d5e5481de045	2003	11	139240	1	0
d63e9fa7558bc655f701a4b923e6d5e5481de045	2003	12	140613	1	0
d63e9fa7558bc655f701a4b923e6d5e5481de045	2004	1	149706	1	80
d63e9fa7558bc655f701a4b923e6d5e5481de045	2004	2	149707	1	0
d63e9fa7558bc655f701a4b923e6d5e5481de045	2004	3	149708	1	0
d63e9fa7558bc655f701a4b923e6d5e5481de045	2004	10	149703	1	0
d63e9fa7558bc655f701a4b923e6d5e5481de045	2004	11	149704	1	0
d63e9fa7558bc655f701a4b923e6d5e5481de045	2004	12	149705	1	161
d63e9fa7558bc655f701a4b923e6d5e5481de045	2005	1	148391	1	37
d63e9fa7558bc655f701a4b923e6d5e5481de045	2005	2	148457	1	0
d63e9fa7558bc655f701a4b923e6d5e5481de045	2005	3	148545	1	3
d63e9fa7558bc655f701a4b923e6d5e5481de045	2005	10	148068	1	0
d63e9fa7558bc655f701a4b923e6d5e5481de045	2005	11	148202	1	0
d63e9fa7558bc655f701a4b923e6d5e5481de045	2005	12	148289	1	37
d63e9fa7558bc655f701a4b923e6d5e5481de045	2006	1	144271	1	0
d63e9fa7558bc655f701a4b923e6d5e5481de045	2006	2	145049	1	57
d63e9fa7558bc655f701a4b923e6d5e5481de045	2006	3	145820	1	1
d63e9fa7558bc655f701a4b923e6d5e5481de045	2006	10	142853	1	0
d63e9fa7558bc655f701a4b923e6d5e5481de045	2006	11	143303	1	0
d63e9fa7558bc655f701a4b923e6d5e5481de045	2006	12	143527	1	0
d63e9fa7558bc655f701a4b923e6d5e5481de045	2007	1	152839	1	0
d63e9fa7558bc655f701a4b923e6d5e5481de045	2007	2	153726	1	15
d63e9fa7558bc655f701a4b923e6d5e5481de045	2007	3	154975	1	2
d63e9fa7558bc655f701a4b923e6d5e5481de045	2007	10	150667	1	0
d63e9fa7558bc655f701a4b923e6d5e5481de045	2007	11	151291	1	0
d63e9fa7558bc655f701a4b923e6d5e5481de045	2007	12	152080	1	7
d63e9fa7558bc655f701a4b923e6d5e5481de045	2008	1	160214	1	0
d63e9fa7558bc655f701a4b923e6d5e5481de045	2008	2	160625	1	0
d63e9fa7558bc655f701a4b923e6d5e5481de045	2008	3	161339	1	0
d63e9fa7558bc655f701a4b923e6d5e5481de045	2008	10	158008	1	0
d63e9fa7558bc655f701a4b923e6d5e5481de045	2008	11	158679	1	0
d63e9fa7558bc655f701a4b923e6d5e5481de045	2008	12	159370	1	0
d63e9fa7558bc655f701a4b923e6d5e5481de045	2009	1	164795	0	3
d63e9fa7558bc655f701a4b923e6d5e5481de045	2009	2	165240	1	0
d63e9fa7558bc655f701a4b923e6d5e5481de045	2009	3	166237	1	0
d63e9fa7558bc655f701a4b923e6d5e5481de045	2009	10	162488	1	2
d63e9fa7558bc655f701a4b923e6d5e5481de045	2009	11	163073	1	4
d63e9fa7558bc655f701a4b923e6d5e5481de045	2009	12	163738	1	3
d63e9fa7558bc655f701a4b923e6d5e5481de045	2010	1	169650	1	0
d63e9fa7558bc655f701a4b923e6d5e5481de045	2010	2	170297	1	0
d63e9fa7558bc655f701a4b923e6d5e5481de045	2010	3	170901	1	0
d63e9fa7558bc655f701a4b923e6d5e5481de045	2010	10	167571	1	0
d63e9fa7558bc655f701a4b923e6d5e5481de045	2010	11	168120	1	0
d63e9fa7558bc655f701a4b923e6d5e5481de045	2010	12	168908	1	0
d63e9fa7558bc655f701a4b923e6d5e5481de045	2011	1	173565	1	11
d63e9fa7558bc655f701a4b923e6d5e5481de045	2011	2	174270	1	1
d63e9fa7558bc655f701a4b923e6d5e5481de045	2011	3	175130	0	0
d63e9fa7558bc655f701a4b923e6d5e5481de045	2011	10	171940	1	0
d63e9fa7558bc655f701a4b923e6d5e5481de045	2011	11	172470	1	0
d63e9fa7558bc655f701a4b923e6d5e5481de045	2011	12	173088	0	0
d63e9fa7558bc655f701a4b923e6d5e5481de045	2012	1	180633	1	0
d63e9fa7558bc655f701a4b923e6d5e5481de045	2012	2	182091	1	0
d63e9fa7558bc655f701a4b923e6d5e5481de045	2012	3	182691	1	0
d63e9fa7558bc655f701a4b923e6d5e5481de045	2012	10	177046	1	0
d63e9fa7558bc655f701a4b923e6d5e5481de045	2012	11	177901	1	0
d63e9fa7558bc655f701a4b923e6d5e5481de045	2012	12	179272	1	0
d63e9fa7558bc655f701a4b923e6d5e5481de045	2013	1	188091	1	12
d63e9fa7558bc655f701a4b923e6d5e5481de045	2013	2	188888	0	3
d63e9fa7558bc655f701a4b923e6d5e5481de045	2013	3	189829	1	4
d63e9fa7558bc655f701a4b923e6d5e5481de045	2013	10	183929	1	0
d63e9fa7558bc655f701a4b923e6d5e5481de045	2013	11	185828	1	1
d63e9fa7558bc655f701a4b923e6d5e5481de045	2013	12	187406	1	10
d63e9fa7558bc655f701a4b923e6d5e5481de045	2014	1	193852	1	0
d63e9fa7558bc655f701a4b923e6d5e5481de045	2014	2	194684	1	13
d63e9fa7558bc655f701a4b923e6d5e5481de045	2014	3	195667	1	0
d63e9fa7558bc655f701a4b923e6d5e5481de045	2014	10	191791	0	0
d63e9fa7558bc655f701a4b923e6d5e5481de045	2014	11	192628	1	0
d63e9fa7558bc655f701a4b923e6d5e5481de045	2014	12	193205	1	5
d63e9fa7558bc655f701a4b923e6d5e5481de045	2015	1	198803	0	5
d63e9fa7558bc655f701a4b923e6d5e5481de045	2015	2	199430	1	15
d63e9fa7558bc655f701a4b923e6d5e5481de045	2015	3	200137	1	41
d63e9fa7558bc655f701a4b923e6d5e5481de045	2015	10	196872	1	0
d63e9fa7558bc655f701a4b923e6d5e5481de045	2015	11	197519	1	0
d63e9fa7558bc655f701a4b923e6d5e5481de045	2015	12	198013	1	0
d63e9fa7558bc655f701a4b923e6d5e5481de045	2016	1	203286	1	0
d63e9fa7558bc655f701a4b923e6d5e5481de045	2016	2	204224	1	5
d63e9fa7558bc655f701a4b923e6d5e5481de045	2016	3	204827	1	0
d63e9fa7558bc655f701a4b923e6d5e5481de045	2016	10	201739	1	0
d63e9fa7558bc655f701a4b923e6d5e5481de045	2016	11	202331	1	0
d63e9fa7558bc655f701a4b923e6d5e5481de045	2016	12	202856	1	0
e394a93d18a3976aac195b272855be877813fcda	1999	1	184335	1	19
e394a93d18a3976aac195b272855be877813fcda	2000	1	2492	1	20
e394a93d18a3976aac195b272855be877813fcda	2000	2	2539	1	17
e394a93d18a3976aac195b272855be877813fcda	2000	3	2587	1	45
e394a93d18a3976aac195b272855be877813fcda	2000	10	2355	1	71
e394a93d18a3976aac195b272855be877813fcda	2000	11	2401	1	36
e394a93d18a3976aac195b272855be877813fcda	2000	12	2447	1	26
e394a93d18a3976aac195b272855be877813fcda	2001	1	5227	1	4
e394a93d18a3976aac195b272855be877813fcda	2001	2	6354	1	42
e394a93d18a3976aac195b272855be877813fcda	2001	3	5423	1	38
e394a93d18a3976aac195b272855be877813fcda	2001	10	6352	1	3
e394a93d18a3976aac195b272855be877813fcda	2001	11	6353	1	38
e394a93d18a3976aac195b272855be877813fcda	2001	12	5198	1	0
e394a93d18a3976aac195b272855be877813fcda	2002	1	112728	1	6
e394a93d18a3976aac195b272855be877813fcda	2002	2	112766	1	46
e394a93d18a3976aac195b272855be877813fcda	2002	3	112810	1	57
e394a93d18a3976aac195b272855be877813fcda	2002	10	112603	1	36
e394a93d18a3976aac195b272855be877813fcda	2002	11	112644	1	15
e394a93d18a3976aac195b272855be877813fcda	2002	12	112684	1	25
e394a93d18a3976aac195b272855be877813fcda	2003	1	139317	1	9
e394a93d18a3976aac195b272855be877813fcda	2003	2	139534	1	48
e394a93d18a3976aac195b272855be877813fcda	2003	3	139572	1	29
e394a93d18a3976aac195b272855be877813fcda	2003	10	139124	1	34
e394a93d18a3976aac195b272855be877813fcda	2003	11	139233	1	55
e394a93d18a3976aac195b272855be877813fcda	2003	12	139275	1	90
e394a93d18a3976aac195b272855be877813fcda	2004	1	148832	1	41
e394a93d18a3976aac195b272855be877813fcda	2004	2	148849	1	37
e394a93d18a3976aac195b272855be877813fcda	2004	3	148857	1	34
e394a93d18a3976aac195b272855be877813fcda	2004	10	148800	1	33
e394a93d18a3976aac195b272855be877813fcda	2004	11	148810	1	19
e394a93d18a3976aac195b272855be877813fcda	2004	12	148819	1	7
e394a93d18a3976aac195b272855be877813fcda	2005	1	148421	1	14
e394a93d18a3976aac195b272855be877813fcda	2005	2	148496	1	32
e394a93d18a3976aac195b272855be877813fcda	2005	3	148600	1	6
e394a93d18a3976aac195b272855be877813fcda	2005	10	148029	1	10
e394a93d18a3976aac195b272855be877813fcda	2005	11	148230	1	34
e394a93d18a3976aac195b272855be877813fcda	2005	12	148336	1	32
e394a93d18a3976aac195b272855be877813fcda	2006	1	144225	1	5
e394a93d18a3976aac195b272855be877813fcda	2006	2	145005	1	23
e394a93d18a3976aac195b272855be877813fcda	2006	3	146255	1	8
e394a93d18a3976aac195b272855be877813fcda	2006	10	142780	1	36
e394a93d18a3976aac195b272855be877813fcda	2006	11	143273	1	3
e394a93d18a3976aac195b272855be877813fcda	2006	12	143503	1	15
e394a93d18a3976aac195b272855be877813fcda	2007	1	152786	1	8
e394a93d18a3976aac195b272855be877813fcda	2007	2	153732	1	0
e394a93d18a3976aac195b272855be877813fcda	2007	3	154618	1	11
e394a93d18a3976aac195b272855be877813fcda	2007	10	150507	1	7
e394a93d18a3976aac195b272855be877813fcda	2007	11	151279	1	0
e394a93d18a3976aac195b272855be877813fcda	2007	12	151992	1	8
e394a93d18a3976aac195b272855be877813fcda	2008	1	160025	1	2
e394a93d18a3976aac195b272855be877813fcda	2008	2	160858	1	4
e394a93d18a3976aac195b272855be877813fcda	2008	3	161241	1	5
e394a93d18a3976aac195b272855be877813fcda	2008	10	158133	1	1
e394a93d18a3976aac195b272855be877813fcda	2008	11	158790	1	1
e394a93d18a3976aac195b272855be877813fcda	2008	12	159240	1	8
e394a93d18a3976aac195b272855be877813fcda	2009	1	164483	1	11
e394a93d18a3976aac195b272855be877813fcda	2009	2	165238	1	0
e394a93d18a3976aac195b272855be877813fcda	2009	3	166080	1	5
e394a93d18a3976aac195b272855be877813fcda	2009	10	162442	1	2
e394a93d18a3976aac195b272855be877813fcda	2009	11	163082	1	1
e394a93d18a3976aac195b272855be877813fcda	2009	12	163763	1	2
e394a93d18a3976aac195b272855be877813fcda	2010	1	169632	1	1
e394a93d18a3976aac195b272855be877813fcda	2010	2	170161	1	1
e394a93d18a3976aac195b272855be877813fcda	2010	3	170925	1	2
e394a93d18a3976aac195b272855be877813fcda	2010	10	167393	1	1
e394a93d18a3976aac195b272855be877813fcda	2010	11	168102	1	12
e394a93d18a3976aac195b272855be877813fcda	2010	12	168855	1	1
e394a93d18a3976aac195b272855be877813fcda	2011	1	173541	1	3
e394a93d18a3976aac195b272855be877813fcda	2011	2	174197	1	15
e394a93d18a3976aac195b272855be877813fcda	2011	3	175343	1	4
e394a93d18a3976aac195b272855be877813fcda	2011	10	171957	1	0
e394a93d18a3976aac195b272855be877813fcda	2011	11	172336	1	1
e394a93d18a3976aac195b272855be877813fcda	2011	12	173057	1	10
e394a93d18a3976aac195b272855be877813fcda	2012	1	180839	1	0
e394a93d18a3976aac195b272855be877813fcda	2012	2	181948	1	5
e394a93d18a3976aac195b272855be877813fcda	2012	3	182635	1	0
e394a93d18a3976aac195b272855be877813fcda	2012	10	176851	1	3
e394a93d18a3976aac195b272855be877813fcda	2012	11	177936	1	0
e394a93d18a3976aac195b272855be877813fcda	2012	12	179029	1	4
e394a93d18a3976aac195b272855be877813fcda	2013	1	187860	1	4
e394a93d18a3976aac195b272855be877813fcda	2013	2	189352	1	2
e394a93d18a3976aac195b272855be877813fcda	2013	3	189668	1	0
e394a93d18a3976aac195b272855be877813fcda	2013	10	183787	1	1
e394a93d18a3976aac195b272855be877813fcda	2013	11	185104	1	0
e394a93d18a3976aac195b272855be877813fcda	2013	12	187111	1	0
e394a93d18a3976aac195b272855be877813fcda	2014	1	193759	1	0
e394a93d18a3976aac195b272855be877813fcda	2014	2	194455	1	0
e394a93d18a3976aac195b272855be877813fcda	2014	3	195359	1	0
e394a93d18a3976aac195b272855be877813fcda	2014	10	191866	1	0
e394a93d18a3976aac195b272855be877813fcda	2014	11	192404	1	0
e394a93d18a3976aac195b272855be877813fcda	2014	12	193096	1	0
e394a93d18a3976aac195b272855be877813fcda	2015	1	198752	1	28
e394a93d18a3976aac195b272855be877813fcda	2015	2	199225	1	0
e394a93d18a3976aac195b272855be877813fcda	2015	3	199958	1	0
e394a93d18a3976aac195b272855be877813fcda	2015	10	196619	1	0
e394a93d18a3976aac195b272855be877813fcda	2015	11	197420	1	0
e394a93d18a3976aac195b272855be877813fcda	2015	12	197941	1	0
e394a93d18a3976aac195b272855be877813fcda	2016	1	203217	1	0
e394a93d18a3976aac195b272855be877813fcda	2016	2	204031	1	0
e394a93d18a3976aac195b272855be877813fcda	2016	3	204820	1	0
e394a93d18a3976aac195b272855be877813fcda	2016	10	201531	1	0
e394a93d18a3976aac195b272855be877813fcda	2016	11	202139	1	0
e394a93d18a3976aac195b272855be877813fcda	2016	12	202649	1	0
