LocationID	Year	fMonth	DatasourceID	ObservationID	Complete	Count
044bed91fb9002fb66602d4851e90991e24e16d9	1992	1	cdb3f791d513fdec65e74efd538d6045c986bc17	174569	1	4
044bed91fb9002fb66602d4851e90991e24e16d9	1992	3	cdb3f791d513fdec65e74efd538d6045c986bc17	174578	1	0
044bed91fb9002fb66602d4851e90991e24e16d9	1992	11	cdb3f791d513fdec65e74efd538d6045c986bc17	174545	1	0
044bed91fb9002fb66602d4851e90991e24e16d9	1992	12	cdb3f791d513fdec65e74efd538d6045c986bc17	174558	1	4
044bed91fb9002fb66602d4851e90991e24e16d9	1993	1	cdb3f791d513fdec65e74efd538d6045c986bc17	174606	1	0
044bed91fb9002fb66602d4851e90991e24e16d9	1993	2	cdb3f791d513fdec65e74efd538d6045c986bc17	174607	1	0
044bed91fb9002fb66602d4851e90991e24e16d9	1993	3	cdb3f791d513fdec65e74efd538d6045c986bc17	174608	1	0
044bed91fb9002fb66602d4851e90991e24e16d9	1993	11	cdb3f791d513fdec65e74efd538d6045c986bc17	174604	1	0
044bed91fb9002fb66602d4851e90991e24e16d9	1993	12	cdb3f791d513fdec65e74efd538d6045c986bc17	174605	1	0
044bed91fb9002fb66602d4851e90991e24e16d9	1994	1	cdb3f791d513fdec65e74efd538d6045c986bc17	183965	1	2
044bed91fb9002fb66602d4851e90991e24e16d9	1994	2	cdb3f791d513fdec65e74efd538d6045c986bc17	183966	1	0
044bed91fb9002fb66602d4851e90991e24e16d9	1994	3	cdb3f791d513fdec65e74efd538d6045c986bc17	183967	1	2
044bed91fb9002fb66602d4851e90991e24e16d9	1994	11	cdb3f791d513fdec65e74efd538d6045c986bc17	183963	1	0
044bed91fb9002fb66602d4851e90991e24e16d9	1994	12	cdb3f791d513fdec65e74efd538d6045c986bc17	183964	1	0
044bed91fb9002fb66602d4851e90991e24e16d9	1995	1	cdb3f791d513fdec65e74efd538d6045c986bc17	183970	1	0
044bed91fb9002fb66602d4851e90991e24e16d9	1995	2	cdb3f791d513fdec65e74efd538d6045c986bc17	183971	1	0
044bed91fb9002fb66602d4851e90991e24e16d9	1995	11	cdb3f791d513fdec65e74efd538d6045c986bc17	183968	1	6
044bed91fb9002fb66602d4851e90991e24e16d9	1995	12	cdb3f791d513fdec65e74efd538d6045c986bc17	183969	1	2
044bed91fb9002fb66602d4851e90991e24e16d9	1996	1	cdb3f791d513fdec65e74efd538d6045c986bc17	183974	1	0
044bed91fb9002fb66602d4851e90991e24e16d9	1996	2	cdb3f791d513fdec65e74efd538d6045c986bc17	183975	1	0
044bed91fb9002fb66602d4851e90991e24e16d9	1996	11	cdb3f791d513fdec65e74efd538d6045c986bc17	183972	1	0
044bed91fb9002fb66602d4851e90991e24e16d9	1996	12	cdb3f791d513fdec65e74efd538d6045c986bc17	183973	1	0
044bed91fb9002fb66602d4851e90991e24e16d9	1997	1	cdb3f791d513fdec65e74efd538d6045c986bc17	183981	1	0
044bed91fb9002fb66602d4851e90991e24e16d9	1997	2	cdb3f791d513fdec65e74efd538d6045c986bc17	183982	1	1
044bed91fb9002fb66602d4851e90991e24e16d9	1997	11	cdb3f791d513fdec65e74efd538d6045c986bc17	183979	1	0
044bed91fb9002fb66602d4851e90991e24e16d9	1997	12	cdb3f791d513fdec65e74efd538d6045c986bc17	183980	1	0
044bed91fb9002fb66602d4851e90991e24e16d9	1998	1	cdb3f791d513fdec65e74efd538d6045c986bc17	183985	1	0
044bed91fb9002fb66602d4851e90991e24e16d9	1998	2	cdb3f791d513fdec65e74efd538d6045c986bc17	183986	1	0
044bed91fb9002fb66602d4851e90991e24e16d9	1998	11	cdb3f791d513fdec65e74efd538d6045c986bc17	183983	1	0
044bed91fb9002fb66602d4851e90991e24e16d9	1998	12	cdb3f791d513fdec65e74efd538d6045c986bc17	183984	1	0
044bed91fb9002fb66602d4851e90991e24e16d9	1999	1	cdb3f791d513fdec65e74efd538d6045c986bc17	183989	1	0
044bed91fb9002fb66602d4851e90991e24e16d9	1999	2	cdb3f791d513fdec65e74efd538d6045c986bc17	183990	1	0
044bed91fb9002fb66602d4851e90991e24e16d9	1999	11	cdb3f791d513fdec65e74efd538d6045c986bc17	183987	1	0
044bed91fb9002fb66602d4851e90991e24e16d9	1999	12	cdb3f791d513fdec65e74efd538d6045c986bc17	183988	1	0
044bed91fb9002fb66602d4851e90991e24e16d9	2000	1	cdb3f791d513fdec65e74efd538d6045c986bc17	2507	1	0
044bed91fb9002fb66602d4851e90991e24e16d9	2000	2	cdb3f791d513fdec65e74efd538d6045c986bc17	2549	1	0
044bed91fb9002fb66602d4851e90991e24e16d9	2000	3	cdb3f791d513fdec65e74efd538d6045c986bc17	2596	1	0
044bed91fb9002fb66602d4851e90991e24e16d9	2000	11	cdb3f791d513fdec65e74efd538d6045c986bc17	2419	1	0
044bed91fb9002fb66602d4851e90991e24e16d9	2000	12	cdb3f791d513fdec65e74efd538d6045c986bc17	2466	1	0
044bed91fb9002fb66602d4851e90991e24e16d9	2001	1	cdb3f791d513fdec65e74efd538d6045c986bc17	6512	1	0
044bed91fb9002fb66602d4851e90991e24e16d9	2001	2	cdb3f791d513fdec65e74efd538d6045c986bc17	6528	1	0
044bed91fb9002fb66602d4851e90991e24e16d9	2001	3	cdb3f791d513fdec65e74efd538d6045c986bc17	6538	1	0
044bed91fb9002fb66602d4851e90991e24e16d9	2001	10	cdb3f791d513fdec65e74efd538d6045c986bc17	5145	1	0
044bed91fb9002fb66602d4851e90991e24e16d9	2001	11	cdb3f791d513fdec65e74efd538d6045c986bc17	6491	1	0
044bed91fb9002fb66602d4851e90991e24e16d9	2001	12	cdb3f791d513fdec65e74efd538d6045c986bc17	6503	1	0
044bed91fb9002fb66602d4851e90991e24e16d9	2002	1	cdb3f791d513fdec65e74efd538d6045c986bc17	115047	1	0
044bed91fb9002fb66602d4851e90991e24e16d9	2002	2	cdb3f791d513fdec65e74efd538d6045c986bc17	112772	1	0
044bed91fb9002fb66602d4851e90991e24e16d9	2002	3	cdb3f791d513fdec65e74efd538d6045c986bc17	115049	1	0
044bed91fb9002fb66602d4851e90991e24e16d9	2002	10	cdb3f791d513fdec65e74efd538d6045c986bc17	112612	1	0
044bed91fb9002fb66602d4851e90991e24e16d9	2002	11	cdb3f791d513fdec65e74efd538d6045c986bc17	112650	1	0
044bed91fb9002fb66602d4851e90991e24e16d9	2002	12	cdb3f791d513fdec65e74efd538d6045c986bc17	112691	1	0
044bed91fb9002fb66602d4851e90991e24e16d9	2003	1	cdb3f791d513fdec65e74efd538d6045c986bc17	139467	1	0
044bed91fb9002fb66602d4851e90991e24e16d9	2003	2	cdb3f791d513fdec65e74efd538d6045c986bc17	140635	1	0
044bed91fb9002fb66602d4851e90991e24e16d9	2003	3	cdb3f791d513fdec65e74efd538d6045c986bc17	140636	1	0
044bed91fb9002fb66602d4851e90991e24e16d9	2003	10	cdb3f791d513fdec65e74efd538d6045c986bc17	139230	1	0
044bed91fb9002fb66602d4851e90991e24e16d9	2003	11	cdb3f791d513fdec65e74efd538d6045c986bc17	139242	1	0
044bed91fb9002fb66602d4851e90991e24e16d9	2003	12	cdb3f791d513fdec65e74efd538d6045c986bc17	139284	1	0
044bed91fb9002fb66602d4851e90991e24e16d9	2004	1	cdb3f791d513fdec65e74efd538d6045c986bc17	148705	1	0
044bed91fb9002fb66602d4851e90991e24e16d9	2004	2	cdb3f791d513fdec65e74efd538d6045c986bc17	148710	1	0
044bed91fb9002fb66602d4851e90991e24e16d9	2004	3	cdb3f791d513fdec65e74efd538d6045c986bc17	148717	1	0
044bed91fb9002fb66602d4851e90991e24e16d9	2004	11	cdb3f791d513fdec65e74efd538d6045c986bc17	148647	1	0
044bed91fb9002fb66602d4851e90991e24e16d9	2004	12	cdb3f791d513fdec65e74efd538d6045c986bc17	148670	1	0
044bed91fb9002fb66602d4851e90991e24e16d9	2005	1	cdb3f791d513fdec65e74efd538d6045c986bc17	156112	1	0
044bed91fb9002fb66602d4851e90991e24e16d9	2005	2	cdb3f791d513fdec65e74efd538d6045c986bc17	156116	1	0
044bed91fb9002fb66602d4851e90991e24e16d9	2005	3	cdb3f791d513fdec65e74efd538d6045c986bc17	156117	1	0
044bed91fb9002fb66602d4851e90991e24e16d9	2005	10	cdb3f791d513fdec65e74efd538d6045c986bc17	148773	1	0
044bed91fb9002fb66602d4851e90991e24e16d9	2005	11	cdb3f791d513fdec65e74efd538d6045c986bc17	148833	1	0
044bed91fb9002fb66602d4851e90991e24e16d9	2005	12	cdb3f791d513fdec65e74efd538d6045c986bc17	156108	1	0
044bed91fb9002fb66602d4851e90991e24e16d9	2006	1	cdb3f791d513fdec65e74efd538d6045c986bc17	144257	1	0
044bed91fb9002fb66602d4851e90991e24e16d9	2006	2	cdb3f791d513fdec65e74efd538d6045c986bc17	144903	1	0
044bed91fb9002fb66602d4851e90991e24e16d9	2006	3	cdb3f791d513fdec65e74efd538d6045c986bc17	145663	1	0
044bed91fb9002fb66602d4851e90991e24e16d9	2006	10	cdb3f791d513fdec65e74efd538d6045c986bc17	142642	1	0
044bed91fb9002fb66602d4851e90991e24e16d9	2006	11	cdb3f791d513fdec65e74efd538d6045c986bc17	143092	1	0
044bed91fb9002fb66602d4851e90991e24e16d9	2006	12	cdb3f791d513fdec65e74efd538d6045c986bc17	144372	1	0
044bed91fb9002fb66602d4851e90991e24e16d9	2007	1	cdb3f791d513fdec65e74efd538d6045c986bc17	153015	1	0
044bed91fb9002fb66602d4851e90991e24e16d9	2007	2	cdb3f791d513fdec65e74efd538d6045c986bc17	153687	1	0
044bed91fb9002fb66602d4851e90991e24e16d9	2007	3	cdb3f791d513fdec65e74efd538d6045c986bc17	155484	1	0
044bed91fb9002fb66602d4851e90991e24e16d9	2007	10	cdb3f791d513fdec65e74efd538d6045c986bc17	150910	1	0
044bed91fb9002fb66602d4851e90991e24e16d9	2007	11	cdb3f791d513fdec65e74efd538d6045c986bc17	151468	1	0
044bed91fb9002fb66602d4851e90991e24e16d9	2007	12	cdb3f791d513fdec65e74efd538d6045c986bc17	152058	1	0
044bed91fb9002fb66602d4851e90991e24e16d9	2008	1	cdb3f791d513fdec65e74efd538d6045c986bc17	159728	1	0
044bed91fb9002fb66602d4851e90991e24e16d9	2008	2	cdb3f791d513fdec65e74efd538d6045c986bc17	160454	1	0
044bed91fb9002fb66602d4851e90991e24e16d9	2008	3	cdb3f791d513fdec65e74efd538d6045c986bc17	160906	1	0
044bed91fb9002fb66602d4851e90991e24e16d9	2008	10	cdb3f791d513fdec65e74efd538d6045c986bc17	157807	1	0
044bed91fb9002fb66602d4851e90991e24e16d9	2008	11	cdb3f791d513fdec65e74efd538d6045c986bc17	158358	1	0
044bed91fb9002fb66602d4851e90991e24e16d9	2008	12	cdb3f791d513fdec65e74efd538d6045c986bc17	158951	1	0
044bed91fb9002fb66602d4851e90991e24e16d9	2009	1	cdb3f791d513fdec65e74efd538d6045c986bc17	184039	1	0
044bed91fb9002fb66602d4851e90991e24e16d9	2009	2	cdb3f791d513fdec65e74efd538d6045c986bc17	164910	1	0
044bed91fb9002fb66602d4851e90991e24e16d9	2009	3	cdb3f791d513fdec65e74efd538d6045c986bc17	165736	1	0
044bed91fb9002fb66602d4851e90991e24e16d9	2009	10	cdb3f791d513fdec65e74efd538d6045c986bc17	162191	1	0
044bed91fb9002fb66602d4851e90991e24e16d9	2009	11	cdb3f791d513fdec65e74efd538d6045c986bc17	162761	1	0
044bed91fb9002fb66602d4851e90991e24e16d9	2009	12	cdb3f791d513fdec65e74efd538d6045c986bc17	163457	1	0
044bed91fb9002fb66602d4851e90991e24e16d9	2010	1	cdb3f791d513fdec65e74efd538d6045c986bc17	169422	1	0
044bed91fb9002fb66602d4851e90991e24e16d9	2010	2	cdb3f791d513fdec65e74efd538d6045c986bc17	170008	1	0
044bed91fb9002fb66602d4851e90991e24e16d9	2010	3	cdb3f791d513fdec65e74efd538d6045c986bc17	170523	1	0
044bed91fb9002fb66602d4851e90991e24e16d9	2010	10	cdb3f791d513fdec65e74efd538d6045c986bc17	167295	1	0
044bed91fb9002fb66602d4851e90991e24e16d9	2010	11	cdb3f791d513fdec65e74efd538d6045c986bc17	167874	1	0
044bed91fb9002fb66602d4851e90991e24e16d9	2010	12	cdb3f791d513fdec65e74efd538d6045c986bc17	168458	1	0
044bed91fb9002fb66602d4851e90991e24e16d9	2011	1	cdb3f791d513fdec65e74efd538d6045c986bc17	173302	1	0
044bed91fb9002fb66602d4851e90991e24e16d9	2011	2	cdb3f791d513fdec65e74efd538d6045c986bc17	174041	1	0
044bed91fb9002fb66602d4851e90991e24e16d9	2011	3	cdb3f791d513fdec65e74efd538d6045c986bc17	174709	1	0
044bed91fb9002fb66602d4851e90991e24e16d9	2011	10	cdb3f791d513fdec65e74efd538d6045c986bc17	171798	1	0
044bed91fb9002fb66602d4851e90991e24e16d9	2011	11	cdb3f791d513fdec65e74efd538d6045c986bc17	172446	1	0
044bed91fb9002fb66602d4851e90991e24e16d9	2011	12	cdb3f791d513fdec65e74efd538d6045c986bc17	172736	1	0
044bed91fb9002fb66602d4851e90991e24e16d9	2012	1	cdb3f791d513fdec65e74efd538d6045c986bc17	180231	1	0
044bed91fb9002fb66602d4851e90991e24e16d9	2012	2	cdb3f791d513fdec65e74efd538d6045c986bc17	181879	1	0
044bed91fb9002fb66602d4851e90991e24e16d9	2012	3	cdb3f791d513fdec65e74efd538d6045c986bc17	182203	1	0
044bed91fb9002fb66602d4851e90991e24e16d9	2012	10	cdb3f791d513fdec65e74efd538d6045c986bc17	176719	1	0
044bed91fb9002fb66602d4851e90991e24e16d9	2012	11	cdb3f791d513fdec65e74efd538d6045c986bc17	177522	1	0
044bed91fb9002fb66602d4851e90991e24e16d9	2012	12	cdb3f791d513fdec65e74efd538d6045c986bc17	178889	1	0
044bed91fb9002fb66602d4851e90991e24e16d9	2013	1	cdb3f791d513fdec65e74efd538d6045c986bc17	187663	1	0
044bed91fb9002fb66602d4851e90991e24e16d9	2013	2	cdb3f791d513fdec65e74efd538d6045c986bc17	188531	1	0
044bed91fb9002fb66602d4851e90991e24e16d9	2013	3	cdb3f791d513fdec65e74efd538d6045c986bc17	189410	1	0
044bed91fb9002fb66602d4851e90991e24e16d9	2013	10	cdb3f791d513fdec65e74efd538d6045c986bc17	183623	1	0
044bed91fb9002fb66602d4851e90991e24e16d9	2013	11	cdb3f791d513fdec65e74efd538d6045c986bc17	184733	1	0
044bed91fb9002fb66602d4851e90991e24e16d9	2013	12	cdb3f791d513fdec65e74efd538d6045c986bc17	186565	1	0
044bed91fb9002fb66602d4851e90991e24e16d9	2014	1	cdb3f791d513fdec65e74efd538d6045c986bc17	193393	1	0
044bed91fb9002fb66602d4851e90991e24e16d9	2014	2	cdb3f791d513fdec65e74efd538d6045c986bc17	194351	1	0
044bed91fb9002fb66602d4851e90991e24e16d9	2014	3	cdb3f791d513fdec65e74efd538d6045c986bc17	195056	1	0
044bed91fb9002fb66602d4851e90991e24e16d9	2014	10	cdb3f791d513fdec65e74efd538d6045c986bc17	190898	1	0
044bed91fb9002fb66602d4851e90991e24e16d9	2014	11	cdb3f791d513fdec65e74efd538d6045c986bc17	192029	1	0
044bed91fb9002fb66602d4851e90991e24e16d9	2014	12	cdb3f791d513fdec65e74efd538d6045c986bc17	192903	1	0
044bed91fb9002fb66602d4851e90991e24e16d9	2015	1	cdb3f791d513fdec65e74efd538d6045c986bc17	198425	1	0
044bed91fb9002fb66602d4851e90991e24e16d9	2015	2	cdb3f791d513fdec65e74efd538d6045c986bc17	198988	1	0
044bed91fb9002fb66602d4851e90991e24e16d9	2015	3	cdb3f791d513fdec65e74efd538d6045c986bc17	199573	1	0
044bed91fb9002fb66602d4851e90991e24e16d9	2015	10	cdb3f791d513fdec65e74efd538d6045c986bc17	196566	1	0
044bed91fb9002fb66602d4851e90991e24e16d9	2015	11	cdb3f791d513fdec65e74efd538d6045c986bc17	197081	1	0
044bed91fb9002fb66602d4851e90991e24e16d9	2015	12	cdb3f791d513fdec65e74efd538d6045c986bc17	197817	1	0
044bed91fb9002fb66602d4851e90991e24e16d9	2016	1	cdb3f791d513fdec65e74efd538d6045c986bc17	203121	1	0
044bed91fb9002fb66602d4851e90991e24e16d9	2016	2	cdb3f791d513fdec65e74efd538d6045c986bc17	203718	1	0
044bed91fb9002fb66602d4851e90991e24e16d9	2016	3	cdb3f791d513fdec65e74efd538d6045c986bc17	204425	1	0
044bed91fb9002fb66602d4851e90991e24e16d9	2016	10	cdb3f791d513fdec65e74efd538d6045c986bc17	201595	1	0
044bed91fb9002fb66602d4851e90991e24e16d9	2016	11	cdb3f791d513fdec65e74efd538d6045c986bc17	202170	1	0
044bed91fb9002fb66602d4851e90991e24e16d9	2016	12	cdb3f791d513fdec65e74efd538d6045c986bc17	202661	1	0
9835c61771a9416a55cfa5ce58bb9ccbc86e1212	1992	1	cdb3f791d513fdec65e74efd538d6045c986bc17	174557	1	16
9835c61771a9416a55cfa5ce58bb9ccbc86e1212	1992	2	cdb3f791d513fdec65e74efd538d6045c986bc17	184084	1	18
9835c61771a9416a55cfa5ce58bb9ccbc86e1212	1992	3	cdb3f791d513fdec65e74efd538d6045c986bc17	184085	1	0
9835c61771a9416a55cfa5ce58bb9ccbc86e1212	1992	10	cdb3f791d513fdec65e74efd538d6045c986bc17	184083	1	0
9835c61771a9416a55cfa5ce58bb9ccbc86e1212	1992	11	cdb3f791d513fdec65e74efd538d6045c986bc17	174551	1	0
9835c61771a9416a55cfa5ce58bb9ccbc86e1212	1992	12	cdb3f791d513fdec65e74efd538d6045c986bc17	174552	1	15
9835c61771a9416a55cfa5ce58bb9ccbc86e1212	1993	1	cdb3f791d513fdec65e74efd538d6045c986bc17	174601	1	19
9835c61771a9416a55cfa5ce58bb9ccbc86e1212	1993	2	cdb3f791d513fdec65e74efd538d6045c986bc17	174602	1	19
9835c61771a9416a55cfa5ce58bb9ccbc86e1212	1993	3	cdb3f791d513fdec65e74efd538d6045c986bc17	174603	1	0
9835c61771a9416a55cfa5ce58bb9ccbc86e1212	1993	10	cdb3f791d513fdec65e74efd538d6045c986bc17	184086	1	0
9835c61771a9416a55cfa5ce58bb9ccbc86e1212	1993	11	cdb3f791d513fdec65e74efd538d6045c986bc17	174599	1	15
9835c61771a9416a55cfa5ce58bb9ccbc86e1212	1993	12	cdb3f791d513fdec65e74efd538d6045c986bc17	174600	1	0
9835c61771a9416a55cfa5ce58bb9ccbc86e1212	1994	1	cdb3f791d513fdec65e74efd538d6045c986bc17	184090	1	15
9835c61771a9416a55cfa5ce58bb9ccbc86e1212	1994	2	cdb3f791d513fdec65e74efd538d6045c986bc17	184091	1	0
9835c61771a9416a55cfa5ce58bb9ccbc86e1212	1994	3	cdb3f791d513fdec65e74efd538d6045c986bc17	184092	1	0
9835c61771a9416a55cfa5ce58bb9ccbc86e1212	1994	10	cdb3f791d513fdec65e74efd538d6045c986bc17	184087	1	1
9835c61771a9416a55cfa5ce58bb9ccbc86e1212	1994	11	cdb3f791d513fdec65e74efd538d6045c986bc17	184088	1	0
9835c61771a9416a55cfa5ce58bb9ccbc86e1212	1994	12	cdb3f791d513fdec65e74efd538d6045c986bc17	184089	1	15
9835c61771a9416a55cfa5ce58bb9ccbc86e1212	1995	1	cdb3f791d513fdec65e74efd538d6045c986bc17	184096	1	23
9835c61771a9416a55cfa5ce58bb9ccbc86e1212	1995	2	cdb3f791d513fdec65e74efd538d6045c986bc17	184097	1	8
9835c61771a9416a55cfa5ce58bb9ccbc86e1212	1995	3	cdb3f791d513fdec65e74efd538d6045c986bc17	184098	1	5
9835c61771a9416a55cfa5ce58bb9ccbc86e1212	1995	10	cdb3f791d513fdec65e74efd538d6045c986bc17	184093	1	0
9835c61771a9416a55cfa5ce58bb9ccbc86e1212	1995	11	cdb3f791d513fdec65e74efd538d6045c986bc17	184094	1	5
9835c61771a9416a55cfa5ce58bb9ccbc86e1212	1995	12	cdb3f791d513fdec65e74efd538d6045c986bc17	184095	1	0
9835c61771a9416a55cfa5ce58bb9ccbc86e1212	1996	1	cdb3f791d513fdec65e74efd538d6045c986bc17	184102	1	11
9835c61771a9416a55cfa5ce58bb9ccbc86e1212	1996	2	cdb3f791d513fdec65e74efd538d6045c986bc17	184103	1	9
9835c61771a9416a55cfa5ce58bb9ccbc86e1212	1996	3	cdb3f791d513fdec65e74efd538d6045c986bc17	184104	1	9
9835c61771a9416a55cfa5ce58bb9ccbc86e1212	1996	10	cdb3f791d513fdec65e74efd538d6045c986bc17	184099	1	0
9835c61771a9416a55cfa5ce58bb9ccbc86e1212	1996	11	cdb3f791d513fdec65e74efd538d6045c986bc17	184100	1	14
9835c61771a9416a55cfa5ce58bb9ccbc86e1212	1996	12	cdb3f791d513fdec65e74efd538d6045c986bc17	184101	1	11
9835c61771a9416a55cfa5ce58bb9ccbc86e1212	1997	1	cdb3f791d513fdec65e74efd538d6045c986bc17	184108	1	4
9835c61771a9416a55cfa5ce58bb9ccbc86e1212	1997	2	cdb3f791d513fdec65e74efd538d6045c986bc17	184109	1	17
9835c61771a9416a55cfa5ce58bb9ccbc86e1212	1997	10	cdb3f791d513fdec65e74efd538d6045c986bc17	184105	1	0
9835c61771a9416a55cfa5ce58bb9ccbc86e1212	1997	11	cdb3f791d513fdec65e74efd538d6045c986bc17	184106	1	14
9835c61771a9416a55cfa5ce58bb9ccbc86e1212	1997	12	cdb3f791d513fdec65e74efd538d6045c986bc17	184107	1	0
9835c61771a9416a55cfa5ce58bb9ccbc86e1212	1998	1	cdb3f791d513fdec65e74efd538d6045c986bc17	184134	1	25
9835c61771a9416a55cfa5ce58bb9ccbc86e1212	1998	2	cdb3f791d513fdec65e74efd538d6045c986bc17	184135	1	11
9835c61771a9416a55cfa5ce58bb9ccbc86e1212	1998	3	cdb3f791d513fdec65e74efd538d6045c986bc17	184136	1	0
9835c61771a9416a55cfa5ce58bb9ccbc86e1212	1998	10	cdb3f791d513fdec65e74efd538d6045c986bc17	184131	1	0
9835c61771a9416a55cfa5ce58bb9ccbc86e1212	1998	11	cdb3f791d513fdec65e74efd538d6045c986bc17	184132	1	9
9835c61771a9416a55cfa5ce58bb9ccbc86e1212	1998	12	cdb3f791d513fdec65e74efd538d6045c986bc17	184133	1	7
9835c61771a9416a55cfa5ce58bb9ccbc86e1212	1999	1	cdb3f791d513fdec65e74efd538d6045c986bc17	184140	1	21
9835c61771a9416a55cfa5ce58bb9ccbc86e1212	1999	2	cdb3f791d513fdec65e74efd538d6045c986bc17	184141	1	16
9835c61771a9416a55cfa5ce58bb9ccbc86e1212	1999	10	cdb3f791d513fdec65e74efd538d6045c986bc17	184137	1	7
9835c61771a9416a55cfa5ce58bb9ccbc86e1212	1999	11	cdb3f791d513fdec65e74efd538d6045c986bc17	184138	1	14
9835c61771a9416a55cfa5ce58bb9ccbc86e1212	1999	12	cdb3f791d513fdec65e74efd538d6045c986bc17	184139	1	23
9835c61771a9416a55cfa5ce58bb9ccbc86e1212	2000	1	cdb3f791d513fdec65e74efd538d6045c986bc17	3312	1	27
9835c61771a9416a55cfa5ce58bb9ccbc86e1212	2000	2	cdb3f791d513fdec65e74efd538d6045c986bc17	3318	1	18
9835c61771a9416a55cfa5ce58bb9ccbc86e1212	2000	3	cdb3f791d513fdec65e74efd538d6045c986bc17	3323	1	0
9835c61771a9416a55cfa5ce58bb9ccbc86e1212	2000	10	cdb3f791d513fdec65e74efd538d6045c986bc17	3294	1	3
9835c61771a9416a55cfa5ce58bb9ccbc86e1212	2000	11	cdb3f791d513fdec65e74efd538d6045c986bc17	3300	1	16
9835c61771a9416a55cfa5ce58bb9ccbc86e1212	2000	12	cdb3f791d513fdec65e74efd538d6045c986bc17	3307	1	31
9835c61771a9416a55cfa5ce58bb9ccbc86e1212	2001	1	cdb3f791d513fdec65e74efd538d6045c986bc17	6197	1	0
9835c61771a9416a55cfa5ce58bb9ccbc86e1212	2001	2	cdb3f791d513fdec65e74efd538d6045c986bc17	6561	1	0
9835c61771a9416a55cfa5ce58bb9ccbc86e1212	2001	3	cdb3f791d513fdec65e74efd538d6045c986bc17	6562	1	0
9835c61771a9416a55cfa5ce58bb9ccbc86e1212	2001	10	cdb3f791d513fdec65e74efd538d6045c986bc17	6011	1	3
9835c61771a9416a55cfa5ce58bb9ccbc86e1212	2001	11	cdb3f791d513fdec65e74efd538d6045c986bc17	6559	1	0
9835c61771a9416a55cfa5ce58bb9ccbc86e1212	2001	12	cdb3f791d513fdec65e74efd538d6045c986bc17	6560	1	0
9835c61771a9416a55cfa5ce58bb9ccbc86e1212	2002	1	cdb3f791d513fdec65e74efd538d6045c986bc17	112497	1	11
9835c61771a9416a55cfa5ce58bb9ccbc86e1212	2002	2	cdb3f791d513fdec65e74efd538d6045c986bc17	112565	1	23
9835c61771a9416a55cfa5ce58bb9ccbc86e1212	2002	3	cdb3f791d513fdec65e74efd538d6045c986bc17	112566	1	21
9835c61771a9416a55cfa5ce58bb9ccbc86e1212	2002	10	cdb3f791d513fdec65e74efd538d6045c986bc17	112347	1	0
9835c61771a9416a55cfa5ce58bb9ccbc86e1212	2002	11	cdb3f791d513fdec65e74efd538d6045c986bc17	112401	1	0
9835c61771a9416a55cfa5ce58bb9ccbc86e1212	2002	12	cdb3f791d513fdec65e74efd538d6045c986bc17	112443	1	0
9835c61771a9416a55cfa5ce58bb9ccbc86e1212	2003	1	cdb3f791d513fdec65e74efd538d6045c986bc17	139999	1	16
9835c61771a9416a55cfa5ce58bb9ccbc86e1212	2003	2	cdb3f791d513fdec65e74efd538d6045c986bc17	140186	1	19
9835c61771a9416a55cfa5ce58bb9ccbc86e1212	2003	3	cdb3f791d513fdec65e74efd538d6045c986bc17	140315	1	7
9835c61771a9416a55cfa5ce58bb9ccbc86e1212	2003	10	cdb3f791d513fdec65e74efd538d6045c986bc17	140053	1	8
9835c61771a9416a55cfa5ce58bb9ccbc86e1212	2003	11	cdb3f791d513fdec65e74efd538d6045c986bc17	140084	1	15
9835c61771a9416a55cfa5ce58bb9ccbc86e1212	2003	12	cdb3f791d513fdec65e74efd538d6045c986bc17	140134	1	4
9835c61771a9416a55cfa5ce58bb9ccbc86e1212	2004	1	cdb3f791d513fdec65e74efd538d6045c986bc17	151724	1	31
9835c61771a9416a55cfa5ce58bb9ccbc86e1212	2004	2	cdb3f791d513fdec65e74efd538d6045c986bc17	153098	1	11
9835c61771a9416a55cfa5ce58bb9ccbc86e1212	2004	3	cdb3f791d513fdec65e74efd538d6045c986bc17	157539	1	9
9835c61771a9416a55cfa5ce58bb9ccbc86e1212	2004	10	cdb3f791d513fdec65e74efd538d6045c986bc17	150965	1	2
9835c61771a9416a55cfa5ce58bb9ccbc86e1212	2004	11	cdb3f791d513fdec65e74efd538d6045c986bc17	150971	1	2
9835c61771a9416a55cfa5ce58bb9ccbc86e1212	2004	12	cdb3f791d513fdec65e74efd538d6045c986bc17	151672	1	13
9835c61771a9416a55cfa5ce58bb9ccbc86e1212	2005	1	cdb3f791d513fdec65e74efd538d6045c986bc17	148286	1	9
9835c61771a9416a55cfa5ce58bb9ccbc86e1212	2005	2	cdb3f791d513fdec65e74efd538d6045c986bc17	148551	1	19
9835c61771a9416a55cfa5ce58bb9ccbc86e1212	2005	3	cdb3f791d513fdec65e74efd538d6045c986bc17	148684	1	22
9835c61771a9416a55cfa5ce58bb9ccbc86e1212	2005	10	cdb3f791d513fdec65e74efd538d6045c986bc17	149008	1	3
9835c61771a9416a55cfa5ce58bb9ccbc86e1212	2005	11	cdb3f791d513fdec65e74efd538d6045c986bc17	149106	1	11
9835c61771a9416a55cfa5ce58bb9ccbc86e1212	2005	12	cdb3f791d513fdec65e74efd538d6045c986bc17	148118	1	7
9835c61771a9416a55cfa5ce58bb9ccbc86e1212	2006	1	cdb3f791d513fdec65e74efd538d6045c986bc17	146184	1	14
9835c61771a9416a55cfa5ce58bb9ccbc86e1212	2006	2	cdb3f791d513fdec65e74efd538d6045c986bc17	146630	1	2
9835c61771a9416a55cfa5ce58bb9ccbc86e1212	2006	3	cdb3f791d513fdec65e74efd538d6045c986bc17	146678	1	14
9835c61771a9416a55cfa5ce58bb9ccbc86e1212	2006	10	cdb3f791d513fdec65e74efd538d6045c986bc17	142902	1	1
9835c61771a9416a55cfa5ce58bb9ccbc86e1212	2006	11	cdb3f791d513fdec65e74efd538d6045c986bc17	146048	1	0
9835c61771a9416a55cfa5ce58bb9ccbc86e1212	2006	12	cdb3f791d513fdec65e74efd538d6045c986bc17	146122	1	10
9835c61771a9416a55cfa5ce58bb9ccbc86e1212	2007	1	cdb3f791d513fdec65e74efd538d6045c986bc17	153078	1	28
9835c61771a9416a55cfa5ce58bb9ccbc86e1212	2007	2	cdb3f791d513fdec65e74efd538d6045c986bc17	154702	1	8
9835c61771a9416a55cfa5ce58bb9ccbc86e1212	2007	3	cdb3f791d513fdec65e74efd538d6045c986bc17	155331	1	20
9835c61771a9416a55cfa5ce58bb9ccbc86e1212	2007	10	cdb3f791d513fdec65e74efd538d6045c986bc17	150701	1	3
9835c61771a9416a55cfa5ce58bb9ccbc86e1212	2007	11	cdb3f791d513fdec65e74efd538d6045c986bc17	151397	1	11
9835c61771a9416a55cfa5ce58bb9ccbc86e1212	2007	12	cdb3f791d513fdec65e74efd538d6045c986bc17	152936	1	13
9835c61771a9416a55cfa5ce58bb9ccbc86e1212	2008	1	cdb3f791d513fdec65e74efd538d6045c986bc17	160176	1	15
9835c61771a9416a55cfa5ce58bb9ccbc86e1212	2008	2	cdb3f791d513fdec65e74efd538d6045c986bc17	161579	1	2
9835c61771a9416a55cfa5ce58bb9ccbc86e1212	2008	3	cdb3f791d513fdec65e74efd538d6045c986bc17	161660	1	36
9835c61771a9416a55cfa5ce58bb9ccbc86e1212	2008	10	cdb3f791d513fdec65e74efd538d6045c986bc17	158087	1	2
9835c61771a9416a55cfa5ce58bb9ccbc86e1212	2008	11	cdb3f791d513fdec65e74efd538d6045c986bc17	158900	1	20
9835c61771a9416a55cfa5ce58bb9ccbc86e1212	2008	12	cdb3f791d513fdec65e74efd538d6045c986bc17	159515	1	11
9835c61771a9416a55cfa5ce58bb9ccbc86e1212	2009	1	cdb3f791d513fdec65e74efd538d6045c986bc17	190782	1	36
9835c61771a9416a55cfa5ce58bb9ccbc86e1212	2009	2	cdb3f791d513fdec65e74efd538d6045c986bc17	165470	1	33
9835c61771a9416a55cfa5ce58bb9ccbc86e1212	2009	3	cdb3f791d513fdec65e74efd538d6045c986bc17	166853	1	0
9835c61771a9416a55cfa5ce58bb9ccbc86e1212	2009	10	cdb3f791d513fdec65e74efd538d6045c986bc17	163428	1	0
9835c61771a9416a55cfa5ce58bb9ccbc86e1212	2009	11	cdb3f791d513fdec65e74efd538d6045c986bc17	163331	1	2
9835c61771a9416a55cfa5ce58bb9ccbc86e1212	2009	12	cdb3f791d513fdec65e74efd538d6045c986bc17	163891	1	0
9835c61771a9416a55cfa5ce58bb9ccbc86e1212	2010	1	cdb3f791d513fdec65e74efd538d6045c986bc17	170189	1	15
9835c61771a9416a55cfa5ce58bb9ccbc86e1212	2010	2	cdb3f791d513fdec65e74efd538d6045c986bc17	170422	1	15
9835c61771a9416a55cfa5ce58bb9ccbc86e1212	2010	3	cdb3f791d513fdec65e74efd538d6045c986bc17	171093	1	10
9835c61771a9416a55cfa5ce58bb9ccbc86e1212	2010	10	cdb3f791d513fdec65e74efd538d6045c986bc17	167494	1	3
9835c61771a9416a55cfa5ce58bb9ccbc86e1212	2010	11	cdb3f791d513fdec65e74efd538d6045c986bc17	168240	1	26
9835c61771a9416a55cfa5ce58bb9ccbc86e1212	2010	12	cdb3f791d513fdec65e74efd538d6045c986bc17	168886	1	18
9835c61771a9416a55cfa5ce58bb9ccbc86e1212	2011	1	cdb3f791d513fdec65e74efd538d6045c986bc17	173517	1	17
9835c61771a9416a55cfa5ce58bb9ccbc86e1212	2011	2	cdb3f791d513fdec65e74efd538d6045c986bc17	174464	1	12
9835c61771a9416a55cfa5ce58bb9ccbc86e1212	2011	3	cdb3f791d513fdec65e74efd538d6045c986bc17	188895	1	10
9835c61771a9416a55cfa5ce58bb9ccbc86e1212	2011	10	cdb3f791d513fdec65e74efd538d6045c986bc17	173671	1	4
9835c61771a9416a55cfa5ce58bb9ccbc86e1212	2011	11	cdb3f791d513fdec65e74efd538d6045c986bc17	173608	1	0
9835c61771a9416a55cfa5ce58bb9ccbc86e1212	2011	12	cdb3f791d513fdec65e74efd538d6045c986bc17	173761	1	5
9835c61771a9416a55cfa5ce58bb9ccbc86e1212	2012	1	cdb3f791d513fdec65e74efd538d6045c986bc17	182001	1	7
9835c61771a9416a55cfa5ce58bb9ccbc86e1212	2012	2	cdb3f791d513fdec65e74efd538d6045c986bc17	182549	1	15
9835c61771a9416a55cfa5ce58bb9ccbc86e1212	2012	3	cdb3f791d513fdec65e74efd538d6045c986bc17	183055	1	0
9835c61771a9416a55cfa5ce58bb9ccbc86e1212	2012	10	cdb3f791d513fdec65e74efd538d6045c986bc17	177037	1	0
9835c61771a9416a55cfa5ce58bb9ccbc86e1212	2012	11	cdb3f791d513fdec65e74efd538d6045c986bc17	178005	1	0
9835c61771a9416a55cfa5ce58bb9ccbc86e1212	2012	12	cdb3f791d513fdec65e74efd538d6045c986bc17	180573	1	5
9835c61771a9416a55cfa5ce58bb9ccbc86e1212	2013	1	cdb3f791d513fdec65e74efd538d6045c986bc17	188190	1	0
9835c61771a9416a55cfa5ce58bb9ccbc86e1212	2013	2	cdb3f791d513fdec65e74efd538d6045c986bc17	188765	1	2
9835c61771a9416a55cfa5ce58bb9ccbc86e1212	2013	3	cdb3f791d513fdec65e74efd538d6045c986bc17	189768	1	1
9835c61771a9416a55cfa5ce58bb9ccbc86e1212	2013	10	cdb3f791d513fdec65e74efd538d6045c986bc17	183865	1	0
9835c61771a9416a55cfa5ce58bb9ccbc86e1212	2013	11	cdb3f791d513fdec65e74efd538d6045c986bc17	185089	1	8
9835c61771a9416a55cfa5ce58bb9ccbc86e1212	2013	12	cdb3f791d513fdec65e74efd538d6045c986bc17	187243	1	12
9835c61771a9416a55cfa5ce58bb9ccbc86e1212	2014	1	cdb3f791d513fdec65e74efd538d6045c986bc17	193734	1	1
9835c61771a9416a55cfa5ce58bb9ccbc86e1212	2014	2	cdb3f791d513fdec65e74efd538d6045c986bc17	194628	1	0
9835c61771a9416a55cfa5ce58bb9ccbc86e1212	2014	3	cdb3f791d513fdec65e74efd538d6045c986bc17	195209	1	1
9835c61771a9416a55cfa5ce58bb9ccbc86e1212	2014	10	cdb3f791d513fdec65e74efd538d6045c986bc17	191351	1	1
9835c61771a9416a55cfa5ce58bb9ccbc86e1212	2014	11	cdb3f791d513fdec65e74efd538d6045c986bc17	192372	1	0
9835c61771a9416a55cfa5ce58bb9ccbc86e1212	2014	12	cdb3f791d513fdec65e74efd538d6045c986bc17	193238	1	0
9835c61771a9416a55cfa5ce58bb9ccbc86e1212	2015	1	cdb3f791d513fdec65e74efd538d6045c986bc17	198773	1	2
9835c61771a9416a55cfa5ce58bb9ccbc86e1212	2015	2	cdb3f791d513fdec65e74efd538d6045c986bc17	199337	1	0
9835c61771a9416a55cfa5ce58bb9ccbc86e1212	2015	3	cdb3f791d513fdec65e74efd538d6045c986bc17	200796	1	0
9835c61771a9416a55cfa5ce58bb9ccbc86e1212	2015	10	cdb3f791d513fdec65e74efd538d6045c986bc17	196784	1	0
9835c61771a9416a55cfa5ce58bb9ccbc86e1212	2015	11	cdb3f791d513fdec65e74efd538d6045c986bc17	200795	1	5
9835c61771a9416a55cfa5ce58bb9ccbc86e1212	2015	12	cdb3f791d513fdec65e74efd538d6045c986bc17	201261	1	3
9835c61771a9416a55cfa5ce58bb9ccbc86e1212	2016	1	cdb3f791d513fdec65e74efd538d6045c986bc17	203518	1	4
9835c61771a9416a55cfa5ce58bb9ccbc86e1212	2016	2	cdb3f791d513fdec65e74efd538d6045c986bc17	204780	1	3
9835c61771a9416a55cfa5ce58bb9ccbc86e1212	2016	3	cdb3f791d513fdec65e74efd538d6045c986bc17	204673	1	0
9835c61771a9416a55cfa5ce58bb9ccbc86e1212	2016	10	cdb3f791d513fdec65e74efd538d6045c986bc17	201629	1	0
9835c61771a9416a55cfa5ce58bb9ccbc86e1212	2016	11	cdb3f791d513fdec65e74efd538d6045c986bc17	202132	1	2
9835c61771a9416a55cfa5ce58bb9ccbc86e1212	2016	12	cdb3f791d513fdec65e74efd538d6045c986bc17	202720	1	7
ace6f0e1a2129054133a322e62fb79f982982e31	1992	1	cdb3f791d513fdec65e74efd538d6045c986bc17	174555	1	121
ace6f0e1a2129054133a322e62fb79f982982e31	1992	2	cdb3f791d513fdec65e74efd538d6045c986bc17	191782	1	105
ace6f0e1a2129054133a322e62fb79f982982e31	1992	11	cdb3f791d513fdec65e74efd538d6045c986bc17	174550	0	95
ace6f0e1a2129054133a322e62fb79f982982e31	1992	12	cdb3f791d513fdec65e74efd538d6045c986bc17	174554	1	107
ace6f0e1a2129054133a322e62fb79f982982e31	1993	1	cdb3f791d513fdec65e74efd538d6045c986bc17	174591	1	118
ace6f0e1a2129054133a322e62fb79f982982e31	1993	2	cdb3f791d513fdec65e74efd538d6045c986bc17	174593	1	102
ace6f0e1a2129054133a322e62fb79f982982e31	1993	3	cdb3f791d513fdec65e74efd538d6045c986bc17	174597	1	106
ace6f0e1a2129054133a322e62fb79f982982e31	1993	11	cdb3f791d513fdec65e74efd538d6045c986bc17	174585	1	91
ace6f0e1a2129054133a322e62fb79f982982e31	1993	12	cdb3f791d513fdec65e74efd538d6045c986bc17	174588	1	107
ace6f0e1a2129054133a322e62fb79f982982e31	1994	1	cdb3f791d513fdec65e74efd538d6045c986bc17	183429	1	83
ace6f0e1a2129054133a322e62fb79f982982e31	1994	2	cdb3f791d513fdec65e74efd538d6045c986bc17	183430	1	89
ace6f0e1a2129054133a322e62fb79f982982e31	1994	3	cdb3f791d513fdec65e74efd538d6045c986bc17	183431	1	78
ace6f0e1a2129054133a322e62fb79f982982e31	1994	10	cdb3f791d513fdec65e74efd538d6045c986bc17	183426	1	33
ace6f0e1a2129054133a322e62fb79f982982e31	1994	11	cdb3f791d513fdec65e74efd538d6045c986bc17	183427	1	76
ace6f0e1a2129054133a322e62fb79f982982e31	1994	12	cdb3f791d513fdec65e74efd538d6045c986bc17	183428	1	70
ace6f0e1a2129054133a322e62fb79f982982e31	1995	1	cdb3f791d513fdec65e74efd538d6045c986bc17	183442	1	64
ace6f0e1a2129054133a322e62fb79f982982e31	1995	2	cdb3f791d513fdec65e74efd538d6045c986bc17	183443	1	94
ace6f0e1a2129054133a322e62fb79f982982e31	1995	11	cdb3f791d513fdec65e74efd538d6045c986bc17	183440	1	64
ace6f0e1a2129054133a322e62fb79f982982e31	1995	12	cdb3f791d513fdec65e74efd538d6045c986bc17	183441	1	68
ace6f0e1a2129054133a322e62fb79f982982e31	1996	1	cdb3f791d513fdec65e74efd538d6045c986bc17	183450	1	6
ace6f0e1a2129054133a322e62fb79f982982e31	1996	2	cdb3f791d513fdec65e74efd538d6045c986bc17	183451	1	79
ace6f0e1a2129054133a322e62fb79f982982e31	1996	11	cdb3f791d513fdec65e74efd538d6045c986bc17	183448	1	0
ace6f0e1a2129054133a322e62fb79f982982e31	1996	12	cdb3f791d513fdec65e74efd538d6045c986bc17	183449	1	2
ace6f0e1a2129054133a322e62fb79f982982e31	1997	1	cdb3f791d513fdec65e74efd538d6045c986bc17	183462	1	0
ace6f0e1a2129054133a322e62fb79f982982e31	1997	2	cdb3f791d513fdec65e74efd538d6045c986bc17	183463	1	0
ace6f0e1a2129054133a322e62fb79f982982e31	1997	11	cdb3f791d513fdec65e74efd538d6045c986bc17	183460	1	0
ace6f0e1a2129054133a322e62fb79f982982e31	1997	12	cdb3f791d513fdec65e74efd538d6045c986bc17	183461	1	0
ace6f0e1a2129054133a322e62fb79f982982e31	1998	1	cdb3f791d513fdec65e74efd538d6045c986bc17	183474	1	76
ace6f0e1a2129054133a322e62fb79f982982e31	1998	2	cdb3f791d513fdec65e74efd538d6045c986bc17	183475	1	61
ace6f0e1a2129054133a322e62fb79f982982e31	1998	11	cdb3f791d513fdec65e74efd538d6045c986bc17	183472	1	72
ace6f0e1a2129054133a322e62fb79f982982e31	1998	12	cdb3f791d513fdec65e74efd538d6045c986bc17	183473	1	79
ace6f0e1a2129054133a322e62fb79f982982e31	1999	1	cdb3f791d513fdec65e74efd538d6045c986bc17	183486	1	68
ace6f0e1a2129054133a322e62fb79f982982e31	1999	2	cdb3f791d513fdec65e74efd538d6045c986bc17	183487	1	76
ace6f0e1a2129054133a322e62fb79f982982e31	1999	11	cdb3f791d513fdec65e74efd538d6045c986bc17	183484	1	65
ace6f0e1a2129054133a322e62fb79f982982e31	1999	12	cdb3f791d513fdec65e74efd538d6045c986bc17	183485	1	79
ace6f0e1a2129054133a322e62fb79f982982e31	2000	1	cdb3f791d513fdec65e74efd538d6045c986bc17	157619	1	61
ace6f0e1a2129054133a322e62fb79f982982e31	2000	2	cdb3f791d513fdec65e74efd538d6045c986bc17	157620	1	71
ace6f0e1a2129054133a322e62fb79f982982e31	2000	3	cdb3f791d513fdec65e74efd538d6045c986bc17	157621	1	69
ace6f0e1a2129054133a322e62fb79f982982e31	2000	10	cdb3f791d513fdec65e74efd538d6045c986bc17	157616	1	25
ace6f0e1a2129054133a322e62fb79f982982e31	2000	11	cdb3f791d513fdec65e74efd538d6045c986bc17	157617	1	56
ace6f0e1a2129054133a322e62fb79f982982e31	2000	12	cdb3f791d513fdec65e74efd538d6045c986bc17	157618	1	77
ace6f0e1a2129054133a322e62fb79f982982e31	2001	1	cdb3f791d513fdec65e74efd538d6045c986bc17	6550	1	60
ace6f0e1a2129054133a322e62fb79f982982e31	2001	2	cdb3f791d513fdec65e74efd538d6045c986bc17	6553	1	67
ace6f0e1a2129054133a322e62fb79f982982e31	2001	3	cdb3f791d513fdec65e74efd538d6045c986bc17	6556	1	67
ace6f0e1a2129054133a322e62fb79f982982e31	2001	10	cdb3f791d513fdec65e74efd538d6045c986bc17	6541	1	25
ace6f0e1a2129054133a322e62fb79f982982e31	2001	11	cdb3f791d513fdec65e74efd538d6045c986bc17	6544	1	49
ace6f0e1a2129054133a322e62fb79f982982e31	2001	12	cdb3f791d513fdec65e74efd538d6045c986bc17	6547	1	50
ace6f0e1a2129054133a322e62fb79f982982e31	2002	1	cdb3f791d513fdec65e74efd538d6045c986bc17	113018	1	57
ace6f0e1a2129054133a322e62fb79f982982e31	2002	2	cdb3f791d513fdec65e74efd538d6045c986bc17	113021	1	47
ace6f0e1a2129054133a322e62fb79f982982e31	2002	3	cdb3f791d513fdec65e74efd538d6045c986bc17	113024	1	64
ace6f0e1a2129054133a322e62fb79f982982e31	2002	10	cdb3f791d513fdec65e74efd538d6045c986bc17	113009	1	23
ace6f0e1a2129054133a322e62fb79f982982e31	2002	11	cdb3f791d513fdec65e74efd538d6045c986bc17	113012	1	49
ace6f0e1a2129054133a322e62fb79f982982e31	2002	12	cdb3f791d513fdec65e74efd538d6045c986bc17	113015	1	6
ace6f0e1a2129054133a322e62fb79f982982e31	2003	1	cdb3f791d513fdec65e74efd538d6045c986bc17	142102	1	59
ace6f0e1a2129054133a322e62fb79f982982e31	2003	2	cdb3f791d513fdec65e74efd538d6045c986bc17	142105	1	0
ace6f0e1a2129054133a322e62fb79f982982e31	2003	3	cdb3f791d513fdec65e74efd538d6045c986bc17	142108	1	64
ace6f0e1a2129054133a322e62fb79f982982e31	2003	10	cdb3f791d513fdec65e74efd538d6045c986bc17	142093	1	35
ace6f0e1a2129054133a322e62fb79f982982e31	2003	11	cdb3f791d513fdec65e74efd538d6045c986bc17	142096	1	29
ace6f0e1a2129054133a322e62fb79f982982e31	2003	12	cdb3f791d513fdec65e74efd538d6045c986bc17	142099	1	35
ace6f0e1a2129054133a322e62fb79f982982e31	2004	1	cdb3f791d513fdec65e74efd538d6045c986bc17	157556	1	0
ace6f0e1a2129054133a322e62fb79f982982e31	2004	2	cdb3f791d513fdec65e74efd538d6045c986bc17	157557	1	64
ace6f0e1a2129054133a322e62fb79f982982e31	2004	3	cdb3f791d513fdec65e74efd538d6045c986bc17	157558	1	58
ace6f0e1a2129054133a322e62fb79f982982e31	2004	10	cdb3f791d513fdec65e74efd538d6045c986bc17	157553	1	19
ace6f0e1a2129054133a322e62fb79f982982e31	2004	11	cdb3f791d513fdec65e74efd538d6045c986bc17	157554	1	37
ace6f0e1a2129054133a322e62fb79f982982e31	2004	12	cdb3f791d513fdec65e74efd538d6045c986bc17	157555	1	17
ace6f0e1a2129054133a322e62fb79f982982e31	2005	1	cdb3f791d513fdec65e74efd538d6045c986bc17	157562	1	23
ace6f0e1a2129054133a322e62fb79f982982e31	2005	2	cdb3f791d513fdec65e74efd538d6045c986bc17	157563	1	59
ace6f0e1a2129054133a322e62fb79f982982e31	2005	3	cdb3f791d513fdec65e74efd538d6045c986bc17	157564	1	49
ace6f0e1a2129054133a322e62fb79f982982e31	2005	10	cdb3f791d513fdec65e74efd538d6045c986bc17	157559	1	29
ace6f0e1a2129054133a322e62fb79f982982e31	2005	11	cdb3f791d513fdec65e74efd538d6045c986bc17	157560	1	36
ace6f0e1a2129054133a322e62fb79f982982e31	2005	12	cdb3f791d513fdec65e74efd538d6045c986bc17	157561	1	14
ace6f0e1a2129054133a322e62fb79f982982e31	2006	1	cdb3f791d513fdec65e74efd538d6045c986bc17	146492	1	38
ace6f0e1a2129054133a322e62fb79f982982e31	2006	11	cdb3f791d513fdec65e74efd538d6045c986bc17	146461	1	23
ace6f0e1a2129054133a322e62fb79f982982e31	2006	12	cdb3f791d513fdec65e74efd538d6045c986bc17	146477	1	31
ace6f0e1a2129054133a322e62fb79f982982e31	2007	1	cdb3f791d513fdec65e74efd538d6045c986bc17	157565	1	25
ace6f0e1a2129054133a322e62fb79f982982e31	2007	2	cdb3f791d513fdec65e74efd538d6045c986bc17	157629	1	34
ace6f0e1a2129054133a322e62fb79f982982e31	2008	1	cdb3f791d513fdec65e74efd538d6045c986bc17	160131	1	67
ace6f0e1a2129054133a322e62fb79f982982e31	2008	2	cdb3f791d513fdec65e74efd538d6045c986bc17	161096	1	51
ace6f0e1a2129054133a322e62fb79f982982e31	2008	12	cdb3f791d513fdec65e74efd538d6045c986bc17	159091	1	0
ace6f0e1a2129054133a322e62fb79f982982e31	2009	1	cdb3f791d513fdec65e74efd538d6045c986bc17	167076	1	69
ace6f0e1a2129054133a322e62fb79f982982e31	2009	2	cdb3f791d513fdec65e74efd538d6045c986bc17	165903	1	68
ace6f0e1a2129054133a322e62fb79f982982e31	2009	3	cdb3f791d513fdec65e74efd538d6045c986bc17	167082	1	0
ace6f0e1a2129054133a322e62fb79f982982e31	2009	10	cdb3f791d513fdec65e74efd538d6045c986bc17	164073	1	7
ace6f0e1a2129054133a322e62fb79f982982e31	2009	11	cdb3f791d513fdec65e74efd538d6045c986bc17	164085	1	52
ace6f0e1a2129054133a322e62fb79f982982e31	2009	12	cdb3f791d513fdec65e74efd538d6045c986bc17	164097	1	61
ace6f0e1a2129054133a322e62fb79f982982e31	2010	1	cdb3f791d513fdec65e74efd538d6045c986bc17	169435	1	41
ace6f0e1a2129054133a322e62fb79f982982e31	2010	2	cdb3f791d513fdec65e74efd538d6045c986bc17	184078	1	57
ace6f0e1a2129054133a322e62fb79f982982e31	2010	3	cdb3f791d513fdec65e74efd538d6045c986bc17	184081	1	62
ace6f0e1a2129054133a322e62fb79f982982e31	2010	10	cdb3f791d513fdec65e74efd538d6045c986bc17	184067	1	4
ace6f0e1a2129054133a322e62fb79f982982e31	2010	12	cdb3f791d513fdec65e74efd538d6045c986bc17	184072	1	0
ace6f0e1a2129054133a322e62fb79f982982e31	2011	1	cdb3f791d513fdec65e74efd538d6045c986bc17	175456	1	1
ace6f0e1a2129054133a322e62fb79f982982e31	2011	2	cdb3f791d513fdec65e74efd538d6045c986bc17	175058	1	0
ace6f0e1a2129054133a322e62fb79f982982e31	2011	12	cdb3f791d513fdec65e74efd538d6045c986bc17	175441	1	1
ace6f0e1a2129054133a322e62fb79f982982e31	2012	1	cdb3f791d513fdec65e74efd538d6045c986bc17	183239	1	44
ace6f0e1a2129054133a322e62fb79f982982e31	2012	2	cdb3f791d513fdec65e74efd538d6045c986bc17	183241	1	49
ace6f0e1a2129054133a322e62fb79f982982e31	2012	3	cdb3f791d513fdec65e74efd538d6045c986bc17	183243	1	65
ace6f0e1a2129054133a322e62fb79f982982e31	2012	11	cdb3f791d513fdec65e74efd538d6045c986bc17	183236	1	4
ace6f0e1a2129054133a322e62fb79f982982e31	2012	12	cdb3f791d513fdec65e74efd538d6045c986bc17	184214	1	14
ace6f0e1a2129054133a322e62fb79f982982e31	2013	1	cdb3f791d513fdec65e74efd538d6045c986bc17	188181	1	48
ace6f0e1a2129054133a322e62fb79f982982e31	2013	2	cdb3f791d513fdec65e74efd538d6045c986bc17	188893	1	74
ace6f0e1a2129054133a322e62fb79f982982e31	2013	3	cdb3f791d513fdec65e74efd538d6045c986bc17	190053	1	22
ace6f0e1a2129054133a322e62fb79f982982e31	2013	10	cdb3f791d513fdec65e74efd538d6045c986bc17	183917	1	9
ace6f0e1a2129054133a322e62fb79f982982e31	2013	11	cdb3f791d513fdec65e74efd538d6045c986bc17	185819	1	0
ace6f0e1a2129054133a322e62fb79f982982e31	2013	12	cdb3f791d513fdec65e74efd538d6045c986bc17	190147	1	1
ace6f0e1a2129054133a322e62fb79f982982e31	2014	1	cdb3f791d513fdec65e74efd538d6045c986bc17	193954	1	24
ace6f0e1a2129054133a322e62fb79f982982e31	2014	2	cdb3f791d513fdec65e74efd538d6045c986bc17	196255	1	25
ace6f0e1a2129054133a322e62fb79f982982e31	2014	3	cdb3f791d513fdec65e74efd538d6045c986bc17	196258	1	24
ace6f0e1a2129054133a322e62fb79f982982e31	2014	10	cdb3f791d513fdec65e74efd538d6045c986bc17	192436	1	14
ace6f0e1a2129054133a322e62fb79f982982e31	2014	11	cdb3f791d513fdec65e74efd538d6045c986bc17	192423	1	10
ace6f0e1a2129054133a322e62fb79f982982e31	2014	12	cdb3f791d513fdec65e74efd538d6045c986bc17	193196	1	0
ace6f0e1a2129054133a322e62fb79f982982e31	2015	1	cdb3f791d513fdec65e74efd538d6045c986bc17	201255	1	2
ace6f0e1a2129054133a322e62fb79f982982e31	2015	2	cdb3f791d513fdec65e74efd538d6045c986bc17	201258	1	49
ace6f0e1a2129054133a322e62fb79f982982e31	2015	3	cdb3f791d513fdec65e74efd538d6045c986bc17	201268	1	36
ace6f0e1a2129054133a322e62fb79f982982e31	2015	10	cdb3f791d513fdec65e74efd538d6045c986bc17	200509	1	11
ace6f0e1a2129054133a322e62fb79f982982e31	2015	11	cdb3f791d513fdec65e74efd538d6045c986bc17	200512	1	4
ace6f0e1a2129054133a322e62fb79f982982e31	2015	12	cdb3f791d513fdec65e74efd538d6045c986bc17	200529	1	45
ace6f0e1a2129054133a322e62fb79f982982e31	2016	1	cdb3f791d513fdec65e74efd538d6045c986bc17	203520	1	5
ace6f0e1a2129054133a322e62fb79f982982e31	2016	2	cdb3f791d513fdec65e74efd538d6045c986bc17	206586	0	19
ace6f0e1a2129054133a322e62fb79f982982e31	2016	3	cdb3f791d513fdec65e74efd538d6045c986bc17	206589	0	28
ace6f0e1a2129054133a322e62fb79f982982e31	2016	10	cdb3f791d513fdec65e74efd538d6045c986bc17	206577	1	6
ace6f0e1a2129054133a322e62fb79f982982e31	2016	11	cdb3f791d513fdec65e74efd538d6045c986bc17	206580	0	8
ace6f0e1a2129054133a322e62fb79f982982e31	2016	12	cdb3f791d513fdec65e74efd538d6045c986bc17	206583	1	17
b4b79da8fc7c4817b9ad293e30cee9df02594849	1992	1	cdb3f791d513fdec65e74efd538d6045c986bc17	174556	1	13
b4b79da8fc7c4817b9ad293e30cee9df02594849	1992	2	cdb3f791d513fdec65e74efd538d6045c986bc17	191781	1	0
b4b79da8fc7c4817b9ad293e30cee9df02594849	1992	12	cdb3f791d513fdec65e74efd538d6045c986bc17	174553	1	32
b4b79da8fc7c4817b9ad293e30cee9df02594849	1993	2	cdb3f791d513fdec65e74efd538d6045c986bc17	174595	1	6
b4b79da8fc7c4817b9ad293e30cee9df02594849	1993	11	cdb3f791d513fdec65e74efd538d6045c986bc17	174584	1	0
b4b79da8fc7c4817b9ad293e30cee9df02594849	1993	12	cdb3f791d513fdec65e74efd538d6045c986bc17	174587	1	25
b4b79da8fc7c4817b9ad293e30cee9df02594849	1994	1	cdb3f791d513fdec65e74efd538d6045c986bc17	183417	1	0
b4b79da8fc7c4817b9ad293e30cee9df02594849	1994	2	cdb3f791d513fdec65e74efd538d6045c986bc17	183418	1	6
b4b79da8fc7c4817b9ad293e30cee9df02594849	1994	3	cdb3f791d513fdec65e74efd538d6045c986bc17	183419	1	0
b4b79da8fc7c4817b9ad293e30cee9df02594849	1994	10	cdb3f791d513fdec65e74efd538d6045c986bc17	183414	1	4
b4b79da8fc7c4817b9ad293e30cee9df02594849	1994	11	cdb3f791d513fdec65e74efd538d6045c986bc17	183415	1	20
b4b79da8fc7c4817b9ad293e30cee9df02594849	1994	12	cdb3f791d513fdec65e74efd538d6045c986bc17	183416	1	6
b4b79da8fc7c4817b9ad293e30cee9df02594849	1995	1	cdb3f791d513fdec65e74efd538d6045c986bc17	183434	1	24
b4b79da8fc7c4817b9ad293e30cee9df02594849	1995	2	cdb3f791d513fdec65e74efd538d6045c986bc17	183435	1	25
b4b79da8fc7c4817b9ad293e30cee9df02594849	1995	11	cdb3f791d513fdec65e74efd538d6045c986bc17	183432	1	12
b4b79da8fc7c4817b9ad293e30cee9df02594849	1995	12	cdb3f791d513fdec65e74efd538d6045c986bc17	183433	1	28
b4b79da8fc7c4817b9ad293e30cee9df02594849	1996	1	cdb3f791d513fdec65e74efd538d6045c986bc17	183446	1	11
b4b79da8fc7c4817b9ad293e30cee9df02594849	1996	2	cdb3f791d513fdec65e74efd538d6045c986bc17	183447	1	17
b4b79da8fc7c4817b9ad293e30cee9df02594849	1996	11	cdb3f791d513fdec65e74efd538d6045c986bc17	183444	1	15
b4b79da8fc7c4817b9ad293e30cee9df02594849	1996	12	cdb3f791d513fdec65e74efd538d6045c986bc17	183445	1	18
b4b79da8fc7c4817b9ad293e30cee9df02594849	1997	1	cdb3f791d513fdec65e74efd538d6045c986bc17	183458	1	5
b4b79da8fc7c4817b9ad293e30cee9df02594849	1997	2	cdb3f791d513fdec65e74efd538d6045c986bc17	183459	1	7
b4b79da8fc7c4817b9ad293e30cee9df02594849	1997	11	cdb3f791d513fdec65e74efd538d6045c986bc17	183456	1	0
b4b79da8fc7c4817b9ad293e30cee9df02594849	1997	12	cdb3f791d513fdec65e74efd538d6045c986bc17	183457	1	8
b4b79da8fc7c4817b9ad293e30cee9df02594849	1998	1	cdb3f791d513fdec65e74efd538d6045c986bc17	183470	1	6
b4b79da8fc7c4817b9ad293e30cee9df02594849	1998	2	cdb3f791d513fdec65e74efd538d6045c986bc17	183471	1	0
b4b79da8fc7c4817b9ad293e30cee9df02594849	1998	11	cdb3f791d513fdec65e74efd538d6045c986bc17	183468	1	0
b4b79da8fc7c4817b9ad293e30cee9df02594849	1998	12	cdb3f791d513fdec65e74efd538d6045c986bc17	183469	1	0
b4b79da8fc7c4817b9ad293e30cee9df02594849	1999	1	cdb3f791d513fdec65e74efd538d6045c986bc17	183482	1	12
b4b79da8fc7c4817b9ad293e30cee9df02594849	1999	2	cdb3f791d513fdec65e74efd538d6045c986bc17	183483	1	5
b4b79da8fc7c4817b9ad293e30cee9df02594849	1999	11	cdb3f791d513fdec65e74efd538d6045c986bc17	183480	1	6
b4b79da8fc7c4817b9ad293e30cee9df02594849	1999	12	cdb3f791d513fdec65e74efd538d6045c986bc17	183481	1	6
b4b79da8fc7c4817b9ad293e30cee9df02594849	2000	1	cdb3f791d513fdec65e74efd538d6045c986bc17	157613	1	0
b4b79da8fc7c4817b9ad293e30cee9df02594849	2000	2	cdb3f791d513fdec65e74efd538d6045c986bc17	157614	1	4
b4b79da8fc7c4817b9ad293e30cee9df02594849	2000	3	cdb3f791d513fdec65e74efd538d6045c986bc17	157615	1	0
b4b79da8fc7c4817b9ad293e30cee9df02594849	2000	10	cdb3f791d513fdec65e74efd538d6045c986bc17	157610	1	2
b4b79da8fc7c4817b9ad293e30cee9df02594849	2000	11	cdb3f791d513fdec65e74efd538d6045c986bc17	157611	1	8
b4b79da8fc7c4817b9ad293e30cee9df02594849	2000	12	cdb3f791d513fdec65e74efd538d6045c986bc17	157612	1	0
b4b79da8fc7c4817b9ad293e30cee9df02594849	2001	1	cdb3f791d513fdec65e74efd538d6045c986bc17	6549	1	13
b4b79da8fc7c4817b9ad293e30cee9df02594849	2001	2	cdb3f791d513fdec65e74efd538d6045c986bc17	6552	1	0
b4b79da8fc7c4817b9ad293e30cee9df02594849	2001	3	cdb3f791d513fdec65e74efd538d6045c986bc17	6555	1	0
b4b79da8fc7c4817b9ad293e30cee9df02594849	2001	10	cdb3f791d513fdec65e74efd538d6045c986bc17	6540	1	0
b4b79da8fc7c4817b9ad293e30cee9df02594849	2001	11	cdb3f791d513fdec65e74efd538d6045c986bc17	6543	1	21
b4b79da8fc7c4817b9ad293e30cee9df02594849	2001	12	cdb3f791d513fdec65e74efd538d6045c986bc17	6546	1	20
b4b79da8fc7c4817b9ad293e30cee9df02594849	2002	1	cdb3f791d513fdec65e74efd538d6045c986bc17	113017	1	13
b4b79da8fc7c4817b9ad293e30cee9df02594849	2002	2	cdb3f791d513fdec65e74efd538d6045c986bc17	113020	1	0
b4b79da8fc7c4817b9ad293e30cee9df02594849	2002	3	cdb3f791d513fdec65e74efd538d6045c986bc17	113023	1	0
b4b79da8fc7c4817b9ad293e30cee9df02594849	2002	10	cdb3f791d513fdec65e74efd538d6045c986bc17	113008	1	0
b4b79da8fc7c4817b9ad293e30cee9df02594849	2002	11	cdb3f791d513fdec65e74efd538d6045c986bc17	113011	1	16
b4b79da8fc7c4817b9ad293e30cee9df02594849	2002	12	cdb3f791d513fdec65e74efd538d6045c986bc17	113014	1	15
b4b79da8fc7c4817b9ad293e30cee9df02594849	2003	1	cdb3f791d513fdec65e74efd538d6045c986bc17	142101	1	12
b4b79da8fc7c4817b9ad293e30cee9df02594849	2003	2	cdb3f791d513fdec65e74efd538d6045c986bc17	142104	1	12
b4b79da8fc7c4817b9ad293e30cee9df02594849	2003	3	cdb3f791d513fdec65e74efd538d6045c986bc17	142107	1	2
b4b79da8fc7c4817b9ad293e30cee9df02594849	2003	10	cdb3f791d513fdec65e74efd538d6045c986bc17	142092	1	1
b4b79da8fc7c4817b9ad293e30cee9df02594849	2003	11	cdb3f791d513fdec65e74efd538d6045c986bc17	142095	1	18
b4b79da8fc7c4817b9ad293e30cee9df02594849	2003	12	cdb3f791d513fdec65e74efd538d6045c986bc17	142098	1	11
b4b79da8fc7c4817b9ad293e30cee9df02594849	2004	1	cdb3f791d513fdec65e74efd538d6045c986bc17	157543	1	51
b4b79da8fc7c4817b9ad293e30cee9df02594849	2004	2	cdb3f791d513fdec65e74efd538d6045c986bc17	157544	1	4
b4b79da8fc7c4817b9ad293e30cee9df02594849	2004	3	cdb3f791d513fdec65e74efd538d6045c986bc17	157545	1	5
b4b79da8fc7c4817b9ad293e30cee9df02594849	2004	10	cdb3f791d513fdec65e74efd538d6045c986bc17	157540	1	1
b4b79da8fc7c4817b9ad293e30cee9df02594849	2004	11	cdb3f791d513fdec65e74efd538d6045c986bc17	157541	1	10
b4b79da8fc7c4817b9ad293e30cee9df02594849	2004	12	cdb3f791d513fdec65e74efd538d6045c986bc17	157542	1	33
b4b79da8fc7c4817b9ad293e30cee9df02594849	2005	1	cdb3f791d513fdec65e74efd538d6045c986bc17	157549	1	15
b4b79da8fc7c4817b9ad293e30cee9df02594849	2005	2	cdb3f791d513fdec65e74efd538d6045c986bc17	157550	1	7
b4b79da8fc7c4817b9ad293e30cee9df02594849	2005	3	cdb3f791d513fdec65e74efd538d6045c986bc17	157551	1	1
b4b79da8fc7c4817b9ad293e30cee9df02594849	2005	10	cdb3f791d513fdec65e74efd538d6045c986bc17	157546	1	9
b4b79da8fc7c4817b9ad293e30cee9df02594849	2005	11	cdb3f791d513fdec65e74efd538d6045c986bc17	157547	1	16
b4b79da8fc7c4817b9ad293e30cee9df02594849	2005	12	cdb3f791d513fdec65e74efd538d6045c986bc17	157548	1	10
b4b79da8fc7c4817b9ad293e30cee9df02594849	2007	1	cdb3f791d513fdec65e74efd538d6045c986bc17	157552	1	1
b4b79da8fc7c4817b9ad293e30cee9df02594849	2007	2	cdb3f791d513fdec65e74efd538d6045c986bc17	157628	1	0
b4b79da8fc7c4817b9ad293e30cee9df02594849	2008	1	cdb3f791d513fdec65e74efd538d6045c986bc17	160129	1	20
b4b79da8fc7c4817b9ad293e30cee9df02594849	2009	1	cdb3f791d513fdec65e74efd538d6045c986bc17	167075	1	20
b4b79da8fc7c4817b9ad293e30cee9df02594849	2009	2	cdb3f791d513fdec65e74efd538d6045c986bc17	167078	1	7
b4b79da8fc7c4817b9ad293e30cee9df02594849	2009	3	cdb3f791d513fdec65e74efd538d6045c986bc17	167081	1	4
b4b79da8fc7c4817b9ad293e30cee9df02594849	2009	10	cdb3f791d513fdec65e74efd538d6045c986bc17	167142	1	0
b4b79da8fc7c4817b9ad293e30cee9df02594849	2009	11	cdb3f791d513fdec65e74efd538d6045c986bc17	167145	1	13
b4b79da8fc7c4817b9ad293e30cee9df02594849	2009	12	cdb3f791d513fdec65e74efd538d6045c986bc17	167148	1	26
b4b79da8fc7c4817b9ad293e30cee9df02594849	2010	1	cdb3f791d513fdec65e74efd538d6045c986bc17	184074	1	0
b4b79da8fc7c4817b9ad293e30cee9df02594849	2010	2	cdb3f791d513fdec65e74efd538d6045c986bc17	184077	1	2
b4b79da8fc7c4817b9ad293e30cee9df02594849	2010	3	cdb3f791d513fdec65e74efd538d6045c986bc17	184080	1	1
b4b79da8fc7c4817b9ad293e30cee9df02594849	2010	10	cdb3f791d513fdec65e74efd538d6045c986bc17	184066	1	0
b4b79da8fc7c4817b9ad293e30cee9df02594849	2010	11	cdb3f791d513fdec65e74efd538d6045c986bc17	184069	1	9
b4b79da8fc7c4817b9ad293e30cee9df02594849	2010	12	cdb3f791d513fdec65e74efd538d6045c986bc17	184071	1	29
b4b79da8fc7c4817b9ad293e30cee9df02594849	2011	2	cdb3f791d513fdec65e74efd538d6045c986bc17	174446	1	0
b4b79da8fc7c4817b9ad293e30cee9df02594849	2011	3	cdb3f791d513fdec65e74efd538d6045c986bc17	175110	1	1
b4b79da8fc7c4817b9ad293e30cee9df02594849	2011	12	cdb3f791d513fdec65e74efd538d6045c986bc17	172849	1	8
b4b79da8fc7c4817b9ad293e30cee9df02594849	2012	1	cdb3f791d513fdec65e74efd538d6045c986bc17	183238	1	0
b4b79da8fc7c4817b9ad293e30cee9df02594849	2012	2	cdb3f791d513fdec65e74efd538d6045c986bc17	183240	1	0
b4b79da8fc7c4817b9ad293e30cee9df02594849	2012	3	cdb3f791d513fdec65e74efd538d6045c986bc17	183242	1	0
b4b79da8fc7c4817b9ad293e30cee9df02594849	2012	11	cdb3f791d513fdec65e74efd538d6045c986bc17	183235	1	8
b4b79da8fc7c4817b9ad293e30cee9df02594849	2012	12	cdb3f791d513fdec65e74efd538d6045c986bc17	178533	1	14
b4b79da8fc7c4817b9ad293e30cee9df02594849	2013	1	cdb3f791d513fdec65e74efd538d6045c986bc17	188180	1	13
b4b79da8fc7c4817b9ad293e30cee9df02594849	2013	2	cdb3f791d513fdec65e74efd538d6045c986bc17	188892	1	2
b4b79da8fc7c4817b9ad293e30cee9df02594849	2013	3	cdb3f791d513fdec65e74efd538d6045c986bc17	190052	1	0
b4b79da8fc7c4817b9ad293e30cee9df02594849	2013	10	cdb3f791d513fdec65e74efd538d6045c986bc17	183916	1	0
b4b79da8fc7c4817b9ad293e30cee9df02594849	2013	11	cdb3f791d513fdec65e74efd538d6045c986bc17	185818	1	11
b4b79da8fc7c4817b9ad293e30cee9df02594849	2013	12	cdb3f791d513fdec65e74efd538d6045c986bc17	186998	1	0
b4b79da8fc7c4817b9ad293e30cee9df02594849	2014	1	cdb3f791d513fdec65e74efd538d6045c986bc17	193953	1	17
b4b79da8fc7c4817b9ad293e30cee9df02594849	2014	2	cdb3f791d513fdec65e74efd538d6045c986bc17	196254	1	3
b4b79da8fc7c4817b9ad293e30cee9df02594849	2014	3	cdb3f791d513fdec65e74efd538d6045c986bc17	196257	1	7
b4b79da8fc7c4817b9ad293e30cee9df02594849	2014	10	cdb3f791d513fdec65e74efd538d6045c986bc17	192435	1	0
b4b79da8fc7c4817b9ad293e30cee9df02594849	2014	11	cdb3f791d513fdec65e74efd538d6045c986bc17	192422	1	16
b4b79da8fc7c4817b9ad293e30cee9df02594849	2014	12	cdb3f791d513fdec65e74efd538d6045c986bc17	192842	1	33
b4b79da8fc7c4817b9ad293e30cee9df02594849	2015	1	cdb3f791d513fdec65e74efd538d6045c986bc17	201254	1	26
b4b79da8fc7c4817b9ad293e30cee9df02594849	2015	2	cdb3f791d513fdec65e74efd538d6045c986bc17	201257	1	2
b4b79da8fc7c4817b9ad293e30cee9df02594849	2015	3	cdb3f791d513fdec65e74efd538d6045c986bc17	201266	1	4
b4b79da8fc7c4817b9ad293e30cee9df02594849	2015	10	cdb3f791d513fdec65e74efd538d6045c986bc17	200508	1	2
b4b79da8fc7c4817b9ad293e30cee9df02594849	2015	11	cdb3f791d513fdec65e74efd538d6045c986bc17	200511	1	11
b4b79da8fc7c4817b9ad293e30cee9df02594849	2015	12	cdb3f791d513fdec65e74efd538d6045c986bc17	198106	0	0
b4b79da8fc7c4817b9ad293e30cee9df02594849	2016	1	cdb3f791d513fdec65e74efd538d6045c986bc17	203519	1	17
b4b79da8fc7c4817b9ad293e30cee9df02594849	2016	2	cdb3f791d513fdec65e74efd538d6045c986bc17	206585	0	0
b4b79da8fc7c4817b9ad293e30cee9df02594849	2016	3	cdb3f791d513fdec65e74efd538d6045c986bc17	206588	0	0
b4b79da8fc7c4817b9ad293e30cee9df02594849	2016	10	cdb3f791d513fdec65e74efd538d6045c986bc17	206576	1	0
b4b79da8fc7c4817b9ad293e30cee9df02594849	2016	11	cdb3f791d513fdec65e74efd538d6045c986bc17	206579	1	0
b4b79da8fc7c4817b9ad293e30cee9df02594849	2016	12	cdb3f791d513fdec65e74efd538d6045c986bc17	206582	1	3
ca546b49319a92cc9138d9489cd485543192fc4d	1992	1	cdb3f791d513fdec65e74efd538d6045c986bc17	174573	1	0
ca546b49319a92cc9138d9489cd485543192fc4d	1992	3	cdb3f791d513fdec65e74efd538d6045c986bc17	174579	1	6
ca546b49319a92cc9138d9489cd485543192fc4d	1992	11	cdb3f791d513fdec65e74efd538d6045c986bc17	174549	1	0
ca546b49319a92cc9138d9489cd485543192fc4d	1992	12	cdb3f791d513fdec65e74efd538d6045c986bc17	174563	1	19
ca546b49319a92cc9138d9489cd485543192fc4d	1993	1	cdb3f791d513fdec65e74efd538d6045c986bc17	189343	1	0
ca546b49319a92cc9138d9489cd485543192fc4d	1993	2	cdb3f791d513fdec65e74efd538d6045c986bc17	189344	1	0
ca546b49319a92cc9138d9489cd485543192fc4d	1993	11	cdb3f791d513fdec65e74efd538d6045c986bc17	189341	1	0
ca546b49319a92cc9138d9489cd485543192fc4d	1993	12	cdb3f791d513fdec65e74efd538d6045c986bc17	189342	1	0
ca546b49319a92cc9138d9489cd485543192fc4d	1994	1	cdb3f791d513fdec65e74efd538d6045c986bc17	189338	1	0
ca546b49319a92cc9138d9489cd485543192fc4d	1994	2	cdb3f791d513fdec65e74efd538d6045c986bc17	189339	1	0
ca546b49319a92cc9138d9489cd485543192fc4d	1994	3	cdb3f791d513fdec65e74efd538d6045c986bc17	189340	1	21
ca546b49319a92cc9138d9489cd485543192fc4d	1994	12	cdb3f791d513fdec65e74efd538d6045c986bc17	189337	1	0
ca546b49319a92cc9138d9489cd485543192fc4d	1995	1	cdb3f791d513fdec65e74efd538d6045c986bc17	189335	1	0
ca546b49319a92cc9138d9489cd485543192fc4d	1995	2	cdb3f791d513fdec65e74efd538d6045c986bc17	189336	1	20
ca546b49319a92cc9138d9489cd485543192fc4d	1995	11	cdb3f791d513fdec65e74efd538d6045c986bc17	189333	1	15
ca546b49319a92cc9138d9489cd485543192fc4d	1995	12	cdb3f791d513fdec65e74efd538d6045c986bc17	189334	1	7
ca546b49319a92cc9138d9489cd485543192fc4d	1996	2	cdb3f791d513fdec65e74efd538d6045c986bc17	189326	1	18
ca546b49319a92cc9138d9489cd485543192fc4d	1996	11	cdb3f791d513fdec65e74efd538d6045c986bc17	189323	1	11
ca546b49319a92cc9138d9489cd485543192fc4d	1996	12	cdb3f791d513fdec65e74efd538d6045c986bc17	189324	1	0
ca546b49319a92cc9138d9489cd485543192fc4d	1997	1	cdb3f791d513fdec65e74efd538d6045c986bc17	189329	1	23
ca546b49319a92cc9138d9489cd485543192fc4d	1997	2	cdb3f791d513fdec65e74efd538d6045c986bc17	189330	1	22
ca546b49319a92cc9138d9489cd485543192fc4d	1997	10	cdb3f791d513fdec65e74efd538d6045c986bc17	189325	1	6
ca546b49319a92cc9138d9489cd485543192fc4d	1997	11	cdb3f791d513fdec65e74efd538d6045c986bc17	189327	1	15
ca546b49319a92cc9138d9489cd485543192fc4d	1997	12	cdb3f791d513fdec65e74efd538d6045c986bc17	189328	1	8
ca546b49319a92cc9138d9489cd485543192fc4d	1998	1	cdb3f791d513fdec65e74efd538d6045c986bc17	189331	1	20
ca546b49319a92cc9138d9489cd485543192fc4d	1998	2	cdb3f791d513fdec65e74efd538d6045c986bc17	189332	1	11
ca546b49319a92cc9138d9489cd485543192fc4d	1998	11	cdb3f791d513fdec65e74efd538d6045c986bc17	189349	1	12
ca546b49319a92cc9138d9489cd485543192fc4d	1998	12	cdb3f791d513fdec65e74efd538d6045c986bc17	189350	1	8
ca546b49319a92cc9138d9489cd485543192fc4d	1999	1	cdb3f791d513fdec65e74efd538d6045c986bc17	189347	1	0
ca546b49319a92cc9138d9489cd485543192fc4d	1999	2	cdb3f791d513fdec65e74efd538d6045c986bc17	189348	1	1
ca546b49319a92cc9138d9489cd485543192fc4d	1999	11	cdb3f791d513fdec65e74efd538d6045c986bc17	189345	1	16
ca546b49319a92cc9138d9489cd485543192fc4d	1999	12	cdb3f791d513fdec65e74efd538d6045c986bc17	189346	1	14
ca546b49319a92cc9138d9489cd485543192fc4d	2000	1	cdb3f791d513fdec65e74efd538d6045c986bc17	2502	1	10
ca546b49319a92cc9138d9489cd485543192fc4d	2000	2	cdb3f791d513fdec65e74efd538d6045c986bc17	2562	1	11
ca546b49319a92cc9138d9489cd485543192fc4d	2000	3	cdb3f791d513fdec65e74efd538d6045c986bc17	2605	1	2
ca546b49319a92cc9138d9489cd485543192fc4d	2000	11	cdb3f791d513fdec65e74efd538d6045c986bc17	2435	1	12
ca546b49319a92cc9138d9489cd485543192fc4d	2000	12	cdb3f791d513fdec65e74efd538d6045c986bc17	2457	1	0
ca546b49319a92cc9138d9489cd485543192fc4d	2001	1	cdb3f791d513fdec65e74efd538d6045c986bc17	6516	1	2
ca546b49319a92cc9138d9489cd485543192fc4d	2001	2	cdb3f791d513fdec65e74efd538d6045c986bc17	6529	1	0
ca546b49319a92cc9138d9489cd485543192fc4d	2001	10	cdb3f791d513fdec65e74efd538d6045c986bc17	6488	1	1
ca546b49319a92cc9138d9489cd485543192fc4d	2001	11	cdb3f791d513fdec65e74efd538d6045c986bc17	6497	1	8
ca546b49319a92cc9138d9489cd485543192fc4d	2001	12	cdb3f791d513fdec65e74efd538d6045c986bc17	6507	1	0
ca546b49319a92cc9138d9489cd485543192fc4d	2002	1	cdb3f791d513fdec65e74efd538d6045c986bc17	115057	1	4
ca546b49319a92cc9138d9489cd485543192fc4d	2002	2	cdb3f791d513fdec65e74efd538d6045c986bc17	115058	1	10
ca546b49319a92cc9138d9489cd485543192fc4d	2002	3	cdb3f791d513fdec65e74efd538d6045c986bc17	115059	1	8
ca546b49319a92cc9138d9489cd485543192fc4d	2002	10	cdb3f791d513fdec65e74efd538d6045c986bc17	115054	1	0
ca546b49319a92cc9138d9489cd485543192fc4d	2002	11	cdb3f791d513fdec65e74efd538d6045c986bc17	115055	1	13
ca546b49319a92cc9138d9489cd485543192fc4d	2002	12	cdb3f791d513fdec65e74efd538d6045c986bc17	115056	1	11
ca546b49319a92cc9138d9489cd485543192fc4d	2003	1	cdb3f791d513fdec65e74efd538d6045c986bc17	140638	1	14
ca546b49319a92cc9138d9489cd485543192fc4d	2003	2	cdb3f791d513fdec65e74efd538d6045c986bc17	140639	1	11
ca546b49319a92cc9138d9489cd485543192fc4d	2003	3	cdb3f791d513fdec65e74efd538d6045c986bc17	140640	1	1
ca546b49319a92cc9138d9489cd485543192fc4d	2003	10	cdb3f791d513fdec65e74efd538d6045c986bc17	139226	1	0
ca546b49319a92cc9138d9489cd485543192fc4d	2003	11	cdb3f791d513fdec65e74efd538d6045c986bc17	139239	1	22
ca546b49319a92cc9138d9489cd485543192fc4d	2003	12	cdb3f791d513fdec65e74efd538d6045c986bc17	140637	1	5
ca546b49319a92cc9138d9489cd485543192fc4d	2004	1	cdb3f791d513fdec65e74efd538d6045c986bc17	157582	1	20
ca546b49319a92cc9138d9489cd485543192fc4d	2004	2	cdb3f791d513fdec65e74efd538d6045c986bc17	157583	1	19
ca546b49319a92cc9138d9489cd485543192fc4d	2004	3	cdb3f791d513fdec65e74efd538d6045c986bc17	157584	1	20
ca546b49319a92cc9138d9489cd485543192fc4d	2004	10	cdb3f791d513fdec65e74efd538d6045c986bc17	157579	1	0
ca546b49319a92cc9138d9489cd485543192fc4d	2004	11	cdb3f791d513fdec65e74efd538d6045c986bc17	157580	1	9
ca546b49319a92cc9138d9489cd485543192fc4d	2004	12	cdb3f791d513fdec65e74efd538d6045c986bc17	157581	1	26
ca546b49319a92cc9138d9489cd485543192fc4d	2005	1	cdb3f791d513fdec65e74efd538d6045c986bc17	157586	1	17
ca546b49319a92cc9138d9489cd485543192fc4d	2005	2	cdb3f791d513fdec65e74efd538d6045c986bc17	157587	1	18
ca546b49319a92cc9138d9489cd485543192fc4d	2005	3	cdb3f791d513fdec65e74efd538d6045c986bc17	157588	1	20
ca546b49319a92cc9138d9489cd485543192fc4d	2005	10	cdb3f791d513fdec65e74efd538d6045c986bc17	148761	1	7
ca546b49319a92cc9138d9489cd485543192fc4d	2005	11	cdb3f791d513fdec65e74efd538d6045c986bc17	148831	1	10
ca546b49319a92cc9138d9489cd485543192fc4d	2005	12	cdb3f791d513fdec65e74efd538d6045c986bc17	157585	1	5
ca546b49319a92cc9138d9489cd485543192fc4d	2006	10	cdb3f791d513fdec65e74efd538d6045c986bc17	142862	1	0
ca546b49319a92cc9138d9489cd485543192fc4d	2007	1	cdb3f791d513fdec65e74efd538d6045c986bc17	157589	1	0
ca546b49319a92cc9138d9489cd485543192fc4d	2009	12	cdb3f791d513fdec65e74efd538d6045c986bc17	163739	1	0
ca546b49319a92cc9138d9489cd485543192fc4d	2010	2	cdb3f791d513fdec65e74efd538d6045c986bc17	170299	1	0
ca546b49319a92cc9138d9489cd485543192fc4d	2010	10	cdb3f791d513fdec65e74efd538d6045c986bc17	167573	1	0
ca546b49319a92cc9138d9489cd485543192fc4d	2010	12	cdb3f791d513fdec65e74efd538d6045c986bc17	168909	1	0
ca546b49319a92cc9138d9489cd485543192fc4d	2012	10	cdb3f791d513fdec65e74efd538d6045c986bc17	177047	1	0
d46e3262810973c1ff00dbb46aee1f374775d256	1992	12	cdb3f791d513fdec65e74efd538d6045c986bc17	174566	0	0
d46e3262810973c1ff00dbb46aee1f374775d256	1993	1	cdb3f791d513fdec65e74efd538d6045c986bc17	174592	1	0
d46e3262810973c1ff00dbb46aee1f374775d256	1993	2	cdb3f791d513fdec65e74efd538d6045c986bc17	174594	1	0
d46e3262810973c1ff00dbb46aee1f374775d256	1993	3	cdb3f791d513fdec65e74efd538d6045c986bc17	174598	1	0
d46e3262810973c1ff00dbb46aee1f374775d256	1993	11	cdb3f791d513fdec65e74efd538d6045c986bc17	174586	1	0
d46e3262810973c1ff00dbb46aee1f374775d256	1993	12	cdb3f791d513fdec65e74efd538d6045c986bc17	174589	1	0
d46e3262810973c1ff00dbb46aee1f374775d256	1994	1	cdb3f791d513fdec65e74efd538d6045c986bc17	183423	1	0
d46e3262810973c1ff00dbb46aee1f374775d256	1994	2	cdb3f791d513fdec65e74efd538d6045c986bc17	183424	1	0
d46e3262810973c1ff00dbb46aee1f374775d256	1994	3	cdb3f791d513fdec65e74efd538d6045c986bc17	183425	1	0
d46e3262810973c1ff00dbb46aee1f374775d256	1994	10	cdb3f791d513fdec65e74efd538d6045c986bc17	183420	1	0
d46e3262810973c1ff00dbb46aee1f374775d256	1994	11	cdb3f791d513fdec65e74efd538d6045c986bc17	183421	1	0
d46e3262810973c1ff00dbb46aee1f374775d256	1994	12	cdb3f791d513fdec65e74efd538d6045c986bc17	183422	1	0
d46e3262810973c1ff00dbb46aee1f374775d256	1995	1	cdb3f791d513fdec65e74efd538d6045c986bc17	183438	1	0
d46e3262810973c1ff00dbb46aee1f374775d256	1995	2	cdb3f791d513fdec65e74efd538d6045c986bc17	183439	1	0
d46e3262810973c1ff00dbb46aee1f374775d256	1995	11	cdb3f791d513fdec65e74efd538d6045c986bc17	183436	1	0
d46e3262810973c1ff00dbb46aee1f374775d256	1995	12	cdb3f791d513fdec65e74efd538d6045c986bc17	183437	1	0
d46e3262810973c1ff00dbb46aee1f374775d256	1996	1	cdb3f791d513fdec65e74efd538d6045c986bc17	183454	1	92
d46e3262810973c1ff00dbb46aee1f374775d256	1996	2	cdb3f791d513fdec65e74efd538d6045c986bc17	183455	1	15
d46e3262810973c1ff00dbb46aee1f374775d256	1996	11	cdb3f791d513fdec65e74efd538d6045c986bc17	183452	1	38
d46e3262810973c1ff00dbb46aee1f374775d256	1996	12	cdb3f791d513fdec65e74efd538d6045c986bc17	183453	1	68
d46e3262810973c1ff00dbb46aee1f374775d256	1997	1	cdb3f791d513fdec65e74efd538d6045c986bc17	183466	1	89
d46e3262810973c1ff00dbb46aee1f374775d256	1997	2	cdb3f791d513fdec65e74efd538d6045c986bc17	183467	1	78
d46e3262810973c1ff00dbb46aee1f374775d256	1997	11	cdb3f791d513fdec65e74efd538d6045c986bc17	183464	1	69
d46e3262810973c1ff00dbb46aee1f374775d256	1997	12	cdb3f791d513fdec65e74efd538d6045c986bc17	183465	1	79
d46e3262810973c1ff00dbb46aee1f374775d256	1998	1	cdb3f791d513fdec65e74efd538d6045c986bc17	183478	1	0
d46e3262810973c1ff00dbb46aee1f374775d256	1998	2	cdb3f791d513fdec65e74efd538d6045c986bc17	183479	1	10
d46e3262810973c1ff00dbb46aee1f374775d256	1998	11	cdb3f791d513fdec65e74efd538d6045c986bc17	183476	1	0
d46e3262810973c1ff00dbb46aee1f374775d256	1998	12	cdb3f791d513fdec65e74efd538d6045c986bc17	183477	1	0
d46e3262810973c1ff00dbb46aee1f374775d256	1999	1	cdb3f791d513fdec65e74efd538d6045c986bc17	183490	1	0
d46e3262810973c1ff00dbb46aee1f374775d256	1999	2	cdb3f791d513fdec65e74efd538d6045c986bc17	183491	1	0
d46e3262810973c1ff00dbb46aee1f374775d256	1999	11	cdb3f791d513fdec65e74efd538d6045c986bc17	183488	1	0
d46e3262810973c1ff00dbb46aee1f374775d256	1999	12	cdb3f791d513fdec65e74efd538d6045c986bc17	183489	1	0
d46e3262810973c1ff00dbb46aee1f374775d256	2000	1	cdb3f791d513fdec65e74efd538d6045c986bc17	157625	1	0
d46e3262810973c1ff00dbb46aee1f374775d256	2000	2	cdb3f791d513fdec65e74efd538d6045c986bc17	157626	1	0
d46e3262810973c1ff00dbb46aee1f374775d256	2000	3	cdb3f791d513fdec65e74efd538d6045c986bc17	157627	1	0
d46e3262810973c1ff00dbb46aee1f374775d256	2000	10	cdb3f791d513fdec65e74efd538d6045c986bc17	157622	1	0
d46e3262810973c1ff00dbb46aee1f374775d256	2000	11	cdb3f791d513fdec65e74efd538d6045c986bc17	157623	1	0
d46e3262810973c1ff00dbb46aee1f374775d256	2000	12	cdb3f791d513fdec65e74efd538d6045c986bc17	157624	1	0
d46e3262810973c1ff00dbb46aee1f374775d256	2001	1	cdb3f791d513fdec65e74efd538d6045c986bc17	6551	1	0
d46e3262810973c1ff00dbb46aee1f374775d256	2001	2	cdb3f791d513fdec65e74efd538d6045c986bc17	6554	1	0
d46e3262810973c1ff00dbb46aee1f374775d256	2001	3	cdb3f791d513fdec65e74efd538d6045c986bc17	6557	1	0
d46e3262810973c1ff00dbb46aee1f374775d256	2001	10	cdb3f791d513fdec65e74efd538d6045c986bc17	6542	1	0
d46e3262810973c1ff00dbb46aee1f374775d256	2001	11	cdb3f791d513fdec65e74efd538d6045c986bc17	6545	1	0
d46e3262810973c1ff00dbb46aee1f374775d256	2001	12	cdb3f791d513fdec65e74efd538d6045c986bc17	6548	1	0
d46e3262810973c1ff00dbb46aee1f374775d256	2002	1	cdb3f791d513fdec65e74efd538d6045c986bc17	113019	1	0
d46e3262810973c1ff00dbb46aee1f374775d256	2002	2	cdb3f791d513fdec65e74efd538d6045c986bc17	113022	1	0
d46e3262810973c1ff00dbb46aee1f374775d256	2002	3	cdb3f791d513fdec65e74efd538d6045c986bc17	113025	1	0
d46e3262810973c1ff00dbb46aee1f374775d256	2002	10	cdb3f791d513fdec65e74efd538d6045c986bc17	113010	0	0
d46e3262810973c1ff00dbb46aee1f374775d256	2002	12	cdb3f791d513fdec65e74efd538d6045c986bc17	113016	1	8
d46e3262810973c1ff00dbb46aee1f374775d256	2003	1	cdb3f791d513fdec65e74efd538d6045c986bc17	142103	1	0
d46e3262810973c1ff00dbb46aee1f374775d256	2003	2	cdb3f791d513fdec65e74efd538d6045c986bc17	142106	1	3
d46e3262810973c1ff00dbb46aee1f374775d256	2003	3	cdb3f791d513fdec65e74efd538d6045c986bc17	142109	1	0
d46e3262810973c1ff00dbb46aee1f374775d256	2003	10	cdb3f791d513fdec65e74efd538d6045c986bc17	142094	1	0
d46e3262810973c1ff00dbb46aee1f374775d256	2003	11	cdb3f791d513fdec65e74efd538d6045c986bc17	142097	1	0
d46e3262810973c1ff00dbb46aee1f374775d256	2003	12	cdb3f791d513fdec65e74efd538d6045c986bc17	142100	1	0
d46e3262810973c1ff00dbb46aee1f374775d256	2004	1	cdb3f791d513fdec65e74efd538d6045c986bc17	157569	1	0
d46e3262810973c1ff00dbb46aee1f374775d256	2004	2	cdb3f791d513fdec65e74efd538d6045c986bc17	157570	1	0
d46e3262810973c1ff00dbb46aee1f374775d256	2004	3	cdb3f791d513fdec65e74efd538d6045c986bc17	157571	1	0
d46e3262810973c1ff00dbb46aee1f374775d256	2004	10	cdb3f791d513fdec65e74efd538d6045c986bc17	157566	1	0
d46e3262810973c1ff00dbb46aee1f374775d256	2004	11	cdb3f791d513fdec65e74efd538d6045c986bc17	157567	1	0
d46e3262810973c1ff00dbb46aee1f374775d256	2004	12	cdb3f791d513fdec65e74efd538d6045c986bc17	157568	1	0
d46e3262810973c1ff00dbb46aee1f374775d256	2005	1	cdb3f791d513fdec65e74efd538d6045c986bc17	157575	1	0
d46e3262810973c1ff00dbb46aee1f374775d256	2005	2	cdb3f791d513fdec65e74efd538d6045c986bc17	157576	1	0
d46e3262810973c1ff00dbb46aee1f374775d256	2005	3	cdb3f791d513fdec65e74efd538d6045c986bc17	157577	1	0
d46e3262810973c1ff00dbb46aee1f374775d256	2005	10	cdb3f791d513fdec65e74efd538d6045c986bc17	157572	1	0
d46e3262810973c1ff00dbb46aee1f374775d256	2005	11	cdb3f791d513fdec65e74efd538d6045c986bc17	157573	1	0
d46e3262810973c1ff00dbb46aee1f374775d256	2005	12	cdb3f791d513fdec65e74efd538d6045c986bc17	157574	1	0
d46e3262810973c1ff00dbb46aee1f374775d256	2007	1	cdb3f791d513fdec65e74efd538d6045c986bc17	157578	1	0
d46e3262810973c1ff00dbb46aee1f374775d256	2007	2	cdb3f791d513fdec65e74efd538d6045c986bc17	157630	1	0
d46e3262810973c1ff00dbb46aee1f374775d256	2008	1	cdb3f791d513fdec65e74efd538d6045c986bc17	160130	1	0
d46e3262810973c1ff00dbb46aee1f374775d256	2009	1	cdb3f791d513fdec65e74efd538d6045c986bc17	167077	1	0
d46e3262810973c1ff00dbb46aee1f374775d256	2009	2	cdb3f791d513fdec65e74efd538d6045c986bc17	167080	1	68
d46e3262810973c1ff00dbb46aee1f374775d256	2009	3	cdb3f791d513fdec65e74efd538d6045c986bc17	167083	1	61
d46e3262810973c1ff00dbb46aee1f374775d256	2009	10	cdb3f791d513fdec65e74efd538d6045c986bc17	167144	1	0
d46e3262810973c1ff00dbb46aee1f374775d256	2009	11	cdb3f791d513fdec65e74efd538d6045c986bc17	167147	1	0
d46e3262810973c1ff00dbb46aee1f374775d256	2009	12	cdb3f791d513fdec65e74efd538d6045c986bc17	167150	1	0
d46e3262810973c1ff00dbb46aee1f374775d256	2010	1	cdb3f791d513fdec65e74efd538d6045c986bc17	184076	1	0
d46e3262810973c1ff00dbb46aee1f374775d256	2010	2	cdb3f791d513fdec65e74efd538d6045c986bc17	184079	1	0
d46e3262810973c1ff00dbb46aee1f374775d256	2010	3	cdb3f791d513fdec65e74efd538d6045c986bc17	184082	1	0
d46e3262810973c1ff00dbb46aee1f374775d256	2010	10	cdb3f791d513fdec65e74efd538d6045c986bc17	184068	1	0
d46e3262810973c1ff00dbb46aee1f374775d256	2010	12	cdb3f791d513fdec65e74efd538d6045c986bc17	184073	1	0
d46e3262810973c1ff00dbb46aee1f374775d256	2011	1	cdb3f791d513fdec65e74efd538d6045c986bc17	175455	1	1
d46e3262810973c1ff00dbb46aee1f374775d256	2011	2	cdb3f791d513fdec65e74efd538d6045c986bc17	175059	1	0
d46e3262810973c1ff00dbb46aee1f374775d256	2011	12	cdb3f791d513fdec65e74efd538d6045c986bc17	175440	1	0
d46e3262810973c1ff00dbb46aee1f374775d256	2012	2	cdb3f791d513fdec65e74efd538d6045c986bc17	182904	1	0
d46e3262810973c1ff00dbb46aee1f374775d256	2012	3	cdb3f791d513fdec65e74efd538d6045c986bc17	182917	1	0
d46e3262810973c1ff00dbb46aee1f374775d256	2012	11	cdb3f791d513fdec65e74efd538d6045c986bc17	183237	1	1
d46e3262810973c1ff00dbb46aee1f374775d256	2013	1	cdb3f791d513fdec65e74efd538d6045c986bc17	190161	1	1
d46e3262810973c1ff00dbb46aee1f374775d256	2013	2	cdb3f791d513fdec65e74efd538d6045c986bc17	188894	1	1
d46e3262810973c1ff00dbb46aee1f374775d256	2013	3	cdb3f791d513fdec65e74efd538d6045c986bc17	190054	1	1
d46e3262810973c1ff00dbb46aee1f374775d256	2013	10	cdb3f791d513fdec65e74efd538d6045c986bc17	183918	1	0
d46e3262810973c1ff00dbb46aee1f374775d256	2013	11	cdb3f791d513fdec65e74efd538d6045c986bc17	185820	1	8
d46e3262810973c1ff00dbb46aee1f374775d256	2013	12	cdb3f791d513fdec65e74efd538d6045c986bc17	190146	1	0
d46e3262810973c1ff00dbb46aee1f374775d256	2014	1	cdb3f791d513fdec65e74efd538d6045c986bc17	193955	1	0
d46e3262810973c1ff00dbb46aee1f374775d256	2014	2	cdb3f791d513fdec65e74efd538d6045c986bc17	195829	1	1
d46e3262810973c1ff00dbb46aee1f374775d256	2014	3	cdb3f791d513fdec65e74efd538d6045c986bc17	195843	1	0
d46e3262810973c1ff00dbb46aee1f374775d256	2014	10	cdb3f791d513fdec65e74efd538d6045c986bc17	192437	1	0
d46e3262810973c1ff00dbb46aee1f374775d256	2014	11	cdb3f791d513fdec65e74efd538d6045c986bc17	192425	1	0
d46e3262810973c1ff00dbb46aee1f374775d256	2014	12	cdb3f791d513fdec65e74efd538d6045c986bc17	193195	1	0
d46e3262810973c1ff00dbb46aee1f374775d256	2015	1	cdb3f791d513fdec65e74efd538d6045c986bc17	201256	1	0
d46e3262810973c1ff00dbb46aee1f374775d256	2015	2	cdb3f791d513fdec65e74efd538d6045c986bc17	201259	1	0
d46e3262810973c1ff00dbb46aee1f374775d256	2015	3	cdb3f791d513fdec65e74efd538d6045c986bc17	201267	1	0
d46e3262810973c1ff00dbb46aee1f374775d256	2015	10	cdb3f791d513fdec65e74efd538d6045c986bc17	200510	1	0
d46e3262810973c1ff00dbb46aee1f374775d256	2015	11	cdb3f791d513fdec65e74efd538d6045c986bc17	200513	1	0
d46e3262810973c1ff00dbb46aee1f374775d256	2015	12	cdb3f791d513fdec65e74efd538d6045c986bc17	200528	1	0
d46e3262810973c1ff00dbb46aee1f374775d256	2016	1	cdb3f791d513fdec65e74efd538d6045c986bc17	203521	1	0
d46e3262810973c1ff00dbb46aee1f374775d256	2016	2	cdb3f791d513fdec65e74efd538d6045c986bc17	206587	1	0
d46e3262810973c1ff00dbb46aee1f374775d256	2016	3	cdb3f791d513fdec65e74efd538d6045c986bc17	206590	1	0
d46e3262810973c1ff00dbb46aee1f374775d256	2016	10	cdb3f791d513fdec65e74efd538d6045c986bc17	206578	1	0
d46e3262810973c1ff00dbb46aee1f374775d256	2016	11	cdb3f791d513fdec65e74efd538d6045c986bc17	206581	1	0
d46e3262810973c1ff00dbb46aee1f374775d256	2016	12	cdb3f791d513fdec65e74efd538d6045c986bc17	206584	1	0
